13.856850950099858	-4.3430902468206485	-0.6214756575141085	2.1967378671111	-0.1097474713616828	3.4283010287482147	
13.902167321185381	-4.044539159610581	-0.7513632617662053	2.225203252856123	-0.07119012730135418	3.575411836023915	
13.879578080386032	-3.742918061344421	-0.8577736040303485	2.2350164350832404	-0.03391340239473098	3.6847941686537506	
13.79203458934633	-3.442858282570288	-0.9380498107400267	2.226602301270226	0.0009400962052865149	3.7535380660989546	
13.64294534428753	-3.1489643486225036	-0.989716923803964	2.2003652533900877	0.03225271843366606	3.7788332239327485	
13.43884438275857	-2.865656971412793	-1.0115450270788204	2.156569488084453	0.05907778151633986	3.7585519953085447	
13.188340256333086	-2.59716104389169	-1.0033003692878404	2.0953668676322557	0.08062716170326499	3.691195522317715	
12.901670129169215	-2.3474387432997834	-0.9657820060084874	2.0167966880087858	0.09630371298743692	3.5760219658309853	
12.590169263446592	-2.1201461173029044	-0.9007828669197447	1.920836370092214	0.10571710072539839	3.4131535087046494	
12.265798410788022	-1.9186380311754037	-0.8109341671379786	1.8074488929359525	0.10866746151473236	3.2035379683506835	
11.940539208395508	-1.7458754534059961	-0.6997076763783049	1.676663766906296	0.10517904250965322	2.949152490250589	
11.625753723931034	-1.6044373351742092	-0.5711239594438281	1.5286694323204697	0.09546196392950039	2.652894821242926	
11.331835557622261	-1.4964918067628445	-0.4296472693845736	1.363873704293585	0.07990762714538482	2.3185985331947943	
11.067445979465097	-1.4236996585969008	-0.2799748201952032	1.1830511979679648	0.05908833078221452	1.9511097113814435	
10.839467931559176	-1.387258460843506	-0.12681467598812318	0.9873541346287712	0.03370947800206725	1.5560649691010615	
10.65253699219508	-1.3878129462770203	0.025273265555609718	0.7784139668133778	0.004608492076924076	1.139927161876822	
10.508829139271427	-1.425405293551963	0.17213545141920264	0.5583944775525487	-0.027281532660201366	0.7098215645628312	
10.408370557268691	-1.499530196181405	0.3100943576659197	0.3299281165895373	-0.06096690862976077	0.2733395325159433	
10.348722776096665	-1.6090143474583574	0.4362012596277692	0.09618957946239437	-0.0954191081367764	-0.1615617637776211	
10.32556525134905	-1.752091683745277	0.5482903214051777	-0.1392269179322593	-0.12962770808534319	-0.5868484865581128	
10.332987721063636	-1.926434772725666	0.6449985816828774	-0.37236851378707775	-0.16262670809728483	-0.994550165124616	
10.363859382194768	-2.129122298738647	0.7259266360454338	-0.5989950853487174	-0.19355744100364436	-1.3770614799378804	
10.410599919494105	-2.356795600907864	0.791443470570502	-0.8147457410956553	-0.22168992962742323	-1.7273031694215084	
10.465566721262938	-2.6056685312877748	0.8427070344977112	-1.0152200895696637	-0.24645904945108138	-2.0389208772284015	
10.521871416986214	-2.8716151967374173	0.8815305148424064	-1.196165821972386	-0.2675016839986069	-2.306563266589127	
10.573665964142952	-3.150279127064873	0.9101582303972603	-1.3535694097359923	-0.2846288789405613	-2.5258373537848775	
10.61677319303629	-3.4371098047472928	0.9311677563333293	-1.4838346589434834	-0.29785105972042536	-2.693576231935236	
10.64891941964232	-3.7274725800068564	0.9471966292406615	-1.583925048452208	-0.3073281475356514	-2.8077961203779407	
10.669671415016541	-4.016702551669704	0.9608156595517376	-1.6514030588359365	-0.31333281074645225	-2.867604744084349	
10.680757122723657	-4.3001909823168	0.9742885358820957	-1.684666876963168	-0.3162103553339401	-2.873327916914229	
10.685506120448593	-4.573455866165569	0.989453093881971	-1.6829085832719324	-0.31630950839652383	-2.8262208067835703	
10.688727837986143	-4.832196053751765	1.0076132546233934	-1.6461916003256332	-0.3139481424169163	-2.7284369436536386	
10.696265782497298	-5.072399059164182	1.029369314334455	-1.5755603014332555	-0.30934854953740476	-2.5829214659695725	
10.714401155985906	-5.290350619613897	1.054704318455156	-1.472872034837857	-0.30262965635472316	-2.393172429854196	
10.749463535130687	-5.48273350255479	1.0828841028845781	-1.3408903715052725	-0.2937735178795914	-2.163205340677226	
10.807126119256013	-5.6466943609137195	1.112555247279815	-1.1831488716354595	-0.28263374671447916	-1.8973728904845655	
10.892147635104607	-5.779837221628194	1.1418813233131537	-1.0037884361710965	-0.26896466060227076	-1.6002592347257811	
11.00768913558388	-5.8803715719018586	1.1686028354054618	-0.8075031280413919	-0.2524393865559318	-1.276607485303399	
11.155150124709515	-5.94709153308698	1.1902931548284426	-0.5992493457969886	-0.2327187394682812	-0.9312134488243192	
11.334015509786386	-5.979403230991111	1.2044755648217609	-0.38411655927238436	-0.20948617579113488	-0.5688862723737891	
11.541466831753219	-5.977431791854742	1.2088751520645848	-0.16705283288635553	-0.18252878060286576	-0.1943858141538413	
11.772821111624861	-5.941901267416119	1.2015488709062867	0.047304377050997215	-0.15176900094329096	0.18759486847596943	
12.021408357274733	-5.874194128902993	1.1810520525141157	0.2548175872380699	-0.11731776578808746	0.5724552025772092	
12.27892947259559	-5.776298312558312	1.146604309631099	0.45206066301681835	-0.07951809239648909	0.9557003289057493	
12.535948726016024	-5.650680849917071	1.0980502201495261	0.6362941987485428	-0.03892188858046151	1.3329285004576252	
12.782132773276508	-5.500294384972015	1.0360173066910918	0.8056620461507115	0.0036708014093450596	1.6998469210007099	
13.006942167649179	-5.328409109610439	0.9618124019853965	0.95909435554817	0.04726578860998583	2.0522586880808196	
13.19995508696686	-5.138532248881917	0.8773604148012798	1.0962437551342543	0.09070593684659839	2.3860611158864975	
13.351530837327813	-4.934294454034429	0.7851906005713659	1.2174793732235754	0.1327082254297222	2.6972682299909696	
13.453151159307668	-4.719310351364887	0.6882160088533453	1.323623552466721	0.17194587842518727	2.9820140804256057	
13.497818385784788	-4.49709739844199	0.5896698677696974	1.4158735943008927	0.20708968706389227	3.2365817831444725	
13.480627315613752	-4.270941292475693	0.49291441734983543	1.4955642788177936	0.23689674185861023	3.457465344224121	
13.398665145984	-4.043888280684398	0.40129635873157576	1.5639989172075046	0.26024382293123977	3.6413815580554107	
13.251556648531382	-3.8186667946938435	0.31799451651745014	1.622270118633479	0.2761994747115339	3.7853600392507345	
13.041423158105333	-3.597720059943408	0.2458414520641686	1.6710821328351408	0.2840631577547671	3.8868059558360915	
12.772680915709758	-3.383252445312591	0.1872674714377838	1.7107143038105526	0.28336465711202574	3.9435156591875096	
12.452333460665653	-3.177251728069419	0.1440924029867807	1.740855091345149	0.2739259111176251	3.9538262355646636	
12.089319284659187	-2.9815948305309954	0.1175367517709279	1.7606919528506657	0.25581748714351227	3.9166103891875386	
11.69437645312122	-2.798087232165339	0.10816582441523337	1.7689167866648572	0.22936306805671683	3.831340181756235	
11.279634579546165	-2.628540977059293	0.11581218578643464	1.7638040620842474	0.195136734182836	3.69822088870169	
10.857950843689817	-2.474807747250951	0.13972031198626483	1.7434068711975739	0.15389939685291792	3.51811709121798	
10.442564730089913	-2.3388114322367297	0.17850102627374742	1.7056621107386305	0.10660041049472956	3.2926834301121097	
10.046347863014377	-2.222544401998343	0.23025617202660015	1.64864478587543	0.05432973489408575	3.024379802803923	
9.681471032324884	-2.128035556103682	0.2927060520881569	1.5706818994759912	-0.0017191340099750813	2.7163907235223617	
9.358678488855494	-2.057303612573007	0.36325029700738437	1.470605421114346	-0.060266785725860444	2.372755213988194	
9.086919472187724	-2.0122623536935604	0.43916438725154233	1.3478655019218966	-0.11999545760654565	1.998227269498455	
8.87309904364756	-1.99466244078004	0.5176879981822927	1.20260391819589	-0.17956967729369144	1.598242258261102	
8.721377327499521	-2.0059367198320723	0.5962076325737216	1.0358559498761315	-0.23767743903053878	1.1789119738558007	
8.63345042016949	-2.0471579568553557	0.6723563962038343	0.8494241538387198	-0.29305930994651913	0.7468163402026278	
8.608190508967077	-2.118927049451587	0.7441357316831726	0.6459625028065145	-0.34454115342102154	0.308967008281582	
8.641679867854235	-2.221262160101715	0.8100546724042079	0.4289104092566273	-0.39108391839612794	-0.1273798923197509	
8.727762240984402	-2.3536394645451746	0.8691068875203256	0.20230733813378884	-0.43179075701181535	-0.554878183174947	
8.857959020697503	-2.5148569563686465	0.920904377050361	-0.02922941458534784	-0.4659652754461416	-0.9662504155950989	
9.022298847956185	-2.703094082889942	0.9656117435494922	-0.26076510291825494	-0.49312274624788327	-1.3545054789430209	
9.209759196971879	-2.915954137471694	1.0038928216038494	-0.48717735673332857	-0.5129896545405969	-1.7130381686603942	
9.408930361997179	-3.150426035921348	1.0368985753152735	-0.7033704977922615	-0.5255460277752416	-2.035910111818879	
9.608785447423893	-3.403057052610007	1.066066670833416	-0.9044628785889852	-0.5309732757899089	-2.3178959343722423	
9.799172917858293	-3.6699791855800323	1.0930494784647864	-1.0859251529824712	-0.5296553930267424	-2.5546258812790215	
9.971679810028094	-3.947023122987969	1.1195149534773927	-1.2438039841945498	-0.5221445377856921	-2.7427610748772473	
10.119704700036628	-4.229848093483603	1.147017471568119	-1.3747170291664121	-0.5090991954124949	-2.879871135122047	
10.239082466043358	-4.514011057986288	1.1768364128966966	-1.4760264323089127	-0.4912574263427661	-2.9646038993461024	
10.328104254486382	-4.795091385019315	1.209823101223742	-1.545847494402071	-0.4693682600287561	-2.996590560033058	
10.387276874625032	-5.0687385666227955	1.2463726272126818	-1.5829953808587764	-0.4441619307793393	-2.976329035920638	
10.419535512760783	-5.3307661802821285	1.2862486472871026	-1.587107062591436	-0.4162971621591245	-2.9052521900227615	
10.42952159363019	-5.57718461522628	1.3286475512515625	-1.5585016983169133	-0.38634118725670197	-2.785496896147189	
10.42337110974078	-5.804237513601813	1.3721847533089986	-1.4981826180990527	-0.3547543199140996	-2.6198663027609532	
10.408201065053822	-6.008479203396861	1.4149007429535971	-1.4078489542617718	-0.3218688846744961	-2.41176928520376	
10.39147709454249	-6.186759516476826	1.454445738146613	-1.289734591263405	-0.28791816457740954	-2.165054518402543	
10.380610633110244	-6.336296030483855	1.488125753024561	-1.1466294229315726	-0.2530343784483871	-1.884008215358113	
10.382266849628138	-6.454718102891781	1.5131274110291488	-0.9817654183703903	-0.21728708789374937	-1.5732720450269067	
10.402141150552481	-6.540046603284382	1.5266629122867166	-0.798705211255932	-0.18071505936188012	-1.237777194970664	
10.444329613905749	-6.590804467922763	1.5261907291304537	-0.6012995787086693	-0.14336268496572177	-0.8827606100781651	
10.51120676027694	-6.605996211687074	1.5096193384914454	-0.3935398659508753	-0.10532694837451731	-0.5137069947130771	
10.60334694814538	-6.585119624357437	1.4754160543636003	-0.17949758394236812	-0.06678040375310353	-0.13633433923948265	
10.719209871354582	-6.528260994584708	1.4228966000128531	0.03678204135284296	-0.028026186438144498	0.24339882754754238	
10.855612193831256	-6.436011018099951	1.3521908438161656	0.25134509944556715	0.010501983381018204	0.6193616256170854	
11.007700357703463	-6.3095224253673345	1.2643897826202068	0.46038770015896036	0.04821355914936814	0.9852610903203438	
11.169363274591996	-6.150519411785584	1.161592391335934	0.6603227802297523	0.08435373454425873	1.3347159229776024	
11.33373879633465	-5.9612131371028845	1.0467211911002676	0.8477713194082965	0.1180367150559863	1.6613322779022532	
11.493556720218796	-5.744374709364793	0.9235796848970107	1.0196216289518436	0.148242236653719	1.9587940709611653	
11.641829107957225	-5.503264264346553	0.7965637254078795	1.1730206062473234	0.17387336518916424	2.2210085052343898	
11.772158740113618	-5.241587510309294	0.6704914438496002	1.305367323219175	0.19379056810224124	2.4421832190081125	
11.879456011729353	-4.9635240819492905	0.5503606624052833	1.4143676276221295	0.2068718591224692	2.6170630713206178	
11.960137959152732	-4.6735935363026275	0.44102634612329616	1.4980068213080922	0.21207503422687807	2.741021084437883	
12.012443953177751	-4.376629941729828	0.34699851657101316	1.5545828200619267	0.20848598963616646	2.8102137208169014	
12.036801881613812	-4.077681614323895	0.2720508477130689	1.5827635480877582	0.1954124320176672	2.8218560818947553	
12.035468010489382	-3.781890941322904	0.21915636229198887	1.58155745270081	0.17239455890335212	2.7741800220279536	
12.012733939776751	-3.494409565108149	0.19018463981834735	1.5503968320406678	0.13928737032869765	2.666716785911735	
11.974432269967457	-3.2202460736736334	0.18582010717853992	1.489163217691853	0.09628879497584043	2.5003555322962114	
11.927506343695393	-2.964202159435651	0.20565562951665733	1.3981717935292162	0.043919545774528994	2.2772539498528115	
11.879614394028874	-2.7307011254635443	0.2480250962441106	1.2782901684209014	-0.01691147516117796	2.0010899893040106	
11.838360860670072	-2.523721570254621	0.3103229699301128	1.1308964163067787	-0.08498115275142101	1.6767943021088463	
11.810911531932362	-2.346724985050769	0.3890949961022481	0.9579041639639058	-0.1587648968165973	1.3105184927000035	
11.803168693741796	-2.202488742897835	0.48025181639095266	0.7618304140579865	-0.23646694446420874	0.9095698235413552	
11.819567687989673	-2.093166239971749	0.5794113786760177	0.5456787102182752	-0.31612379382808775	0.4820341691696531	
11.862557525747091	-2.0201684819961927	0.6820815767285484	0.31297630570138996	-0.3956404159518507	0.036691338947097724	
11.932334919616446	-1.9841553155397904	0.7840187389831305	0.06768114462383762	-0.4729042591493585	-0.41735283177667865	
12.02710891375701	-1.9851372921216301	0.881356591693719	-0.18593436658392745	-0.5458495529823609	-0.8709021760507487	
12.142816338158378	-2.0223906896316692	0.970900429672794	-0.44333658257241426	-0.6125619287206427	-1.3149588343701928	
12.273730330942842	-2.0946054487902246	1.0502043146962827	-0.6999048672383227	-0.671359405887844	-1.7410121380552153	
12.412739528883158	-2.199937067117172	1.1176018981428464	-0.9510113120395355	-0.7208321824498872	-2.14117332190848	
12.551761624383234	-2.3360234963285134	1.1723491969888609	-1.1921824495772348	-0.7599592692332459	-2.5085248956270165	
12.682452658248748	-2.5001361673100777	1.214425779746302	-1.4191995052672965	-0.7880840104082238	-2.8371153803465177	
12.796572525764455	-2.689196351743039	1.244551336309115	-1.6282048404849474	-0.8049672215543426	-3.1221354625273627	
12.886541097972712	-2.899859568930593	1.2640460378484686	-1.8157963018195644	-0.8107806214387846	-3.3599512001419685	
12.9459372781515	-3.1285908174891404	1.2746427079582143	-1.9790952199672522	-0.8060635513733339	-3.5480673048202935	
12.970336847580011	-3.3716833565884166	1.278414482894036	-2.1159663256356462	-0.7917840074354363	-3.6854184168006014	
12.955607824234905	-3.6254054089999697	1.2774840725787948	-2.2243830453835214	-0.7689725909173659	-3.7711481117582992	
