21.391733876500425	0.9555485127712586	11.89011822149177	1.6301342960707397	-2.8212401427010643	-1.4156405505973628	
21.035413177227444	0.7431792980551521	12.09732453615505	1.5780040886386837	-2.2900027812974493	-1.261565960168042	
20.55835239376558	0.5871641215295349	12.035473314953414	1.5168368804036712	-1.7563443544515216	-1.0997907543634213	
19.98235498828903	0.4911296212509036	11.705359717185816	1.4445620048999774	-1.2302315037198563	-0.9338564821032941	
19.329990224336548	0.45547845809995946	11.118175490630033	1.3598647162655073	-0.7210341687481792	-0.7675034167875514	
18.6242623049298	0.4761129302399689	10.300608398156175	1.2626396422970263	-0.23701018135811178	-0.6046398193045762	
17.887068330690074	0.5459851788071894	9.29172210803661	1.1539187557548722	0.2149404623406101	-0.4490425350300852	
17.138256739996564	0.65594654889712	8.141550549343432	1.035874852467779	0.6295089803998654	-0.30417207376243616	
16.39480841607442	0.796052503393343	6.907357408928535	0.9116412252775801	1.0030153452147579	-0.17300329019893892	
15.67029758989262	0.9567111820876256	5.649270921837362	0.7850652143079556	1.333333511610363	-0.05790326723324798	
14.974652039808362	1.1296048884941203	4.425591122016169	0.6604056798644664	1.6197229764084016	0.03945258082209769	
14.3142336204649	1.308333948577	3.2880559200584774	0.5419792356017332	1.8625889634134074	0.11813707052638663	
13.692358609173022	1.488627777553896	2.2778684596989724	0.4337721032001215	2.0631980722281877	0.17799639507273665	
13.110197728324597	1.6680424282764357	1.4236960326026513	0.33909060387018325	2.2234109769769	0.21962899931013005	
12.56771926706804	1.8453478083262902	0.7412619100691828	0.2602841822509097	2.34548686669493	0.24433642066247607	
12.064556047035966	2.019736506302314	0.2341379283014449	0.19855348863028116	2.431941906717607	0.2540344504426043	
11.600679409868011	2.1899832650941975	-0.10464770979671835	0.1538539686269379	2.4854539132757028	0.25111904959629616	
11.176743368456712	2.353767820281796	-0.2904420338345098	0.1249363455074506	2.5087992954287834	0.23827490051313224	
10.794049114815918	2.5074105700636484	-0.3446721179014156	0.10953034598075603	2.5048143258393267	0.21825858621544497	
10.454274807708888	2.6459932576540273	-0.29278595454028344	0.1046033818449047	2.476375380067305	0.19369541461040563	
10.159070008362498	2.7638097975916005	-0.1623229396859983	0.1066795285576766	2.426392077069276	0.1669016143840698	
9.909587679439271	2.8551035464400694	0.018910557066753472	0.11220001710748474	2.3578106077759418	0.13974400649604254	
9.70605764097646	2.9149830330498188	0.2245437689156835	0.11788873313586329	2.273621087547178	0.11356680493460515	
9.547507503078794	2.9402443627458723	0.4310148832398264	0.12104237089324985	2.1768578605131186	0.08919699110132681	
9.431617937589333	2.9299917659262293	0.6186178749236522	0.11973105371219471	2.0705857366222467	0.06699935593361038	
9.354710698818998	2.8860073217595508	0.7722191556842773	0.1129061367229999	1.9578677904442552	0.0469709864788652	
9.311865929268897	2.812836203352782	0.8816506324425724	0.10041308164757382	1.8417094929711109	0.028863367304351465	
9.297199806895588	2.7174756243918625	0.941622231125477	0.08288274666533178	1.7249805338682938	0.012318950988325236	
9.304240487354948	2.6087621892073938	0.9512535418156941	0.061540558057053024	1.6103308563102954	-0.003010983941349192	
9.326343152459915	2.496600609644623	0.9134130581600234	0.03798305992135748	1.500110020572039	-0.017377277681372365	
9.357124967208486	2.3910816122127914	0.833892392736288	0.013938378860486163	1.3962975998953224	-0.030874078407486683	
9.390900441391258	2.3015383107470138	0.720470628474034	-0.008970718949555173	1.3004491203707356	-0.043413131049555055	
9.423038086593523	2.235696558547714	0.5819255311273198	-0.029422727587429514	1.2136800768965301	-0.054738671436825585	
9.450180104862788	2.1990766910948056	0.427191567020937	-0.046521762684802355	1.136683505851277	-0.06446974354778578	
9.470336295713286	2.1946415762863607	0.2646932441178835	-0.05986069675355445	1.0697684349709404	-0.07215588056942226	
9.482848131823737	2.222701914200663	0.10185084554139813	-0.06952727641564947	1.012915979774225	-0.07733951406273151	
9.48822150557966	2.2810859060817106	-0.05523703103491967	-0.07605724247566234	0.9658470578431675	-0.07961866087096693	
9.487815833072569	2.365624596388129	-0.20188094261825673	-0.0803323678483722	0.9280981815816457	-0.078696044262657	
9.483492167293443	2.4707687957991555	-0.3347277978298553	-0.08346188395875402	0.8990863221107493	-0.07440729559880287	
9.477268342721958	2.5902394950346648	-0.4515943629635919	-0.08666466616898356	0.8781605614323825	-0.0667312573735394	
9.471007884571312	2.717658973327573	-0.5512374440820957	-0.09116034098686525	0.8646405429437614	-0.055784054078847636	
9.466175483279807	2.847098197969815	-0.6330938161020301	-0.09807805084965092	0.8578407298965424	-0.0417990000458411	
9.463719583361142	2.9734191542237807	-0.6970274025797709	-0.10839765716485075	0.8570808527473751	-0.025095448735974184	
9.464073315902285	3.0923969975293404	-0.7431445231711735	-0.12291913303689472	0.8616878423296416	-0.006049051435514778	
9.467243987856811	3.200675914819585	-0.7716735638401837	-0.14224841105874522	0.8709950186547377	0.014933221121995967	
9.472973909215204	3.295595233223934	-0.7829070669487409	-0.16679207971619062	0.8843422080062506	0.03743152290969955	
9.480956984073154	3.3749282479681795	-0.7772067043970551	-0.19675254317807658	0.9010808569363924	0.06102350584408581	
9.491064385575076	3.4366192173192034	-0.7550558988064631	-0.23212264684778808	0.9205862776648462	0.08528736973058572	
9.503534455876599	3.4786112811363608	-0.7171345753150434	-0.2726744979954356	0.9422757140601815	0.10980224165703281	
9.5191181712841	3.498781965110623	-0.6644007958434416	-0.31794761399377053	0.9656301854226326	0.13415018791585223	
9.539173409406326	3.4950015081437353	-0.598172415189725	-0.3672409300941649	0.9902186742986947	0.1579232661661948	
9.565695731508841	3.465331327441075	-0.5202029322769749	-0.41961822552543077	1.0157221109115822	0.18073998579963038	
9.601273591846342	3.4083166865980887	-0.43273636042496677	-0.4739406951790347	1.0419496411199343	0.20227123301361166	
9.649009568747504	3.3233068897628093	-0.3385554095022574	-0.528919119809616	1.0688487179840878	0.2222726412867373	
9.71241650355869	3.2107628472681906	-0.24102137478696858	-0.5831846367119243	1.0965089309201002	0.24062022343975958	
9.795294290928968	3.0725244884784386	-0.14410528185847538	-0.6353764839615001	1.1251602479927576	0.2573470588764867	
9.901582998341787	2.9119788946446716	-0.052394236200153335	-0.6842430346589482	1.1551642536273892	0.27267466549991154	
10.03519690135062	2.7340574877274557	0.028952562454041732	-0.7287359806481069	1.1869977103154563	0.28702721006993154	
10.199842848693853	2.545119097746699	0.09428700588116459	-0.7680901823197005	1.2212334909297986	0.30103115959392435	
10.398816550600673	2.3527286752823646	0.13760325076992527	-0.8018863778719716	1.2585176836795307	0.31549892674253827	
10.634768483995668	2.1653473402882013	0.1527242798022383	-0.8300958383178911	1.2995423290323913	0.3313960281398486	
10.90945250082563	1.9919370331626884	0.13355573068474008	-0.8530961053855267	1.345011939695035	0.3497881152490251	
11.223508902665056	1.8415411342187193	0.07437629349361712	-0.8716531329503064	1.395606943326598	0.3717752169819887	
11.576284374079176	1.7228782595096392	-0.029853654726516677	-0.8868855756397745	1.4519463930874907	0.398422341446957	
11.965705134440778	1.6439441765080471	-0.18316981802773313	-0.9002107170665872	1.5145505199326335	0.43068819745436904	
12.388205194377928	1.6116129039058278	-0.388258077285891	-0.9132731414100536	1.583802892641106	0.469352778570997	
12.838754266087863	1.6312743868866213	-0.6461188160853362	-0.9278506818421781	1.6599172273777651	0.5149520598074818	
13.3109697077614	1.7065670708335308	-0.9557801663726115	-0.9457482043183605	1.742913308180073	0.5677292126270113	
13.797251260463979	1.8391928177315093	-1.3140331596535426	-0.9686870678907479	1.8325976926728125	0.627597250754708	
14.288929692959503	2.028830221839439	-1.715207685045778	-0.9981926312722855	1.9285487792498048	0.6941138304261899	
14.776405994956175	2.2731414775234158	-2.1509869292609998	-1.0354820782798604	2.030102576583087	0.7664657958849989	
15.249288316468839	2.567918496788809	-2.6103796159229615	-1.081374656761183	2.136342933949357	0.8434749390347513	
15.696518279257642	2.90729485327768	-3.079886307223267	-1.1362404613052373	2.2460928025371025	0.9236221028523047	
16.106502218638827	3.283956682313088	-3.543847568406847	-1.1999817417406793	2.357902211842708	1.005083316812193	
16.467275643519827	3.689347832416905	-3.9850180237860897	-1.2720473579485665	2.4700346902176777	1.0857803800010195	
16.766729389724937	4.113851832886842	-4.385420920146611	-1.3514776907058335	2.580450292060536	1.1634465284432338	
16.99291654827725	4.546977265820099	-4.727508204138347	-1.436984577826802	2.6867971487441467	1.2357099717837916	
17.134399074350995	4.977541543163837	-4.995449903745026	-1.52703909655986	2.7864122680135197	1.3001803420223659	
17.180611642559995	5.393875102182	-5.176462819557633	-1.6199537747980983	2.876333110905768	1.3545330998288663	
17.122228805006593	5.784067614877561	-5.262095093151783	-1.713954154444726	2.953325872128753	1.396589752525537	
16.95153963747021	6.136275284767918	-5.249385244319284	-1.8072314623826393	3.013937448833437	1.4243923359350918	
16.662771149135757	6.439065858368733	-5.141473256671928	-1.897965377622792	3.0545837199016175	1.436258172504947	
16.252409669827106	6.681751086123766	-4.947628245184133	-1.9843131773070115	3.071663195518012	1.4308174231490078	
15.719564105749608	6.854704188930743	-4.682745436685907	-2.064371291105767	3.061693226663223	1.4070403880606734	
15.06638456319905	6.949666069177437	-4.366312676574292	-2.1361142744366406	3.0214681581948075	1.3642579245364124	
14.298557357159234	6.960061207455897	-4.020838629519965	-2.197317208914608	2.948242313675307	1.3021803402287104	
13.425678305293916	6.881272323525224	-3.6698841663828903	-2.24549259547314	2.839905095348327	1.2209056664326243	
12.461465285015782	6.710905284488656	-3.3361451467933407	-2.277864252196159	2.6951368012225716	1.1209266642843614	
11.4237289615013	6.449036070224544	-3.039700633283836	-2.291390497072699	2.5135381149099887	1.0031332600409162	
10.33402416732888	6.098425230390185	-2.7965178901181877	-2.2828482736591336	2.29572364448804	0.8688067303608735	
9.21685694653058	5.664663717845822	-2.6173440033335167	-2.24899656345991	2.043358941695721	0.7195986269390173	
8.098419160842981	5.156112712842568	-2.507300506135836	-2.186805694328177	1.7590908432653496	0.5574814790609268	
7.005181620187572	4.583707889561828	-2.4659935119667264	-2.093709863990437	1.4464118024164871	0.38468864087202287	
5.962488260934579	3.960642105890232	-2.4880752282682197	-1.9678578882034652	1.1094687845063862	0.2036459190267906	
4.993278383819622	3.301963339513619	-2.564217981441081	-1.8083427624525397	0.7528288007289337	0.016897948163127036	
4.117124071844625	2.6241363885071465	-2.682506977960065	-1.615374401315994	0.38121395050770984	-0.17296947942889804	
3.349818845771443	1.944635777554219	-2.8300143328686524	-1.3903377483755819	-0.0007457562612131277	-0.3634036995051915	
2.703323105404622	1.2815914918392415	-2.9941735167770744	-1.135780233396136	-0.38870826288263793	-0.5519508352546677	
2.1859632629008843	0.6534059381583834	-3.1638636689317843	-0.8553402767528067	-0.7787650027598391	-0.7363139031372815	
1.8027952153486877	0.07827657457042145	-3.3301148315148663	-0.5536317678317363	-1.1675355567483756	-0.91440399400843	
1.556099357070424	-0.4264431474877506	-3.4863090305460314	-0.23608262670031155	-1.5522019219100216	-1.0843811276998974	
1.445929408850254	-0.844967934872195	-3.627882408344417	0.09125810514302392	-1.9304807922233858	-1.2446786807317602	
1.4705837751357393	-1.163826803813318	-3.7517777689753733	0.4219117660509295	-2.3005669973591005	-1.394020813447898	
1.6270133074336441	-1.3725828400025608	-3.855749828247506	0.7491697111341579	-2.661053596740606	-1.531433594348804	
1.9111444666949535	-1.4645084011558884	-3.9376061298096547	1.0663053399505615	-3.0108352462891257	-1.6562531435264796	
2.31811112859853	-1.4370821378463767	-3.9944871194548432	1.3668014424005488	-3.3489945675459345	-1.7681259054315963	
2.842379238874972	-1.2921938208109032	-4.0223359307619235	1.6445678461270041	-3.6746861751826225	-1.866998511851274	
3.477772198907896	-1.0361690832405923	-4.015557604362038	1.8941468543832893	-3.987026613500453	-1.9531033160495912	
4.217423692346781	-0.679602472598939	-3.9668605120800655	2.11090399527858	-4.284987837852004	-2.026935328270375	
5.053658802430116	-0.23702900423768386	-3.867278828638522	2.291208388784513	-4.5672921862998415	-2.0892191429327944	
5.977831493471863	0.27364179476727646	-3.7064353985632557	2.4325685929989866	-4.832318897706968	-2.140857038053075	
6.980155107451584	0.8318288948679702	-3.473007470065335	2.5337079175770825	-5.078035065023764	-2.1828627674351266	
8.049533878694206	1.4150255711323938	-3.1553364517406997	2.594603267579645	-5.301947478972543	-2.2162868284674313	
9.17341866795101	1.999613517136643	-2.7421827499486886	2.616481468785753	-5.501080586219095	-2.242133208077269	
10.337694780441483	2.5617622340524893	-2.2236504511794104	2.601778661218155	-5.671984572451393	-2.261267234918682	
11.526678100956861	3.078405011066699	-1.5922136805721496	2.554025915887698	-5.810798115177639	-2.274325505090493	
12.723224958357177	3.528187356532843	-0.8437141989941227	2.4776852278527346	-5.9133599031628865	-2.2816421991485045	
13.908939703485506	3.892384748240867	0.02168603668758517	2.3779542903156465	-5.975360301035117	-2.2831933735398473	
15.06449868323749	4.155776247974333	0.9986448107722525	2.2605339542812355	-5.992535127684465	-2.278564392821859	
16.17011660365117	4.307487551612082	2.0758818966592223	2.1313550976506725	-5.960908989905765	-2.266945341636261	
17.206169981741116	4.341590061551449	3.2358242714047925	1.9962749575729595	-5.877065808874653	-2.247175225658594	
18.15390664316394	4.257450791174071	4.454637534057586	1.8607883742106344	-5.738415863306841	-2.217825293462675	
18.99619713881283	4.059869599629481	5.702575549149953	1.7297679978670009	-5.543446780807691	-2.1773102319185087	
19.718335043367485	3.758978286044273	6.944709065920552	1.6072352208825336	-5.291958988926818	-2.1240307769173383	
20.308881275624604	3.3698775220509503	8.142087282478403	1.4961677174373191	-4.985284715148844	-2.056549998063914	
20.760033640255013	2.9117797126882587	9.25320418921689	1.398468630108527	-4.626310983130962	-1.9737314797219003	
21.06876428839545	2.4071198829577694	10.236459757699233	1.3147846347832617	-4.219763199188915	-1.8750252766082953	
21.23531956562257	1.8800099926826213	11.051005271473986	1.2449393606732766	-3.771579292922572	-1.760331085765784	
