21.990681400300637	0.777028605793537	11.717124708245905	1.390223975966081	-2.776827686602525	-1.4541230377300791	
21.665032719765087	0.4127532310010315	12.008233356311047	1.3456711939575765	-2.240993308493229	-1.2967293745181583	
21.221561305082258	0.08996749043965893	12.087697469418462	1.3006520436746791	-1.7019618821687996	-1.1330843919003506	
20.6796171882987	-0.18168234952105583	11.957898258934629	1.2527954594128663	-1.1691941378848203	-0.966470638989728	
20.059112558529577	-0.3946551368601327	11.62737753275527	1.2000589626904998	-0.651682891261368	-0.8002929903334247	
19.380412751935552	-0.544847053390298	11.114598802844009	1.141007909771385	-0.15748700165617185	-0.6380659141332943	
18.662973944770457	-0.6307787439190888	10.445199001887975	1.0748649615198733	0.30651247225156175	-0.48314143311563734	
17.92460810874021	-0.6532804975447812	9.650666480320979	1.0015647188561694	0.7348176052965154	-0.3385470314968088	
17.180903865817857	-0.6149395492258937	8.766203179723876	0.9217299180456291	1.1233709068583535	-0.2068519353246088	
16.444814015154677	-0.5195858910367465	7.82855638129268	0.8366129341039803	1.4695351264851815	-0.09006461781983642	
15.726419977553647	-0.3718706994509775	6.873902890551102	0.7480034256728174	1.772004103039829	0.010441456472533629	
15.032957856848478	-0.17697124660378497	5.935777046862032	0.6580799092020634	2.0306189099143928	0.0939686808281932	
14.369239072989068	0.05946967255579638	5.043561068503059	0.5692179259415905	2.2461206727957	0.16048061568602376	
13.738214142445331	0.33121176833003485	4.221407600345849	0.483796503991812	2.419944096500843	0.21057097240772205	
13.141634675252167	0.6311732505549859	3.487477040434461	0.40400013618761366	2.554041302062237	0.24541062727436405	
12.580761580909842	0.951120992971428	2.853449423310766	0.33161566299314527	2.6507445592635976	0.2666644759404728	
12.056934463616281	1.2815373183941572	2.3246936410963652	0.2678833739074132	2.7126591748040134	0.2763496474814053	
11.571858444388905	1.611740215082335	1.9007724779642263	0.21341931044459228	2.742589906341283	0.27667647104984233	
11.127676126523534	1.9302222047853128	1.576147875053017	0.16819503892164425	2.743484141522261	0.2698828415615054	
10.726835031093241	2.225240985442467	1.3410790675529096	0.13157697541001684	2.718384231581874	0.25806037105746904	
10.371754719094122	2.4856711835209113	1.1827936897826166	0.10245670226540426	2.6703857659899293	0.24299974010891143	
10.064435703703749	2.701881516331746	1.086680145172329	0.07943572915291061	2.6026065148249087	0.22609954134367505	
9.806086293471424	2.8665416844543863	1.0373578109338997	0.06101518112725793	2.5181629081556975	0.20832483068671084	
9.596775886249992	2.975348073851227	1.0196973408616192	0.045787783891010396	2.4201486921991755	0.19021021246811676	
9.435154363399336	3.0275731643189543	1.0197861403313553	0.03261506110100858	2.3116104085998486	0.17191609209056954	
9.318377026766845	3.0261297029590404	1.0256233737079707	0.020730647051342595	2.1955177203322314	0.1533363225051402	
9.24217167207336	2.977345968817045	1.0275629915473983	0.009775601495515937	2.0747269736101606	0.13420944460650705	
9.201030711744538	2.890494757595798	1.0185658539277638	-0.00021987138509609234	1.951938065168582	0.11422922872724997	
9.1885426427925	2.777059455554925	0.994275554045094	-0.008909780636925015	1.829640604440439	0.09315122625849602	
9.197875509449865	2.6497058316313176	0.9527788154301349	-0.01576558866989504	1.7100649197138589	0.0708730122106699	
9.222260634933217	2.521265880517347	0.8942044652241331	-0.020218205540769845	1.5951458856651273	0.047475179559833255	
9.25543643485934	2.4038015003992146	0.8202647562828137	-0.021791298519099295	1.4864964911585663	0.023234837633107533	
9.292056332629818	2.3077261936392848	0.7337419894941313	-0.020225733737825498	1.3853909144016379	-0.0013852958818061935	
9.327991526054065	2.241101194102828	0.6379427986524532	-0.015575320964028274	1.2927686126748728	-0.025777117318423262	
9.36043119529337	2.2093046952503115	0.5362544228008812	-0.008245488767188032	1.209263497993981	-0.04924478725745249	
9.387856363727485	2.2149357962106437	0.4318438776237636	0.0010046762599982	1.1352371491738915	-0.0710614363464269	
9.409902321196416	2.2579204150238277	0.3274657260162746	0.011092156667799533	1.070816874451931	-0.09052467864268075	
9.427100742580143	2.335830256498536	0.22538664074700926	0.020674559686907252	1.0159369054523044	-0.10700848216979798	
9.440520276849503	2.444444697043799	0.12744104175326748	0.02824943728921749	0.9703826367889612	-0.11999748090252284	
9.451447978836361	2.578295086896988	0.03513037169736731	0.03225368773827417	0.9338237217389311	-0.1291048663024175	
9.461128389279342	2.7311635248951376	-0.05027025363671468	0.03116084630381031	0.9058399649427066	-0.13407944511002676	
9.47057800350589	2.896518365060692	-0.12761701652813526	0.023578613783252978	0.8859414959604089	-0.13480422921666088	
9.480536877232655	3.067823691482791	-0.19584222488302258	0.008333130071042373	0.8735869803897391	-0.1312837216142201	
9.49154835631164	3.238679980803853	-0.2539524943407085	-0.015471733279465468	0.8682002890315251	-0.12362766793738246	
9.504103750757977	3.4028656913184507	-0.30106396354853354	-0.048408076445488044	0.8691869015492032	-0.11203669722494436	
9.51883386314318	3.5543216573038188	-0.3364686402973569	-0.09068553678446695	0.8759523907722956	-0.09678909748729528	
9.536719531386563	3.687123354126752	-0.3597286426877719	-0.14212288132420184	0.8879248669073216	-0.07822784639063418	
9.55923629831678	3.795513757319702	-0.37076613325299823	-0.20214490016996584	0.9045773987281387	-0.05674608535396658	
9.58842715448719	3.8740272725573077	-0.3699464880889246	-0.26978771804150115	0.9254486689658212	-0.03277254850936514	
9.626910649892526	3.917704164808331	-0.35815519570848403	-0.3437171544641991	0.9501620495042193	-0.006754433398371114	
9.677815184768722	3.9224318459874885	-0.33687437046252733	-0.422265403361478	0.9784435003682	0.020865202535690547	
9.744617805607612	3.885344463566527	-0.30822486331481586	-0.5035079831375142	1.0101303460302258	0.04967547179794012	
9.830950587628633	3.8052102897675724	-0.2749883954228372	-0.5853595745111686	1.04517300968008	0.07932637573316435	
9.940394276177727	3.6827939580804796	-0.24061469099876784	-0.6656841414751482	1.0836318116497727	0.109557410687638	
10.076255206889853	3.5211965080558674	-0.20921071084274453	-0.7424264717740959	1.125668608293512	0.14022689345500297	
10.2413507185395	3.3260397380106217	-0.1854765164016277	-0.8137621564161813	1.171528820307344	0.1713350516443058	
10.437853967227863	3.105393672426682	-0.17458177109879813	-0.8782341809161494	1.221516173305244	0.20303300937820615	
10.667179694319838	2.869544376859806	-0.182009334890425	-0.9348758498290055	1.2759651107841565	0.2356227864460886	
10.929903428591905	2.630575661800398	-0.2133542818108781	-0.98332199729176	1.3352094844321045	0.2695475752532749	
11.225718407255334	2.40169032357658	-0.27405852344559856	-1.0239004513840866	1.3995463674435402	0.3053685825576693	
11.553467585527502	2.196311201077371	-0.36912128877167105	-1.0576486001089476	1.4692028195456592	0.34372535222306566	
11.911190144250586	2.027186065835676	-0.5028187252877965	-1.0862815623294237	1.5443090760698428	0.385291260434624	
12.296174824591962	1.9055149479137623	-0.6784228493600195	-1.1121121233626248	1.6248772720250317	0.43072354555370196	
12.705006363997638	1.840098877459144	-0.8978916708001772	-1.1379109473500493	1.710785055296859	0.4806041896176332	
13.133611987063924	1.8367735850057103	-1.1615913873016828	-1.1666829671466066	1.8017720125211374	0.5353775091306421	
13.577275661924954	1.898209885295255	-1.4680562038539182	-1.2014179657129476	1.897443646065759	0.5952938535209483	
14.030618739979635	2.023953672957182	-1.8137566324043388	-1.2448383134019316	1.99727598283893	0.6603573391993097	
14.487552181102414	2.210685928103882	-2.192870951320447	-1.299139031840847	2.100618312214568	0.730275363288686	
14.941224878640382	2.4527522877775394	-2.5971368176742353	-1.3657509234865324	2.2066912302576625	0.8044189157438814	
15.384022247445072	2.7428229533781323	-3.015919771109009	-1.445205513711334	2.314578386697259	0.8818112918000737	
15.807600068727341	3.072452082449437	-3.4364194018333096	-1.5370734858218233	2.4232078009796503	0.9611313332021985	
16.202964365704172	3.4325539588406544	-3.844052845931277	-1.6399712399167132	2.5313245868586667	1.0407333150901745	
16.560614078415195	3.813763949276337	-4.223101329827002	-1.751645355102497	2.6374522289119957	1.1186881834843647	
16.870755712650475	4.206650105426921	-4.5576620938433345	-1.8691662896760939	2.739859156815875	1.1928581951629256	
17.123520988733453	4.601813726772734	-4.832690331686994	-1.9891473607772368	2.8365311954237526	1.2609795198795608	
17.30918337974125	4.989948134141818	-5.035096615984693	-2.1079761220261375	2.9251516065404957	1.3207500681286197	
17.418384116352126	5.361891743297544	-5.154938797081149	-2.2220612554037915	3.003090320120678	1.3699253844862398	
17.44235022379925	5.708705256563244	-5.18645930005695	-2.328068294291177	3.067423902929642	1.4064125436826336	
17.373089322604773	6.021767262609338	-5.1287014052531195	-2.42308610780687	3.114988224620485	1.4283415682453415	
17.203600145288377	6.292878456716418	-4.985820490057577	-2.504731314234681	3.142453585324206	1.434120169170023	
16.928130397384447	6.5143734906059	-4.767078705434493	-2.5711946499957326	3.1464291621858536	1.4224762267142317	
16.542527563955474	6.67923532574667	-4.486361773694478	-2.6212065854828763	3.123609635333037	1.3924859854749716	
16.04463212349364	6.781190337279375	-4.161100078221541	-2.653912418462812	3.070941134941793	1.3435786586844884	
15.434749717516231	6.814833846048665	-3.811014935331469	-2.6687248443285947	2.9857877409585853	1.27554157585934	
14.716178886102405	6.775797619410951	-3.4567022621071124	-2.6651675481489296	2.8660994531183666	1.1885269137256773	
13.895817755723337	6.660998480547041	-3.1180324333466727	-2.6427235030592096	2.7105896148671813	1.0830658302220784	
12.984527782289344	6.468898454004203	-2.8126506232737407	-2.6007371239363684	2.5188602748899425	0.9600706888697331	
11.99718625285666	6.199748444101331	-2.5548783993026443	-2.5383966600178707	2.291468672412847	0.8208288479854767	
10.952462086872835	5.855811827055696	-2.3549409494678573	-2.4547792085443945	2.029946780155491	0.6669866560177822	
9.872266312611062	5.441566799431373	-2.2184865585723212	-2.3489595601345012	1.7367703238636771	0.5005187558421518	
8.780714499881443	4.963780872225956	-2.1466039243798476	-2.22018122225879	1.4152346656124455	0.323666082231019	
7.70285223935007	4.431396198944853	-2.136344385766353	-2.0680290166968236	1.0692589027621977	0.13885262843933058	
6.663443151713822	3.8553533519068863	-2.1814411932262208	-1.892575029782315	0.7031811046603704	-0.05139807304122995	
5.685821925155588	3.2483548276603664	-2.2732266557926755	-1.6944926857941311	0.32154106262863535	-0.2445494597851064	
4.790889090244817	2.6245729007777334	-2.401747931724534	-1.475120075220791	-0.07114473863892538	-0.4381412493207244	
3.9965428914112877	1.9992750849484724	-2.5568517244839852	-1.2364279970072927	-0.4705697735354213	-0.6298633776340319	
3.3174019795805374	1.3884378413922278	-2.72895096239092	-0.9809508882398883	-0.8727667585984391	-0.8176107042672592	
2.764713846657722	0.8083077632739959	-2.9095283302319377	-0.7116977117830537	-1.2741962767860782	-0.9995240987571264	
2.346396314234058	0.2748564885894621	-3.0913703905748333	-0.43205232919386594	-1.6718014195129018	-1.174021396574872	
2.0673234271040366	-0.1968556919479905	-3.2684571179279462	-0.14566883502333422	-2.0630062427018836	-1.3398048750584595	
1.9297035918277645	-0.5932855087784974	-3.435657804149095	0.14360883483591405	-2.4456785736446416	-1.495852802191208	
1.933447724455651	-0.902983481727959	-3.5883613339038307	0.43180605104010583	-2.818078807629424	-1.641405555699057	
2.0765351990470022	-1.1171692269323805	-3.7220562857163215	0.7148650338727003	-3.1787938906776296	-1.775946533723128	
2.355380776795329	-1.2302506549449492	-3.8318942783970047	0.9886910398002843	-3.5266494813126825	-1.89917410739344	
2.765155167076131	-1.24011655490875	-3.9123542274325716	1.249207931024275	-3.8606084423031612	-2.010965252767729	
3.2999822400152037	-1.1483358851634982	-3.957020071263424	1.4924290981108257	-4.179673306073417	-2.111343661632388	
3.9530501897531396	-0.9602563463352739	-3.95846065106151	1.7145509482026435	-4.482786308856646	-2.2004491712368353	
4.716619906548265	-0.68499817809992	-3.9082369559399743	1.9120854260332962	-4.768721634614745	-2.2785082389735036	
5.581968466785695	-0.33513650023480096	-3.7971213896832956	2.08201020151788	-5.035990390377342	-2.3458040439682173	
6.539274118747455	0.07373178745587541	-3.6154509473018313	2.221920050101419	-5.282767067048446	-2.402651001427729	
7.5774705296961296	0.523513729333389	-3.353590213706769	2.330176911026605	-5.506833786607045	-2.4493705008845925	
8.684070663087722	0.9942701007290697	-3.002540666841897	2.40606543156068	-5.70554138728276	-2.4862646645930973	
9.845041369332378	1.4650666351026342	-2.554673859173766	2.4499037105233397	-5.8758143006820625	-2.5135866228161956	
11.044779557862514	1.914879602322151	-2.0044331188697164	2.4630764703653405	-6.01420380639845	-2.53151090733548	
12.266150721132306	2.3234945948244556	-1.349004155000135	2.448022020628876	-6.1169715907766555	-2.540103895411834	
13.490609192418423	2.6724494546282567	-0.5889737384262951	2.408164389411838	-6.180211104986911	-2.539294171789733	
14.698454241347857	2.9460300452285053	0.2710527284116918	2.3477608141086863	-6.2000244407585585	-2.528846179590753	
15.869260703939776	3.1320490512061885	1.2221350287063404	2.271647290272632	-6.172735621619539	-2.5083535471671388	
16.982386533374854	3.222455106076515	2.2508244899541645	2.1849616137962355	-6.095113808481681	-2.4772490157970237	
18.017576027665978	3.2137931956225563	3.3391402888564867	2.092842761825911	-5.964609229594119	-2.43483262917023	
18.95572193222748	3.1075375040101982	4.464706652647295	2.0000979165269186	-5.779618670111633	-2.3803253327792127	
19.779708879245938	2.909992906864755	5.60132331083266	1.9108957109013631	-5.539711888807798	-2.312955520858924	
20.475181262743654	2.63192276723235	6.719756294606538	1.8285447351268256	-5.245793260487322	-2.232056214703699	
21.031290376125	2.2879903730005067	7.788759215573199	1.755330343485898	-4.900229559667047	-2.1371751687161793	
21.441375268098085	1.895995565335483	8.776332758634135	1.692413430496845	-4.506931934377494	-2.0281934087225637	
21.703183067192953	1.475849866229464	9.651052242520837	1.6398720928359343	-4.071282366290197	-1.9054090763127063	
21.81974041866329	1.0481178912626166	10.384821323104685	1.5966801609307084	-3.6001799626793285	-1.7697302332731988	
21.79722392744451	0.6334057138526059	10.952030413089394	1.561189081695333	-3.1013836125348653	-1.6224494428972935	
