21.47675448503385	-0.0006687039064713	10.485084333104616	1.199845501224066	-2.9843738598548715	-1.5764341657970515	
21.246178143803025	-0.48344765909355936	10.793708519360749	1.2200295090062316	-2.4535326737376355	-1.4243734804915493	
20.9002788105766	-0.896747323382035	10.902038535492514	1.2420055687369285	-1.9148492704428637	-1.2637994628886113	
20.458608674813444	-1.227278323667683	10.810570913607805	1.2602143601551261	-1.3790227291093107	-1.0980406961108797	
19.9413908133943	-1.4656299801051442	10.526947670686733	1.2694872316056758	-0.8563146257635385	-0.9306718316413194	
19.369058228217323	-1.60799596344463	10.068867223634305	1.26543362040063	-0.3560672884381122	-0.7654802141753306	
18.760744196459456	-1.6550642893468048	9.461553719308426	1.244708798363926	0.11368000609100634	-0.606146755744293	
18.13332416175979	-1.6115674336344945	8.736524233793483	1.2052502703290673	0.5465130406761517	-0.45604931731499626	
17.500595135382795	-1.4851511965405657	7.929059460838113	1.1463839899450678	0.937792543304945	-0.3180748115350741	
16.87278204194618	-1.2852426976392601	7.075626604340708	1.0688307706248392	1.2846616146990988	-0.1944896964578046	
16.256376533025485	-1.0220441749117393	6.21144367110536	0.9746231296101491	1.585932684309285	-0.08685865061518391	
15.654358822782493	-0.7057509719966932	5.3683292413943295	0.8669328616789127	1.8418695705553727	0.0039943196692117065	
15.066893427793898	-0.3461404658778009	4.573027124400342	0.7498106992928822	2.053893645733665	0.07798798834754575	
14.492550831673693	0.047380372549758534	3.846321570305419	0.6278344376391226	2.224248587052503	0.13573761847161628	
13.929672741813677	0.4654169803663333	3.2028178205164406	0.5057348189210126	2.355717075700168	0.17848299747793445	
13.377597355042932	0.8981293307848561	2.651162894709801	0.38802595181983146	2.4513978223061414	0.2079911872604892	
12.837547864080054	1.3348359327787982	2.1945755433311	0.27866230275122894	2.5145365366601764	0.22642777499641123	
12.313018266902349	1.7638392155867113	1.831519972502902	0.18074282199864583	2.5484013420379323	0.23619094603960805	
11.80953093570647	2.172635280943414	1.5564820195497258	0.09632773501624228	2.5561936314954825	0.23971229687326526	
11.33399357154703	2.5484499636348152	1.3606871214411997	0.02638132324682653	2.5409912561818553	0.2392638776771774	
10.893874247125318	2.878993908658263	1.2327954601066904	-0.029178665067223247	2.5057170481990463	0.2367898382485425	
10.49631791039324	3.1533584194762483	1.1596458979685005	-0.0713323319287779	2.4531303008521754	0.23377651159872015	
10.14730244030836	3.3629920303851604	1.1271017954318743	-0.101724392601455	2.3858387388769393	0.2311719602414398	
9.850985698892574	3.5025501512713273	1.12101338133125	-0.12236635262851904	2.3063285681628587	0.22938212605195785	
9.609318429730862	3.5704504502474905	1.1281363875860502	-0.13534909301984976	2.2169964263090765	0.2283313228534442	
9.421878284515376	3.5691242834217736	1.1369269867962009	-0.14259719735271464	2.12017186282639	0.22756335048542525	
9.285914998789272	3.504933147962692	1.138158134794647	-0.14567927846670056	2.0181249209683028	0.2263720763935074	
9.196587081615318	3.387753102411938	1.1253218787137491	-0.14568729719983053	1.9130528477262199	0.22394854588349578	
9.147417159999861	3.230169499297416	1.0947123211646645	-0.14321213024871282	1.8070456418238359	0.21952644568632462	
9.130866485643732	3.046457649959455	1.0452276183604063	-0.13840553491800311	1.7020398329112647	0.21249726311234293	
9.138946724625642	2.8514957687285483	0.9779947659802637	-0.1310951426467684	1.5997691446836737	0.20249034164864071	
9.163836868614212	2.6596689510860543	0.8958494994946778	-0.12093469671362073	1.5017198829541896	0.18941659683736195	
9.198467908163192	2.4838253925425873	0.8027215148617055	-0.10757109510049015	1.4090959950533535	0.17347612539431156	
9.236992372218808	2.3344216500166297	0.7029840615617249	-0.09080208561069057	1.3228068125672678	0.1551251580190487	
9.275054355942686	2.2189895509295328	0.6009066840947621	-0.07069033855377793	1.2434796225595066	0.13501544995930012	
9.309881052970704	2.14188032735486	0.5002559092830585	-0.047629900153795694	1.1714869771188796	0.11392334581310533	
9.34020131919768	2.104284032431059	0.404045288708558	-0.022364461627382287	1.1069857198619264	0.09267488359322364	
9.366007766771556	2.1045033924763032	0.31443411828910167	0.004040975336897243	1.0499619738083619	0.0720736996943595	
9.388171114278347	2.1385101580680534	0.23278018229165734	0.03027596398781764	1.0002779064606537	0.0528405842115212	
9.408008072223893	2.2006686675548113	0.15979808623941236	0.05488617445314778	0.9577109448733205	0.035574931025546354	
9.426898203758196	2.284470982749972	0.09574902712859439	0.07637620510042334	0.921981451933848	0.020735329102556998	
9.44598353857034	2.3832313462911556	0.0406330870441472	0.0933050676931054	0.8927711536849606	0.008636626432660806	
9.465983399618015	2.490674195474918	-0.005644228106381786	0.10436705682545525	0.8697336575241876	-0.0005398941482707366	
9.487157461665213	2.6013283304969472	-0.043158287039623544	0.10845024397121593	0.8525003346309435	-0.0067257111331921055	
9.509405095524958	2.710656951075192	-0.07192425527110276	0.10466970923166129	0.8406860642001917	-0.009940586203668214	
9.532435767352174	2.8149925435531444	-0.09191450120892901	0.09239014272771791	0.8338978902436233	-0.01027177191295298	
9.555973950275494	2.911339104304595	-0.10311696199362973	0.07124496504307204	0.8317483382585616	-0.007857378095107151	
9.5799684867345	2.9971063908077147	-0.10562000603194073	0.041158919160558624	0.8338742822441465	-0.0028745260498565395	
9.604773175209958	3.0698572093731302	-0.09970411598416837	0.002374434034070964	0.8399608579807879	0.004468988917109754	
9.631259157776771	3.1271677614834656	-0.08591118296436262	-0.04453029359388535	0.8497647827899526	0.013942508025040401	
9.660869276157747	3.1666295332092926	-0.06508878154720456	-0.0986346144434576	0.8631337831430438	0.025302315772714128	
9.6956227858706	3.185976483459057	-0.03841342492151033	-0.15868982066745438	0.8800195809270499	0.03830574990795934	
9.738079971942224	3.1833219480839756	-0.007400516631975326	-0.22316059095755073	0.9004826803607664	0.052731098088140006	
9.7912716586268	3.1574755888195862	0.02609048991478381	-0.29030280608721887	0.9246860308714702	0.06840418752254182	
9.858601164714106	3.108250496780715	0.05985335708433136	-0.35827424181628886	0.9528761479593313	0.08522689939513763	
9.94373908455994	3.036718410654941	0.09132688028771516	-0.4252585311650589	0.9853576469793786	0.10320384021503509	
10.050503812807948	2.945384953594635	0.11758824121265865	-0.48959608038880253	1.0224629192214145	0.12246399976459285	
10.182720812399939	2.838263869655264	0.13535261830579182	-0.5499156525867559	1.0645189226152214	0.14327476753451066	
10.344046332637813	2.7208139926328743	0.14098799554772662	-0.605259023356879	1.1118131080993825	0.16604431433099598	
10.537764388873708	2.5996943577907183	0.13055974387225106	-0.6551717040706874	1.1645647339671912	0.19130705192111574	
10.766570797259396	2.4824044681533692	0.09989976423847506	-0.6997598826917989	1.2229039147486187	0.21969796549428594	
11.03235598996736	2.3768305890980086	0.044708662530306906	-0.7397089207035099	1.2868589800786134	0.25191713250871384	
11.335998450384198	2.290726045608358	-0.03929874769631757	-0.7762584687466398	1.3563526767085685	0.2886856585644098	
11.677183162771954	2.231158872018509	-0.15618252423145576	-0.8111242424891406	1.4312078807283777	0.330693080253113	
12.054300498290097	2.2040430126189543	-0.30949924272961177	-0.8463564927964272	1.5111633460690737	0.3785415564329954	
12.46439795591887	2.2138105308900013	-0.5019629135331218	-0.8841656679180758	1.5958919981327155	0.432690699343718	
12.903171878478485	2.2632347187432384	-0.7350522304869246	-0.9267265958925645	1.6850183136119536	0.4934034721582425	
13.364984674053165	2.353408452745972	-1.0085767907028582	-0.9759740555677199	1.7781313242923442	0.560694089866236	
13.84288649236824	2.4838705251004005	-1.320215112717117	-1.033403639928259	1.874788655906378	0.6342781424208832	
14.328659906177013	2.6528633534225623	-1.6651594159569278	-1.099923357331238	1.974507691386238	0.7135384280688375	
14.812862394981755	2.8575898590541193	-2.0359018819066623	-1.1757672411215472	2.0767429709970107	0.7975046126819677	
15.284888795271723	3.0944232465565618	-2.4222015037552875	-1.2604685219113514	2.1808513721491645	0.8848483062007574	
15.733077013147032	3.3590444194048747	-2.8112757185101502	-1.3528917216393634	2.2860463597898772	0.9738961464659491	
16.144884559041582	3.6464884951773016	-3.1882722433234347	-1.4513209705759664	2.3913408981387643	1.0626633291510095	
16.507177378268345	3.951133840216718	-3.5370961772471077	-1.553606845388044	2.495490044931087	1.1489162032339502	
16.806590075620136	4.266674927374143	-3.8414586184936934	-1.6573329366683238	2.5969379326398223	1.2302500367889349	
17.02993824354207	4.586120260314846	-4.086082141828489	-1.7599898671872414	2.6937722485105846	1.3041771406645604	
17.164663172098834	4.9018411362645065	-4.257997169022538	-1.8591485200584033	2.7836912847958946	1.3682216717243465	
17.199294721234455	5.205686562740572	-4.347872375410297	-1.9526248513127376	2.8639879095678773	1.4200177041223383	
17.123855531269793	5.489167597196071	-4.351082211982847	-2.038607791917417	2.9315715238557045	1.457396608289142	
16.930194226366137	5.743656744033907	-4.268367687221882	-2.115731926107027	2.9830259795166176	1.478454661476288	
16.61229637048387	5.960578311304982	-4.106082930742328	-2.1830931274469525	3.0147027824854775	1.4816037517616842	
16.166611855355217	6.131582992004056	-3.8759816793828223	-2.240202014329333	3.0228518385047383	1.4656066236848047	
15.59247786615707	6.248714673212013	-3.59452037249799	-2.28687074328989	3.003793898311909	1.4296022634563617	
14.892600949765777	6.304585686989676	-3.2815707329242896	-2.3230338638366193	2.95412514150266	1.3731169216714578	
14.073557003818255	6.29259710261157	-2.9588206208482144	-2.3485497242942466	2.8709263474277704	1.296070510034761	
13.146239283435213	6.20722807865576	-2.648050854908456	-2.3630156678272307	2.751966980613311	1.1987835296149667	
12.126132309673316	6.0443888229911815	-2.369404325852713	-2.3656222434445047	2.595891777269219	1.081981678080118	
11.033302151721887	5.80183770118669	-2.1397597351940223	-2.3550714087877886	2.402383229934621	0.9467977894546138	
9.891824795773356	5.479564268450346	-1.9715030597842391	-2.3296007025147962	2.1722492242762295	0.794754988963603	
8.72870808180548	5.0800587375826165	-1.8718587914183167	-2.2871067417686075	1.9074198100717286	0.627730052279115	
7.572496424061092	4.6084569192653735	-1.842687300336307	-2.2253357569880547	1.610868421605248	0.4479021932101142	
6.451689090953241	4.072534925482241	-1.8807413341029182	-2.1421185934398292	1.2864577395199612	0.25768782981780247	
5.393128867534271	3.4825673050048973	-1.9783526949878867	-2.0356272509328623	0.938720723488501	0.05966560126516924	
4.420660864584765	2.8510398971502444	-2.124613000688428	-1.9046048096972945	0.5725849540138693	-0.14350496364976456	
3.554306496080537	2.192319734489423	-2.3067924908769464	-1.7485231339600966	0.19309715128720617	-0.34915916360091703	
2.8098529365037557	1.5223241973619943	-2.5117351007907747	-1.5676777133706423	-0.1948224269492514	-0.5546940843827564	
2.1987945743727026	0.8581406948010897	-2.727099826192899	-1.363224951275943	-0.5865873876797838	-0.7576265913093182	
1.7285337319608536	0.2175473459950102	-2.9423146826914617	-1.1371752981907735	-0.9781077497471695	-0.9556421564269284	
1.402832671940146	-0.381634986452123	-3.149068105539889	-0.8923380543167895	-1.365889537808696	-1.1466296473503532	
1.2223943117942755	-0.9223000720205006	-3.3413099890035896	-0.6322327157295631	-1.747067396700756	-1.3287005467728248	
1.1854319697662405	-1.388858870971866	-3.514941667918213	-0.36098749249049716	-2.1193949655885342	-1.5002007122783187	
1.2882189378335511	-1.7680401172560103	-3.6672893861163938	-0.08321796424866618	-2.481198304474981	-1.6597171526176069	
1.525579078294491	-2.0496552888533897	-3.7964518140527033	0.19611714107159997	-2.8313001451495063	-1.8060846704083242	
1.8913044465774305	-2.2272066888123936	-3.900611960534119	0.471895454156645	-3.1689120339405323	-1.9383927309541211	
2.3784629001096276	-2.298200680527737	-3.97745922064553	0.739033204086811	-3.493506564863477	-2.0559922246705447	
2.979588337915302	-2.2642332396681057	-4.0237629384593365	0.992695395873528	-3.8046852188678675	-2.158505894450279	
3.6867789062392355	-2.130837927106964	-4.035095142812366	1.2285071492642758	-4.102041043532734	-2.2458380736373593	
4.491706652373028	-1.907122140603297	-4.005701589940552	1.442759169938696	-4.385017590006665	-2.3181819475643466	
5.385543762754775	-1.6051710433455995	-3.928545534731534	1.632584099155073	-4.6527692314410665	-2.376015774199735	
6.358830308606905	-1.2392938449750228	-3.795529575412058	1.7960644140312505	-4.904043577571434	-2.42007924337549	
7.401300860871216	-0.8252657442297375	-3.59783920793805	1.932286067278691	-5.137086989089259	-2.451334714094621	
8.501693526478984	-0.3795756437248503	-3.326407508285084	2.041335095400371	-5.3495781853338	-2.4709104712989514	
9.64755526908757	0.08129276463936688	-2.972504111060668	2.1242407125318987	-5.5385939537061954	-2.4800252935327474	
10.825077389343397	0.5415214452445336	-2.528459878417558	2.182856072445822	-5.700622784397666	-2.4798922900599822	
12.019026630533784	0.9864814468415926	-1.9884419045074884	2.2196791217977503	-5.831644074521817	-2.4716136451188073	
13.21275934609461	1.4031291834398139	-1.3492425040152238	2.237652587453684	-5.927255386947398	-2.45607792976413	
14.388337758328685	1.7802945455510917	-0.611049593234909	2.2399461258529514	-5.982849607267341	-2.4338667323798946	
15.526763532346175	2.1088790386093086	0.2218244479852877	2.2297293173170547	-5.993841998099029	-2.405178030955451	
16.60837075701319	2.381971668445901	1.1403202072476422	2.209945757313087	-5.955950468011684	-2.3697803489530997	
17.613392914711103	2.5948597369749433	2.130322024821378	2.1831268065007903	-5.865493281854243	-2.327021569797741	
18.52267124013435	2.7450210603129506	3.172602170829728	2.151258617851257	-5.719684986471858	-2.275884067080403	
19.318476617392385	2.83209416063895	4.243053822982231	2.1157054881427007	-5.516913181476206	-2.2150829109961028	
19.98544918178031	2.8578352502803277	5.313261249380471	2.0771929606186217	-5.256993025229919	-2.1432094988045085	
20.511644148029497	2.8260513663728983	6.351510719237105	2.0358577025468305	-4.941390624072654	-2.0589263575689594	
20.88906685230746	2.742364523223039	7.324054379380007	1.991369589744016	-4.5732335322044335	-1.9611338423652147	
21.115097145666553	2.6141431183384083	8.197331445927938	1.9430848991170575	-4.157567430266683	-1.8492965038035742	
21.19097679152135	2.4498274880098414	8.938710108769511	1.8902186822393103	-3.7007285079021495	-1.7233478499512809	
