21.640729636670333	1.2217308670154328	11.264424241352884	1.829689765294184	-2.9680588406370907	-1.6097430120215728	
21.423785822685183	0.9341799828871542	11.626898113039363	1.7729649786624702	-2.464124731884968	-1.4495889255572039	
21.103606904591295	0.6802959779125157	11.774174329665602	1.7084985952118832	-1.9532494181852331	-1.2816121184560423	
20.69849427645155	0.46863387940330015	11.703675479800971	1.6348005228480955	-1.4443194722046515	-1.1091333876503935	
20.22695159916279	0.30568370274777046	11.419486215973956	1.550744226426787	-0.9459150018948566	-0.9356332084380334	
19.707307388502514	0.19453067459041606	10.936651306910484	1.455873472113903	-0.4659425065286887	-0.7647711306361198	
19.156381012247515	0.13558635656813536	10.27878470581429	1.3504516959764055	-0.0113191781693158	-0.6001192124233784	
18.588676243395142	0.12695181654261067	9.477040384930994	1.2355193617126135	0.41227067746251544	-0.4449992890784169	
18.015799391981933	0.1650880237509117	8.568021058460612	1.1128522880681613	0.8004896880736545	-0.30233540578454504	
17.44608198847713	0.2454961922130404	7.591478417562519	0.9848707055185211	1.1503802598861523	-0.17453169563876852	
16.884423897679266	0.36335141691142747	6.587888357886949	0.8545002015449474	1.4603196545340191	-0.06337374829017184	
16.33248693109257	0.5140305497446171	5.595858373864043	0.7249633722323605	1.7298636625038013	0.030040412849039237	
15.78939999813753	0.6933342002797804	4.650028866525623	0.5995366427076695	1.9594935586977726	0.10531024006619107	
15.252706868234398	0.8974473503480292	3.779492204575651	0.48131918445439953	2.1503822846225495	0.16272333394476865	
14.719506817756663	1.1227056847667172	3.006609303830397	0.37301022246088894	2.304180892974308	0.2032246653957087	
14.187746074870464	1.3651715700336957	2.346208964133145	0.27669507334950155	2.4228438360841333	0.22836059027777633	
13.657231221896293	1.620160375950741	1.805665687063167	0.19371019541488202	2.508510562073388	0.24016230350064485	
13.130108612512819	1.88189663855228	1.3854414593453157	0.12458739076972121	2.563444772046098	0.24100359253810555	
12.610929652502277	2.1433369405117673	1.0798747450173636	0.0690563382879095	2.590003134564185	0.23344030629049128	
12.10631874754362	2.3962079596948533	0.8781774736805186	0.026104498764123227	2.5906221095393653	0.22002567625045544	
11.624208694192843	2.631406807627484	0.765719816560203	-0.005875201822349435	2.5678123694134043	0.20311632821822115	
11.172940524459982	2.839672427266991	0.7253473050812157	-0.028885317313144965	2.524155380031381	0.1847224611336695	
10.760423423676803	3.012361923578775	0.7385839381023269	-0.04511882072653394	2.4623010409331596	0.16640297642227384	
10.393350045733499	3.142310976428217	0.7868196337475099	-0.05674405133472605	2.3849636639479055	0.14920176248949651	
10.076521180268433	3.2247214321247664	0.8525078837417234	-0.06568689890870368	2.2949120058242127	0.13363930525823242	
9.812488407214786	3.257740173034484	0.9201283528252929	-0.07346923708583743	2.1949465834774813	0.11978190211572076	
9.601419517759176	3.2427472666407726	0.9768674022527257	-0.08111018151921552	2.087866641577551	0.10733820576574664	
9.441138949251249	3.184386065317132	1.013076458583627	-0.08907883309864062	1.976426085911632	0.0957749044491828	
9.327339962366418	3.0903144335028268	1.0225227949498628	-0.09730034819308085	1.86327327030736	0.08444925407134515	
9.254055149814931	2.970527007245568	1.00224233774434	-0.10524602282784969	1.750883311389529	0.07274180613980287	
9.214212976099171	2.8365036768191954	0.9521665681917066	-0.11206488453567771	1.641497014595323	0.06015627412577982	
9.200210004366937	2.700305134241414	0.8746526202991182	-0.11673121561578502	1.537066858028864	0.046390516583520516	
9.204511340068708	2.5735997742167585	0.7739167043429405	-0.11820911361547629	1.4392091401051328	0.03138191380748027	
9.220237899490712	2.4666948932947372	0.6553580543958135	-0.11562341467076481	1.3491754958423965	0.015315010782033707	
9.241589113207404	2.3878275054674156	0.5249168735283352	-0.10839273835288274	1.2678566742381931	-0.0014103817736602475	
9.264113479649257	2.342686221005418	0.3885633431067803	-0.09632366098506777	1.1957982761692192	-0.018226228641248465	
9.284848238507426	2.3341321533283494	0.2518790174710003	-0.07967122277771713	1.133228530284578	-0.03445560678430801	
9.302307501579062	2.3621477716566686	0.1197379801755209	-0.0591595901976361	1.0800981307160162	-0.04938278058221051	
9.316250443283248	2.424166220695826	-0.0038421947787005296	-0.03593479445694689	1.0361370900699942	-0.06232071448247964	
9.327378670675133	2.5155480153248155	-0.11573965937245836	-0.011488164761678799	1.0009059588814513	-0.0726621825271622	
9.337003326943812	2.6301493408617884	-0.21370401081793852	0.012438704698203674	0.9738424489501626	-0.07991789898721476	
9.346696248278224	2.7609749375446273	-0.2962869681856659	0.03396668289226379	0.9543039346462893	-0.08374300903267841	
9.357981041895185	2.900859105929861	-0.3627188684894859	0.05120224455188837	0.9416055018522259	-0.0839436947108338	
9.372148236552924	3.0429827433370593	-0.412782485895078	0.06234156816793936	0.9350485188951396	-0.08046871659832515	
9.390170846096055	3.1812217875931914	-0.4467115517843073	0.06575720880703917	0.9339429181383868	-0.07339607721301025	
9.41270359807248	3.310349918278997	-0.46510917035443555	0.060075226333080226	0.9376269173257269	-0.06291605861461479	
9.440171403943879	3.4260586219892306	-0.4688891298627199	0.04424349910109604	0.9454864316168029	-0.0493110769461517	
9.472913291440802	3.524802593263071	-0.4592365439473595	0.017578080110199443	0.9569724010044635	-0.03293388253899686	
9.511326682538332	3.6036140005414548	-0.43759100468590534	-0.0201961549350327	0.9716177607052652	-0.01418879340988375	
9.556006200888953	3.6599219031359342	-0.40564121394433506	-0.06891067844657368	0.9890542823289681	0.006487146355329385	
9.60787230014315	3.691422044876879	-0.365330847608998	-0.12792275349408197	1.0090302746046445	0.028645682457392598	
9.668250324466946	3.6960606532814686	-0.318863612797751	-0.19612324124962427	1.031420399238806	0.05185327660317153	
9.7389028267418	3.6721459334047584	-0.2687156813446809	-0.2719727166583966	1.0562288468292886	0.07571864881887479	
9.822031134084794	3.6185508776668436	-0.2176559311619658	-0.35356137516635017	1.0835875432051898	0.09992202253774121	
9.920248556382946	3.5350103663488133	-0.16877557103874555	-0.43869894796255215	1.1137491468665501	0.12424778596668426	
10.036508950261146	3.422461017217406	-0.12551309473672548	-0.5250490824333859	1.1470699625541207	0.14861534355205308	
10.173999137188906	3.2833019612330965	-0.09165444829391604	-0.6102814314867203	1.1839854697033991	0.17309856986285088	
10.336011609722743	3.121577428312305	-0.07131092120436566	-0.692222187186367	1.2249842451560968	0.1979369142891419	
10.525786894076589	2.9430658410748314	-0.0688654607130645	-0.7690075645619114	1.2705786028663777	0.22353728810517484	
10.746307971841276	2.755219664753309	-0.08886655633393714	-0.8392387375025567	1.3212702951009592	0.2504625066738093	
11.000080728776865	2.5668548047595667	-0.13586340937447605	-0.9020894644168688	1.3775161328376164	0.27939928329936276	
11.288924498116163	2.3877249833404877	-0.214212753652245	-0.9573737570749312	1.4396970959918718	0.31111882233277505	
11.613774292325	2.227995322930418	-0.32785634608124614	-1.005577021356937	1.508089822792785	0.34643028533341896	
11.974486901306767	2.097591591234044	-0.4800485825133709	-1.0478478125511042	1.5828388685987842	0.3861243994623518	
12.369723430910074	2.0055024996728106	-0.6730747129275082	-1.085907303329341	1.6639385782349163	0.43091113628952965	
12.796900188343953	1.9592047732490154	-0.9079931464561894	-1.1219068202268487	1.7512246403435419	0.4813621826048772	
13.252164699975463	1.964214682448084	-1.18438246941384	-1.158257344470381	1.8443703007140178	0.5378564420631615	
13.730384784759288	2.0237621827476193	-1.500076600346427	-1.1974244015967186	1.9428859475025386	0.6005251071909851	
14.225160589374646	2.138693578877193	-1.8509229039672233	-1.2416898221333559	2.046123687979912	0.6692015709587164	
14.728871520306535	2.3076619062178025	-2.230662271426884	-1.2929402026981482	2.1532856270696956	0.7433918798371943	
15.232708621267268	2.52740424576572	-2.630873464790817	-1.3524977308965522	2.2634258011449346	0.8222545715220593	
15.726715707237283	2.7930810358307134	-3.0410106846930294	-1.420989596487755	2.3754460110014772	0.9045911780466797	
16.19985630369226	3.0986410914757014	-3.4485848334541993	-1.4982641351736645	2.488081143267248	0.9888494706863804	
16.64018406055421	3.437163634040666	-3.839632899855898	-1.58341122696889	2.5998805302147296	1.0731598056707905	
17.035066567345613	3.8010750411395438	-4.199345641396073	-1.6748394760783942	2.709183427916367	1.1553848846014416	
17.371462671219028	4.1822826772036175	-4.5128389058020675	-1.7703922561530008	2.8140910848511442	1.2331811035727676	
17.636276931669297	4.572242728381538	-4.766127320194768	-1.8675029051176302	2.9124342517266157	1.3040750643006997	
17.816792875060575	4.962007084920643	-4.9472388476742015	-1.9633933085077298	3.0017519225342477	1.3655589627336986	
17.90109789711687	5.342288825501769	-5.047205473620009	-2.055263786612921	3.079290904817694	1.4151843908609336	
17.878494960146934	5.7035542471735345	-5.06091138197105	-2.1404563875023546	3.1420215838574803	1.450649383213513	
17.739925366446933	6.036154348118503	-4.987797578266841	-2.2165961328325023	3.186676050647063	1.4698827921752415	
17.478408610887847	6.330510305594197	-4.83228267914257	-2.2816938363583925	3.209825018029078	1.471123213034884	
17.089399332142765	6.577314031777228	-4.603582201821119	-2.3341698753869253	3.207997297208603	1.4529709598396572	
16.57116135686611	6.767725612231696	-4.315219709574487	-2.3728253243969983	3.1778192903210805	1.414429210114691	
15.925168220148349	6.893586886163705	-3.984240933458648	-2.3967712557897087	3.1161753594751023	1.3549386586392056	
15.156583841460495	6.947691917905996	-3.630081791657579	-2.405316820108949	3.0204003728899704	1.2744130014346238	
14.274578200120974	6.924093161627735	-3.2730853698497717	-2.3978338537280757	2.8884636843079865	1.1732524565237197	
13.292453114734341	6.818428678109739	-2.933078865756116	-2.3736538221898438	2.7191203235285166	1.0523459325009958	
12.227580481029733	6.628259819715306	-2.628067495117063	-2.332006474377018	2.512034431440913	0.9130647383118631	
11.101099468710865	6.353423934716646	-2.373014876810659	-2.272007992187326	2.2678764884203413	0.7572448049499977	
9.937156071201553	5.996287840355333	-2.178915413426042	-2.192723019229842	1.988344116875077	0.5871359168388198	
8.761812301550291	5.561788349046846	-2.052391582043522	-2.093281313558038	1.6760830434007639	0.40531936687138065	
7.601918456997645	5.057374557047574	-1.9956002601549943	-1.9730110728826036	1.3345664786228553	0.21461886673092095	
6.4839442805693475	4.492860168402513	-2.0064310577271325	-1.8315780612174324	0.9679306710013208	0.018000749758765807	
5.432811104099213	3.880199369409013	-2.0790621539244034	-1.6691142380342585	0.5807619159669762	-0.18153879239191026	
4.4710234264777515	3.233178322223901	-2.2049472220813384	-1.4862774786018211	0.1778581212861186	-0.38108334508107744	
3.6180903317980206	2.5671470188543424	-2.373811360621702	-1.2842640778052024	-0.23597291960309727	-0.5778882134514953	
2.8901414581976095	1.8987289248723727	-2.5746036428690426	-1.064790267879161	-0.6560866340673556	-0.7694599023654244	
2.2996819191648488	1.2454473610456605	-2.7963611480091735	-0.8300516051885104	-1.0781496798621146	-0.9536273132635278	
1.8556310605967912	0.625159125123056	-3.0288012174408534	-0.5826542479404279	-1.4982350285174841	-1.1285841144114839	
1.5635229451425685	0.05539116747219261	-3.2625553595047294	-0.3255474750755393	-1.912864456885275	-1.292903934446185	
1.425745557494266	-0.44736508697690947	-3.489183854221506	-0.061965449521192546	-2.319023924977999	-1.4455431092834445	
1.4418212864596118	-0.8684226635089001	-3.7010237410413875	0.20462786793836119	-2.714157682099185	-1.585833077997272	
1.6087659949198816	-1.1956745372816133	-3.8908960989959853	0.470599378498276	-3.0961336247399207	-1.7134565569855393	
1.921511607579443	-1.4201469108311655	-4.051783489155792	0.7322168235814507	-3.4631772477069283	-1.8284049390549422	
2.373250947451203	-1.536414489060556	-4.176565478675523	0.9857227817400831	-3.81380035681406	-1.9309371096757266	
2.9557430425887317	-1.5428928831178392	-4.257808248541943	1.2274200561002981	-4.146719196680056	-2.0215353402758773	
3.6595687876306338	-1.442017144506069	-4.287626546805776	1.4537789051722514	-4.460756904038917	-2.1008566202305707	
4.474345636115439	-1.2400843317003194	-4.257681233221429	1.6615509199410272	-4.754734637813862	-2.1696747078135936	
5.388836559837118	-0.946963888092018	-4.159290769367098	1.8478764071471758	-5.027373443054364	-2.228825597759781	
6.390981758276029	-0.5757184303106225	-3.983639144409414	2.010386463464597	-5.27720558088797	-2.279153548895794	
7.46785366970644	-0.14212774739496092	-3.722107297937082	2.147305767298784	-5.502492509341076	-2.3214530953611896	
8.605573464379964	0.335977327326357	-3.366748272484195	2.257527292897255	-5.7011695825310404	-2.356408474029427	
9.789241057310877	0.8394501686687437	-2.9108226846010794	2.340643450493639	-5.870832389765431	-2.3845404508695593	
11.00288445329193	1.3485509276874939	-2.349378763555455	2.3969561674723554	-6.008752085286223	-2.4061582356109796	
12.229450392615878	1.8437093070160768	-1.6798970048502462	2.427462471530113	-6.111922983576127	-2.4213150360570843	
13.450885689909137	2.306354048797887	-0.903003199018717	2.4338007001368505	-6.177158035281421	-2.429771266281002	
14.648377142487666	2.7196474051577537	-0.0230120935424277	2.4181356631031847	-6.201232573566914	-2.4309866349157288	
15.802686273531922	3.069103895873153	0.9516296369806252	2.383030072120632	-6.181048297196738	-2.424130178357974	
16.894590013402727	3.3431266450154764	2.0080119779170746	2.331300708659058	-6.113818787012133	-2.4081099156654524	
17.90548214926484	3.533500321704014	3.1285385272785295	2.265856844745726	-5.9972909381986055	-2.3816284112689	
18.818100317748282	3.6356442081190137	4.291121237923412	2.189538753673242	-5.829961843243373	-2.3432786681496833	
19.617235154761506	3.6486896452474684	5.469637860253439	2.104994624767862	-5.611257995108055	-2.2916545008708784	
20.290468661324976	3.575479467994292	6.634611099881857	2.014586032954032	-5.34170311597011	-2.2254788002701074	
20.828902577223435	3.4224652837700202	7.75412432462966	1.9203212225029926	-5.023064949064124	-2.1437463441637505	
21.22751660653629	3.1992956492804363	8.794961896747798	1.8238451464160592	-4.658378668960522	-2.045838320800866	
21.48623965216968	2.9185619898086896	9.724761329946942	1.7264022194383186	-4.252162148517102	-1.9317800449309308	
21.608010700539136	2.594448437506724	10.512125538814717	1.6290047402137042	-3.809812032642159	-1.8020153130905017	
