21.67466063294234	1.970789395506289	12.312229105855446	1.3730900750441049	-3.0868908522294705	-1.8418741683555049	
21.484345377344976	1.3717682390543484	12.601767495037357	1.3228558364124148	-2.585512880227674	-1.6865090642649263	
21.167856936301806	0.8023159493502822	12.632104742483602	1.2803083601422613	-2.0720236769531644	-1.520366084306838	
20.741581391338407	0.2838276891047076	12.39883130816647	1.2435245961798393	-1.5556570227452498	-1.3466108873604503	
20.222995657241004	-0.1646642487320151	11.906153775088075	1.2102566681897273	-1.0455324827325558	-1.1685936204253342	
19.6309969671089	-0.5284528818599674	11.172778408842856	1.1778135618643355	-0.5503921539558456	-0.9898962673978613	
18.98458740976995	-0.7974036725979102	10.229640340648128	1.143410184175088	-0.07816513409756334	-0.8140863012487575	
18.30216967870436	-0.9663070143198192	9.119155432842437	1.104395440220257	0.3643417903291364	-0.6445647412302145	
17.600843294368506	-1.0346592983564764	7.892766791814265	1.0584920326930756	0.7716431327603465	-0.4844188150324939	
16.895784295838396	-1.00621113218151	6.607801407992381	1.004008166093097	1.139689899427298	-0.33629630655387505	
16.19971128505982	-0.8883218769498901	5.323642041894101	0.9400154891618036	1.4659027469099346	-0.20230163972798643	
15.522482321772173	-0.6910517740746858	4.096944241524105	0.8664693856896735	1.7490872927720975	-0.08392148185911595	
14.871067705791658	-0.4261989339810339	2.977212188613456	0.7842060263580236	1.9892198984543408	0.017989802687740895	
14.249777893244861	-0.10658091698154902	2.0034059685070846	0.6948673294895092	2.1872275935964214	0.10320367741712733	
13.660729959433668	0.2544800488702369	1.2015919002381845	0.6007573594468104	2.3447668788153537	0.1720912676438227	
13.104568605717592	0.6434309715167866	0.583902874812782	0.5046190704078719	2.4640197191268207	0.22557775023722576	
12.58132557764571	1.0465747920865989	0.14971105935769902	0.40934188722162856	2.5475217107396375	0.265048577133136	
12.091084172007829	1.4501586150930947	-0.11231298317393675	0.31769057507784504	2.598047472928177	0.2922359766926166	
11.634432286467455	1.8405603835064248	-0.2218289323557399	0.23206753590470336	2.618527674399957	0.3090896809325715	
11.212687669579845	2.204648064382691	-0.20426424361435075	0.1543100949703959	2.6119851344167846	0.3176260100669334	
10.82781089112152	2.530341674450395	-0.08816238883753283	0.08557751254780234	2.581482873694185	0.3197640156330003	
10.48209769604471	2.807222675287943	0.09705127770071044	0.026355757466511132	2.5300880952432316	0.3171950563258436	
10.17779725491826	3.0271368342481537	0.32285851155097856	-0.023471599755897354	2.4608477604610055	0.31129059694039646	
9.916682912367605	3.1847784377819712	0.5631747792641724	-0.06449560546365465	2.3767702767675503	0.3030450844510021	
9.69961017268011	3.278195830053147	0.7956213334630732	-0.09759883341992052	2.2808092901241115	0.29306622386941306	
9.52621253155593	3.30893599467462	1.0022269617356754	-0.12375938642045838	2.175846394437704	0.2816296761266083	
9.394739688321739	3.2819672134069737	1.1697609181797368	-0.14389787948792845	2.0646672981224046	0.26875755041078797	
9.302024837549434	3.205396994902995	1.289788997314623	-0.15876325302035502	1.9499305227904506	0.2543123768684591	
9.24359782583968	3.0899652566793345	1.3584878174705417	-0.16886382627924995	1.834123827294239	0.23810362416100928	
9.214017136411067	2.94821409027087	1.3760398291597653	-0.1744716902914412	1.7195187583170248	0.21998945798125608	
9.207290488382105	2.793584230829634	1.3458916371769882	-0.1756803126409888	1.6081309690593453	0.19994790176379054	
9.217315378397787	2.6395144801482697	1.2739920274552774	-0.17248926699737435	1.5016856414765478	0.17812205441063964	
9.23833811007433	2.498515137596211	1.1679860511820481	-0.1649119624348795	1.4015879958625606	0.1548416763954421	
9.265374372394826	2.381288783147242	1.0363596275092866	-0.15309429666235375	1.3089110333989948	0.13061215363735657	
9.294462669100463	2.2961269819961116	0.8876984537446732	-0.1374045387616619	1.2244104079757308	0.10607409667398657	
9.322781489958421	2.248521573450961	0.7301251218545225	-0.11848934185244654	1.1485480063694222	0.08195342936864425	
9.348648371703916	2.2409647697314954	0.5708640568990404	-0.09729739396610362	1.0815249279027916	0.05900385191068707	
9.371387410597725	2.2729648105293387	0.41594057636814313	-0.07506164651612564	1.0233236387551279	0.03794317654679082	
9.391053466023697	2.341422951636451	0.27009850804429236	-0.05322582210286105	0.9737606275760097	0.019398897344747857	
9.408149795135778	2.441132157001903	0.13683442468772516	-0.03335052676854786	0.9325306103303079	0.0038708507021682267	
9.423366060904712	2.565349972364605	0.018498377629982982	-0.017008886930738442	0.8992441852817982	-0.008292578378682698	
9.437353553142813	2.7064398765237137	-0.0835574135493928	-0.005672372996296502	0.8734594714667241	-0.016905579521411064	
9.450595094797707	2.8565308129362026	-0.1687713101429101	-0.0006071305219976827	0.8547074426260547	-0.02193518037494707	
9.463397876594428	3.008016314122719	-0.23717444425685974	-0.0028054675199584308	0.8425090832929732	-0.02347844670906316	
9.475966847044024	3.1538939205453165	-0.2892300849762506	-0.012942534441881554	0.8363879522152424	-0.02173663235834151	
9.488544408152082	3.287971960927966	-0.32570065140281523	-0.031353346795866335	0.8358811580176506	-0.016986685747310094	
9.501604244643339	3.404918523382047	-0.3475478132525778	-0.05803370184521827	0.840551136329832	-0.00955112507856116	
9.516024024978647	3.5001662592656477	-0.35587490440767816	-0.0926670537062972	0.849997933507229	0.00022899860711906407	
9.533210225503353	3.56980658871071	-0.3519104881740065	-0.1346508896047212	0.8638722716570834	0.012015417829180086	
9.555176103821136	3.6105090003813296	-0.3370206524342905	-0.18312381959905674	0.8818891063883563	0.025491393939851375	
9.584564636088672	3.6195187561479254	-0.31275325420114775	-0.23699221380010924	0.9038420008022562	0.040380090877495375	
9.624574519719495	3.5947657397482216	-0.28090065041957374	-0.29496851750399616	0.9296113591232715	0.05646119337913343	
9.678835939141864	3.5350765016735575	-0.2435680151212109	-0.35561501702943454	0.9591666499183112	0.07358612572692427	
9.751257959616513	3.440452384962755	-0.20324376700907368	-0.4173960475628644	0.992563934422908	0.09169283420427646	
9.845844846160613	3.3124142309074194	-0.16287481432720693	-0.4787457877161995	1.029938364157311	0.11082108013606418	
9.966487722350179	3.1543220820493114	-0.12592720455811957	-0.5381587458278781	1.0714883345477408	0.13112355919172905	
10.116776567204292	2.9715394465936424	-0.09641171793453437	-0.5942872659626417	1.1174545560251903	0.15286804884195893	
10.299831175305238	2.7714774731680007	-0.0788877702870733	-0.646040117809482	1.1680986943326919	0.17643403157800377	
10.518137790712627	2.5634952659689083	-0.07843725178450092	-0.6926837147913165	1.2236808216870696	0.20230252732001006	
10.773381938054756	2.3585810903208166	-0.1005860182185093	-0.7339433717076799	1.2844356344669183	0.23103580348015673	
11.066325100019105	2.1687512850140496	-0.15114044578444588	-0.7700618052261593	1.3505526089603548	0.2632448100083791	
11.396701196027228	2.0063545728255856	-0.23597075720388633	-0.8018238250351463	1.4221607706804733	0.2995530810569236	
11.763134370420666	1.8833023342274653	-0.3607350837729008	-0.8305468713692647	1.4993164685430056	0.34055671122445286	
12.163073892775493	1.8102050622489816	-0.5305102321238132	-0.8580305496076115	1.581992596213951	0.3867775483690863	
12.59281494608151	1.7955912964168619	-0.7493556984951422	-0.8864335079656404	1.670072127654526	0.438614961879157	
13.04757041365634	1.8453743288515299	-1.0198764423139022	-0.9181123667079812	1.7633426636314067	0.496302284558614	
13.521551032391741	1.9625119408717016	-1.3427805777575919	-0.9554437036688574	1.8614885098821934	0.5598651058251558	
14.008047006424723	2.146843934516885	-1.7164145753732654	-1.000624500917895	1.964078295096611	0.6290788227527888	
14.499509890711696	2.3952046311152992	-2.136345035659507	-1.0554639309639964	2.070547021257003	0.7034311871154877	
14.987633169839949	2.701808718337832	-2.5951617013072332	-1.1212262906083614	2.180176435211921	0.7821046117474072	
15.463412389365903	3.0586695380319666	-3.082416018026431	-1.1985210421460168	2.2920704240092538	0.8639678915971193	
15.917212821441844	3.4560504905375034	-3.5847243760735297	-1.2872353113422108	2.4051264185873915	0.9475794681874818	
16.338871077144912	3.882930194233535	-4.08610397104904	-1.3865145376997792	2.5180003980242396	1.031205608416225	
16.717881315670407	4.327463997690385	-4.568707045040527	-1.494832770151437	2.6290814862051715	1.1128693068889548	
17.043628921312543	4.777351994382918	-5.013745249129425	-1.6100995816901762	2.7364717554879365	1.1904102419420843	
17.305664703275053	5.220163036076796	-5.402580929090606	-1.7297909773763196	2.8379712619776996	1.2615538755882112	
17.494034550057677	5.643652602997302	-5.718058317802429	-1.8511054387241863	2.931068176469259	1.3239931169748256	
17.599620311572547	6.036085433547301	-5.945962312070507	-1.971142197601432	3.012951929176707	1.375480013164413	
17.614404873918588	6.38652312505689	-6.076249314591371	-2.087055169769283	3.080551347145606	1.4139070051783529	
17.53168092157207	6.685083533939575	-6.1040380493047	-2.1961721661158147	3.1305897039866926	1.4373769928283435	
17.3462209426632	6.923177835059766	-6.030346583252752	-2.2960824964413864	3.159663558819999	1.4442657626852318	
17.054414039661765	7.093696228064093	-5.862363212669633	-2.3846760086763132	3.164358944229029	1.4332733829283806	
16.654358300368873	7.191056553254052	-5.612894120476399	-2.4601115433788627	3.1413931045413728	1.4034486245004356	
16.146025376165795	7.211218651107964	-5.2994357773751775	-2.5207495757541842	3.0877632365015906	1.3542066494141607	
15.531498209090007	7.1516907519888235	-4.9429140515595025	-2.5650619962850616	3.0009038688899548	1.2853429031454349	
14.815331107332218	7.011575473950801	-4.566061917156521	-2.591526984138676	2.8788628609467994	1.1970494463984358	
14.004868943330443	6.791624976219467	-4.191571857380428	-2.598545839138463	2.7204480082624367	1.089916038569948	
13.110469399085169	6.494332174986543	-3.840488466268031	-2.584418711091013	2.525333476320026	0.9649252453857213	
12.14561039136109	6.124034155657802	-3.530843151369155	-2.5473765816481433	2.294134155050558	0.8234423239802037	
11.126845252515851	5.687008793928014	-3.27648627518898	-2.4856782317323685	2.02844680197549	0.6671965621012886	
10.073422685815764	5.191451446054563	-3.0863533413721895	-2.397783290693985	1.7308092062577711	0.498236772944208	
9.00660226598824	4.647275217546553	-2.9643519685909974	-2.2825487359723824	1.404568628541538	0.31886331372831916	
7.948880438408163	4.065846746549634	-2.909587337101107	-2.139415369494383	1.053718438827252	0.13155625460020343	
6.923120120412974	3.4596641351262276	-2.9169211945987086	-1.9685748378974712	0.6826999752238886	-0.061103588018567405	
5.951592061180098	2.841999852710414	-2.977935869288966	-1.7710941640216995	0.296168306049591	-0.25652238243469605	
5.055146197145098	2.226570967156795	-3.0822526310821003	-1.548920891164472	-0.10123866926570183	-0.45217688800921696	
4.252589062535728	1.6272777407086296	-3.2187180524978367	-1.3048238419528457	-0.505080578604901	-0.6456833341851772	
3.560205946714951	1.0579449914751553	-3.3764239490301575	-1.0422887242056273	-0.9112558591463826	-0.8348557992439037	
2.9913873372257935	0.532003946327125	-3.5455110916275454	-0.7653747397884678	-1.316107895966475	-1.0177572678954245	
2.556499958946053	0.062081651517077216	-3.717547096363234	-0.4785292734733663	-1.7164668695001317	-1.1927283590690392	
2.2629337858031042	-0.3404415622070134	-3.8854992175363403	-0.18641477317572952	-2.1096411133840482	-1.3583966721999	
2.115209323532731	-0.66588780354214	-4.043486906250822	0.10624406010067067	-2.4933852575659112	-1.5136784292009242	
2.1151345964755834	-0.9067577460866698	-4.186358384350784	0.3948039196815885	-2.8658480065720755	-1.65777445782896	
2.2620391836606517	-1.0581603009612546	-4.309121920867671	0.6748378756683759	-3.2254936829018868	-1.7901573420482977	
2.5530782066829842	-1.1180266221489035	-4.406403101214047	0.9422419689912459	-3.571005881682014	-1.9105471624166446	
2.9834668923145045	-1.0872167749222341	-4.472018241062466	1.193325626297844	-3.901196152106814	-2.01888959565021	
3.5466769875115163	-0.9695191272058582	-4.498654453966531	1.4248931732604921	-4.214911461520948	-2.115332438576263	
4.234579288614034	-0.7715403700834315	-4.477685282988589	1.6343237082525695	-4.510936479752508	-2.2001988910052	
5.037579733801316	-0.5023664509093827	-4.399248858988801	1.8196137644286237	-4.787904336701552	-2.273948923851743	
5.944685892386711	-0.17318297668166005	-4.2525094450986165	1.9793997843383642	-5.044225655638724	-2.3371382249830224	
6.943528156061161	0.20312249530663476	-4.02606235314249	2.1129667951455424	-5.278031438964456	-2.390373303750057	
8.020339353733602	0.6123847689153762	-3.70851440222528	2.2202465873994184	-5.487127383711131	-2.4342587502330257	
9.159960421565527	1.0396427376229553	-3.2892528189483583	2.301781646642583	-5.668979136275982	-2.469335999756007	
10.345902338799588	1.4696072364338288	-2.7592505214342986	2.3586641283595853	-5.820734714524522	-2.4960252046371325	
11.56043808433128	1.8871062832202674	-2.1118839517583328	2.3924720878988	-5.939270856049485	-2.5145713695191754	
12.784748758397122	2.277553164920077	-1.343794315863016	2.4051954640476185	-6.021268921795587	-2.524993765276633	
13.999168431453638	2.6274709600028316	-0.45578584961541235	2.399141786402669	-6.063336006776655	-2.527043728454894	
15.183552414318672	2.924972903687198	0.5465432667022685	2.376817233430686	-6.062164914511201	-2.5201940213197687	
16.317697685148254	3.1601994427642404	1.652316250753831	2.3408079659555674	-6.014710023360706	-2.503650887387527	
17.381834197561133	3.3257176162979163	2.8450431180805147	2.2936570249614054	-5.918381073215589	-2.4763899686216835	
18.357240870635785	3.416904315576366	4.102427646971074	2.237732192941637	-5.771270088367729	-2.4372238079847097	
19.22692379611217	3.4321272216913283	5.396683156649812	2.1751126052795753	-5.5723617817287705	-2.3849123051496757	
19.97624139150525	3.3727612755587244	6.695150807306372	2.1075179166340527	-5.321698374149923	-2.3182859378104967	
20.593530705330124	3.243118970498272	7.961189182642048	2.0362715740024564	-5.020525613382602	-2.2363830910112394	
21.070696779863898	3.0502786178083356	9.155356292724358	1.962299440322307	-4.671409423987682	-2.138596413758011	
21.40342611224461	2.8036756893067323	10.236852259231735	1.8861857703112623	-4.278221039963326	-2.0247783547368963	
21.59201381561382	2.5147999738625537	11.166368369078668	1.8082409913719841	-3.8462842033216207	-1.8954726240320499	
21.63952030939261	2.1962265899741302	11.906078063971345	1.7286375546652737	-3.381769193785618	-1.7516615267088416	
