21.50437692733172	1.7616367504157555	12.531792881036516	1.623114529023481	-2.743667831364646	-1.5468258790369014	
21.264883231576572	1.4301194807472395	12.728101307857006	1.540837559098808	-2.238912138188654	-1.3794089736033346	
20.92135688870433	1.1132829588937074	12.66524635877089	1.4572611682188312	-1.7282939760801985	-1.2057201074255255	
20.488265248146877	0.8225848343999749	12.345189982211286	1.3726519939875501	-1.2201483037973773	-1.0291827471679185	
19.980287163051962	0.5683862374764486	11.778135223472736	1.2873303254467623	-0.7225445331067643	-0.8533164742474609	
19.412191977896132	0.3590213225808799	10.988496318316288	1.201697899955372	-0.24297329778435764	-0.6817293507025661	
18.798017323895767	0.20079411771082928	10.012017536034167	1.1161883162114774	0.21190047243415908	-0.5178678771751939	
18.150695182383878	0.09788050086008863	8.8943432422628	1.031239683992458	0.636418714020974	-0.36486133096201684	
17.48181282323412	0.05241583126063956	7.688145484977383	0.947276396838165	1.0260173618938548	-0.22538980750024673	
16.801472835261716	0.0646349502604565	6.449615221713536	0.8647028918532154	1.3772600395978258	-0.10157390050030761	
16.118260155120733	0.13302002170186006	5.234310643722361	0.7839120355485899	1.6878269678622002	0.005117733975501284	
15.43940098645688	0.25449474218499646	4.092542335744988	0.7053058187014057	1.9564110188842367	0.09391311274708279	
14.771085426337795	0.4245552274317295	3.06589726033126	0.6293113839319545	2.1825764686316886	0.16472974224604972	
14.118830429247552	0.6372949743628079	2.1849027355116557	0.5563828685394215	2.36664245252992	0.2181492376464077	
13.487873647618299	0.8853509421596824	1.4676817086211609	0.48698459158812646	2.509586505832468	0.25536996429153275	
12.883520218239369	1.159843304958533	0.9201771377260984	0.4215445077570208	2.6129659048789757	0.27811232067100905	
12.311273655072625	1.450489292900539	0.5378369838067516	0.36039425454780966	2.678843579824999	0.28847329123564974	
11.77677001158873	1.745862765995932	0.3074514678146154	0.3037165727468235	2.709730263402145	0.28877339972779636	
11.285549948907246	2.0338289991760043	0.2091529736421543	0.25150597635279576	2.708526982980092	0.28138808969801865	
10.842644349365822	2.302244921044768	0.2185830487937648	0.2035605367565672	2.6784581195060713	0.26856040570966155	
10.452123947624308	2.5398147593313047	0.3090727001177763	0.15953177422380022	2.62298990900047	0.2522470056378837	
10.116721565753961	2.736911281736654	0.4534241117409658	0.11900508470890012	2.5457616883861864	0.23401655640223926	
9.837523944410332	2.8863592204155015	0.6255016141365495	0.08160021895287256	2.4505220419621834	0.21498892405729195	
9.613741499065293	2.984183712788315	0.8017373663467475	0.04709198726372404	2.3410645360570745	0.1958201067281697	
9.44271376228019	3.0299584956276084	0.9622245276521136	0.015509027621287322	2.221161324273079	0.1767663116948855	
9.320055347597053	3.026802210358338	1.09136150563033	-0.012816226393949403	2.094499645133558	0.15778059027171273	
9.239890159338763	2.981139729556917	1.1782196708011183	-0.03723845721299755	1.9646155729946047	0.13862226756352966	
9.195193953149328	2.902205694991719	1.2166802391789653	-0.05683787751686874	1.8348155679730707	0.11898037292250738	
9.178297182048606	2.8011597873542846	1.2050868577944656	-0.07053059033231748	1.7080973069456267	0.09859441805544157	
9.181410087460268	2.6900950984265193	1.1456064212981274	-0.0772127677881404	1.5870857898340833	0.07733714266077756	
9.197119303656143	2.5810761175832484	1.0435217120107916	-0.07591125158255865	1.4739785976753568	0.05526556066820108	
9.218886722463715	2.4851483877317655	0.9064139250338241	-0.0659450829303747	1.3704980624307659	0.03264526354145899	
9.241487059321983	2.411413653451826	0.7431942109645598	-0.04707367105933774	1.277871725895979	0.009935674981921	
9.261239941817772	2.3664454644390047	0.563206773897286	-0.01957984276865767	1.1968563590203094	-0.012257511195519087	
9.276103618425841	2.3539565373521523	0.3755203868804368	0.015690783826607897	1.1277738811677378	-0.03323774506054329	
9.285643748906454	2.374682047293797	0.18833732854490826	0.05732885644354374	1.070560547829688	-0.052280385044915834	
9.290823862435698	2.426575072438823	0.008553716654781085	0.10341457540295593	1.0248339346009738	-0.06870053275744274	
9.293598679527852	2.505404010478102	-0.15839601663000388	0.15163575978161198	0.9899746396123837	-0.08190595860498116	
9.29649118659046	2.6054283797662694	-0.30853909683079644	0.1994133936339148	0.9651932987291997	-0.09143136597246065	
9.302160011769033	2.720130221884781	-0.439261936518917	0.24403534843586622	0.9495894462733503	-0.0969594176717282	
9.312967318614422	2.8429876212559035	-0.5491146933428434	0.282801303513181	0.9422029143247119	-0.09832827196804798	
9.330677499051628	2.9680867708284553	-0.6375252206474252	0.3131543755926109	0.9420546331016489	-0.09551797137046344	
9.356325044620558	3.0904484325413257	-0.7045612956816508	0.3327837054030295	0.9481744601759636	-0.08863163775585134	
9.390198672656693	3.2061513241572173	-0.7507403700771108	0.3397132889377373	0.9596233808198223	-0.07787576453314793	
9.431941816770623	3.3122547024504754	-0.7768881464559125	0.3323901869871292	0.9755146276417127	-0.06354068790525613	
9.480789928160732	3.406489389853743	-0.7840551129407181	0.30975312820730966	0.9950336460087361	-0.04598087806996546	
9.535838512764524	3.4869043856390833	-0.7734952911741292	0.27128332482055745	1.0174566674959538	-0.02559953802588364	
9.596300934524614	3.5515604439725865	-0.7466839904773446	0.21705043377989672	1.0421698487630386	-0.0028357820806478307	
9.661765908870539	3.5982863633590525	-0.7053689351801968	0.14775625934171413	1.0686908220398403	0.021848565577997858	
9.732415473164574	3.6245942597668495	-0.6516416377406417	0.06474460880285528	1.0966872910456322	0.04798659489391114	
9.809145549082416	3.6277996623649673	-0.5880028161868591	-0.0300420647995722	1.1259859445164382	0.0751279083962968	
9.89362617286945	3.605267880229347	-0.5174277100943001	-0.1341294636782412	1.1565775812637251	0.10286279092318143	
9.988309488619297	3.554779345137534	-0.44343179946834665	-0.24461014259038788	1.1886180995672555	0.13085046650806137	
10.096357833592341	3.475019183531411	-0.3701238004364027	-0.35829438674292835	1.22242113979952	0.15885119163329553	
10.221472599682862	3.366030114963251	-0.3021986981092419	-0.4718969995885248	1.2584371041750342	0.18675025528357786	
10.367691251073742	3.2295918831565635	-0.24489444366203036	-0.5822180788013627	1.297229630153864	0.21457509323510193	
10.539143981711913	3.0695320581220464	-0.20390594364994094	-0.6863276908948465	1.3394473286397417	0.24250583715188842	
10.739746736967453	2.891935946839004	-0.18523193521593395	-0.7817629143839965	1.3857872011398094	0.2708766712362758	
10.972882096810867	2.705041613077276	-0.19494535321023918	-0.8666816728785024	1.4369500415039445	0.3001566988487501	
11.241115893355468	2.518946314187395	-0.2389454231730147	-0.9399742076062333	1.4935969726115135	0.330922325687686	
11.545938881274477	2.3451547963520305	-0.322689446554573	-1.0013440391550952	1.5563056559799355	0.3638227185355369	
11.887518891058834	2.195912297235284	-0.45087766682394387	-1.0513610490381367	1.625522534798912	0.39953513701776666	
12.264572968034008	2.0833209530141157	-0.6271523151897279	-1.0914216155281848	1.7015231420569512	0.43871138464106585	
12.674340002692938	2.0184916400221273	-0.8538407436651727	-1.123647478664574	1.7843845589925058	0.4819268780571301	
13.112598836419107	2.0107660948278907	-1.13170808095826	-1.1507503205870262	1.8739642828051046	0.5296311360188323	
13.57372250960949	2.0669731032850804	-1.4596851688827668	-1.1758500037313782	1.969882795498453	0.5820946073914496	
14.050811391638806	2.1909218678211912	-1.8346375075829797	-1.2022300020883434	2.0715195013321037	0.63936000661027	
14.535856924360708	2.383257342523072	-2.251225113068273	-1.233092927795815	2.1780199350166605	0.7012086183295444	
15.019879471111292	2.6414840052258004	-2.7017927877164203	-1.2713401096221841	2.2883017414563405	0.7671333062430367	
15.493059142100186	2.9601340802810068	-3.176305249982799	-1.319360914038505	2.4010592528561427	0.8363170770895676	
15.944884841132488	3.331135446935875	-3.662431409160589	-1.3788540811627514	2.5147685051351734	0.9076269678502712	
16.364337997502087	3.7443294526384254	-4.1458972784050205	-1.4507426687081229	2.627696653356589	0.979636717190005	
16.740080855021816	4.1879245473122	-4.610969972747768	-1.5351385812133973	2.7379055427130248	1.050658553441759	
17.06067467648055	4.64893209009479	-5.0411175331584746	-1.6313466346839887	2.8432526288733286	1.1187869744568781	
17.3148594909266	5.1136029736657385	-5.419956209005055	-1.7379146995667807	2.941390490754296	1.181961090752448	
17.491858158910375	5.567862306288204	-5.732378170881267	-1.8527540174092836	3.0297784456108836	1.2380455712346032	
17.58166932906745	5.997690914235311	-5.965657015730169	-1.9732601308092188	3.105698525190384	1.284908496559169	
17.575364139825894	6.3895015676619575	-6.110535511282799	-2.096435162890317	3.1662794837136157	1.3204988596978056	
17.46541924829638	6.730556958417417	-6.162330871722335	-2.21901316516439	3.2085360475626974	1.3429283269257304	
17.245993588782664	7.009354591228247	-6.121555818328484	-2.3375832353949813	3.2294366071627327	1.3505377241016134	
16.91317959926032	7.215934656337225	-5.994032401240332	-2.4486807786714384	3.225987749199629	1.3419437394485514	
16.46528042054275	7.342141729288269	-5.790644753254725	-2.5488571257017796	3.195334552307208	1.3160756397732638	
15.903169983492745	7.38186897987592	-5.526682343302572	-2.6347353282469625	3.134889606900305	1.2722079800903652	
15.23064344348582	7.3311929987294775	-5.220530708484815	-2.7030501778580787	3.0424798160070705	1.2099755217872041	
14.454674387761981	7.188435264430726	-4.89213611853102	-2.750678637267985	2.9164790883668252	1.1293743190670364	
13.58560993213377	6.9542466881439715	-4.561516641945875	-2.774676356532597	2.755932130891766	1.0307621804168932	
12.637268813292062	6.6317243482134405	-4.24724532132884	-2.7723314648152537	2.5606749876034045	0.9148575379048981	
11.626729440543663	6.2264939823550485	-3.965052046818133	-2.741248410433901	2.3314185473747813	0.7827246395423244	
10.573711036771352	5.746634045855011	-3.7269547510352394	-2.6794498128946684	2.069744297100224	0.6357369719145273	
9.499828612246889	5.202531910167096	-3.5407573024131347	-2.585495816489926	1.7780589815454748	0.4755390652819781	
8.427705700322395	4.6066384462113605	-3.409841557265646	-2.458619570367258	1.4595046677690175	0.30400314769912196	
7.379933582101636	3.973053580556771	-3.3333555698714177	-2.298872196993783	1.1178040729032417	0.12317799456323031	
6.3781404214195705	3.316960429469008	-3.3069864696855924	-2.1071948230599364	0.7570449773223479	-0.06476781820883953	
5.442303546171508	2.6541314249478387	-3.323882739597817	-1.8854447291445384	0.3814788362748106	-0.2575937465834871	
4.590223329783835	2.000477085400223	-3.375682498338226	-1.6363810637912701	-0.004672288894766646	-0.45303202802372966	
3.8371380063469194	1.3716175601327474	-3.4536346104663855	-1.363604251746936	-0.3974020729970896	-0.6488329327626311	
3.195639951899862	0.7824911650030373	-3.549530846520978	-1.0714115998037819	-0.793052312394645	-0.8428054335328214	
2.6757163832926896	0.24697836986679814	-3.6562258327499246	-0.764643793849747	-1.1883855047850758	-1.0328499392077817	
2.284838086967192	-0.22249562786732557	-3.7678668273206664	-0.44853067173352146	-1.5806209983465402	-1.2169880435574874	
2.0280735298266204	-0.615433945728632	-3.8798463246634647	-0.12852790873412293	-1.967440844546304	-1.3933941749026515	
1.9083165742056198	-0.9236919804470366	-3.9884271755218035	0.1898548104318104	-2.3469438908376747	-1.56042331508792	
1.926524837126995	-1.1417738798566879	-4.090248299621264	0.5012013688005285	-2.717574744901554	-1.716634185226634	
2.081908462532645	-1.267066788919279	-4.181824836856364	0.8003210924112862	-3.0780473730346714	-1.8608129831143172	
2.3720816491426735	-1.3000298661216627	-4.259032082509785	1.082382269165771	-3.4272578658336665	-1.9919999278814984	
2.7932062009177705	-1.2442183324235836	-4.316651232023734	1.343042280493955	-3.764180554845692	-2.1095100081064104	
3.3401181188365356	-1.1060978896837694	-4.348116968646877	1.5785505558517134	-4.087766375962128	-2.212938219553314	
4.006388590668097	-0.8948210478166128	-4.345403967221156	1.785846324607339	-4.3968501409935685	-2.302160504686545	
4.784341034550442	-0.6219390066927111	-4.299037251712264	1.9626581819681794	-4.690057872557947	-2.3773282966385594	
5.665028719454867	-0.3009950016216933	-4.1982867413528675	2.1076001089749017	-4.965714171057002	-2.43884908687849	
6.638226237143203	0.05301729185548281	-4.031582439170837	2.220209876266645	-5.221779689784811	-2.487342371628871	
7.692385844824584	0.4241701805944871	-3.7870129462412057	2.3009721711346254	-5.455809012175518	-2.5235895686736547	
8.814577394188843	0.7961462251342234	-3.452925999426049	2.3513234614885703	-5.664926986074669	-2.5484743891149186	
9.990412332989955	1.1528686035399796	-3.0186995195776856	2.373632547823283	-5.845830043028453	-2.56290706875113	
11.204062896499963	1.4791674655871718	-2.475555281372193	2.3710969138218796	-5.994847845571443	-2.5677391194219	
12.438329121755082	1.7614151545732415	-1.8173328912617437	2.3476095953561	-6.108037930517154	-2.5636855954476094	
13.67475819731101	1.9881637983349922	-1.0412614580899215	2.3075958588658327	-6.181311270911904	-2.5512531327527075	
14.8938461473937	2.1508495389867757	-0.14881208421299974	2.25579853844491	-6.210607353518095	-2.5306706978496187	
16.075411234943065	2.244337208633893	0.8536587729661439	2.1969959653867215	-6.192118065621277	-2.5018517754188636	
17.199064801345084	2.267231448851552	1.954515299781463	2.135719011141937	-6.122515503366147	-2.464393966230312	
18.24475808505361	2.2220391573720395	3.136581045547958	2.07597706864857	-5.9991827883359825	-2.417604736826007	
19.193473056158986	2.115176995643105	4.377008144542715	2.0209749206087437	-5.8204682163280665	-2.360558696936609	
20.02805292854529	1.9565955872029104	5.647593126278818	1.9728775209040246	-5.5859176420866365	-2.2922054924760555	
20.733950114666182	1.7590871618782864	6.915531087483179	1.9326977498244262	-5.2964159535056385	-2.211500528600691	
21.299966741495744	1.5374633567383686	8.144409198296314	1.9002547989455496	-4.954298912743682	-2.1175482282263176	
21.71892490181584	1.307603396749497	9.295446513240574	1.8742059632491024	-4.563417727243717	-2.009751181714237	
21.98797884050373	1.0854291264526619	10.328981914324075	1.8522054271355497	-4.129073789454364	-1.8879320302614924	
22.10958741643223	0.8851977466025415	11.20746742867063	1.831122491718473	-3.658067326344212	-1.7525754610017787	
22.08926980427263	0.7199365253281662	11.895084901082605	1.80744417464356	-3.1580198970256985	-1.604571210793753	
