21.68964243356982	1.00019888245575	11.78076176783341	1.5200365307191972	-2.853257297304778	-1.5288441930420984	
21.455368959001014	0.7517458315239474	11.990411416102242	1.4817942598238962	-2.3239597178499274	-1.3642681633097988	
21.10586722115002	0.5405656033500544	11.926120189371671	1.438860414931649	-1.7897390477424415	-1.1935872581537885	
20.66079516931616	0.37498890869098783	11.589266551370999	1.3894867525965253	-1.2608119714635304	-1.0202792626316872	
20.14028897152101	0.261083551723926	10.991664564549023	1.332300786000838	-0.7468868155246339	-0.8479698532374326	
19.564513451778474	0.20144971119879454	10.161172335742046	1.266541403275379	-0.25667415938580573	-0.6803879775743606	
18.952086473554207	0.19595606578520522	9.138375146642263	1.1920105675443364	0.20239918495085266	-0.521065476731325	
18.31914375316132	0.24205413914667906	7.975022789744061	1.1090772408776302	0.6244399960234727	-0.3731471299450494	
17.678660682239634	0.3354918014390141	6.730147064357956	1.018616354049328	1.0051579453714583	-0.2392297760426734	
17.040104915355943	0.47102380389124643	5.4655586060799415	0.9219413278771158	1.3418346658947433	-0.12125000384925871	
16.4094457769202	0.643051929147971	4.240984211148555	0.820728999749	1.633203329318443	-0.020416963955831875	
15.789549640596151	0.846126669715478	3.1089806064096956	0.7169328971975351	1.8792571060834211	0.06282062158838043	
15.181131330894075	1.075112987232307	2.110861130240006	0.612674845194456	2.0809906070187663	0.12874995251272472	
14.583969673310074	1.3249780377141749	1.2746691990773933	0.5101240316353786	2.2401616951090415	0.1783287074518092	
13.998069544231875	1.5903750664148342	0.614742873083959	0.411369903718308	2.3591055507105856	0.21309660865969166	
13.424630930377637	1.8651589282686112	0.13261133311225465	0.3182904090030427	2.4405878391949223	0.2350563851562543	
12.866640994067716	2.141993063883154	-0.18108469879663483	0.23241945860859084	2.4876908758744443	0.24651567793078788	
12.328866197691315	2.412309820743764	-0.34391660520064754	0.1548522948884272	2.503713062586196	0.24988986266214752	
11.817439126701837	2.666611824221029	-0.3791751487033879	0.08620044922491137	2.492086461648843	0.24751114023954648	
11.339224838714417	2.8950340300936426	-0.3136040331753388	0.02659424741776184	2.4563061356905767	0.24145676435439517	
10.901055186192934	3.0881354054271792	-0.17532538163954933	-0.024265070150188986	2.39986892670175	0.23340532004033968	
10.508929847865629	3.237876322590328	0.008066174500811594	-0.06699521158914179	2.3262228056768466	0.22454302551647642	
10.167387606835852	3.338510678650815	0.21105425186253082	-0.10238322106226748	2.2387314887715575	0.21555334739184018	
9.879073550445044	3.387264919482883	0.41138319592934897	-0.13124176735765888	2.140647050925733	0.20666067126272095	
9.644483607658152	3.3847588151049237	0.5909328496417292	-0.15428111264600977	2.0350839810093846	0.19771609543490115	
9.461878172194433	3.3351333282040407	0.736310907804726	-0.17200680285641554	1.9249879243396382	0.18831634709369696	
9.327441704722377	3.245730163578724	0.8389926285339678	-0.18466668192363958	1.8130976762832285	0.17794589841984537	
9.235652914071126	3.126405200353674	0.8950222768258672	-0.19225821463748932	1.7019054405889533	0.1661057146881909	
9.179752593968548	2.988684867976403	0.90450938765158	-0.1945769331650988	1.593615780897651	0.15241489213958304	
9.152295821519981	2.8447999856949324	0.8709366962248692	-0.1912985625843204	1.4901081561131075	0.13668517946273223	
9.145769716913042	2.7066341128916207	0.8003184750947914	-0.1820901403525938	1.3929047147792373	0.11896539143986334	
9.153191380646629	2.5847473447292746	0.7002263720151318	-0.16673096157071662	1.303163734023919	0.09954218722161814	
9.168570743262531	2.4876433853469484	0.5789116306443599	-0.14521513502413627	1.2216927582374397	0.07891057696509245	
9.187238074412395	2.4212647726896144	0.44455398419454806	-0.11783180286324049	1.1489749034617427	0.057727067888184026	
9.206029854844529	2.388721366911596	0.30463894855894186	-0.08522008165467669	1.0852074767305084	0.03674995533310869	
9.223301103447488	2.3902980218747554	0.1654964525551671	-0.04839074880416673	1.0303520540493822	0.01677111780282412	
9.238715027115106	2.4238258063751363	0.03209476453350732	-0.008697953579670176	0.9841934842209543	-0.0014474732299317008	
9.252932221263436	2.4852081677109314	-0.09198481938099388	0.03221562973374207	0.9463907461434004	-0.01722253336853541	
9.26724009149649	2.569045437737973	-0.20444532684361072	0.07249334284501589	0.9165204429053402	-0.029984969141245987	
9.283153714131833	2.6693127835252626	-0.3040762385598966	0.1101543405839278	0.8941118295514724	-0.03930264089846591	
9.302040534489995	2.780020861858127	-0.39047894467668953	0.1431937853193356	0.8786721109700498	-0.044887132709898296	
9.324866671750225	2.8956979302443844	-0.46378794840076554	0.16967416522539558	0.8697010411914741	-0.04658579725395649	
9.352069998033697	3.0116680422648625	-0.5244421460243723	0.18780335393260944	0.8666984643947087	-0.04436934409951372	
9.383544906572276	3.1241481246662124	-0.5729979848505051	0.19600360317830787	0.869168362740746	-0.038316904551711266	
9.418734878825273	3.2301700433239686	-0.6099878639395196	0.19297749545606155	0.8766218966388929	-0.02860160448515987	
9.456826482882276	3.3273374173395744	-0.6358347052893663	0.17776480217546353	0.8885819801818725	-0.015476726216450869	
9.496970024069768	3.4135446468500503	-0.6508232195077764	0.14979231301253976	0.9045906781231374	0.000734705036417801	
9.538488762935053	3.4867334442599853	-0.6551099569161718	0.10892222447054851	0.9242194406516431	0.0196480647474596	
9.58106546587849	3.544716009351894	-0.6487656261801222	0.05549640698265999	0.9470818911373408	0.040825612425440014	
9.624894835676724	3.585107470750581	-0.6318498115944421	-0.00962637663784252	0.9728491060309703	0.06378842529124709	
9.670767802747294	3.605407560290806	-0.6045122672083076	-0.08507206990307936	1.001262399506906	0.08803631227082515	
9.720112484705101	3.6031931976410934	-0.5671098095964349	-0.16898288389889815	1.0321424544000333	0.11307411676702561	
9.77500733670266	3.5763870279586047	-0.5203393952576097	-0.2590806411246131	1.0653943739438556	0.1384439400860726	
9.838173271362775	3.523588252395981	-0.46539189616440146	-0.3527657262596326	1.1010083743559766	0.1637634612590164	
9.912935481689056	3.444433420138189	-0.4041215114288449	-0.44726190014864303	1.1390543291019726	0.1887681271594573	
10.003137579982553	3.339881713871158	-0.3391823854389458	-0.5397888842824211	1.1796699006231728	0.21334554569660846	
10.113023481345783	3.2124163427180012	-0.2741248798884161	-0.6277354427472706	1.22304713006502	0.2375605327088264	
10.247075152806893	3.066146849090893	-0.21343376029709804	-0.7088288191467726	1.2694174734607222	0.2616686767554013	
10.409792090256788	2.906803405736951	-0.16249465332147334	-0.7812989516762542	1.3190355484692828	0.28611705414107425	
10.605405259769245	2.741551244206737	-0.1274401052881529	-0.8440069190476502	1.3721614632669725	0.31152315594024826	
10.837571184069015	2.578665590287961	-0.1149034969768452	-0.8965159981325349	1.4290439854442627	0.33863658279804504	
11.10906499722922	2.4271348618358917	-0.13172185705327125	-0.9391209201915787	1.489904742690912	0.3682917711882821	
11.421484470645895	2.2961953399750366	-0.1845878083123942	-0.972832779952943	1.554923183551462	0.4013521926458335	
11.774970448132919	2.1947973291460503	-0.27963948186576465	-0.9993167862439332	1.6242219339412218	0.4386457806479854	
12.168038739274762	2.1310744343988755	-0.42203336904604954	-1.0207598752326872	1.6978559585570168	0.4808990918108604	
12.59750347515636	2.111895663200646	-0.6155319525560436	-1.0397074151270578	1.7758047537754194	0.5286778816060507	
13.058463417491584	2.1425040440095295	-0.8620978897635534	-1.0588807641396991	1.8579658668125616	0.5823328778661914	
13.544338999218379	2.2262482043975007	-1.1614879285417445	-1.080978488618242	1.9441482773492846	0.6419497227888981	
14.046955924534416	2.3644402651133962	-1.5108598860920677	-1.1084682670010477	2.0340634146562664	0.7073045626977735	
14.556692379275107	2.5564036438044884	-1.9045294324831132	-1.143413722691184	2.127313618363302	0.7778391781951002	
15.062624050893563	2.799584583161052	-2.333834541358435	-1.1873480339772615	2.223373340600967	0.8526468472803376	
15.552691287330646	3.0897011205449667	-2.787147801939655	-1.241192673344242	2.321563078772567	0.93047095872958	
16.01390213823601	3.4208952755276916	-3.2500693897421153	-1.3052201363258293	2.4210131270089805	1.0097166023822965	
16.43262024288986	3.7858947444506454	-3.705949029325304	-1.3790799888653995	2.5206205547196134	1.0884869306128515	
16.794924639110096	4.176173358094291	-4.136726806125936	-1.461878056424864	2.6190086671541066	1.164642454339686	
17.08700968816057	4.58209728986371	-4.523976668700861	-1.5522730424061641	2.7144880594887457	1.23587060721503	
17.29562643789015	4.993093892900463	-4.850151394477612	-1.6485870165229972	2.8050239470262235	1.2997666221679416	
17.408572942814832	5.397867034168072	-5.100054365179511	-1.7489222018851074	2.888211553045173	1.3539259693505334	
17.41514711548127	5.7846957079023635	-5.262299841474105	-1.8512750114306944	2.9612822008818065	1.3960398109242464	
17.306510760193266	6.1417560331551435	-5.330486330675943	-1.9536228686233506	3.021139009798427	1.423977743875812	
17.076001754389075	6.45744066665854	-5.30403216234186	-2.05398229820991	3.0644196904815435	1.4358586171454344	
16.71942204702823	6.720669776363264	-5.188590828656449	-2.1504368504585156	3.087591526197882	1.4301104812237595	
16.235355083442883	6.921187157119071	-4.995882082523783	-2.2411261881631868	3.0870889104303822	1.4055204548314424	
15.625457457777596	7.049796314260342	-4.742666421630207	-2.3241922105546533	3.059484716392137	1.3612613196429157	
14.894799170504728	7.098582449694623	-4.44929433335724	-2.397702391633455	3.001672230311602	1.2969101914216083	
14.052201281965063	7.06115130856187	-4.137967859288321	-2.459566676431231	2.9110525239119975	1.2124612854389156	
13.110533790194367	6.932919975172364	-3.8308013008255744	-2.507461325697516	2.7857271024322	1.1083353869608499	
12.08677652945943	6.71145477307524	-3.5478611769616313	-2.5387913512090545	2.6246725177586705	0.9853774503285334	
11.001623862295999	6.396769813849519	-3.305650997972931	-2.550726570974336	2.427845267634304	0.8448319790707329	
9.878761833077277	5.991599028769145	-3.1160847217324092	-2.5403029314942693	2.196230339878821	0.688307991709622	
8.743826600690376	5.501592959401717	-2.9859264380440127	-2.504584916469575	1.9318244048268776	0.5177298582696753	
7.623068548080697	4.935421679460883	-2.9166889626039687	-2.440892029801213	1.63754998209878	0.33527506843357674	
6.5418952625450215	4.304632529694025	-2.905182436455517	-2.347056288198288	1.3170702525026479	0.14329741997672235	
5.523687694614691	3.623335304847332	-2.9444943354443285	-2.221645524544242	0.9745583928532643	-0.05574548476570818	
4.588943748756336	2.907830104882878	-3.025160959454075	-2.0641407779430376	0.6144610396715836	-0.25935556521730097	
3.7547436694993865	2.176179582378672	-3.1364650267132737	-1.8750603975772986	0.2412633295897074	-0.46505046256326144	
3.034530401642728	1.4477190105090194	-3.2677511652459765	-1.656026390934201	-0.1407315987412605	-0.6704133450385926	
2.4382775471256	0.7424397274119671	-3.409453698333378	-1.4097315586752555	-0.5275673311403336	-0.8731305463510768	
1.9727953220962382	0.08029422869790333	-3.55367029991048	-1.1398625662062907	-0.9157351970980452	-1.071018509503333	
1.642101859823276	-0.5195841198946386	-3.694365950687004	-0.8509929091951871	-1.3022275439514082	-1.2620447072936165	
1.4478282161111617	-1.0397573410566425	-3.827248238148242	-0.548448974027251	-1.6845504851069413	-1.4443459313433171	
1.3896499071966886	-1.4654206214231076	-3.9493304484847878	-0.2381396039658365	-2.0606937058757313	-1.6162462590752638	
1.4657131458071597	-1.7851718230665579	-4.058309066293475	0.07364819210383661	-2.4290575156491947	-1.7762725967918975	
1.6729628752851922	-1.9916185082221964	-4.15194118533353	0.38045856493924246	-2.7883671409746342	-1.9231746307658164	
2.0074005704888487	-2.081805676701639	-4.227451028624767	0.6758907475562314	-3.1375738884735145	-2.0559475977788093	
2.4642629089431787	-2.0574774494642023	-4.280987372118427	0.953846540545038	-3.4757435840958446	-2.173859933381363	
3.0381239680033634	-1.9250100210168561	-4.307217685090467	1.2087895284326837	-3.80193230005431	-2.2764763620420987	
3.7229139696185616	-1.6950438755163386	-4.299128623489374	1.435975812603736	-4.115067710135194	-2.3636696663363086	
4.511862652651231	-1.381979423618371	-4.247986511672493	1.6316591402708032	-4.413839503010012	-2.4356245240448606	
5.397384177669604	-1.0033223024025644	-4.143464867987173	1.7932652890320175	-4.696598718628777	-2.4928288498152384	
6.370895455536175	-0.5788860340229909	-3.973965146179962	1.9195378189853445	-4.961265267001794	-2.536049361448256	
7.422621916580943	-0.12983288720730046	-3.7271888525645633	2.01058822392596	-5.205271287882758	-2.5662773447152207	
8.541409130438906	0.3222687453120182	-3.390853510199581	2.067876494645658	-5.425540150845729	-2.5846566935110165	
9.71454986640838	0.7563680831540202	-2.9535216041825825	2.0941378321357087	-5.618497823034067	-2.5923981082210257	
10.927640275751722	1.1528577555105595	-2.405550346142735	2.0932513045783274	-5.7801216256849814	-2.590678955419804	
12.164497003036834	1.4945100627675192	-1.740174370126754	2.070033648167986	-5.906041340086932	-2.580528787480345	
13.407231717039364	1.767251984111938	-0.9545015341521785	2.029946775348584	-5.991702336123283	-2.5627236772914737	
14.63643463887761	1.9608029937181268	-0.05040561176639908	1.9787807606510444	-6.032563592749891	-2.5377007609180278	
15.831487702292037	2.069173975578263	0.9647166959787211	1.9223102876608604	-6.024329656046335	-2.5054977079043317	
16.971036040885842	2.0910382681156916	2.0773258971996125	1.8659214017239325	-5.963222811979006	-2.4657221511003375	
18.033678070597585	2.0298231498716164	3.2674795873063807	1.8142307157511333	-5.8462808004143065	-2.4175745438573046	
18.998806187475022	1.8934295409916397	4.50909474528701	1.7707728300186236	-5.671624876857908	-2.3599321890804896	
19.8475026990709	1.6937504753214663	5.77050653898042	1.7377611711747367	-5.438693789370759	-2.2914683310432387	
20.563511228241477	1.4459337291658085	7.01541084634888	1.7159275739598008	-5.148445118094763	-2.210810423850763	
21.134270052248294	1.1673783888140228	8.204215582370324	1.7044509501287965	-4.803521588473294	-2.1167358564797403	
21.551426472367034	0.8765885031863954	9.295622405928155	1.7010956097316934	-4.408213890354676	-2.0083337374352492	
21.81225430526034	0.5914395755201857	10.24944319300969	1.702330743679196	-3.9686373440035467	-1.8853098122046075	
21.917772796735928	0.3289378430901528	11.02697400968396	1.7038943870858456	-3.492041448428767	-1.7478229515962558	
