21.438857842243795	1.2211776484881969	11.734530141710945	1.5753177771918376	-2.5156943833658567	-1.427450226330882	
21.076779248848442	1.0552232715338312	11.989736308252901	1.5335896957759425	-1.9927045581272127	-1.2672108154312434	
20.624945922440173	0.9250675702250756	12.038938290967607	1.4823276669201464	-1.47310911204795	-1.10161955581378	
20.103999483365328	0.832706842759608	11.884864236594105	1.4205222777658626	-0.9656332015842557	-0.9344512685922228	
19.534184590664964	0.7784408643147037	11.536481241446447	1.3476799357020623	-0.4783832819570338	-0.7695305716424393	
18.93458102738759	0.7600896991757111	11.012447832641172	1.2641335484440481	-0.018323907857247898	-0.6106524428163329	
18.32203500640614	0.7740570161528206	10.338534231568506	1.1708877817277745	0.4088781502150439	-0.46132054785071586	
17.710420335546562	0.8159536026513254	9.546416770817405	1.0695674164455689	0.7990315541896733	-0.3245759310233517	
17.11019306033745	0.8813903906133598	8.671501608343762	0.9622818513670655	1.1494229893807226	-0.202865790305403	
16.528172818899815	0.9666531381943272	7.7507151035908	0.8514778278544289	1.4587364904615188	-0.09795127986425811	
15.967579391012752	1.0692019705368023	6.820336602507122	0.7397826180510475	1.7268948101562909	-0.010852294129595437	
15.428395847222394	1.1879266275845177	5.91382327286149	0.6298282376781154	1.95481841937373	0.05817666820623659	
14.908256457493996	1.3229269296510306	5.060122289588206	0.5240814255858249	2.1441168232951138	0.10960708040708797	
14.40356023030117	1.474928722136006	4.282550409124533	0.42470166203732723	2.296825538743555	0.14457303274287944	
13.910658217139753	1.6444766000674809	3.5981138384556055	0.3334236409524703	2.4151969037462577	0.16478730483389795	
13.427024114085334	1.8309764147935106	3.0172077421852275	0.2514621923557458	2.5015491961142122	0.17243281155934975	
12.952127231385003	2.031835463294153	2.5438390108485756	0.17946188833619123	2.5581831962379438	0.17000976009482108	
12.48771242926416	2.242077878934199	2.1762725321161316	0.11750673821790114	2.5873559812100138	0.16015491183125766	
12.037660841672334	2.4543806414554865	1.9077394270132955	0.06516117417805987	2.5912831476981033	0.1454607351688097	
11.607523268047586	2.659494186488063	1.7272488951163185	0.021543239545142846	2.5721568851935106	0.1282956638221623	
11.2037723203366	2.8470689068769994	1.620518661802536	-0.014566584926261856	2.5321746118185464	0.11063082461759294	
10.832920113336098	3.0067991247600196	1.5711265785577069	-0.04457400531962611	2.4735712320885814	0.09392378310078091	
10.500755975104898	3.1295575565080207	1.5616539768031639	-0.06991490737688046	2.398647137210456	0.07906771074464285	
10.211719326393762	3.208438626006582	1.5748091906482604	-0.09190404570626673	2.309789444488965	0.06639307026066209	
9.968405708907206	3.2396801885481485	1.5945454842648312	-0.11159160873448688	2.2094836215363425	0.05572041741005384	
9.771283997353367	3.2232755847537726	1.607070691966308	-0.12965081765994252	2.1003053418294093	0.046476768261361365	
9.618703827501752	3.163047729305153	1.6014835001048666	-0.14633469254624815	1.984886468030756	0.03785226427034499	
9.507063610110755	3.066387436163478	1.5701178915140406	-0.16148600628487714	1.8658641776094609	0.028954632424740164	
9.43112593371221	2.9436829549012415	1.5086337470830575	-0.17459635357406295	1.7458158877286152	0.01895803109189595	
9.38448076591126	2.807435945238886	1.4158711518762814	-0.18491717828174048	1.6271793848717209	0.0072394231876727454	
9.360152174228896	2.6710784607148654	1.2933688628473656	-0.1916184827341339	1.5121762537059718	-0.006530686719304088	
9.351185537068739	2.5478093710013994	1.1447671294418176	-0.19394721790124872	1.402752860894478	-0.022350924771737193	
9.351180194009833	2.4495195789266493	0.9751823322939273	-0.19137173582489192	1.3005377099009996	-0.0398904240557536	
9.35476073230621	2.3858138970634117	0.7905664420300837	-0.18370824536052208	1.2068152096733251	-0.05852500205719342	
9.357922228063122	2.3632447887142933	0.5970904903598253	-0.17120859873567348	1.1225241683469527	-0.07741098862605825	
9.35813448859089	2.3849937859274983	0.40067626329365613	-0.1545767478778589	1.0482869206827072	-0.09558102637152158	
9.35428244963024	2.4508557506964954	0.20669615552609763	-0.13493885410692125	0.9844455882479852	-0.11203501549775409	
9.346469033600755	2.5574934494244688	0.019799387901171334	-0.11377392667985564	0.9311037549206652	-0.125824747762666	
9.335692723303515	2.6989527314685504	-0.15614973036671248	-0.09280771289447541	0.8881689589535569	-0.1361293694027673	
9.323428382450762	2.8674733098502094	-0.3180109477264911	-0.07387718124706863	0.8553952420059834	-0.14230561651475526	
9.311262689024044	3.0543131824991634	-0.4632638025805478	-0.058806619826662535	0.8324141361572589	-0.14391041679953426	
9.300622772282956	3.250480505899283	-0.5899098794020186	-0.04930270730519877	0.8187554826065936	-0.14070664918315612	
9.292606072976051	3.447353945666677	-0.6963969553406859	-0.046866663725812434	0.8138613384063201	-0.13265600577382716	
9.287946424915836	3.6371158098601106	-0.7815862634445989	-0.052726821852747886	0.8170964126738004	-0.11990064653384115	
9.287118307597199	3.8129010308855675	-0.8447602543879245	-0.06780020472099245	0.8277614923775988	-0.10273659944185308	
9.29049891375851	3.968774326608438	-0.8856614630449007	-0.09266137098834668	0.8451097596656227	-0.08159118360666287	
9.298555505119737	4.0996129956503085	-0.9045388503740694	-0.127512896833944	0.8683679528655786	-0.05700228219304566	
9.312039137361085	4.200953382764311	-0.9021909567827616	-0.17214938859559514	0.896764224087138	-0.029599032127797714	
9.332130654792532	4.268873108972227	-0.8799635552463902	-0.22593179180284254	0.9295612429270327	-7.877699687206582e-05	
9.360506402107598	4.299991397022369	-0.8397093962615294	-0.2877798010588252	0.9660867792813668	0.030819128342706958	
9.399344299854713	4.291583437707608	-0.783738146357984	-0.35618218813367003	1.0057601659321984	0.06234316360380482	
9.451275936990328	4.241798796583443	-0.7147658402204087	-0.42923326029405584	1.0481141964651743	0.09376546520294313	
9.5192823272498	4.149981539331214	-0.635881526238069	-0.5047111915541029	1.0928100544408075	0.12442614163143263	
9.606548660332557	4.016972438115011	-0.5505402116831335	-0.5802064391750517	1.1396382794807751	0.15377770890267556	
9.716321466466031	3.8453667281801858	-0.4625890186553843	-0.6532686546905143	1.1885131237726307	0.18142556815898395	
9.851766743716382	3.639703106194026	-0.37630781334270386	-0.7215694590468446	1.2394615878527218	0.20716331099032034	
10.015822934809135	3.406571012464032	-0.29645461959824737	-0.7830848168045816	1.2926081080765877	0.23100286379204388	
10.21105381274854	3.1545097836650497	-0.22826842314655396	-0.8362739271379135	1.3481526543800575	0.25318676772430787	
10.439510763758978	2.8937063064477955	-0.17740196025160063	-0.8802198602629745	1.4063465214866904	0.27418045394587637	
10.702593974727176	2.6355685846197767	-0.14979150813904177	-0.9147380343293852	1.4674678629022733	0.29465253187094925	
11.000911366318832	2.3921655753298117	-0.15145431204696497	-0.9404494920415977	1.531795579742104	0.31544226195484143	
11.3341370244805	2.175512963758108	-0.18819203835546144	-0.9588060240842121	1.5995804707496155	0.33751189701037354	
11.700934561451051	1.9968170496542343	-0.265245911522098	-0.97202017316667	1.6710182408073746	0.36188517042879054	
12.09892353679599	1.8657978230841823	-0.38695509682449025	-0.9829439572251548	1.7462267218894008	0.3895853313899932	
12.52468588120665	1.7900979450329446	-0.5564235497363529	-0.9949005353343546	1.8252269698131454	0.4215719557045936	
12.97380562259631	1.774777769350862	-0.7751804714636371	-1.0114637265086706	1.9079276447474316	0.45867391981080574	
13.440962482446196	1.822046923432085	-1.042887761844112	-1.0361812140392943	1.9941172574600872	0.5015238004449084	
13.920043331961521	1.9312965255152736	-1.357129172441503	-1.072296811482473	2.083464116235393	0.5505037965485491	
14.404230644843308	2.0992996992394555	-1.7132274752436303	-1.1224918093344833	2.175517364528779	0.6056983493348039	
14.886073844764574	2.320569028829967	-2.1041038373728553	-1.1886467599782076	2.2697075508507396	0.6668535205775242	
15.357539244595955	2.5878594876881844	-2.5201973375849107	-1.2716319703271899	2.3653427239411045	0.733343247971941	
15.810067286248108	2.892777421526253	-2.9496107132987124	-1.3712086002405883	2.4616005115982675	0.8041639063331458	
16.23463263780462	3.2263020596504215	-3.3784155977631847	-1.4860137003522733	2.5575111895165303	0.877944602640196	
16.621823402894304	3.579218346985804	-3.791128975446695	-1.613615331487888	2.6519327752112116	0.9529721449158084	
16.961953518859524	3.9424575858484014	-4.171405001780324	-1.7506364043464875	2.7435159260943194	1.0272316094652254	
17.245231776038484	4.307316923609266	-4.503009808396587	-1.8929745735548884	2.830663859524359	1.0984730522738289	
17.461966205773887	4.665553237655904	-4.77090882114051	-2.0360772166946943	2.9114989866293364	1.1642954842988982	
17.602783336452713	5.009415365896343	-4.962355445537459	-2.1752188654938944	2.9838348387566636	1.2222336796123907	
17.658862566591132	5.331640209246783	-5.067956422529779	-2.305783225114297	3.045158806096698	1.2698495344726115	
17.62219266598393	5.625429967712895	-5.082687958227955	-2.423545635531491	3.0926323351029805	1.3048287365370899	
17.48579195294675	5.884400456739364	-5.006475498862523	-2.524892139904611	3.123135252815502	1.325065125067897	
17.243912672152497	6.102520629214033	-4.844371491779598	-2.606950666951572	3.133343689965689	1.3287268594445047	
16.892270833475965	6.274052030570621	-4.606392859517589	-2.667646336091832	3.119838949867845	1.3143111204137299	
16.428351359796384	6.393503236327093	-4.307006550114137	-2.7056810268997165	3.079253498902751	1.2806932961175546	
15.85181801965121	6.455642038522726	-3.964114842505494	-2.7204120651270154	3.0084572015274667	1.2271674985033982	
15.164954109673975	6.455619968827746	-3.5976877472943842	-2.7116630423541728	2.904746153694414	1.153472396776159	
14.373128584987626	6.3892108019615454	-3.228353789316347	-2.679540596802726	2.7660225879271767	1.0598175469599789	
13.48522106439571	6.253143454004853	-2.875964076148355	-2.6242713261630293	2.5909616279492735	0.9469058337437213	
12.513955635466163	6.045536145424345	-2.558162911304231	-2.546085503797244	2.3791638849838224	0.8159519832706865	
11.47581647137906	5.766292784088121	-2.2892897614894827	-2.445188178798601	2.1312245177314737	0.6686642153597973	
10.39061705588721	5.417396910752198	-2.0797159093270703	-2.321812249371846	1.8487277217240627	0.5071978947069666	
9.280816715494714	5.003106017288916	-1.9355120019163143	-2.1763220919315285	1.5341837325858214	0.3340863895000333	
8.170595424700636	4.53004217248684	-1.858424903089241	-2.0093540914198247	1.1909086998796605	0.15214743003496783	
7.084711407631821	4.007119168038711	-1.8462769969483697	-1.821963680104038	0.8228343946870352	-0.03563830483203653	
6.047424491874081	3.4452990048739247	-1.8937769467261203	-1.6157122557308021	0.43428153045968526	-0.22625323866946964	
5.081632407084641	2.857320678162495	-1.9934053574972617	-1.3926957177553023	0.029754853910784782	-0.41675403042000597	
4.2081802806560225	2.2573761100340883	-2.1363302019852624	-1.1555190960280297	-0.3862417779659167	-0.6043711262101311	
3.445315688533601	1.6607059685950558	-2.313275231294979	-0.9072189632551508	-0.8093645812944222	-0.7865984567966265	
2.8083969503354864	1.0830391131689465	-2.5151772254995604	-0.6511339399961062	-1.235537764927096	-0.9612551060534561	
2.309766734614605	0.5399618876988067	-2.7335223391495553	-0.3907727300247735	-1.6610104574223865	-1.1265211569782505	
1.958703397699563	0.046252026396031834	-2.960454190678803	-0.1296920269599508	-2.0823839860541975	-1.2809588855693617	
1.7614303988342956	-0.38482613192602766	-3.1886994857690216	0.12861699135286653	-2.496617572775523	-1.4235225181015005	
1.7212031928699487	-0.7422190134143795	-3.411338127294759	0.38083053155856583	-2.9010127047730903	-1.5535534262696562	
1.8385204937827433	-1.017576058182727	-3.6215148545634497	0.6238682961053152	-3.293173519131239	-1.670752881610136	
2.111314022025841	-1.205590166739977	-3.8121817940310376	0.8549551029806806	-3.670961880675371	-1.7751515103078566	
2.535140195262999	-1.3041963438431892	-3.975879248067605	1.0716749674857453	-4.032443576104887	-1.8670724427203538	
3.1033530487422745	-1.314648754654819	-4.10456234089969	1.2720264841089262	-4.375823022585404	-1.9470884802506017	
3.80731672208135	-1.241339593633432	-4.189522050253152	1.4544647404630013	-4.69936189710869	-2.0159650581100537	
4.636583918092134	-1.0914700069871142	-4.221401507260204	1.6179304191555821	-5.001297107012192	-2.0746007176202874	
5.579018115270658	-0.8746616901805289	-4.190288334254017	1.7618718347250117	-5.279762335921978	-2.123967637898726	
6.620874739771692	-0.6024978577246797	-4.085896875404676	1.8862571005604818	-5.532713092055545	-2.165048710260905	
7.746852190373263	-0.28797171352635037	-3.8978860014341414	1.991567663790521	-5.75786150540996	-2.198768349267107	
8.940175720081058	0.055135254050147464	-3.616312569386034	2.0787520099268058	-5.952645670434215	-2.225926279871339	
10.182675480749449	0.4128404230336165	-3.232179251654369	2.149163145521204	-6.114229698834037	-2.247137007519233	
11.454891301114142	0.7715400020528231	-2.7380771882071477	2.204475590442012	-6.239535998385751	-2.2627739870138486	
12.73622163102744	1.1186046731166055	-2.1289718031632616	2.246577141582177	-6.325317333247386	-2.2729163076433605	
14.005188921597144	1.4429203550874963	-1.4030234433944428	2.2774272726021714	-6.368283668702306	-2.2773149969555133	
15.239798203480902	1.7352881463595597	-0.5623084131294854	2.298908808563859	-6.365262450581158	-2.2753859539411296	
16.41797279597744	1.9887196378109568	0.3865344605994187	2.312683367042915	-6.313380462621726	-2.2662233787439687	
17.518097419023615	2.19863163988649	1.431754579876808	2.3200512833232136	-6.210269360095282	-2.2486375704562027	
18.519723157558914	2.362919389815445	2.556104502272365	2.321824768356841	-6.054298300852746	-2.221226919436469	
19.404346342449077	2.4818077842829003	3.736949688799493	2.318262240716457	-5.844775302811136	-2.182489268242086	
20.156183357672166	2.5576211236037913	4.946645337563776	2.309052803793453	-5.58211438350032	-2.1309450472828178	
20.76297429516404	2.5944691010948753	6.15323828978817	2.2933500597171474	-5.267978752752412	-2.065279006208476	
21.216791317708672	2.597851933422431	7.321514364097836	2.269856134905858	-4.9053963195146455	-1.9844988313017404	
21.51433980012072	2.5741756935469877	8.414355238258933	2.2369610547433805	-4.498725926701702	-1.8880497748699632	
21.658094632464376	2.53014047032688	9.395186606763062	2.192969234961877	-4.053789859388874	-1.7760744978270244	
21.654150525817418	2.472462973864757	10.228383465419103	2.136194242911797	-3.5772892525343982	-1.6491845817286928	
