21.49304826822453	0.8813406629862437	10.953007247641338	1.4374572161995964	-2.9746256734370284	-1.665695842118724	
21.250650129349275	0.4004389452413813	11.219501729153713	1.392718764751189	-2.457639804844773	-1.502343641736331	
20.892535132523413	-0.051962419286865486	11.27723133388238	1.3459219078323663	-1.9318429681013911	-1.3291521693131376	
20.43488500256089	-0.4629232807713454	11.1266282196501	1.2952704189275244	-1.4063521825989616	-1.149765048295122	
19.894751970853033	-0.8213060233838209	10.774655075312493	1.239203711734722	-0.8900489826352207	-0.9679939841259784	
19.29014369495896	-1.118918506237055	10.238534569703333	1.1766101243875589	-0.391252899957545	-0.787820016123321	
18.638786067079586	-1.3500947008852753	9.543312890753674	1.1069176295051577	0.08262549429550706	-0.613118492812718	
17.95744919264654	-1.511559199145371	8.720789972492014	1.030181376778081	0.5253478698579043	-0.4474950081090426	
17.261314745429292	-1.6019898588116992	7.807365520393956	0.9470991276625343	0.9319848347575602	-0.2941390399289934	
16.563470618289713	-1.6215938708584086	6.841793632451799	0.8589865763307425	1.2989656316881983	-0.15571035216336868	
15.874551090591925	-1.5717536760402828	5.862932225400557	0.7677095180170633	1.6240434746848538	-0.03425546741855393	
15.202542714037927	-1.4548090474985755	4.907439316382415	0.67555998037237	1.9061775564541523	0.06885632746179267	
14.55299967969188	-1.2740615761592746	4.007880989458623	0.5850645400693397	2.1453176144519874	0.1529486020757011	
13.929534278864546	-1.0339859817260049	3.191330859570896	0.49877327426643264	2.342203648482883	0.21803613474348335	
13.334472042426503	-0.7405451513114629	2.478332376328502	0.419041243665594	2.498195591739888	0.26480697815460746	
12.769608011414457	-0.40155320934776945	1.882166484318781	0.3478054218542103	2.6151395054536164	0.29458396958319033	
12.23690358897614	-0.026908077641872766	1.4086724825706547	0.2863919934400964	2.695265431472153	0.30923448154973443	
11.738859204969215	0.3714927160916448	1.0567262673430307	0.23541206739696713	2.7411082577357315	0.3110256717276004	
11.278575732922482	0.7800847706631295	0.8189738641809198	0.19472758845073293	2.755448252162906	0.3024602557732455	
10.859564687348001	1.1842234129171696	0.6828215380275137	0.16348657551740522	2.741259268524319	0.28609479645479524	
10.485324677209984	1.5690670299992753	0.6316636697378443	0.14023570424938048	2.701662323309976	0.2643457919338429	
10.158818962178572	1.920661789566812	0.6463870134350876	0.12312631569213354	2.6398825696978303	0.23932643261187095	
9.882030092482166	2.226969753121206	0.7068098699474241	0.11014429018821643	2.5592163677093582	0.21274196115661415	
9.655613170661411	2.4787803180233245	0.7930424244299014	0.09934055418713782	2.463002539728	0.18583520417520857	
9.478653042212434	2.6704811555515504	0.8867871491878074	0.08905436307070116	2.35459225915862	0.1593808268743017	
9.348583809383898	2.800513300362002	0.9724643542987665	0.07809559041360155	2.2373090948624053	0.1337421688815469	
9.261306421020176	2.871334735758504	1.0378935483330778	0.06582931458239856	2.1143973919359333	0.10897756879573058	
9.211403155994633	2.8891162110149815	1.0746508402934773	0.05218317278969288	1.9889605582633856	0.08495465689223942	
9.192446938413255	2.863181790726373	1.0781438342614964	0.03758594059828902	1.8638902578479295	0.061467226447309294	
9.197411488450692	2.8051888438578807	1.047419583153151	0.022836340796033534	1.7417837519698498	0.03834682008489179	
9.219167673815226	2.7280302954253353	0.9845808636117181	0.008908796633157294	1.6248734674722793	0.015545144994153137	
9.250952273036111	2.644746721104105	0.8940616032293138	-0.0032372708292034533	1.5149786884744498	-0.006825293651326565	
9.286789446370713	2.5675121417816738	0.781863701228926	-0.012825601934722698	1.4134770586986054	-0.028481964374524764	
9.321859995645568	2.5067005896807175	0.6547706279183052	-0.01940321753012873	1.3212969102529082	-0.048991037406208984	
9.35275924524937	2.4701406984939336	0.5195890648084546	-0.022929916416013982	1.238941104281405	-0.06781517531485386	
9.377539265780602	2.4627839791838984	0.38257985077309264	-0.02379014002800304	1.1665460798384668	-0.08437731968358056	
9.395608387002982	2.486663835076769	0.24909562183628015	-0.0227592674708979	1.1039465596011742	-0.09812177599069973	
9.40750495868031	2.541104993969573	0.12337902547161746	-0.020934259665570484	1.0507452987832402	-0.10856982741622342	
9.414551566182357	2.623165928080102	0.008507991424540326	-0.019633551565991645	1.0063840133336635	-0.11536671057778854	
9.418418354174541	2.7283271106316755	-0.0934812779894712	-0.02027384171009233	0.9702112776470337	-0.11830615058846308	
9.420746519097348	2.8511706160506938	-0.18139584404340361	-0.02425860352860423	0.9415328487464257	-0.11733294058065073	
9.422872175506997	2.9859601179439617	-0.25467975549573324	-0.03288363989558755	0.9196473662931711	-0.11253242927325094	
9.425662350180799	3.127103910588707	-0.3132179561083491	-0.04725801782345033	0.9038710976289317	-0.10410972535511763	
9.429506908103077	3.2694361522244995	-0.35717879034886657	-0.06824472625912095	0.8935534545658199	-0.09236068152594865	
9.434471157227238	3.4082610687951758	-0.3869231332826526	-0.0964318554871403	0.8880856317575193	-0.0776413818911243	
9.440513960792307	3.5392617062507457	-0.40297599233456205	-0.1321157902803824	0.8869083699353992	-0.060344748101729885	
9.447734383408083	3.6583424555174657	-0.4060347697219565	-0.17529100120984575	0.8895210183028448	-0.04088257009775346	
9.456624507761465	3.761453479573145	-0.3970047770363224	-0.22563992973484434	0.8954944291011196	-0.01967270648472246	
9.468257216535212	3.844483090422845	-0.37703684094485845	-0.2825323626053517	0.9044855327263072	0.0028696654026642184	
9.484366394674812	3.903282079822049	-0.3475533272405909	-0.34503340367072427	0.9162510288235295	0.026339447288553943	
9.507346954161635	3.933805020302179	-0.31026831876872163	-0.41191887780674896	0.9306599824225049	0.050350700169327106	
9.540181628746176	3.9323655596893228	-0.267204735231573	-0.4817041287796042	0.947704262123496	0.07454936710906522	
9.58629073277424	3.8960159778781533	-0.22071313646096777	-0.5526967879241653	0.9675044886383448	0.09863230162815181	
9.649328080495382	3.822950918893905	-0.1734845884422093	-0.6230810420673686	0.9903045412912829	0.12236943269417629	
9.732984477220404	3.7128829966593653	-0.12856669043470445	-0.6910153154062154	1.0164604518090767	0.145627182086455	
9.84080228866848	3.567369103318679	-0.08937470071295398	-0.7547428118104053	1.0464234772557715	0.1683914543982124	
9.976001785997637	3.3900808255358315	-0.05969244954183726	-0.8127189096687294	1.0807168150448847	0.19079008091034838	
10.141343275940512	3.1868858806454354	-0.043633823646792066	-0.8637412695530755	1.1199035201818632	0.2131058085825779	
10.339036030009542	2.965712836314666	-0.04556060316352084	-0.9070582639206203	1.1645514556121581	0.23577620006548794	
10.570668244304168	2.7362709240176515	-0.06996745010249984	-0.9424592359915174	1.2151976963856708	0.2593845522806441	
10.837149570786078	2.5096103042003297	-0.12132898742921844	-0.9703444639007405	1.2723115312802578	0.284640656197551	
11.138657575551823	2.2974858310370365	-0.20389737168888852	-0.9917662828859779	1.336255688340206	0.3123485177699163	
11.474615324057053	2.1115799114040015	-0.3214792298957437	-1.0084004006675569	1.4072555798131057	0.34336010428806313	
11.843672040322687	1.9627453237554526	-0.47720999795453023	-1.0224738394248414	1.4853763965339015	0.3785250846734533	
12.243686532474584	1.8602903818903573	-0.6733215712292641	-1.03664962053604	1.5705075195629168	0.418636426258031	
12.671702998856231	1.8113155205254547	-0.9108836023101812	-1.053861054168176	1.6623534781987461	0.46436930302958934	
13.12392991092712	1.820265588810982	-1.1895449810213319	-1.0770840387196208	1.7604381139585394	0.5162177001878616	
13.595710595905151	1.88881363197448	-1.5073055611231947	-1.109092780101196	1.8641188526790822	0.5744391705350382	
14.081463785243223	2.015955163019719	-1.8602881351759994	-1.1522232706256912	1.9726011824789509	0.6390045225175375	
14.574603979088147	2.198293090982132	-2.24252547396382	-1.2081485057778174	2.084951954512167	0.7095528821360482	
15.067443145697974	2.4304985976186737	-2.6457779949771014	-1.2776756114516334	2.200106848712406	0.7853524543027596	
15.551155435283606	2.705901776364257	-3.059553327706226	-1.3606435518331512	2.316871039821854	0.8652897094279229	
16.015798187958218	3.0169891548398695	-3.471292154729054	-1.455903653183493	2.433907670520283	0.9478760728328635	
16.45039973066725	3.3557972466311172	-3.8667356096472574	-1.5613697600220608	2.549716628854939	1.0312714308314306	
16.843129350305507	3.714190670332981	-4.230520379007814	-1.6741370437928336	2.662602371771626	1.1133259968034168	
17.181594378954298	4.084005856394653	-4.54708889780178	-1.7906922793597422	2.7706369706625305	1.1916524242179303	
17.453219334725684	4.457090069270644	-4.801762355400734	-1.907172595611065	2.8716308294326907	1.2637184538767703	
17.64565028664668	4.825304326118542	-4.981848592228706	-2.0196234025169137	2.9631102080969427	1.3269441911624589	
17.747185559834552	5.180523418126281	-5.077756883075234	-2.124256148214847	3.0423069281283244	1.3788053560169173	
17.747240851915155	5.5146593058692615	-5.084093510500665	-2.217700670620166	3.1061672686649398	1.416943333290286	
17.636751138999326	5.819713307394209	-5.000343091033685	-2.2971909521270857	3.1514036649766473	1.4392603223920142	
17.408514072653492	6.087836182407319	-4.831139169785029	-2.3606665952713475	3.1745785228799366	1.4439923665625343	
17.05752185359693	6.311392291424852	-4.5861799843462245	-2.406801472360749	3.172217811146252	1.4297666721194247	
16.581332426080795	6.483038271659778	-4.27977357809205	-2.4349581008186134	3.1409610030550716	1.395648332674974	
15.980479419062055	6.595842312024713	-3.929846437752737	-2.4450426981675144	3.077749337304326	1.3411698634010023	
15.25883197333708	6.643470016057124	-3.556552190555321	-2.4372944926083377	2.9800138106872596	1.266337996338351	
14.423942786425151	6.620448169069956	-3.180811896185318	-2.412077292518586	2.845853797581683	1.1716374937733849	
13.487316949590316	6.522494606543272	-2.822808353748366	-2.3696874883329033	2.6742014688140046	1.058028347261077	
12.464550513249458	6.346925740013724	-2.5004724449670648	-2.3102027043877653	2.464971003117111	0.9269369694682095	
11.375027130440209	6.093007497189251	-2.2283069240457745	-2.2334275505146324	2.2191204350640485	0.7802161141767274	
10.24129108879208	5.762213999766034	-2.0166685673464815	-2.138934776247922	1.938636341291267	0.6200861925848798	
9.088184414145163	5.358405890572752	-1.871400605358456	-2.0261713495139304	1.6264577531299549	0.4490611215719542	
7.9417491757563745	4.887929438594546	-1.7937910301634332	-1.8946191530306538	1.286338122543287	0.26985611023538525	
6.827926492163289	4.359582209146322	-1.7809732697467369	-1.7439906594439931	0.9226302351425674	0.08527476565028697	
5.771386219292704	3.7844244837850645	-1.8267705552532711	-1.5743904465259693	0.5400316810709587	-0.10190298121715577	
4.794629301431054	3.1755747383501594	-1.9226502136421169	-1.386425165331245	0.14335169817857346	-0.28901763750280707	
3.917329554537036	2.547960356020692	-2.0587473125847082	-1.181264590536123	-0.2627014619598977	-0.47361429926820653	
3.155896022432725	1.9179988832225667	-2.224888330779424	-0.9606546292416631	-0.6737065924013498	-0.6535155015942241	
2.523379911731543	1.3030963569263798	-2.4114110851889135	-0.7268652090060225	-1.0856525903304226	-0.8268646748629382	
2.0295647846040037	0.7210281581609707	-2.609611202015691	-0.48261408612744466	-1.4949975357674443	-0.9921448626413857	
1.6811282828775458	0.189236071098318	-2.811902470650628	-0.23098549181535818	-1.8986887531774481	-1.148183605568789	
1.4818559263198574	-0.2759705268215081	-3.011733534896593	0.024655353404041427	-2.294152351827717	-1.2941467045588628	
1.4329186213393594	-0.6602833340974777	-3.2032742225386373	0.2807535328333678	-2.6792515000118553	-1.4295187325076224	
1.5332255746794625	-0.952112798870504	-3.380987507801662	0.5336576371777545	-3.052215060036402	-1.5540671640234835	
1.779718454682704	-1.1431627854705464	-3.539230135839358	0.7797077470768058	-3.411564435152265	-1.6678073328915024	
2.1676361865506504	-1.228867275592747	-3.6718984534546224	1.0153267508200556	-3.756034552708852	-1.770965340994043	
2.6907350251220117	-1.208712300429444	-3.772136786053483	1.2371240759263906	-4.084486801215083	-1.863939259537862	
3.341489144057691	-1.0862518946589421	-3.8321874294542067	1.442004803929511	-4.395811403948376	-1.9472536964301344	
4.111216082657975	-0.8689049911886761	-3.843391903267481	1.6272711273532032	-4.688834522732288	-2.0215157097121073	
4.990123774491632	-0.5676443857901231	-3.7963058636558635	1.7907182169160931	-4.962230993400082	-2.0873722795561758	
5.96729077023125	-0.19656836508315606	-3.6809349713639015	1.9307247351995458	-5.214440652847966	-2.145466018630212	
7.0305812466294935	0.2276801763478142	-3.4871322086498173	2.0463308135291913	-5.443592238959713	-2.1963861201927193	
8.166562986342992	0.686656598615579	-3.2051313446792986	2.1372673043602592	-5.6474600711656455	-2.2406201347489105	
9.360421136573823	1.16085144811414	-2.8261503660183753	2.2039607546888225	-5.823446558331499	-2.2785078764596687	
10.595895633892226	1.6304561026158435	-2.3430643482460174	2.24751183821052	-5.968592169033178	-2.3101972110300553	
11.855252174322418	2.076188359312777	-1.7511911568523373	2.269647298473362	-6.0796178636217695	-2.335600076914422	
13.119376568754742	2.4801267840741756	-1.0490755369383775	2.272618935103828	-6.153021893674059	-2.354362987039115	
14.367990770049705	2.826426736068261	-0.23915419276097732	2.2590717226593275	-6.185216844973645	-2.3658590503941195	
15.579963766900951	3.1019479282098814	0.6716596644801209	2.231899627939925	-6.1726951024815895	-2.3691972047852987	
16.733745970200882	3.2968104014136497	1.671492569617348	2.1940848964096116	-6.1122277051296745	-2.363252009395934	
17.807985176778114	3.4048704946194364	2.7431929692206634	2.1485184808493654	-6.001105929620492	-2.3467223552000327	
18.782284629093937	3.4239218521092787	3.864495141187459	2.097831412523086	-5.837378795936419	-2.31822352466743	
19.637988405923895	3.3557579827360198	5.008440771156684	2.044256936575536	-5.620068387433968	-2.276389406865311	
20.359033439198484	3.206104313595064	6.144117283107889	1.98951553447787	-5.349375488459249	-2.2199912173014194	
20.932849000161486	2.9844117171253695	7.237730703750194	1.934725213517582	-5.026870986567659	-2.1480716431187696	
21.350830849409157	2.703294369979009	8.253942785572852	1.8803957544815213	-4.655531846113201	-2.0600430616182206	
21.609730513780065	2.3780220280594193	9.158317586578695	1.826370121749837	-4.240005573393724	-1.9559200054524433	
21.709746386230627	2.0252687683010957	9.917574403371846	1.772092390676025	-3.785971770385673	-1.8361242642588864	
