22.529641473674808	1.3431695026610897	11.842297830285911	1.5810611082166228	-2.623415630852775	-1.39187997884184	
22.265059438954868	1.0957024569816523	11.999324439651147	1.4932566594770311	-2.10646934442254	-1.2265389535821616	
21.886308607186216	0.8866479646804992	11.96095726214907	1.4013885660228416	-1.5861267512547033	-1.0557782871764183	
21.408272290501802	0.719021810983417	11.733797206388548	1.305051235545454	-1.070285223905598	-0.8827622797045456	
20.846161545325707	0.594542754042475	11.328437843961257	1.2040969657195342	-0.5665908574755928	-0.7107294468438307	
20.215763574660123	0.5121299775783591	10.764240895453252	1.0989660848498528	-0.08206883245305886	-0.5430476938409635	
19.53242721155102	0.46912247753482317	10.066398982728526	0.9906138230598317	0.37706572278998596	-0.38297758025024203	
18.810627616195983	0.46192985148615573	9.264447458983662	0.8804562536181703	0.80551070682295	-0.23354159726330492	
18.063663417648186	0.4865513549853273	8.390990834453577	0.7703082343670219	1.1989507645103326	-0.09741406195381756	
17.303329339025865	0.5392386493560695	7.479830275806981	0.6622703097854606	1.5541152664609756	0.02321971283093032	
16.539915950086666	0.6169024893525034	6.564022427174181	0.5585576160221886	1.868704506661211	0.1267495242499156	
15.782388462850802	0.7171782690256191	5.674371055216054	0.46134318491733306	2.1412927775637596	0.21218428354554525	
15.03859580179776	0.8383333383539089	4.837988424853105	0.3726021276947378	2.3712625525869124	0.27920138557541085	
14.315613514876393	0.9788689763833831	4.076783630474446	0.2939286977477944	2.5587380234332078	0.3281790537822483	
13.620086315664581	1.1369730315646756	3.4068108793417973	0.2264179079330236	2.7044889230414326	0.36013064626032315	
12.9583975027145	1.3100996316349727	2.8379482630918154	0.17058882416472998	2.8098763077429334	0.37663126453855295	
12.336734404302794	1.4945573648920376	2.373633920311232	0.12631136130443416	2.8768214824060445	0.37972712370170086	
11.760970784754033	1.68533807697804	2.0113757470010567	0.09281701719251156	2.9077434185090247	0.37176573380399947	
11.236444582007499	1.8762908997443277	1.7437879926468982	0.06879622605144554	2.9054774120793625	0.35521738898590033	
10.76769610267362	2.060396636753785	1.559492432252734	0.052501601342502785	2.8732142793362483	0.3325217884408884	
10.358096720530002	2.2302773415221444	1.4442422515699385	0.04190446065020081	2.8144342052184848	0.30591335753630355	
10.009594680985213	2.3789249232776664	1.3823655827386376	0.03491521466510586	2.7328148384303828	0.27729531005132274	
9.722575544053727	2.500313087428296	1.3578689250668736	0.029563970330494554	2.63215699218096	0.24817819447668613	
9.495720696157472	2.5900215861091302	1.3554485060415504	0.024177337904750327	2.5163142833620413	0.21963505188468155	
9.32596569052998	2.645834383536136	1.3614758516494565	0.01754978103318499	2.3891077845955295	0.19230695034142478	
9.208699612565274	2.667913494815598	1.3645124071065615	0.009004695078359055	2.2542496289558227	0.1664826408272204	
9.137962754461613	2.6588420689408077	1.3556205816496782	-0.0015895270606452435	2.115277843140964	0.1421732345394812	
9.10669733068266	2.623585466259591	1.3286334369434798	-0.013833502379632665	1.9754774253439427	0.1192004532936865	
9.107187941052777	2.5690507219466596	1.2800587915402823	-0.026917586433897196	1.837812847815206	0.09730764102783208	
9.13149522299844	2.503494337799383	1.2087690548491938	-0.03977666495151577	1.7048886105499015	0.0762409572678982	
9.171853285663362	2.4359514871607058	1.11572190889038	-0.051238182320175574	1.5789073623828414	0.055810341400696635	
9.221143124848929	2.375481445205228	1.0035663738242557	-0.0602097526464757	1.461623912527861	0.035940496682335454	
9.273241126067635	2.330418631508037	0.8760654609194685	-0.0658423983224875	1.3543546925817571	0.0166823134191091	
9.323228502274164	2.3078267349255386	0.7376601740938057	-0.06763635125766031	1.257994641847746	-0.0017942015650087451	
9.367580761032967	2.3129523402429832	0.5930691058442504	-0.06553726688472679	1.1730297836447807	-0.019215098396972934	
9.404210506684416	2.348801204894216	0.44689970874831636	-0.05998113901370847	1.0995788511242386	-0.03523794460405522	
9.43229184909627	2.41609071003765	0.30341198176968176	-0.05184973209526468	1.0374615728358312	-0.04949284474220007	
9.452084668585929	2.5132711269635646	0.16636885421957162	-0.0424150117300588	0.9862502825414872	-0.06161571957902477	
9.464701199952597	2.6366287770709405	0.0389134229337392	-0.0332534961041011	0.9453232723784787	-0.07128448591726885	
9.471756411699822	2.7807401310592055	-0.07644409054505373	-0.026101051694273934	0.9139324493329148	-0.07824572856537808	
9.475097500711522	2.9389616607410627	-0.17779260426152083	-0.022724291615166637	0.8912549503643379	-0.08232631663318082	
9.476590657860035	3.103881633736137	-0.2637966993780648	-0.02480129654930219	0.876435032930745	-0.08344130160982993	
9.477945848406272	3.2678633680255853	-0.33366471055192276	-0.03378925543297954	0.8686264667443502	-0.08159475862190696	
9.480671817271485	3.42350849302378	-0.3870861321184348	-0.050840553092875364	0.8670244367084554	-0.07686605203147462	
9.486101864477547	3.5639573066830508	-0.4242022566220941	-0.07674891931818426	0.8708879812320188	-0.06939715946246486	
9.49546759330128	3.6831595804819077	-0.4456027447696134	-0.11189535939756484	0.8795634989229935	-0.05937922050353067	
9.510044346040237	3.776025134046758	-0.4523197930271113	-0.15623156793058923	0.8925036835540275	-0.047033571007632904	
9.531286377332068	3.8384292001291636	-0.4458123354038452	-0.20930623591864367	0.9092754316346452	-0.03259344632550558	
9.560942603009856	3.867224218742389	-0.42797040107314605	-0.27028610644244033	0.9295681015672266	-0.01628791937743476	
9.601181797175762	3.860268861237841	-0.4011371319126304	-0.3379841725960782	0.953203506034971	0.0016780872156122533	
9.65464129833963	3.8164160550375663	-0.3680990366202774	-0.41093371718127425	0.9801308796684559	0.021143755905400536	
9.724420119944869	3.735550414608327	-0.33207562956981207	-0.4874618636069929	1.0104184798453135	0.042008359424252316	
9.814054598896806	3.618699201011491	-0.296721847296845	-0.5657641170142292	1.0442468905222204	0.0642486571466265	
9.92742572831479	3.468208548790249	-0.26611704896319266	-0.6440087661141938	1.081895815782587	0.08793653086510865	
10.068587973671772	3.2878198608524842	-0.24470067001428403	-0.7204448483646191	1.1237208677693253	0.1132429569814137	
10.241597266618005	3.0827381236056173	-0.23720530763443876	-0.7934938280397961	1.1701341397093277	0.14043880304623138	
10.450283392230109	2.859716570071778	-0.24856509706780464	-0.8618573984590768	1.2215821470801802	0.16989380405373608	
10.697970648191166	2.626947391891541	-0.28375334898260895	-0.9246093101546349	1.2785161208762224	0.20206018689010835	
10.987250686139019	2.3937967505383666	-0.3476024170623229	-0.9812402856094632	1.34136469335659	0.23744819057023703	
11.319757735387121	2.170521163831073	-0.4446107743903399	-1.0316969845715513	1.4105072856840535	0.27660119624664514	
11.695897885919344	1.9678204192242856	-0.5786700200019796	-1.076412036006627	1.4862397300818544	0.3200600223827058	
12.11472777044734	1.796231790113948	-0.7528191414371451	-1.1162582014005091	1.5687465715461504	0.3683217178429197	
12.573890186107706	1.6656013244997505	-0.9690422752502873	-1.152488250477365	1.6580792328136207	0.42180387420091325	
13.069528520654071	1.584503765886723	-1.2280268633999003	-1.1866657032721144	1.754129970735816	0.4808035335407328	
13.596273846699054	1.559641816862632	-1.52893368595392	-1.2205419466024794	1.856608778892489	0.5454512755855	
14.147361119850151	1.5955665632324867	-1.8693196948660202	-1.2559088872321806	1.9650388141800268	0.6156822293598929	
14.714697238826828	1.6944998511058418	-2.2450518187101376	-1.2944671107574068	2.0787498314832495	0.6912081651154047	
15.28890264167553	1.8561960730612739	-2.650181905643072	-1.337664200859656	2.196866641300356	0.7714805937771477	
15.8594488663455	2.0781674136396284	-3.0769992567906783	-1.386548170771775	2.3183126453367504	0.8556756494021344	
16.414805221272175	2.3560223887931238	-3.5161838130054166	-1.4416826901724593	2.4418160925334527	0.942695315972528	
16.942556922080495	2.683756567225473	-3.9569570468401096	-1.5030755991584435	2.565907798398571	1.0311655275538205	
17.429575091336854	3.054107557265706	-4.387367608410958	-1.5701356233901027	2.688913606646372	1.1194432268005807	
17.8623048242418	3.458941128035476	-4.794818125453962	-1.6417398681709983	2.808960160818924	1.2056605231736424	
18.2270465077919	3.889483310747782	-5.1665859998817005	-1.7163168962470967	2.923975113926703	1.287767618074328	
18.510304481144193	4.336488342818484	-5.4904678246662115	-1.7919488561365378	3.0316798920014176	1.363581852594718	
18.69925886641546	4.790364268355572	-5.755612293389969	-1.8665369778771743	3.129592573948458	1.4308635244441859	
18.782183537596165	5.241262434521068	-5.953194340048594	-1.9379618719821574	3.2150492079773225	1.4873928349358183	
18.74885130093264	5.6791460432179415	-6.0770230205652345	-2.004213715477902	3.2852255237299657	1.5310393623882759	
18.591058477443475	6.093878495031568	-6.12425130539554	-2.0635307769559237	3.3371722766935568	1.5598478696357105	
18.302986417222648	6.475367869140766	-6.095636249844065	-2.1144767088865883	3.3678876359768224	1.572109122728975	
17.881449795151465	6.8137222460626505	-5.995497201084162	-2.15595233171373	3.374397930233964	1.5664079293256281	
17.326221913308785	7.099437750015117	-5.831631023011507	-2.18718358547478	3.3538529445635143	1.5416752291055966	
16.640396610448025	7.323669423981834	-5.6148973513188585	-2.2076462475729386	3.3036623792049156	1.4972390309190549	
15.830464146451723	7.478488710743626	-5.3583283560229376	-2.2169315793520026	3.221617610349708	1.4328328095899272	
14.906418954937518	7.557153261448841	-5.076327387289237	-2.214628543520134	3.106001434764254	1.3486059483019304	
13.881955651790296	7.554486738387151	-4.783734285713477	-2.2001919381109847	2.9557262849630463	1.2451446460187432	
12.774332989127785	7.4672525479828415	-4.494733613471943	-2.1728345481392344	2.7704391541080176	1.1234609638776831	
11.60390801775745	7.294368570286468	-4.22207647645622	-2.1315022334049107	2.550554844919494	0.98495546125631	
10.393660808751523	7.037123786681763	-3.9764582185123794	-2.07488575649556	2.297287404852004	0.8313878150950154	
9.168438728010386	6.699397687112774	-3.7659368364855386	-2.0014949373857567	2.012666169618743	0.6648361466921406	
7.953789091046262	6.2875059271901526	-3.5958546759156533	-1.9098189637669651	1.6994293606127093	0.48761481241700816	
6.7749551025652215	5.809970540781825	-3.468945461691772	-1.798483380214032	1.3609060869831577	0.30220310206718093	
5.655840475592842	5.277291047366861	-3.385470165369179	-1.6664264264848054	1.000893704653454	0.11117533627499059	
4.617950376579253	4.701552246171554	-3.3435863940682258	-1.5130929217056104	0.6234751226357684	-0.08288406506349429	
3.6798721595750585	4.095976506876062	-3.339900090152529	-1.338534476546903	0.2328287629410746	-0.27745391301850064	
2.8569532488265135	3.4746120359557304	-3.3698920227274436	-1.1434744523936324	-0.1669198207502814	-0.47013521790861906	
2.1610277340678046	2.852037580806276	-3.428356657234796	-0.9293639683842948	-0.5718561593711453	-0.6587178942417548	
1.600591150914733	2.2430237418996395	-3.509835199258102	-0.698336298251442	-0.9783977176466373	-0.8412296253586748	
1.1811296807396237	1.6622099432336794	-3.6088545885318033	-0.4531198320325004	-1.3833484083691032	-1.0159589289494413	
0.9053621153620409	1.1237613530799455	-3.7200561981096225	-0.19696237828457244	-1.7839385534923384	-1.1814779001862379	
0.7735283717265482	0.6408817370370379	-3.8381979201523837	0.06647018907565468	-2.177841667884765	-1.3366610266788428	
0.7838655281643894	0.22536566115154827	-3.9579938050852737	0.3332324396455823	-2.563121293509483	-1.4806675176746669	
0.9329412152989107	-0.11278469870975429	-4.073923409044897	0.5992060104365617	-2.938177873288743	-1.6129259286487967	
1.2159240720500506	-0.36582354562132324	-4.179989243613712	0.8602055554277888	-3.3016933657685366	-1.733124218374844	
1.626896045064848	-0.5286616771910325	-4.2694633030273295	1.1121002517147753	-3.652545065886818	-1.8411855161392874	
2.1591261307159053	-0.5989836718273653	-4.334780262982875	1.350914997172913	-3.989714730279443	-1.9372328433431611	
2.805238108820335	-0.5773681514904085	-4.367488755230824	1.5729218274884311	-4.31221250425016	-2.0215643767838705	
3.5573307130932323	-0.4674311691321349	-4.3582647473858795	1.7747554302706214	-4.618987620874901	-2.0946289420743462	
4.407055466732885	-0.2756291273675368	-4.297137495006891	1.953506965304346	-4.908841694305774	-2.1569873952746654	
5.345613279600972	-0.010993142949691115	-4.173783329564032	2.1067923102047446	-5.1803659311849986	-2.2092784860573778	
6.363687064039254	0.3150828825815747	-3.9778653700503903	2.2328334501291085	-5.431878951578172	-2.2521870929263046	
7.451287978572875	0.6891648101186388	-3.6995411425675524	2.330546721266986	-5.661366446421885	-2.2864034190250453	
8.597612141002138	1.0962966509007492	-3.3299805060406804	2.3995572087766948	-5.8664722501039135	-2.3125814961809916	
9.790897240057545	1.5204298300638852	-2.861843949218462	2.4402123170114156	-6.044502751398317	-2.3313033548307605	
11.018231015688402	1.9448992926775197	-2.2898943100617424	2.4536087676582494	-6.192439810537213	-2.343035911379111	
12.265432243088048	2.3530598579051514	-1.6116002428874365	2.4415573108773643	-6.307009065810575	-2.3480889071357023	
13.517071806542136	2.7288740864848373	-0.8275267323712917	2.4064946720827938	-6.3847836256899	-2.346590178634065	
14.756511967571347	3.057472820415647	0.058237796745772674	2.3514061478630603	-6.422293843684934	-2.3384630981488432	
15.966024738982608	3.325869297834834	1.0375277619728145	2.279717556830983	-6.416189677577846	-2.3234043160804765	
17.127155650318947	3.523502456912727	2.0979714296174365	2.19511639994131	-6.363430374983403	-2.3008974399783884	
18.22114290553154	3.6426171270519756	3.2230057155710217	2.1013920431737785	-6.2614551798067675	-2.270240556161773	
19.22942020216259	3.678688270361196	4.391850948069496	2.002271097586752	-6.1083807994933474	-2.230580277269662	
20.134340021921986	3.6307303278530076	5.579776604844906	1.90122575126317	-5.903222479719349	-2.180976294520084	
20.919937424317514	3.501199865711101	6.758948156208856	1.801327144101475	-5.646037883081095	-2.1204959768970366	
21.572470792076988	3.295832037852418	7.899150484831132	1.7051576999184366	-5.338008611014103	-2.0482876708732576	
22.08111482455032	3.023446619709471	8.968753578291716	1.6147212943611817	-4.98154614392819	-1.9636785215987596	
22.43950726178198	2.6957914336737674	9.936831738326788	1.5312767066363069	-4.5805831942500355	-1.8663954854109377	
22.643322526930007	2.325857817000644	10.772929647757298	1.455750031396891	-4.13972801697941	-1.7563545270756695	
