21.89413650753537	-8.269570906791696	9.508838227886232	0.8059689253824762	-1.7569368756484645	-2.652747525532928	
21.60313454445386	-8.50954005124848	9.589574584576441	0.8664365357388467	-1.391949166995721	-2.2424804147071313	
21.185984688996463	-8.546185997668132	9.43182796503329	0.9263771835832882	-1.0157858221343061	-1.822799280748906	
20.66153312995559	-8.374128713319198	9.040111067170578	0.9835944056158518	-0.6346533698016377	-1.4031101521829676	
20.050476048050637	-7.997435157099842	8.429827754319193	1.0357327043210707	-0.2549788983475197	-0.9926324649861399	
19.37528027515202	-7.433048146517172	7.631126133562788	1.0803572759279099	0.11668191668123065	-0.6000487928791154	
18.658526435393455	-6.708252407992601	6.685717955473343	1.115212495187694	0.47396912679751146	-0.23310405628756709	
17.92185286469852	-5.859398938598694	5.644954725944156	1.13839721177188	0.8109221122748009	0.10171150687993707	
17.1846534234469	-4.928854815936505	4.565660883061372	1.1485358199945803	1.1221606399567328	0.3994018753252916	
16.462993072812946	-3.961332127324465	3.505219298893193	1.1448873486709303	1.4029741394715083	0.6565835260134794	
15.768900017174358	-2.9999875227893864	2.5164506081469313	1.1273803280948085	1.6493527280474407	0.8715137511137092	
15.110194211868425	-2.0827692525668997	1.642879784070115	1.096555459225999	1.858001538988911	1.0440394239266115	
14.490908060985303	-1.2396105448368293	0.9150937688847433	1.0534129660184641	2.0263852768722326	1.1754841503747278	
13.912198009777045	-0.49099962647862344	0.34881627143963406	0.9991830527926497	2.152848845617519	1.2684860184246223	
13.37344977129887	0.1516674732238035	-0.05463835007080595	0.9350879044122453	2.2367835761884907	1.326763800034578	
12.873211325798385	0.6846688523735722	-0.3062741333732186	0.8621845630343578	2.278778866595237	1.3548353452991253	
12.409901903803352	1.1101154545441532	-0.42636910939594025	0.781321793406338	2.28070567362348	1.3576923604981497	
11.982293883758668	1.4341132061549382	-0.4410171299399942	0.693214703173921	2.245701971009383	1.3404524255082375	
11.589775250590463	1.6652229838627448	-0.37873383554173595	0.5986165685858242	2.178055618158118	1.308020404422406	
11.23236551825148	1.8133068185132009	-0.2674923850727323	0.4985338598377126	2.0829782044252365	1.2648081823346031	
10.910515167930004	1.8887823140765676	-0.1325490184476496	0.39440014193810247	1.9663035549081898	1.2145598945791882	
10.624804487905443	1.9022209312527087	0.004978046778674976	0.28816534665448296	1.8341607083622615	1.1602722783320787	
10.375619725398222	1.864205979816519	0.12888384137670242	0.1822812404760923	1.6926453208377377	1.1041971750696773	
10.162861540696575	1.7853742234870773	0.22810084407054296	0.07957792812011859	1.5475163804106395	1.047910124076715	
9.985713362991035	1.676530767343426	0.2964741016732952	-0.01696469385502459	1.403935862616185	0.9924281380422324	
9.84251383057481	1.5486610685426923	0.3321075793647461	-0.1045165093552739	1.2662834425819103	0.9383621880492901	
9.73074320980625	1.4127144834493996	0.33652015439129257	-0.18069819450736394	1.138043687742381	0.8860645342230294	
9.647116693967726	1.279154422015892	0.3137185683414789	-0.24383548941560879	1.0217574522656505	0.8357546267861454	
9.587770442863295	1.1573450975714945	0.26926727241996384	-0.29312585482940484	0.9190347018964697	0.7876131294106398	
9.548515608241395	1.0548863194346676	0.20943587808948444	-0.3286908818592654	0.8306191957339426	0.7418377049073985	
9.525131197177783	0.9770851434485078	0.1404901108591939	-0.3514910204184483	0.7565039717004455	0.6986602641288497	
9.513640777414007	0.9267355768766001	0.06819351806866288	-0.36313069269649195	0.6960784145949311	0.658335227288919	
9.510538897173536	0.9041805652061923	-0.0025051468772596315	-0.36561986013663667	0.6482779226776082	0.6211138505575914	
9.512952175921713	0.9076177153446392	-0.06764000301273483	-0.3611277365230577	0.6117303275728423	0.587214468553038	
9.518727006513139	0.9335795191940944	-0.12428540193852952	-0.3517620671428681	0.5848901945387538	0.556795866607667	
9.52644789428352	0.9775049633598231	-0.170539307933179	-0.33939835161078996	0.5661553741106036	0.5299387302172379	
9.535388273259775	1.0343070660223925	-0.2054485443577816	-0.3255830567267145	0.5539598116376975	0.5066399094485009	
9.545432177985202	1.0988277771306905	-0.22892125494755644	-0.31150295899680175	0.5468403797660591	0.48681716042733864	
9.55698375151417	1.166170567683851	-0.24163676908571868	-0.2979993964865716	0.5434844279774769	0.4703211409848672	
9.570868909497563	1.2319170948823002	-0.2449492866937135	-0.2856107442077289	0.542762212287206	0.45695240456155234	
9.58823004091001	1.2922474422338952	-0.2407804777064737	-0.2746256016182766	0.5437487182628908	0.4464812342510325	
9.610404468988726	1.343987105142181	-0.2314832073927295	-0.26513354443967085	0.5457359364517563	0.4386690248836347	
9.638787786314538	1.3846101135866817	-0.2196726893469353	-0.25706345209834797	0.5482348936791404	0.43328909449742536	
9.67469251458442	1.4122365714200307	-0.2080391505710113	-0.2502072378714082	0.5509712903770334	0.43014609941606763	
9.719211573439154	1.4256345767622323	-0.19915054802024654	-0.2442359143732302	0.5538734164490411	0.42909393937618695	
9.773101637139462	1.4242325909511542	-0.19526147747003636	-0.238714359915964	0.5570522425747281	0.43005162643312156	
9.836702888588407	1.4081461133011401	-0.1981448532199941	-0.23312220269828265	0.5607740357015947	0.4330167955725903	
9.909924372651199	1.3782009255635392	-0.20898293135378535	-0.2268886658708664	0.5654246431513312	0.43807402678311336	
9.992293971668651	1.335952585282353	-0.22832933505694086	-0.21944023312154587	0.5714722852038231	0.4453982918748251	
10.083061004189338	1.283694383948743	-0.25614023803184993	-0.21025864972895497	0.5794318790149753	0.455254346285377	
10.181338438159512	1.2244406947017492	-0.2918741765061789	-0.19894516870348536	0.5898330804200204	0.46799250250349445	
10.28626827430797	1.1618760887143957	-0.33465461159615095	-0.18528639514996048	0.6031943126996339	0.48404194787136806	
10.397190891526307	1.1002508816797214	-0.38348909471972686	-0.16931301561670462	0.6200050139518409	0.5039019684132731	
10.513790968356929	1.0442188045685892	-0.437512204680138	-0.15133762645667126	0.6407181742086516	0.5281315851035606	
10.63621651979796	0.9986379030069265	-0.49621865411186683	-0.13197058578320456	0.6657516699994108	0.5573388210401518	
10.76517199884487	0.968342680382969	-0.559664707700073	-0.11211154279374774	0.6954969328375497	0.5921683912192139	
10.901984518930334	0.9579020657536412	-0.628613626136924	-0.09291659376856912	0.7303332836768434	0.6332867056307655	
11.048641421809444	0.9713763736161991	-0.7046025671909557	-0.07574234069735641	0.7706459946010927	0.6813622696666436	
11.207772996976429	1.0121127274261386	-0.789890983774711	-0.06206794489065327	0.8168441045274933	0.7370399294156597	
11.3825756870508	1.0826026071933164	-0.8873022905204004	-0.05340811634938009	0.8693729059759295	0.8009098079365115	
11.57667230562758	1.1844015200213427	-0.9999784791048665	-0.05122272895015486	0.9287180415805301	0.873471530249729	
11.793904600575805	1.3181100683350127	-1.1310624260047093	-0.05682666234897282	0.9953986998772775	0.9550949974143298	
12.038056495391393	1.48340341373184	-1.283323464500671	-0.07130197238268379	1.0699478532301283	1.0459782495771475	
12.312505209977942	1.6790952912794461	-1.4587449919700008	-0.09541545283744449	1.1528773206589724	1.1461043329789216	
12.619829454726114	1.9032132128942731	-1.658130477271482	-0.1295510816672743	1.2446297014943914	1.255203086269493	
12.961388516817392	2.1530477618926858	-1.8807476059784944	-0.173654755351171	1.3455196718533085	1.3727157618018482	
13.336884006663912	2.4251762693124164	-2.124032991438057	-0.22719482502096752	1.4556659594500754	1.4977637161972492	
13.743921656259758	2.715465312242393	-2.383383147800691	-0.2891425664653806	1.574915586849945	1.629121955398154	
14.17758002201031	3.019061231401868	-2.6520539281878444	-0.3579762714739892	1.702759330720566	1.765196694847368	
14.630077783551307	3.3304028890077206	-2.921252432159253	-0.4317250348666177	1.8382491874682163	1.9040161349456568	
15.09057602398437	3.64327153632903	-3.180422326693046	-0.5080478645526203	1.9799234849980747	2.0432339913550446	
15.545136891115973	3.950894481619019	-3.4177168183801845	-0.5843444309151462	2.125742318766143	2.1801464297235267	
15.97688932699812	4.246124378858692	-3.6206654638889484	-0.6578969127181337	2.273041231644814	2.311726830257094	
16.366438260563278	4.521711529329849	-3.7770283685868034	-0.7260403069758894	2.4185087307203332	2.4346810236543663	
16.692588850314234	4.770684806764673	-3.875824941134114	-0.7863583856710391	2.558201860424851	2.5455296348556584	
16.93338978174766	4.986794859267235	-3.9084026262521183	-0.8368820682075852	2.6876182993385846	2.6407184145955336	
17.06739000495383	5.1649513418611885	-3.869439031118828	-0.8762742855216075	2.801817397548451	2.7167484316879094	
17.075050985253238	5.301586737027427	-3.7577730475631728	-0.9039837291198457	2.8955957230109255	2.770323193030197	
16.940217878287562	5.394876865787363	-3.5769470312973684	-0.9203447775092779	2.9637165057772417	2.7985055143215307	
16.651564865188664	5.4447579307491045	-3.3353535528780056	-0.9265990687048715	3.0011931104863043	2.798878440214599	
16.203742361911264	5.452667811623614	-3.0457797321267783	-0.9247879852940295	3.003602334144132	2.769683528237299	
15.598071516108849	5.421096036990516	-2.7244372242724797	-0.9175184507698054	2.9673815623323194	2.7099180364584963	
14.842787585599499	5.353069989069933	-2.3896526280138586	-0.9076294958927751	2.890085141106682	2.619387260435765	
13.952804129051005	5.251682795290549	-2.0603575147374467	-0.8977953686863275	2.7705758598300276	2.498704555888625	
12.949037327572118	5.11976341535583	-1.7545357868671312	-0.8901178569570684	2.609139331104151	2.3492394307868394	
11.857314718825723	4.95976996530181	-1.4877794386885992	-0.8857841967304764	2.4075081935647957	2.173013010535011	
10.706960131480873	4.773917976885414	-1.27217951624767	-0.8849013227086004	2.1687848507577936	1.9725509950631193	
9.529270287641985	4.564437379888981	-1.115578963136463	-0.8865236459710553	1.897311296204509	1.7507302912414355	
8.355880608683584	4.333843020379199	-1.0211938912786924	-0.8888598357091327	1.5984829243792806	1.5106302946717227	
7.217077861522166	4.085122897891371	-0.9876226356663411	-0.889620049971732	1.2784959944781786	1.2553992317730578	
6.1401583817768755	3.8217857843704115	-1.0092562508698304	-0.8864445979005855	0.9440111750323599	0.988140736934763	
5.14819650073701	3.5477947215450767	-1.077195632174581	-0.8773169418761742	0.6017321691216152	0.7118230652765857	
4.259506739403347	3.2675177771415638	-1.180545819475582	-0.8608562366983193	0.2579895570353812	0.4292091318738612	
3.4876710290067265	2.985743520760894	-1.3078846118477818	-0.8364685365623566	-0.08159777705678388	0.14280228134245923	
2.8419404885314568	2.707711621765484	-1.4487001400223474	-0.8043626024414091	-0.4123446049481536	-0.14519000741668994	
2.3277817855867005	2.4390721489475418	-1.5945652830258346	-0.7654545164066857	-0.7305931989307145	-0.43287184400857714	
1.9474063034250886	2.1856672996754813	-1.7398195082904733	-0.7211948906771515	-1.0336933852962762	-0.7186511863274867	
1.7002768183102956	1.95312702264256	-1.8816115237683941	-0.6733632443074278	-1.3198994607671493	-1.0012110119061053	
1.5835806335149214	1.7463898347496511	-2.0194975777653594	-0.6238753189573663	-1.588246249048092	-1.2794780390163913	
1.5927279499482354	1.569241941833136	-2.1547583622359547	-0.5746096453208585	-1.8384175242222773	-1.5525952550227236	
1.7218789960800698	1.4239457488265077	-2.2895692620619026	-0.527256447090291	-2.070613624541347	-1.8199009372374142	
1.964470401879319	1.3109938372179493	-2.4261309379905964	-0.4831854209404566	-2.285422138977147	-2.080913635154287	
2.31368639267022	1.2290364257144255	-2.565861870298942	-0.4433378440632027	-2.483690798448761	-2.335313702810608	
2.762804373822849	1.1749600600552874	-2.7087530903108075	-0.4081504567595305	-2.66641648682291	-2.582914204879085	
3.305416444873727	1.144066098025457	-2.852886888829251	-0.3775135986927324	-2.8346533437958783	-2.8236171029542985	
3.935540453358688	1.130325253438017	-2.9941213060467566	-0.35077377774115315	-2.9894364774529523	-3.057351560902786	
4.64763098253016	1.1266690290870507	-3.125935190312946	-0.3267877956757464	-3.1317178007773148	-3.283993942198385	
5.436492930965868	1.1252748552834293	-3.2394395639804934	-0.3040370122698739	-3.262307920641624	-3.503269922347213	
6.297098411291029	1.1177942756259502	-3.323598329855011	-0.2807979023399362	-3.3818228354910835	-3.714651399874036	
7.224329933211888	1.0954869981051136	-3.365607038875509	-0.25533657107555136	-3.49063092946045	-3.9172576334188687	
8.212659335332724	1.0492838296098193	-3.3514418877674554	-0.22610836988141142	-3.5887995552564487	-4.109767722188458	
9.255776735593813	0.9698112162404834	-3.266584033260045	-0.19194119226262318	-3.676043001845669	-4.290352322607509	
10.346178202995706	0.8474244020170817	-3.096930058142998	-0.15218328667731157	-3.751672490308711	-4.456629491559803	
11.474763155358708	0.6723235253822889	-2.829858896493066	-0.10678134749386727	-3.814560245957213	-4.60566263185771	
12.630506881098835	0.4348169927789996	-2.4553274636937834	-0.05627283075134962	-3.8631262921654788	-4.734005310123151	
13.800233189116978	0.12577465793890552	-1.9669265493058774	-0.0017059454395522149	-3.895349956836251	-4.837787916384729	
14.968529261172367	-0.2627045021992045	-1.3628236714904016	0.05550186947145822	-3.908814256210087	-4.912849249217658	
16.11783178585374	-0.7364021234625225	-0.6465384637094741	0.11374888249340076	-3.9007882762337838	-4.954912288901459	
17.228722488449854	-1.2978730657000972	0.17250229359879737	0.1714573683761305	-3.86835525599318	-4.959806316466524	
18.280469076411556	-1.9453097666508172	1.0788003456541553	0.22726946340697307	-3.808584733949346	-4.92371798361746	
19.251734453192903	-2.671497313745331	2.050915008971277	0.2802042249288755	-3.7187289547292295	-4.843450311617502	
20.121441188214597	-3.4629915706197223	3.061901640391159	0.3297656548962983	-3.596434625478263	-4.7166802236749135	
20.869747992668984	-4.299658004846675	4.080063321454361	0.37599139719262203	-3.439954097384688	-4.542196895289072	
21.479129259867754	-5.154696099301958	5.070031525602405	0.41943322435482355	-3.248348727643258	-4.320116288497502	
21.935532574890427	-5.99545223326548	5.994315472175267	0.46104843238995247	-3.0216693110628645	-4.052051931692823	
22.22902711994164	-6.784820048547083	6.814797421976625	0.5020460391890263	-2.7610083541661736	-3.741118372073217	
22.355397612878082	-7.483826255295559	7.495540487347631	0.5436162979748493	-2.4687213315289918	-3.392129978953778	
22.31485340632209	-8.053433896426395	8.003260302372196	0.5868200616611634	-2.1480875067361334	-3.0111026431089023	
