21.8169345638753	-6.707781453551117	8.45289713764358	1.1012562827737675	-2.339893842817704	-2.8142117488869687	
21.605250940626146	-6.975198377823237	8.80068599534477	1.2012235177792694	-1.9634203261786498	-2.4556253383768785	
21.254841047041545	-7.071318995910049	8.918460782657757	1.2886401689675655	-1.569585459811854	-2.0798848008190016	
20.78323526632879	-6.987759628676423	8.794354399309253	1.3614326139002868	-1.1655056939658763	-1.6953741200635837	
20.210751569611123	-6.724234862609223	8.427719594595345	1.4178184113688606	-0.7585196878685803	-1.3107394528937182	
19.56058120093638	-6.291279088816871	7.833449896862797	1.4564478274648824	-0.35600865825960726	-0.9346569830566156	
18.857089791604373	-5.708772995327502	7.040672519688653	1.4764271969965201	0.03500107103695414	-0.5753212959718962	
18.124757535035776	-5.005220425457141	6.092098595314433	1.477379626766844	0.4080940912638181	-0.24008143771035997	
17.386762325092047	-4.215671288630712	5.041136955134557	1.4594838960974268	0.7576936738482002	0.06491652154636271	
16.663582041928265	-3.3789146102040024	3.947588663525906	1.4235095274348306	1.0791737715740861	0.33497399307415293	
15.971687737204679	-2.5341515800980288	2.872396920520318	1.370834589757842	1.3688616159549234	0.5669755174365542	
15.322556525082609	-1.71752930687648	1.8720638841325483	1.303416173614891	1.6239495050074335	0.759421024794799	
14.722269219225804	-0.9590793639879288	0.9934910403850762	1.2236856808139083	1.8423576821821643	0.9123668160580994	
14.171853578401754	-0.28062305449135594	0.27000730324096134	1.134358439102184	2.0226104706254775	1.0272980529187443	
13.668359876325287	0.3049091428172113	-0.28076336250721573	1.0381729160791422	2.1637901856906265	1.1069510783061824	
13.206392127462498	0.7925965800935268	-0.6566548357337718	0.9376226119868041	2.2655870490198757	1.1550760067122479	
12.779609050095194	1.1837975505687375	-0.8689359860996392	0.8347576112142846	2.3284064140306477	1.1761559307548375	
12.381990284222539	1.4842132695530603	-0.9391966394915676	0.7310906773829201	2.353475189292781	1.1750871575680495	
12.008777998777038	1.7021449604086942	-0.8957113461413463	0.6276159807958398	2.3429065047911055	1.1568398743480506	
11.65705202014477	1.8471428761871707	-0.769795537281996	0.5249257243098439	2.2997014308781996	1.1261320005488165	
11.325915832232369	1.9290467761052243	-0.5925278540042015	0.4233954471536154	2.2276807768973086	1.0871510483347075	
11.01626666422639	1.9573608613748577	-0.39220297977591406	0.3233953488640046	2.131336110785945	1.0433694468355916	
10.730288653887909	1.9409388156078493	-0.19267524349394777	0.22547410899429338	2.0156260321950934	0.9974612125257504	
10.470819712196393	1.8879493743542537	-0.012464386838630867	0.13048351358842386	1.8857421920695328	0.9513051123899026	
10.240704685165307	1.8060792893687458	0.13551450394270084	0.039621837714356095	1.746868905436309	0.9060597213429455	
10.04221816288374	1.702882126075535	0.2437488673581556	-0.04561560432751838	1.6039580766511092	0.8622920127840178	
9.876602560745374	1.5861248649878292	0.30958922054778454	-0.12358036525560948	1.461530625293717	0.8201411953002077	
9.743784069945425	1.4639277576210734	0.33441564283579484	-0.1926903985669202	1.3235208166823902	0.7794982426555607	
9.642286926099903	1.344573383278737	0.3226785854568043	-0.251670437978608	1.19316831572288	0.7401659580620333	
9.56933025715306	1.236011728800611	0.280903751912486	-0.29976059428041235	1.072956779639037	0.7019820468064292	
9.521083760555365	1.1451815092210267	0.2167266077319718	-0.3368477158750335	0.964600281252981	0.6648962140902795	
9.493040261403955	1.0773228433963602	0.1380273738833883	-0.3634897569067005	0.8690746841512066	0.6289994798455966	
9.480454567532597	1.0354626568440948	0.05221792580336787	-0.3808260910271916	0.7866874264906853	0.5945119998575567	
9.478777067052487	1.0202504994021058	-0.03426234266996085	-0.3903913468577991	0.7171848017458631	0.5617412904852358	
9.484000219568125	1.0301364809591922	-0.11623022602276327	-0.3938945480235896	0.6598747352328035	0.5310302692386211	
9.492888539446824	1.0617934683387376	-0.18986210384055366	-0.3930099708099896	0.6137513229878654	0.5027077984417445	
9.503085817195501	1.1106875632295652	-0.2526540270819662	-0.38920966648208793	0.577612953493855	0.47704899825168684	
9.51311254436715	1.1716931167742082	-0.3032828961603485	-0.383656666032993	0.5501663396171294	0.4542495380472237	
9.522282563386328	1.2396629971287791	-0.34141693967066034	-0.3771641442850937	0.5301125234138573	0.4344149029758325	
9.530565882942795	1.309871534400496	-0.36750982432586593	-0.37021862372108977	0.516212380889297	0.41756461226992125	
9.53844276828838	1.3782838210656756	-0.38262111532789406	-0.36304275234725336	0.5073319736455991	0.4036466112844219	
9.546771921149688	1.4416707134066158	-0.3882719789878966	-0.3556727144152058	0.5024730512617324	0.39255716214575204	
9.556678783793096	1.4976005877148133	-0.3863288859377534	-0.3480333115156198	0.5007924055526646	0.38416338270240263	
9.569465182160993	1.544348575293269	-0.3789058924852069	-0.33999779792122636	0.5016130114163337	0.37832611453845016	
9.586536227922965	1.5807689416483381	-0.3682730420802738	-0.3314257110982361	0.504429630269002	0.37492182243784317	
9.609338625436717	1.6061672779717153	-0.3567586069413711	-0.3221784492098601	0.508907793738844	0.3738621034248199	
9.639309145509314	1.6202075143323513	-0.34664479412961374	-0.31211962689812706	0.5148774860985317	0.37510948035400543	
9.67783168677926	1.6228632586850116	-0.340060138396283	-0.30111033959066114	0.5223225711502141	0.37868929166333076	
9.726203277843467	1.6144100540887545	-0.3388764272355099	-0.28900740650918044	0.5313655185319158	0.3846971431560021	
9.785610581090106	1.595451619462712	-0.34462163663722756	-0.2756704230601321	0.5422478576211502	0.3933015673207779	
9.857117964274389	1.5669706521032776	-0.35842055011024576	-0.2609812092639422	0.555307290780922	0.4047420021878968	
9.941669114958598	1.5303839878812238	-0.3809830224604754	-0.2448753732773616	0.5709519937367412	0.4193216405110612	
10.040099331507346	1.487583574254258	-0.4126479380872765	-0.22738062094226028	0.5896355601619053	0.4373968754455899	
10.153154200836246	1.4409539618961076	-0.4534790994379925	-0.20865597820179752	0.6118349952072882	0.45936519546651755	
10.281512668737411	1.3933598083793868	-0.503406073956549	-0.18902585952374287	0.6380332385554338	0.485652386151926	
10.425812915379016	1.348103460630619	-0.5623930540616725	-0.16900354502888074	0.6687077752907772	0.516699789232314	
10.586680159195689	1.3088569950406443	-0.6306122286602318	-0.14930046236642946	0.7043263120223717	0.5529518068207372	
10.764754594324096	1.2795692354990789	-0.7085839171710625	-0.13081655954082666	0.745349652156755	0.5948434505676479	
10.960714344616488	1.2643528166912892	-0.7972476107341868	-0.11461366185896697	0.7922393363548541	0.642787903467337	
11.175288657607986	1.2673493354110732	-0.8979540443447066	-0.10187632364713121	0.8454661720760994	0.6971633869668175	
11.409256108427492	1.292568402681825	-1.0123758215411933	-0.09386173334237052	0.9055158845335658	0.7582985501851522	
11.663421526714757	1.343704311689258	-1.1423414051694794	-0.09184036575580709	0.9728883750299883	0.8264554771919183	
11.93856258598778	1.4239380936812578	-1.2895987276601468	-0.09702769619985438	1.048087401171271	0.9018087245763104	
12.235333308107132	1.535747694247931	-1.4555198227749542	-0.11050873327274911	1.1315979054467253	0.9844201557524631	
12.554116125707841	1.680745016562694	-1.6407766990006196	-0.1331614301035825	1.2238506562515825	1.074210648516034	
12.89481575916334	1.8595319148929326	-1.8450100947262413	-0.16558214219943232	1.3251742257944248	1.170929050399754	
13.25659391851906	2.071571959362024	-2.066517487234409	-0.20801759178330784	1.4357346301506289	1.2741201610401196	
13.637551714820466	2.315077292573867	-2.301991243214791	-0.26030828037187276	1.555463796563716	1.383093480229132	
14.034367212443376	2.58691083323346	-2.546334756626812	-0.32184688301916065	1.6839770351370664	1.4968934417255455	
14.441927169555653	2.8825300739905235	-2.7926164159303464	-0.3915618627969269	1.820485358959464	1.6142756868680288	
14.853011130552998	3.195994322901997	-3.0322048293175996	-0.4679320481188872	1.96371242362067	1.7336932211761071	
15.258057856514455	3.520037490221412	-3.2550884005150484	-0.5490286213583577	2.111819997561755	1.8532921051879254	
15.645064888756831	3.8462270918537933	-3.4503949631719824	-0.6325852324880129	2.2623511127027216	1.97091980506286	
15.99966777721859	4.165224811923723	-3.6071040267212204	-0.7160937086541007	2.412200019675977	2.0841483040224347	
16.305439784927625	4.467162618620854	-3.7149344567478977	-0.7969222933275311	2.5576166731718732	2.1903135810527794	
16.54447521598484	4.742144789603054	-3.7653519209151494	-0.8724541342504719	2.6942621332916854	2.286575970718906	
16.69824834856019	4.980828604030183	-3.7525554027312116	-0.94023566059552	2.8173217208604213	2.3700003471942694	
16.748690519820336	5.175023049531485	-3.674341238685783	-0.9981277865483401	2.9216699290459474	2.437651953357655	
16.6794308142152	5.31824092770365	-3.532735710022992	-1.0444520531317707	3.002087007713486	2.4867054466525356	
16.47710494230395	5.406127361449396	-3.3342944209704215	-1.0781185038623573	3.0535197277164103	2.5145618088680353	
16.132631394011028	5.436694904811879	-3.0899961400092884	-1.0987195793060704	3.071376954098767	2.5189681555833396	
15.642276975110184	5.410277542566826	-2.8146346343083923	-1.106558573788646	3.051837743918012	2.4981298798754006	
15.008302744780945	5.329192149888157	-2.5257382854973582	-1.1025819667727725	2.992125801838687	2.450798879154123	
14.239169908041813	5.1972279709630875	-2.2421887230853117	-1.088216205126154	2.8907246530583124	2.376334265216228	
13.34927658710355	5.0190831918180665	-1.982666072372808	-1.0651208075385428	2.7475074292529773	2.274729507899894	
12.358259318604812	4.799877930267132	-1.7640729441213243	-1.0348947261798844	2.5637651114726085	2.1466039847190146	
11.2899502887017	4.544849041353244	-1.600061386162543	-0.9987904698386352	2.342133665751574	1.993162434467304	
10.171085684563034	4.259282549308632	-1.4998037037488656	-0.9575106837245325	2.086423169689212	1.8161247479467633	
9.029942538714854	3.9486512101524203	-1.4671938475872734	-0.9111578625814859	1.8013778197180033	1.6176366754426725	
7.895046573295949	3.6188471648520073	-1.5005221726058209	-0.8593413144344347	1.4924127961814897	1.4001787350437793	
6.793976198479532	3.276392814209768	-1.5927017620878716	-0.8014142741309209	1.1653388229022625	1.1664762851550547	
5.752299819697993	2.9285325651605634	-1.7320915320290247	-0.7367864719285724	0.826082823615493	0.9194122409386853	
4.792675428230461	2.583143885158701	-1.9039064778735904	-0.6652403353366362	0.4804084890431412	0.6619412573753582	
3.9341821740124665	2.2484495567836547	-2.092137559337116	-0.5871663015701991	0.1336479618862405	0.3970036845786566	
3.191977939303374	1.9325878989134202	-2.281600474200853	-0.5036487574069226	-0.20951307929491653	0.12744619875505142	
2.5772156167317957	1.6431284661067762	-2.4596597128044624	-0.41641665073915074	-0.5451706779259128	-0.1440450293780664	
2.0971601549160312	1.386600079640299	-2.6173665509535367	-0.32769772721041296	-0.8702494677119011	-0.4149974555460574	
1.7554424857711683	1.1680933113398815	-2.7498893432381326	-0.24002261269770309	-1.1824707430700503	-0.6831927659488757	
1.5523965504429378	0.9909803113209465	-2.856279637442813	-0.1560207814043904	-1.4802679898841367	-0.9466993616944617	
1.4854865749752912	0.8567863213890948	-2.9387137891261053	-0.07823522035830374	-1.7626772611836816	-1.203899766508481	
1.5498436112342506	0.7652261505315672	-3.0014421657318744	-0.008971433872441356	-2.02922341429043	-1.4535101790403926	
1.7388497660635134	0.7143468488288147	-3.0496966141095587	0.049823059526762206	-2.2798184007797064	-1.694592503027663	
2.044741670873794	0.7007478583814155	-3.0886514683746147	0.09665338574804291	-2.514669045611371	-1.9265528939966077	
2.4591842106510065	0.7198454249315994	-3.122507783703876	0.13054459382378536	-2.73419378783359	-2.1491216626224734	
2.973768894617545	0.7661414236170041	-3.153738546734699	0.15107833409503435	-2.938948019347473	-2.3623111681245796	
3.580403058383959	0.8334514249932183	-3.1825276366270527	0.1583913239620922	-3.12955593232228	-2.566347980115917	
4.271554750360265	0.9150369842331029	-3.2064620169561944	0.15313026701737473	-3.306646731863895	-2.7615810579032107	
5.040353187602176	1.0036071741547494	-3.220445031628909	0.13638100613088705	-3.4707916456784687	-2.948376116775856	
5.88054816816081	1.0912071315113512	-3.2168198570670556	0.10958280038207241	-3.6224368183548217	-3.127001747267354	
6.786329494151197	1.1690369043506	-3.1856910242323115	0.07443999797855048	-3.761830422622878	-3.297514684312113	
7.7520110967796185	1.2272642078997786	-3.1154272379160854	0.032842593307288497	-3.88894397947445	-3.4596507257644076	
8.771586223221304	1.2549181688783455	-2.9933453368027396	-0.013196123219212633	-4.003391357963689	-3.6127281672873677	
9.838203791039783	1.2399690548575193	-2.8065497405057767	-0.06157939747415919	-4.104359832535282	-3.7555778657801433	
10.94362977561906	1.1696378233218752	-2.5428670780667644	-0.11014380870510172	-4.190559794948074	-3.8865004420420175	
12.077755784300306	1.0309716165375082	-2.1918436551904876	-0.1566604255679491	-4.260202612440412	-4.003255143947254	
13.228223642465855	0.8116941204282452	-1.745746445527557	-0.19883095763557895	-4.311015095300172	-4.103085180409641	
14.38022561149178	0.5013131807138881	-1.2005040645644482	-0.2342930083088702	-4.340296439848422	-4.182782985778669	
15.516541296981675	0.09243525501502045	-0.5565127979198001	-0.26065209276994306	-4.345024754552443	-4.238801557932426	
16.617869275216293	-0.4179191965950875	0.18083468411188766	-0.27555275332829116	-4.322015125961754	-4.267414377103933	
17.663398745812966	-1.0271514205738501	1.000869192806299	-0.2767849192554295	-4.268115361880761	-4.264911883472608	
18.63159040423459	-1.7262033071641079	1.8876066020160924	-0.2624135813647112	-4.180430392288823	-4.227828502452698	
19.501128613197757	-2.4990816173271213	2.819947344722884	-0.23091695620420777	-4.056561759242224	-4.153190608514674	
20.25199062362629	-3.3228624871976713	3.772098742036511	-0.18131853862951436	-3.8948445377024794	-4.0387717295565375	
20.866579255161966	-4.168254568525327	4.714241025688941	-0.11330278024178865	-3.6945614729003187	-3.883339350082415	
21.330871402054733	-5.0008894207028325	5.6135554806270145	-0.02731368172453858	-3.45611325003142	-3.6868777879996144	
21.635079408580996	-5.782913623546553	6.435328128097703	0.07541820033568049	-3.1810599952274172	-3.450675133387267	
21.77509567778746	-6.475738439151277	7.144883691435702	0.19272389694106673	-2.8722900617047977	-3.177592335914407	
21.751420179159137	-7.041667860551423	7.708559915666722	0.3217094474301339	-2.533688281479991	-2.871705050926616	
