21.616766325916448	-9.070274953678236	7.263224425923714	0.3926386953334084	-1.7171514998260164	-2.700814861354639	
21.321691176751916	-9.452082478728345	7.295614272043548	0.535110090259596	-1.3541776626557218	-2.2917186924947477	
20.899276948525966	-9.57517441388695	7.121992478337546	0.6782749893712664	-0.9796661549646632	-1.8703721204213644	
20.36762132973992	-9.431778404683715	6.746755842434812	0.8157987271581197	-0.6006415977595794	-1.4462524711203413	
19.746838921680947	-9.027656778061427	6.1850644952688825	0.9414567363492756	-0.22433055318680342	-1.0287895342712166	
19.05882282324207	-8.385583372135237	5.465795826466147	1.0495843406502805	0.1420328323276499	-0.6270326448664165	
18.325716020654195	-7.541984154548316	4.628973888615708	1.1356264334154171	0.4915857047621814	-0.24921447503464708	
17.568849398732038	-6.544759116920561	3.7237111415966746	1.19651667886385	0.8180776588563914	0.09757586059097113	
16.807456563599878	-5.449055525271606	2.804031948273413	1.230934820370592	1.1160662099264318	0.40767063066882164	
16.057607665494306	-4.312282429210832	1.923668118780706	1.2393608978787385	1.380996874871779	0.6769920015457426	
15.331606017514892	-3.1888708951869766	1.1305300768243103	1.2239198823564092	1.6092018253517248	0.903120586701556	
14.63800745794991	-2.125650075479396	0.46185315572116337	1.1880302308965087	1.7978845122333542	1.0852923811771107	
13.982222743525675	-1.1586156534030785	-0.0591000101347543	1.135886237659665	1.9451463486603	1.224336585458919	
13.36746579381355	-0.3115816060793444	-0.42421597648399784	1.0718486023555636	2.0500792240994636	1.3225568501860816	
12.79571902139547	0.4032797456393699	-0.6395223817005553	0.9998492555524914	2.1129024261151677	1.3835443079688254	
12.268455550144127	0.9834743776772371	-0.7223761536277123	0.9229437243130648	2.135070568217676	1.4118930178976943	
11.787047234614672	1.4336649280470577	-0.6977390707827364	0.8431288833003703	2.119279268389855	1.4128256908038404	
11.352906773588073	1.7633363118707852	-0.5944671412501047	0.7614222377718217	2.0693711817542666	1.3917897876560774	
10.967397476047752	1.9848538531724718	-0.44200477941362826	0.6781413714365158	1.9901553080488574	1.3540748686052788	
10.631551054884417	2.11198203169488	-0.26771841283515146	0.5932925206878793	1.8871587048620224	1.3044976440169305	
10.345679686559665	2.158854160750394	-0.09495609564609045	0.506968760263767	1.7663302297704018	1.2471825340427336	
10.109019554822957	2.1393654952854617	0.05817344242238888	0.41967080797976153	1.633715449272029	1.1854453138027807	
9.919548737121247	2.066953451102612	0.17927245177820064	0.3324759143727544	1.495139329767746	1.1217844313774914	
9.773992024844032	1.954636176177574	0.2615426679954092	0.247035799010681	1.355933398013421	1.0579527978221464	
9.667971248293508	1.8151354566895053	0.3032299259411128	0.1654204025367071	1.2207192797863837	0.9950868466787456	
9.596257210283682	1.6609209815014985	0.306735632108825	0.08984363764394734	1.0932561309954802	0.9338693927249433	
9.553080256225785	1.5040476857295424	0.27751287906967836	0.02232824718105136	0.9763552952416874	0.8746996479024607	
9.532465092236295	1.3557168847644678	0.22286369413654183	-0.035621916258885576	0.8718608928167597	0.8178448874065606	
9.528561331459024	1.2256120378364224	0.15076324830861965	-0.08325737768208426	0.7807048745375346	0.7635520570582661	
9.535939762285121	1.121196916824132	0.06888716839092018	-0.12066791348819504	0.7030225168987955	0.7121065294827016	
9.54984139028341	1.0471697511467297	-0.016080415384134045	-0.14871799154207138	0.6383053883526519	0.6638440708316168	
9.566364249005693	1.0052230248191805	-0.09884250388983262	-0.16885951330114693	0.5855751625602583	0.6191286288930694	
9.582573233351795	0.9941769636225121	-0.17560993564910996	-0.18287023799504867	0.5435584978510605	0.5783110184301196	
9.59652594820859	1.010462590103702	-0.24400557597631164	-0.19257471169556378	0.5108457694976047	0.5416833987689358	
9.607209769454435	1.048867543798555	-0.30281969575502177	-0.19960183018148714	0.48602147682627084	0.509442078807267	
9.61439993624532	1.1033820766612452	-0.3516960474290795	-0.20522537824677403	0.46775653003677603	0.4816674813592119	
9.618478717006193	1.1679768423525736	-0.39083143197524844	-0.21029608862032845	0.45486368563112356	0.4583211442040374	
9.620243076807265	1.2372244600424624	-0.42072833495105066	-0.21525460435342478	0.44632264769478	0.43925711867012546	
9.620728448513722	1.3067037608231544	-0.4420271785548537	-0.22020520964242857	0.4412820088862039	0.4242435536118039	
9.621069972863202	1.3731668589042658	-0.4554263885312253	-0.22502289437581802	0.439046509724776	0.4129894213020464	
9.622412244317664	1.4344912394216975	-0.4616796763036643	-0.2294647898524303	0.4390581944537702	0.4051717796345455	
9.625867677408184	1.4894722670862874	-0.4616401386077881	-0.2332597026435223	0.440877618341751	0.40046009272555944	
9.6325100263526	1.5375628826153704	-0.45631238915927125	-0.23616119874351746	0.4441707991740554	0.398536020759091	
9.643385456153538	1.578627682152099	-0.4468848888487778	-0.2379677204552149	0.44870215202820046	0.39910996838842067	
9.659527542702836	1.6127468446048743	-0.4347274559492719	-0.23851899709454344	0.45433161678687745	0.40193574471218463	
9.681966733132942	1.6400829630806741	-0.42135064873794864	-0.2376807807146717	0.4610133687499604	0.4068243171216424	
9.711729773989152	1.660804685008511	-0.4083335768301262	-0.2353298950240039	0.4687933508367309	0.41365727930251	
9.749830231453299	1.6750515864248883	-0.3972351686322923	-0.23134888733578765	0.4778021675088023	0.4223988165812388	
9.797256010137238	1.6829237080410993	-0.3895114169463877	-0.22563386090299037	0.48824263958088704	0.4331045538803524	
9.854958638509641	1.6844842827555428	-0.38645280158551876	-0.21811339181093697	0.5003735317603155	0.44592649903777537	
9.923845716679548	1.679772704776193	-0.3891493472968144	-0.20877448191043999	0.5144910448933266	0.4611128131343285	
10.004775382023261	1.6688306197524676	-0.3984868246315504	-0.19769087075207867	0.5309103714013955	0.4790017486638766	
10.098550148884467	1.6517489225727426	-0.41517426059085527	-0.18504944015044883	0.5499496573842798	0.5000097767639731	
10.205908019513112	1.6287478213655175	-0.4398024101638114	-0.17117044419846822	0.5719187052496476	0.5246141165229656	
10.327512132392707	1.6002962939917291	-0.47292711150760847	-0.15651676329904035	0.5971148538803105	0.5533311739494737	
10.463941983679579	1.5672682530387085	-0.5151628544882414	-0.14169215248052883	0.6258268339001676	0.5866939487882067	
10.615690802468844	1.531120878045081	-0.5672702668643771	-0.12742844889265645	0.6583462066511745	0.6252300392209185	
10.783172826082124	1.4940694287244178	-0.6302181485311702	-0.11456322123165129	0.6949847827148323	0.6694418159880268	
10.966742313197791	1.459225968694284	-0.7052023712815209	-0.104010714417677	0.736095060346276	0.7197897737146617	
11.166723882400124	1.4306660318231652	-0.7936089399261316	-0.09672941233675368	0.7820895569989817	0.7766791287560418	
11.383450097441875	1.41337445727063	-0.8969181906056345	-0.09368922263003746	0.8334524533320187	0.8404498104966244	
11.617297821852878	1.413062027872201	-1.0165677931168298	-0.09583988182496504	0.8907390821315117	0.9113680827783082	
11.868713828163674	1.4358549061112797	-1.1537915350448888	-0.10407785474142511	0.9545611882515668	0.9896178105882719	
12.138216375463193	1.4878680655402856	-1.309446037316631	-0.11920793198732618	1.0255574361641795	1.075289514460851	
12.426355708441827	1.5746903195096666	-1.4838312525648212	-0.14189585457363924	1.104350351804208	1.1683650600279565	
12.733611616714901	1.700816260824184	-1.6764994830243594	-0.17260838707335402	1.1914912249080623	1.2686951399814554	
13.060204038068953	1.869094175566815	-1.8860518403965008	-0.21154261578091618	1.287395688518788	1.3759684041078166	
13.405808101354157	2.080279983476892	-2.109929203607302	-0.258553354918948	1.3922742221550286	1.4896732129711385	
13.769175132344083	2.3327403642198137	-2.344206463851175	-0.31308862691266287	1.5060583186498127	1.609053375598263	
14.147676797932943	2.622337629095626	-2.583421807649744	-0.37414744564646496	1.628323855019015	1.733062141269762	
14.536808710002013	2.942503787705611	-2.8204834466545714	-0.4402731605647024	1.7582139255310822	1.8603195943760913	
14.92970361095956	3.2844893027325326	-3.046701772544788	-0.5095919187033289	1.8943632885596555	1.9890784458690358	
15.316733778045178	3.637776452862948	-3.2520090826086356	-0.5799033048863355	2.034829784909478	2.1172048383613817	
15.685334807608346	3.990646203206266	-3.42541733904154	-0.6488209819195625	2.1770478813807257	2.2421840257981764	
16.020104152873444	4.330850172332363	-3.555694747708913	-0.7139472060190941	2.31780870535904	2.3611509390519703	
16.30322892269634	4.6463650417062246	-3.6322383332037966	-0.7730710688617566	2.4532773735957387	2.470949700493975	
16.51526334570191	4.9261807436063085	-3.646086387100403	-0.8243774336161177	2.5790572107034344	2.568224349125857	
16.636236293001275	5.1610530031137225	-3.590986554241593	-0.8666513525160331	2.6903079141435144	2.649540737405104	
16.647046067247107	5.344138016177193	-3.464420309392011	-0.899461476738197	2.7819241727529627	2.711538801513373	
16.531004709493352	5.4713603321268645	-3.268374116393601	-0.9232828544249868	2.8487765137863743	2.75110536276383	
16.275330891745202	5.541435555761017	-3.0097096570937634	-0.9395279604493619	2.8859953939282623	2.7655489092472934	
15.872437779936579	5.555540603473169	-2.700047494683111	-0.9504586724892061	2.889279207134374	2.7527602870991297	
15.320866690063719	5.51667945276199	-2.3551233968925933	-0.9589573492057589	2.855198393256213	2.7113411602217417	
14.62575696571162	5.428865986455778	-1.9936674097116924	-0.9681574530848134	2.781462072913566	2.6406840350373564	
13.798814528083795	5.296294990626685	-1.6359280094395983	-0.9809589548243898	2.6671187723298724	2.5409941004219254	
12.857744310980616	5.1227034987761595	-1.3020114905325697	-0.9994982130929462	2.5126560744000646	2.4132413938816515	
11.82526269168814	4.9110893929876465	-1.010274798543993	-1.0246970577194296	2.319991630096457	2.2590514879924015	
10.727884328959703	4.663800503716883	-0.7759020700283646	-1.055983049013232	2.0923882967817917	2.0805608870064205	
9.594549869348018	4.382916855128329	-0.6097504617432852	-1.0912403972666938	1.8343105035624794	1.8802558465456523	
8.455131052981946	4.070785228236894	-0.5175512976358115	-1.1270086846057359	1.551230561818893	1.6608146361644882	
7.338830028800259	3.73053774230952	-0.4995334220260763	-1.1588993813670472	1.2493768044655569	1.424968502168718	
6.272548177662321	3.366451350159947	-0.5505516344114249	-1.1821624523698042	0.9353952699426001	1.1753888364028051	
5.279563797683345	2.984108594978913	-0.6608316430957761	-1.192281679804806	0.6159271805362597	0.9146040849297105	
4.378794298242638	2.590468689493486	-0.8172384336907185	-1.1854817721663682	0.2971736621736517	0.6449424680660251	
3.5846576375967008	2.193903056307922	-1.0049320727687006	-1.1590951904958222	-0.015475711617907072	0.3684979128390341	
2.9073655527561977	1.804155256848705	-1.2091482565904246	-1.1117698513333114	-0.31769193923441896	0.08712054957063413	
2.3534068392551326	1.4321320484751339	-1.4167826576608191	-1.0435306724721263	-0.6063119509731139	-0.19756742210254596	
1.9260320688486379	1.089431609227852	-1.6175025358691455	-0.9557303522409185	-0.8793198949369003	-0.4841335306783929	
1.6257269890249542	0.7876047714309856	-1.804198770856349	-0.850913232329974	-1.1357333369447253	-0.7712835031451565	
1.450692956983814	0.5372944085896868	-1.9728620756140929	-0.7326330496253551	-1.375446369944639	-1.0578142123191714	
1.397369811421973	0.3473898774123004	-2.122073902783066	-0.605240023450664	-1.5990560585038822	-1.3425815412691904	
1.461001032244539	0.22429520889056284	-2.2522679013232776	-0.4736382002707097	-1.8076815770988781	-1.6244863023594112	
1.6361975268893378	0.17137261233898227	-2.36490268563317	-0.3430163004891119	-2.002784735916422	-1.9024761835019677	
1.9174424816316593	0.18857864344510863	-2.461654538814785	-0.218556242326335	-2.1859997452685564	-2.175557471762308	
2.2994850329325103	0.2723264669781585	-2.5437124985200246	-0.10513114714953328	-2.3589799136654794	-2.4428068905379234	
2.777587694230724	0.41558402696607494	-2.611245583692523	-0.007025091865053614	-2.523271116945862	-2.703373407364685	
3.3476366811260387	0.608141749578139	-2.6630412599478417	0.07230383573934505	-2.680210288532408	-2.9564642741375593	
4.006126873095782	0.837008116344144	-2.6962985028122337	0.13039967653994436	-2.8308423618137653	-3.2013120978423415	
4.750029372526649	1.0868701906518756	-2.706560137341682	0.16591181524338888	-2.975849486219673	-3.4371227743864567	
5.576547233520456	1.340554094762934	-2.6877714850395016	0.17862356203756896	-3.1154860643345303	-3.6630065348111662	
6.48275718482982	1.5794414919442203	-2.6324710600078842	0.16941124320695522	-3.249515015619914	-3.8778961052351995	
7.4651508528484545	1.783836704459034	-2.532143227042937	0.14013998622742294	-3.3771514521322863	-4.080463297515626	
8.519099208962743	1.9333015404331557	-2.3777298232511255	0.09353479047686457	-3.497013714672888	-4.269042985723263	
9.638264315992178	2.007036940048235	-2.1603093241345683	0.03304855155010703	-3.6070893675431472	-4.441573075904451	
10.814001163210689	1.984405400276348	-1.8719210652355307	-0.03725495374565477	-3.7047261726976966	-4.595559765693346	
12.034806737000634	1.8456945644251028	-1.5064768221836489	-0.11279269713582019	-3.7866583286722557	-4.72807674645342	
13.285876183368133	1.5732340194530219	-1.0606837927848884	-0.188531568595033	-3.8490785162665673	-4.83580638262956	
14.548887030560428	1.152892138130927	-0.5348282693787719	-0.25906274211811364	-3.8877724704457566	-4.915134507694948	
15.802065397296227	0.5758523979979174	0.06667656254156612	-0.31871363474681974	-3.8983149808328563	-4.962295178073647	
17.020556159081025	-0.15948950575619328	0.734992381568223	-0.3617259861112696	-3.876323871726959	-4.97355892831521	
18.17712426230573	-1.0457447710868386	1.456811960502361	-0.38251443738145063	-3.8177632402663857	-4.945455440629114	
19.24319170121033	-2.065141374553982	2.2145499051046365	-0.3760042329162606	-3.7192776118570636	-4.8750174893585925	
20.190190205386	-3.188775866538074	2.9867289240894754	-0.33803398567640836	-3.5785330229484864	-4.760032163872544	
20.99116594269018	-4.376845062378068	3.7485576044652382	-0.2657842067944639	-3.3945211349989206	-4.599275387729236	
21.622613367525574	-5.5801688867274954	4.472735435445668	-0.15820356001070152	-3.1677945149990143	-4.392727647934806	
22.065791822189308	-6.742534549231418	5.130303766723279	-0.016233660767193108	-2.9005204849959947	-4.141663297778618	
22.309200524496173	-7.804822016007522	5.692089251462047	0.1567328801372766	-2.596633857911974	-3.848926141693883	
22.347708897529746	-8.708137638571896	6.129558077175943	0.3553529504007651	-2.261383910492439	-3.518613408204132	
