21.944799943901906	-8.64422719965507	8.039120215211552	1.0022864993738845	-1.6966653995308894	-2.7431230586389224	
21.65336564952306	-8.816075376784351	8.095265812033503	1.141805765533188	-1.3314319281823026	-2.3350855829532837	
21.21748579936218	-8.778435143853919	7.9301572306723855	1.2683900403344095	-0.9557638278287941	-1.9150131412772615	
20.656370151007472	-8.529613011532286	7.548281204264363	1.3785537768289124	-0.5767056823473367	-1.4926400972299099	
19.991926720896185	-8.077445239256	6.965182251128186	1.4691414405044678	-0.2014175466270129	-1.077649778278534	
19.248729905238196	-7.442046117474259	6.210683964737104	1.5375874421125342	0.16302067833297687	-0.6793322042250679	
18.452219248288475	-6.653369414845371	5.326004110159278	1.582091316944857	0.5099581811146566	-0.3061209794151265	
17.62757293342412	-5.749746519110848	4.361761818139618	1.601795252963576	0.8333972760941784	0.03475424868766546	
16.798266393517967	-4.77485515308489	3.373861762179609	1.5968910325101415	1.1281728498253694	0.3375678150004096	
15.984809649009648	-3.774064972363071	2.418412025595785	1.568631322211628	1.3900187969679612	0.5982768568392652	
15.203839714949616	-2.790541797047839	1.546292369285025	1.519238616074296	1.6155548138787243	0.814599121568471	
14.467745829860304	-1.861656301188851	0.798184303025171	1.451705208983657	1.8022474340157488	0.9860063387491549	
13.784868131767938	-1.0162992597233746	0.20091639089195298	1.3694907960013665	1.9484006139808236	1.1136451322054164	
13.160128071799722	-0.27356042084142745	-0.23423693763672987	1.2761490008394625	2.053214599429106	1.2001958852057437	
12.595813664275068	0.3570440173461238	-0.5110139314828267	1.1749404234408654	2.1169113556587806	1.249664477432916	
12.092267324882918	0.8740017620917897	-0.6455177202054213	1.068537042428735	2.1408459709616396	1.2670769722872988	
11.648385554340868	1.2817607811700493	-0.6625661395343642	0.9588931971099176	2.1275424940625625	1.258105312688593	
11.262010068588017	1.588740846506196	-0.5917996012877864	0.847288906273571	2.080633353656465	1.2286566406176782	
10.930248526712173	1.8056482209367324	-0.4640583315063403	0.7345149801433876	2.0047064991088757	1.1844721845614712	
10.649716054549174	1.944182926803134	-0.30838241323046317	0.6211429643159099	1.905079939086187	1.1307837883544383	
10.416671092617015	2.0161171103861584	-0.14979404714981817	0.5078140290512391	1.787523372081376	1.0720612002464245	
10.227066601170568	2.032740551876234	-0.007988448688534412	0.3954754786431181	1.6579502542981808	1.0118793252132159	
10.076569461442414	2.004656249606389	0.10321104492687183	0.2855162621802176	1.5221229637803193	0.9528893972542641	
9.960585552452043	1.9418403326212705	0.17582816306792612	0.1797847221639179	1.3853888789874327	0.8968716134850375	
9.87431010588925	1.8538510494612603	0.20725476518234787	0.08048275918936516	1.2524596989979686	0.84485250437494	
9.812813371454276	1.7500408161245118	0.19942678585501708	-0.010051919120800711	1.1272427284340016	0.7972660135627968	
9.77116721575554	1.6396100274568126	0.15775255139561867	-0.08964664122889357	1.012728293442232	0.7541350754695503	
9.744600718931643	1.5313790691486149	0.0898835064468891	-0.1566099173497516	0.9109541675138965	0.7152484414176806	
9.72865990402453	1.4332984281410506	0.004534335636024622	-0.20998185048905907	0.8230367820383208	0.6803004870155646	
9.719362410323601	1.3518327392382612	-0.08954617846408013	-0.24967287800208723	0.7492557382034472	0.6489849310921812	
9.713339821616993	1.2913940775449846	-0.1843878928199162	-0.27646811317116876	0.6891813039465534	0.6210424527646236	
9.707957160855019	1.253989689790936	-0.2733533857567842	-0.29190182158930983	0.6418300529691333	0.5962685937567226	
9.70139425967863	1.23919732077269	-0.3514309385424137	-0.29803093760773874	0.6058334470441624	0.574494225761642	
9.69265319574518	1.244522743795335	-0.41526781770596777	-0.2971567513454121	0.5796051934293769	0.5555545101819312	
9.681489696759039	1.266008225190506	-0.46302485363620965	-0.29156564727101536	0.5614845870906113	0.5392619939458936	
9.668285434554468	1.2989477896002246	-0.4941350603490037	-0.2833246723875688	0.5498492374663104	0.5253913122776207	
9.653882941455173	1.338589986038898	-0.5090240727107901	-0.27414913386609535	0.543195597633965	0.5136780887519322	
9.639411469539692	1.3807182915076956	-0.508843608358372	-0.26534639965253093	0.5401884943144025	0.5038312449181808	
9.626130161198905	1.4220298182022988	-0.49525444888136244	-0.2578258276694408	0.5396851096567782	0.4955553369449858	
9.615309592365755	1.4602537558726771	-0.4702718635267454	-0.2521577439634336	0.5407382923086823	0.4885768239821145	
9.608161766815186	1.4940484038783135	-0.4361705922296084	-0.24864724225041276	0.5425895082610537	0.48266726547811645	
9.605808936026596	1.5227665014570209	-0.39542436099593764	-0.24739963073045224	0.5446591146789833	0.47766042999728203	
9.609278665834292	1.5461681950881423	-0.35065609545677956	-0.24836738611178003	0.5465369674545926	0.4734624816813894	
9.619512746871319	1.564153616681613	-0.3045815462938686	-0.25137529958306215	0.5479748366166873	0.4700560072853759	
9.637379475904837	1.5765667469252078	-0.2599345614549454	-0.25612735640410655	0.5488807665878793	0.4675000185746006	
9.663684076175826	1.5830996435711955	-0.2193716994619273	-0.26220664032308144	0.549311876364406	0.4659273271966929	
9.699175371911664	1.583291659778372	-0.1853673861128717	-0.26907943114898614	0.5494646217613477	0.4655414118077264	
9.744549842670052	1.5765966192613605	-0.1601112152487985	-0.2761104490019917	0.549662008464661	0.46661348571610367	
9.80045508981589	1.5624955762813384	-0.14541959917560174	-0.2825925257244699	0.5503369400049357	0.4694790730274176	
9.867494373817495	1.5406367762157835	-0.1426727176682458	-0.28779009540102357	0.5520122582495984	0.4745333558626077	
9.946233308541196	1.510992796637025	-0.1527835890493589	-0.29099388249152364	0.5552787949277156	0.48222462915457986	
10.037208947095815	1.474023423856048	-0.17621052570560508	-0.2915812164914383	0.5607728000657115	0.493044895645907	
10.140939023208183	1.4308321919814206	-0.2130111863602943	-0.2890745411577785	0.5691560003996591	0.5075187083062196	
10.257930024822244	1.3833079822578078	-0.26293201276807937	-0.2831949902983979	0.5811000202574818	0.5261916943062022	
10.388685226758927	1.3342328116098388	-0.32552926893688383	-0.27390788019441875	0.597275943885931	0.5496197590662648	
10.533715867054726	1.2873342490550836	-0.4003115693789661	-0.26145714990081825	0.6183495266821728	0.5783598673639325	
10.693560947344881	1.2472619573937054	-0.48688967131414124	-0.2463870669518307	0.644981868032789	0.612962563718768	
10.868820978114302	1.2194560364676923	-0.5851086084573773	-0.22954499431055772	0.6778343686575916	0.6539654039207373	
11.06020329284114	1.2099054378896834	-0.6951341154095266	-0.21206444807651564	0.7175749946998259	0.7018854163088015	
11.268567672674811	1.2248084009705096	-0.817482669717246	-0.19533094856006583	0.7648824158806383	0.7572082971371511	
11.494954374842505	1.2701480519709658	-0.9529883292860406	-0.18092946856266232	0.8204447331298638	0.8203725793508321	
11.740574233532154	1.35121586701186	-1.1027026835143294	-0.17057343449756543	0.8849497667477398	0.8917474753745428	
12.006739904060142	1.4721234225287398	-1.267723679154806	-0.16601476182741992	0.959063928107633	0.9716029582536041	
12.294718738460302	1.6353774475652987	-1.4489496357506146	-0.16893581602980176	1.0433974948955194	1.0600729886992688	
12.605508632101165	1.8415855079290044	-1.6467757437059196	-0.1808328849216046	1.1384570506302054	1.15711518330751	
12.9395461223608	2.0892948251992913	-1.8607530795367249	-0.20289868098680616	1.244585654641468	1.2624687764049884	
13.296359169976764	2.374964745000279	-2.089239387414998	-0.23591213721738202	1.361892020951645	1.3756138696608322	
13.674183049080119	2.693058377260159	-2.3290808902866242	-0.2801448479611213	1.4901708186205975	1.4957345277486953	
14.069553921471154	3.0362259483319445	-2.5753646486171227	-0.335291115969856	1.6288148961203146	1.6216865844325654	
14.476927519820222	3.3955690412064743	-2.821314358302282	-0.40043614046419845	1.776726998305517	1.751975095091178	
14.8883847011292	3.7609507098280797	-3.0583845909490917	-0.47406904096330005	1.9322413991985319	1.88474434102964	
15.293450398351558	4.121326313624578	-3.276558172470263	-0.554133237815399	2.0930586075966873	2.0177783656253214	
15.679074580022842	4.46511065950662	-3.4648591948459018	-0.6381126522151351	2.2562026225383645	2.1485149424538332	
16.02981493434327	4.780598190977806	-3.612068700728718	-0.7231487716968131	2.418009644084479	2.274075251749712	
16.328252998243013	5.056461963966841	-3.7076193287036197	-0.8061834209022202	2.574155612440156	2.3913116797458036	
16.555693292138564	5.282346369572237	-3.7426100223215886	-0.8841239344927484	2.71973849362239	2.4968801760069774	
16.693118026706657	5.449512258425826	-3.710801971330604	-0.9540177140640682	2.8494202889996028	2.5873375059734696	
16.72232919075898	5.551486107036775	-3.6094982212601985	-1.0132268859865297	2.95762221296326	2.6592600302609224	
16.62721325975972	5.584634258661386	-3.440199493160095	-1.0595939510467955	3.038772385487079	2.709381862143254	
16.39502729618178	5.548566830274351	-3.208929930455352	-1.0915837870928424	3.0875967456451847	2.734745724892341	
16.017608521006544	5.4462847499198075	-2.9261522306777152	-1.1083858985961466	3.0994412040074057	2.732859188896359	
15.49234496259129	5.283961708943554	-2.606170059767874	-1.109946972984985	3.0705962931037356	2.7018398891262474	
14.822740599849327	5.070360088562945	-2.2660610029691957	-1.0969091177449604	2.998571532786758	2.6405250281431316	
14.01859988779053	4.816033598438019	-1.9243403035343594	-1.0704638709715106	2.8822956800813655	2.5485386472240403	
13.095826331016013	4.532448274979475	-1.5995034642476074	-1.032141616504494	2.722221506094927	2.4263092696015316	
12.075866191995143	4.231161222265412	-1.3086029703083677	-0.9835776383258928	2.5203281115988334	2.275038149081721	
10.984846505205192	3.923156507533917	-1.0659680477706173	-0.9263091483086536	2.280032666188131	2.096626853021294	
9.852384429128087	3.618373283736799	-0.8821607809151834	-0.8616656676759219	2.006023573517498	1.8935721652740425	
8.710046300834936	3.325376637476972	-0.7632716434003985	-0.7907909259898974	1.7040371173909814	1.6688431364012482	
7.5894942158491885	3.051048084536854	-0.7105483225711655	-0.7147691833741303	1.3805930283745564	1.4257567385879732	
6.5204626301531174	2.8002628126372633	-0.7204293102386581	-0.6348001048583528	1.042663261383066	1.167851321697005	
5.52891021425506	2.5756241983820276	-0.785061340222341	-0.5523554510686136	0.6972692614612483	0.898757713160142	
4.635743321349542	2.377397558858303	-0.8933463487571615	-0.4692557519639947	0.35103365929964586	0.6220666811885914	
3.856422036876748	2.203824521902479	-1.0324974855768048	-0.3876233798858709	0.009766829680411683	0.3411940936518626	
3.201336881342974	2.051818257243223	-1.1897865148294902	-0.30972362463294184	-0.32179544731667264	0.059259790984225576	
2.676466244587477	1.9177987066221995	-1.3540514064450897	-0.2377569351310679	-0.6400828564426683	-0.22100696342658543	
2.2840582399836715	1.7984567003710674	-1.5167064257421998	-0.17365831429963985	-0.942638721787886	-0.4973276001492079	
2.02322357501765	1.6912851521783334	-1.6721346925220661	-0.11894712026849075	-1.2279747579971252	-0.7678984181814206	
1.8904413611247357	1.594798672086622	-1.8175077820790417	-0.0746486094337077	-1.4953878692103246	-1.0313852273648216	
1.8800683758154604	1.50843961981841	-1.9521879260211576	-0.04128642786451157	-1.744776897771586	-1.2868960138092653	
1.98491051211629	1.4322443790653199	-2.0769401494589568	-0.018921305239478478	-1.976478416423093	-1.5339379187205204	
2.1968068163664767	1.3663945934861867	-2.1931550848319734	-0.007193865016262983	-2.191130441875946	-1.7723687686682148	
2.507185832350147	1.3107436361758207	-2.3021471831368268	-0.005352691751908231	-2.389557607439518	-2.0023411788563	
2.9075419548633605	1.264402016643085	-2.4045651900772205	-0.012261760993481962	-2.572676803800859	-2.2242375856537095	
3.389796080217695	1.2254481487521438	-2.4999229399030685	-0.026392857624898167	-2.741423064016674	-2.438594784926263	
3.9465264795889117	1.1908145399830001	-2.586248431925866	-0.04582206317156298	-2.8966941027694184	-2.6460157738732724	
4.5710659907949625	1.1563639074133218	-2.6598661123840195	-0.06825736874824923	-3.0393105946456163	-2.847072034412283	
5.257494172599615	1.1170876517558739	-2.715285035756247	-0.09110716327567157	-3.169984662301063	-3.042201357278256	
6.000538736185784	1.0673702220394061	-2.745194952223641	-0.11159600033960934	-3.2892903042447847	-3.231603442447953	
6.795396133368607	1.0012672634626147	-2.740582019048995	-0.1269254261626151	-3.397632127006229	-3.4151376523558836	
7.637480962485967	0.9127560261070067	-2.690980459046548	-0.1344718620281232	-3.495210033985947	-3.592226963512659	
8.522111656827724	0.7959325944496232	-2.5848980792780556	-0.1320083354387215	-3.5819797488685525	-3.76177448836262	
9.444162952355457	0.6451409010644371	-2.4104431274332807	-0.11791497390766532	-3.657615034111421	-3.922108228450541	
10.39771938762903	0.45504854934389705	-2.1561276946875085	-0.09135168683044868	-3.7214726619837726	-4.070954489124386	
11.375758079028387	0.22070269744311682	-1.8118259698531292	-0.052369356384157524	-3.7725644738736936	-4.205446008436222	
12.369893166607142	-0.062390618537644486	-1.3698281829257597	-0.0019396748381393797	-3.8095413343268802	-4.322170286839254	
13.370208394381507	-0.3981104712915382	-0.8259136136112353	0.05810613518739624	-3.830693443108096	-4.41726177688929	
14.365203870207155	-0.7894291954889638	-0.18034249371614533	0.12523350326078336	-3.833974064576099	-4.486544069985274	
15.341888004701442	-1.2379704629922466	0.5614275124097061	0.19644414976728075	-3.8170570242679442	-4.525721711139267	
16.285983767742024	-1.7434322768055526	1.3883262179953026	0.26855702661551284	-3.7774269216496505	-4.5306063126824005	
17.18224067036798	-2.3029202011163945	2.2835833353538906	0.3385068659979935	-3.7125043675688074	-4.497368138130473	
18.01485069661649	-2.910255410227987	3.224980312220602	0.40363378978143216	-3.6198055201486965	-4.422800966297771	
18.767964312265672	-3.5553317358077265	4.185418751643756	0.46193645250096144	-3.4971296730496837	-4.304584990094218	
19.42631783210126	-4.223622804532348	5.133798821425786	0.51225784153976	-3.3427654577811645	-4.141531012625073	
19.976016820461325	-4.896030477039233	6.036289384101733	0.5543595194483815	-3.155705097625045	-3.93378899790898	
20.40513412679821	-5.54920084560682	6.857603552887545	0.5888648001052219	-2.935766672863938	-3.682911538615105	
20.7050170955389	-6.156199607102549	7.563215837754726	0.6171292553870867	-2.6838753963703974	-3.392096435169678	
20.869920240745092	-6.688038076281331	8.120243171988559	0.6409350528758598	-2.401856043614123	-3.0657938074167124	
