20.79622417626184	-6.336181729888167	8.379144222974265	2.032015757980239	-2.017028434349172	-2.932293264420748	
20.49705274176992	-6.398629703784368	8.68697352012314	2.1420361821426583	-1.6755238978776	-2.595986349908049	
20.101056016204353	-6.329009595886763	8.800109853225734	2.2251964393092347	-1.3225967138590327	-2.2407656624408627	
19.625030632958538	-6.128674895075042	8.707425746282725	2.2805681183881177	-0.9627209759387231	-1.87396255079282	
19.086802709277865	-5.802997621350829	8.40541932019419	2.3078600049180484	-0.6004688459757687	-1.5032049685996423	
18.50524908620966	-5.363254536884957	7.902679180165616	2.3076818068910683	-0.2404819317114693	-1.1363687720372868	
17.899088703059405	-4.825326088732517	7.219014574233495	2.2812748913014262	0.11269862257273092	-0.7811178566532518	
17.286161221758043	-4.2093378386701765	6.385592386467654	2.2304276620557753	0.4547268298298025	-0.444589714640688	
16.68264506690966	-3.5386465156599414	5.44310087582297	2.157327459990597	0.7815269299137177	-0.13308134475881372	
16.10234805219421	-2.83870238090869	4.439043331014963	2.0644562292601463	1.0893322366915346	0.1482024188348819	
15.55605005723828	-2.1357276443727797	3.4242637056097585	1.95452673493694	1.3746924265626128	0.395336580770845	
15.050895526571981	-1.4551465782936104	2.4487794705342893	1.830450389800254	1.6344561643353026	0.6058032654929647	
14.589988827839768	-0.8198064807055829	1.557231972965716	1.6953230438009	1.86573606668667	0.7785330569081336	
14.172516879036001	-0.24841415684436458	0.7850717407645189	1.5523880522546327	2.0658878213975216	0.9138353592730687	
13.794335197701674	0.24553627045540882	0.15597294976232856	1.4049594608004015	2.2325493536606107	1.0132848831739298	
13.448945342850859	0.65422472081051	-0.31936931528223367	1.2563024045092672	2.3637524474983715	1.0795656837085195	
13.128744139265981	0.9753104076907069	-0.642977405871395	1.1094737460091166	2.4581169664033133	1.1162789734879919	
12.826325612746691	1.2110538254714345	-0.8276403998654863	0.9671475448326284	2.5151004246843733	1.1276956388687644	
12.535473385084952	1.3671373220136485	-0.8938351099509467	0.8314851614038139	2.5352007133626757	1.118468017083143	
12.251779045680202	1.4516165009764204	-0.866533032928737	0.704063655660912	2.5200750492935593	1.0933410569331266	
11.972922068203593	1.474025916034068	-0.7721453703188697	0.5858677512169616	2.472549680065289	1.0568726062186409	
11.698637114769046	1.4446600660588806	-0.6358725640752434	0.47734558792372533	2.3965079674367096	1.0131795906644996	
11.430366252416073	1.3739917090986296	-0.4798052818275586	0.3785334008373318	2.296631419251613	0.9657540303720221	
11.170744386490792	1.2722449588160474	-0.32198025523121304	0.28920814402026174	2.1780654964883865	0.9173809999744635	
10.92307218288636	1.1491091603636872	-0.1760564637218701	0.20902375866337036	2.0460916738021284	0.870124984292361	
10.690815564839864	1.013566021689589	-0.051434917710473774	0.13761627180524552	1.9058263198805356	0.8253715614331867	
10.477175155480909	0.8738001076738964	0.04632179071435398	0.0746603850716312	1.761964074483864	0.7839098400359631	
10.284796830626128	0.7371472373723702	0.1147860041454053	0.019862984163972485	1.6185981459147132	0.7460566470587155	
10.115654641977804	0.6099988835788114	0.1538810780763474	-0.027087260696152117	1.4791299981786235	0.7117902717595624	
9.971037067923458	0.49763141801056143	0.16516034300475207	-0.06658117000722585	1.3462411171526807	0.6808724445587079	
9.851589466621824	0.40398420977190674	0.15116940116314326	-0.09913977920265148	1.2219179653458316	0.6529560508368543	
9.757362162491145	0.3314108012853694	0.11493864162791059	-0.12543419809310694	1.1075175773873651	0.6276726515183382	
9.687836467814025	0.28054275185689365	0.059648564540247515	-0.14625206021596152	1.003873798170657	0.6046929782431089	
9.641918367608476	0.2503277748092316	-0.011521005485447643	-0.1624251563094664	0.9114060826071536	0.583759581819104	
9.617917778498029	0.23821898426469268	-0.09542107542398735	-0.17474238567802203	0.8302150135425628	0.5647011713684518	
9.613535756941216	0.2405068081346671	-0.18888774519027884	-0.18386343885514947	0.7601631619958116	0.5474334120603528	
9.625879146600388	0.2527725073878309	-0.2886593642634132	-0.19024858754503954	0.7009362320362481	0.5319494444714142	
9.651546548796388	0.27040481296283314	-0.3913170711696175	-0.1941303227202167	0.6520853182827494	0.5183011639368595	
9.686775032337549	0.2890505246854267	-0.49328957622030933	-0.1955249752893027	0.6130498373369695	0.5065779479118204	
9.727635341862321	0.3049712394293626	-0.5909250700819066	-0.19427200178434226	0.5831697214754824	0.4968853219087322	
9.770267166722995	0.3152928818251226	-0.6806281329792564	-0.190093749123878	0.561692997961121	0.4893246112335421	
9.811143854847392	0.3181353077113833	-0.759059409277025	-0.18266804818115517	0.5477838807017622	0.4839747257019552	
9.847309474566154	0.3125894472168928	-0.8233527492768741	-0.1716988002811925	0.5405383152136896	0.4808794836430989	
9.876555345474864	0.298609534139483	-0.8713086059829481	-0.15697080830332563	0.5390049274834492	0.48004143382163184	
9.897536854975671	0.27685608857218585	-0.9015524127310341	-0.1383896082594215	0.5422106149912903	0.48142167640847644	
9.909830000983625	0.24850884065676662	-0.9136499893191081	-0.11600685596524075	0.5491902054491462	0.484945790223173	
9.91392591817246	0.21506839303448172	-0.9081705869612311	-0.09003161415439691	0.5590197035658108	0.4905165605890872	
9.911147486207392	0.17818072149695574	-0.8866610965989665	-0.060824787444612	0.570847877926834	0.4980325659121994	
9.903538980466912	0.13952214520101772	-0.8515711528053769	-0.02888638001081592	0.5839244047761525	0.5074087003719752	
9.893736890330727	0.10074059669257869	-0.8061349803339092	0.005161468517441466	0.5976249266761999	0.5185974534642914	
9.884828517972299	0.06345104321036212	-0.7542150528391852	0.0405933890572835	0.6114734242496151	0.5316102613825011	
9.880201216450681	0.029279629740479603	-0.7001076994343226	0.07660002018038735	0.6251611346433084	0.5465378788623567	
9.883397995491658	-7.056459362963298e-05	-0.6483317888566327	0.1123062652126431	0.6385562225946193	0.5635652082768045	
9.898003759756106	-0.022759419401358522	-0.603438881193142	0.1467856932153757	0.6517091748747948	0.5829817600535163	
9.92756026523666	-0.03676777684324742	-0.5698446194189141	0.17907323693793015	0.6648536992677176	0.6051872812180333	
9.975510463874404	-0.039884763634843924	-0.5516825908472374	0.20817750075211627	0.6784040589305359	0.6306923692660509	
10.045171539940364	-0.029745534123774234	-0.5526844036465431	0.23309523443523975	0.6929468434124167	0.660111538352391	
10.139725184556358	-0.003934484656049196	-0.5760949791524234	0.2528300145110699	0.709224676323806	0.6941467105957108	
10.26219983023434	0.03985786586951847	-0.624598338626476	0.26641697101937845	0.7281166895803927	0.7335647194426386	
10.41543004889147	0.10363328422963088	-0.7002428953764455	0.27295596955107154	0.7506132881027929	0.7791676703055482	
10.601974900064299	0.18884449524658642	-0.8043496367078501	0.2716568705351772	0.7777836990233826	0.8317548221549242	
10.823977794240285	0.2961425800326578	-0.9374006500995011	0.26189833714344335	0.8107320395640301	0.8920742913859898	
11.082976159792898	0.4251725093710503	-1.0989231331230718	0.24329176630407323	0.8505439485317239	0.96076995711859	
11.379663309208157	0.5744140984657817	-1.2873607203630837	0.21574861736663564	0.8982259682163455	1.0383254633602572	
11.713611824798964	0.7410765741353329	-1.4999488767208968	0.17954723196364084	0.9546369004049693	1.125006656860103	
12.082949529272437	0.921045016666891	-1.7325973698387982	0.13539994905000527	1.0204080502883823	1.2208012564136703	
12.484032411708412	1.1089222892339368	-1.9798339927091697	0.08450638725181557	1.0958577857452647	1.3253648537610694	
12.911172364135604	1.2981727203266187	-2.2348406504659657	0.028583347125756983	1.1809124486859597	1.4379823717757214	
13.356406950686743	1.4813373939484462	-2.48955981008269	-0.03012086970531776	1.2750320640639605	1.5575405327980347	
13.809338080714667	1.6503310250727306	-2.734885679286207	-0.0888337938518538	1.3771454455237537	1.6825150793954324	
14.257044595353491	1.7968298885725313	-2.9609501303217938	-0.14429060762490897	1.4855935005228351	1.8109728959126992	
14.684177150499961	1.912753013259311	-3.1575349335783547	-0.1928135495813089	1.5981028833411706	1.9406042179904803	
15.073237896713051	1.9907740052673977	-3.3145682933777567	-0.23043495131187347	1.7117911945769013	2.068780046984615	
15.405018865097219	2.0248464918439195	-3.4226894773956165	-0.25305823008866335	1.8231945935246736	2.192627505559739	
15.65923359713127	2.0107290815978613	-3.4738788083673646	-0.2566615272467021	1.9283235245230204	2.309125718810993	
15.815392421892797	1.9465111084918199	-3.4621684382589644	-0.2375539874584246	2.0227501634494587	2.415225319606539	
15.853931320306392	1.8330076063529046	-3.384312313291051	-0.19266271009635647	2.101744365226436	2.507987834133561	
15.757456489318255	1.673977663099133	-3.24032110677003	-0.1198088233126805	2.160439514761633	2.5847253835505892	
15.512058005573449	1.4761690119793431	-3.033836410301768	-0.017957451735864403	2.1940232978554817	2.6431355620552104	
15.108641770866008	1.2491493369205449	-2.772279827332378	0.11258024255010905	2.197954808050213	2.681425935474921	
14.544252846128284	1.0048783482191879	-2.466703121788613	0.27001472360600465	2.1682148212155017	2.698424442797577	
13.822979163982342	0.7569353426127587	-2.131142811859409	0.4511080310952493	2.1015526975149075	2.6936389164479566	
12.956358901137362	0.5195830200358799	-1.7816483315304987	0.6513382799730362	1.9957028464872586	2.6672701229317397	
11.96328667829085	0.30675658579504	-1.4350954502717126	0.8651712122079922	1.8495618513218914	2.6201849604688805	
10.8693653503926	0.1310366538153774	-1.1078559667697137	1.0864249875537175	1.6633126119599715	2.5538493993532345	
9.70563578637285	0.002670707898840802	-0.8144052492915641	1.3087105524943385	1.4384800579669965	2.470219984094426	
8.50666270277408	-0.0711234644274752	-0.5661719455041113	1.5258740795009862	1.1778608507134696	2.3715919310908644	
7.308479441307883	-0.08655936505139357	-0.3707548252859567	1.732356921910373	0.8853822313354247	2.2604421781427755	
6.146524965522261	-0.043428221421891997	-0.2315007905810477	1.9234661430763873	0.5659078871739484	2.139275005589813	
5.053667260039415	0.0549956449567648	-0.14746233711174267	2.095551334953034	0.2250005268159531	2.010475253179621	
4.058429415052514	0.20230498248065093	-0.11379865157008472	2.2460833415176524	-0.13135448510785766	1.8761736639181574	
3.183812131693297	0.3896129383479731	-0.12268991632942171	2.373625155105731	-0.49704273454432985	1.7381426269049651	
2.4466783400488534	0.6063273279223013	-0.16447177024295623	2.4777775660088213	-0.8660884827049442	1.597717104776185	
1.8576394623325596	0.840999093689841	-0.22887491246615285	2.5591219326317214	-1.2328906303003133	1.4557405627712845	
1.421385721994118	1.0821788315744587	-0.3062509421164281	2.6191755688215355	-1.5924162288946877	1.3125396645354896	
1.1374352871481277	1.319164801138511	-0.3886002218594066	2.66035752320362	-1.9403281116901168	1.167944247276429	
1.0011734767752942	1.5424384254793044	-0.47012587794151683	2.6859329664629397	-2.273017908577546	1.0213686569301537	
1.0048383652972683	1.7438179764933144	-0.5473902953860911	2.6999470575529347	-2.587589677377082	0.8719243434723162	
1.138453061138646	1.916426197120376	-0.6191763721622254	2.7071330001340286	-2.8818112391203976	0.7185540027014065	
1.3906781828141543	2.0545622906753254	-0.6861313287500068	2.71278997793818	-3.154047890875021	0.5601771477612788	
1.74958165918214	2.153586563259141	-0.7502426262635826	2.722618632537044	-3.4031793602775773	0.39583411227149434	
2.2032550988633175	2.2099182730892624	-0.8142443631306352	2.7425276776792678	-3.6285031329433046	0.22480347406280715	
2.7402581627649654	2.2211900518999674	-0.8810387102298227	2.778434670081534	-3.8296411164812554	0.046694562418603695	
3.3499175948205493	2.1865318224538117	-0.953120327378957	2.836055686937042	-4.006444645208167	-0.13848007741613896	
4.022485783930883	2.1069834128191	-1.0319956993873691	2.9206753803704855	-4.158899020384905	-0.3302465071049742	
4.7491345963085125	1.9859596683866303	-1.1176281680508362	3.036896313194511	-4.2870294173623895	-0.5276326788968501	
5.521807333965386	1.8296131461949545	-1.2079957399017742	3.1883889175928455	-4.39082213319094	-0.7291589858555713	
6.332999900039015	1.6470549703303254	-1.2987472177305894	3.377631686332759	-4.470164815363554	-0.9328438554592177	
7.1754889661932815	1.4503612843433555	-1.382976788073417	3.605650065566777	-4.524805112855968	-1.136229221305508	
8.042018952622817	1.2543129631860397	-1.4511248728666792	3.8717479390018466	-4.554329236024052	-1.3364267560968373	
8.924966306803796	1.0757384397318919	-1.49111848163899	4.173298069380679	-4.558169841732575	-1.530199555792193	
9.81602999432885	0.9325656400580126	-1.4887640254338679	4.50563724246729	-4.535644636163627	-1.7140700617415514	
10.70595928065392	0.8427286251397653	-1.4283401718288224	4.862042565862521	-4.486020779185844	-1.8844420483272633	
11.584337492894887	0.8229757219362918	-1.293413035646684	5.233809157213873	-4.408605688103907	-2.0377366764028455	
12.439442088217987	0.8876072734633558	-1.0679090899279424	5.610433517138496	-4.302868378356041	-2.170543285947726	
13.25827237656589	1.0473304985379897	-0.7374060279199454	5.979961398529926	-4.168582215840951	-2.2797717444493713	
14.026755561175456	1.3083839479305301	-0.2904504456289284	6.329437670875821	-4.005967455113231	-2.362788288739091	
14.73010589806215	1.6718947459222713	0.28014943986193597	6.6454195220413315	-3.8158283281275027	-2.4175379243931654	
15.353345917332325	2.1334976178932887	0.9761098133181016	6.914555114657396	-3.59967690028445	-2.4426516976072157	
15.882019834063085	2.6832192117592553	1.7925454336253357	7.124237919807919	-3.3598409150733506	-2.437543184053084	
16.303058405763203	3.305846759460571	2.717279174676268	7.263272071270152	-3.0995115979488705	-2.402463036234766	
16.605687637883747	3.9816306565648474	3.7306029590371117	7.322479185582962	-2.8227295270558805	-2.338519216416086	
16.782318594642554	4.687208813772821	4.805428114225356	7.295230399107132	-2.5343161315346996	-2.2476695363511965	
16.829397546882625	5.396762723821326	5.907902411389137	7.177904844206537	-2.2397382000222934	-2.1326821039581496	
16.748183287282266	6.083391174834537	6.998569814935132	6.970271324964584	-1.94489347433612	-1.9970602779885938	
16.544862330107264	6.720346449048287	8.034045098516938	6.675437575660456	-1.655863660367558	-1.8449020167868988	
16.231311227647936	7.282888403487628	8.969699357768476	6.300287614592663	-1.3784754089809121	-1.6807525153827823	
15.8231116143073	7.748082264290563	9.761029688537276	5.854149684892873	-1.1182566097011388	-1.5093824484987763	
