21.135935649884694	-7.387511434685817	10.131108439597098	0.3812534422418046	-2.0162677624316685	-2.467591150172211	
20.858508318160425	-7.686624366400771	10.02418346459921	0.44390009082021537	-1.6495349449137817	-2.1131873565595645	
20.454161438241112	-7.797644787101903	9.667212718570156	0.5206319567019456	-1.269734443122051	-1.7516898813610007	
19.94157632084356	-7.710007957867263	9.071056941859355	0.6083466919558949	-0.8831720738676417	-1.3912565115286277	
19.341639982652985	-7.422138658285841	8.257701307873056	0.7032078155422344	-0.49633471030942544	-1.0398138281373133	
18.677507394212206	-6.9450557291104635	7.263914238668205	0.8005749146044336	-0.11578857969076133	-0.7047143725773041	
17.97287251987325	-6.300479673529699	6.137592948797981	0.895511241779279	0.2521272844988751	-0.39238772905458086	
17.250885112628918	-5.519948157884368	4.935572507178752	0.9831074009215195	0.6014952043827522	-0.10806534547126928	
16.53272940359014	-4.642152249410134	3.719216141325843	1.0588895321644323	0.9269883269445665	0.14440817580246895	
15.836326558555761	-3.7095509259194706	2.549358188240755	1.1191654447908774	1.2239516710779268	0.3626468094483913	
15.175319879375458	-2.764652626529178	1.4811181022444788	1.1612850701034942	1.4884198567610483	0.5457090152484209	
14.558558892025518	-1.8463820338811152	0.5591586691277289	1.1837805444536686	1.7171037399291547	0.6940103848694371	
13.990229426147005	-0.9870839930424554	-0.18594099524544758	1.1863572745063935	1.9073888340194425	0.8091845294257609	
13.470637872212682	-0.2106828662685682	-0.7396136929412462	1.1697245926144115	2.0573962154510297	0.8939103143538724	
12.99742718590448	0.4675011204174675	-1.1028594070421762	1.135288192012291	2.1661037961819107	0.9516959672446028	
12.566759223946658	1.0398051433425737	-1.2901440550609227	1.0848184155694558	2.2334893170825376	0.9866349865478877	
12.17432110658589	1.504724417628622	-1.3262678423811756	1.0201644249985282	2.2606454266697664	1.0031260888186322	
11.816099649547633	1.8652732841483026	-1.2427022336560951	0.9430629623410511	2.2498322758011318	1.0055662972869672	
11.488903624991535	2.127519923650725	-1.0738593481095857	0.8550726752638937	2.204452417556724	0.9980387234077585	
11.190587191682086	2.299402953177342	-0.8536875813835585	0.7576429306159511	2.1289247350434275	0.9840418201496101	
10.919971765318364	2.3898792980829864	-0.6130735137231857	0.6522735816866763	2.028465717669572	0.9663169218971918	
10.676591155996919	2.408387788243188	-0.3780859019533089	0.5406987341460835	1.9088172554055847	0.9467749039748753	
10.460357923928987	2.3645850956461234	-0.1689577822281611	0.4250420621358948	1.7759426422278004	0.9265156288539562	
10.271227297244513	2.2683249986347946	0.00030875983231719653	0.3078984938401842	1.63571980614372	0.9059261041204314	
10.10889962055915	2.1298237137624545	0.12185516205975619	0.19230265716624273	1.4936545625656024	0.884840263862298	
9.972592127075346	1.9598634174676175	0.19339252150256062	0.08155730145372084	1.3546473084234585	0.8627429094936734	
9.860900230642262	1.769861777799737	0.21735731718643772	-0.021037793354988427	1.2228192692546191	0.8389743943700401	
9.771755943750549	1.5717026695193257	0.19986858750553035	-0.11250739402586869	1.101394009383767	0.8129171846746299	
9.702487656035546	1.3772850318447079	0.14954572477036449	-0.1905189500507151	0.9926379261288129	0.7841478273241088	
9.649975471590915	1.197797671222564	0.07627297796490028	-0.2536439188889435	0.8978587640468416	0.7525409438879931	
9.610892192436957	1.0428295552352402	-0.009984232972441925	-0.3014919217065513	0.8174738872817983	0.7183102723313433	
9.581985087447032	0.9195816912176892	-0.10012289573339841	-0.3346784724959528	0.7511398318613215	0.6819854876072964	
9.56034862213564	0.8323391600093015	-0.1865469164693739	-0.3546694871895881	0.6979100994506576	0.6443474004257522	
9.543651177829751	0.7822888340686474	-0.2635225809106848	-0.36353890034747166	0.6564101539108451	0.6063368939510521	
9.530281593237008	0.7677058124405013	-0.32726910419825217	-0.36368419405038344	0.6250135473327532	0.5689535475883412	
9.519391019859464	0.7844755243200767	-0.3758344052438806	-0.35754421294841726	0.6020051763980843	0.5331580881645037	
9.510811980327231	0.8268686053213199	-0.40879850237312604	-0.3473702786315702	0.5857151749156224	0.4997953657238733	
9.50490358686436	0.8883417170857927	-0.4269264988633798	-0.3350793710448418	0.5746129036804022	0.46954535881799564	
9.502364078279676	0.9622601170538163	-0.43182554607614937	-0.32218112594484893	0.5673668327261949	0.44289898038900477	
9.504042553196163	1.0424786970491633	-0.42563607531943903	-0.3097680181847893	0.5628748356588124	0.420155744759525	
9.510779298024863	1.123742841399276	-0.41078141661793555	-0.29855203910680944	0.5602712558693023	0.4014386789601694	
9.523299661849109	1.2018831302996826	-0.3897849974388284	-0.28893090009200395	0.5589155249325496	0.38672339390149585	
9.542172025346629	1.2738174554387995	-0.3651531810726599	-0.2810596143982261	0.5583700340058286	0.3758751634768234	
9.567810454179472	1.3374437968105117	-0.33930105358474505	-0.2749081978397365	0.5583775978259747	0.36868678193363985	
9.600504527507471	1.3914702411759112	-0.314500143685965	-0.27030455823753774	0.558839851331508	0.36491584265251364	
9.640463055041447	1.4352212738689296	-0.29283534750941986	-0.2669639091520939	0.5597975828758048	0.3643196423468092	
9.687862648774829	1.46844985992011	-0.2761617735871979	-0.2645097922510678	0.561412930887108	0.3666867131524007	
9.742895006255726	1.4911731693838979	-0.26606576434842455	-0.26249570418199264	0.5639504611735506	0.37186209594495984	
9.805807173278344	1.5035550566728697	-0.26383387573572814	-0.26043110967237126	0.5677584545646637	0.3797649648308821	
9.876933042330704	1.5058373941200687	-0.2704347486999237	-0.2578138201853628	0.573249920856012	0.39039938330380475	
9.95671357282347	1.498322607192086	-0.2865200664238206	-0.254168652496076	0.5808830746638877	0.40385850669668055	
10.04570363180057	1.4814114080435978	-0.3124483752442267	-0.2490911774564111	0.5911418715637592	0.4203232302029949	
10.144562500165259	1.4556981245632064	-0.3483383776931098	-0.242293292010998	0.6045175430732452	0.4400555899304047	
10.254029913347887	1.4221084220342428	-0.39414951201009935	-0.2336427442434127	0.6214938275725042	0.4633881073870114	
10.374897264238177	1.3820613344839792	-0.4497757989134569	-0.22319448343985318	0.6425375152408617	0.4907121230542419	
10.507982278474003	1.337636233048339	-0.5151441579136607	-0.21121155841467343	0.6680947106736063	0.5224654389860777	
10.654116902965866	1.2917241388469527	-0.5903054198397923	-0.19817417058729872	0.6985929088511277	0.559119697068615	
10.81415957543661	1.248143078098313	-0.675506216793764	-0.1847769181101766	0.7344483539841593	0.601167449254077	
10.989038790769552	1.211663111355935	-0.7712232941665225	-0.17191091158076333	0.7760767140103644	0.6491084058184784	
11.179817754231882	1.1879195827629314	-0.8781570394892778	-0.1606367709567605	0.8239030096438491	0.7034350798168194	
11.387759216423921	1.1832041488464846	-0.9971887069951317	-0.15215081273434974	0.8783677817645852	0.7646167644877887	
11.614365841320804	1.2041293157631472	-1.129302211563981	-0.1477434345729948	0.9399269843623268	0.8330806322165379	
11.86137002679919	1.2571764903675493	-1.2754689270424255	-0.14874804532163213	1.0090432376220482	0.9091881881291638	
12.130640653134481	1.348155034690358	-1.436487585109499	-0.15647644221617105	1.0861657621219563	0.9932052663846859	
12.42399146398896	1.4816652574578582	-1.6127834677615345	-0.17214232177961117	1.1716989525872472	1.0852671520618202	
12.742901484133302	1.660619877242545	-1.8041714861499796	-0.19677612541091835	1.265960423606343	1.1853387036643772	
13.088157638016712	1.8858610258262625	-2.009592602424944	-0.231134980855453	1.3691288184924792	1.29317113768855	
13.459435910834861	2.155905082674792	-2.2268410904857854	-0.27561405894507407	1.4811819532434114	1.4082574355439652	
13.854829227392713	2.4668310019428565	-2.4523008211676753	-0.3301651642612669	1.6018237510771947	1.5297868777680055	
14.270392562277673	2.8123739634729086	-2.6807676581299136	-0.39424429150734147	1.730407977576302	1.6566084719802507	
14.699757384519273	3.1841746415910475	-2.9054045943261095	-0.46679599053041665	1.8658642261872527	1.7872057009179942	
15.133843458235491	3.5721377311894296	-3.117857501924996	-0.54627477428577	2.0066289653502607	1.9196831227030795	
15.560718374718839	3.9648848141164956	-3.3085664379584685	-0.6307059784410778	2.150588658096856	2.051768492560812	
15.965644329650893	4.350283028141648	-3.4672938501889754	-0.7177837834706396	2.2950399108753334	2.1808318447370345	
16.33138963445743	4.716050647567267	-3.58389282361393	-0.8050053935972904	2.436679109039629	2.303927010664438	
16.638859499122926	5.050400768227259	-3.649238164427783	-0.8898277211089975	2.57163997291283	2.417859933490391	
16.867966871106834	5.342680675639803	-3.656213029711695	-0.9698278222286332	2.695572680216147	2.5192763472993254	
16.998716483556848	5.583975356889631	-3.6006670196388977	-1.0428598619022074	2.8037700508964023	2.6047699824963044	
17.012444895150157	5.767622177056373	-3.482244331038089	-1.107197974242485	2.891342082870885	2.6710095496360795	
16.893170005773076	5.889584349992607	-3.3049885373815564	-1.1616551316506445	2.953441730498314	2.7148842926619032	
16.62887405880548	5.948549795058476	-3.0774885700208574	-1.2056458814678692	2.9855323592384306	2.73365516618454	
16.212557713795473	5.945740884278474	-2.812506578625554	-1.2391744416067199	2.983664107337485	2.725093211894289	
15.643024515064887	5.884492038294949	-2.526138563786719	-1.262744011169947	2.94473799391426	2.6875967461292007	
14.925328948166362	5.769651732386782	-2.2365607207894898	-1.2771858227200479	2.866732982056717	2.6202762971606823	
14.070863365645844	5.606906042667148	-1.9624759162941243	-1.2834202798720196	2.7488758655459278	2.523000844734676	
13.097022318888888	5.4021513522873414	-1.7214126232713185	-1.2821804243595727	2.591726848953313	2.39639524773344	
12.026393656046778	5.1610884319009696	-1.5281860489070704	-1.2737795899256512	2.397148767202849	2.2417785923392195	
10.885694758181085	4.889099357986932	-1.393682511494657	-1.2579889141631864	2.168200901872574	2.0610702039570334	
9.70449830359272	4.591356819308619	-1.324023456931947	-1.234053929883815	1.9089729838114793	1.8566729694825221	
8.51380170735963	4.273080021711135	-1.3201578698100835	-1.200857072161631	1.6243756317251237	1.6313461522407973	
7.34447158938301	3.939819851802373	-1.377895434614852	-1.1572109910857031	1.3198987885945914	1.3880795641458128	
6.225668332529697	3.597628329293968	-1.488497780439669	-1.1022225889821318	1.0013320180640395	1.129976216431995	
5.183509479592473	3.2530613861248936	-1.639751344095579	-1.0356169548462006	0.6744664658888525	0.8601517501169695	
4.240101911911534	2.913068406649292	-1.8174102592428534	-0.9579550322176007	0.3447993918550526	0.5816463066364262	
3.413003740923189	2.5848077595899173	-2.0068830077483013	-0.8707089654654838	0.017271212225802225	0.2973465528190082	
2.715088400717988	2.275405087607673	-2.194944930111825	-0.7761862707305196	-0.30393134732018207	0.009918793547704356	
2.154721676459842	1.991630156451912	-2.3711703656842005	-0.6773181764283119	-0.6154737175852425	-0.2782427043772651	
1.7361669702912346	1.7394906573491988	-2.5287017824481426	-0.5773711875405481	-0.9148591879272419	-0.565044222471576	
1.4600464205077506	1.523793135921258	-2.6643847776428324	-0.479661924173257	-1.2003562067024296	-0.8487080147999162	
1.3238712285955687	1.3477449358960085	-2.7784049153412527	-0.3873006399077363	-1.4708960317853237	-1.1277804963756053	
1.322647734503248	1.212669156368077	-2.8735668113070663	-0.3029780286901725	-1.7259591620953112	-1.4011366597412669	
1.4495507829986993	1.1178794892554955	-2.954359032185756	-0.2287955696341882	-1.9654620594326784	-1.66798319706834	
1.6966415712588283	1.0607678274114702	-3.025918128678716	-0.1661486243858474	-2.1896422719215995	-1.9278506265436783	
2.0555090293290728	1.0370472132191173	-3.0930570750311928	-0.1156612270196795	-2.3989536105672777	-2.1805686189369435	
2.517785614372467	1.04106954895036	-3.1594154923251545	-0.07716337912891583	-2.5939771273376437	-2.426222097846504	
3.0755300833640606	1.066177709801853	-3.226758089812364	-0.049716239660598883	-2.775347522147142	-2.6650836463662997	
3.7214723057916177	1.1050438175669766	-3.29444337031287	-0.031687623221543865	-2.9436947251123855	-2.8975212587264525	
4.449117644608861	1.1499481658217559	-3.3590848279748067	-0.020884558342927233	-3.0995964581011703	-3.123880186885632	
5.252693290182862	1.19295130635389	-3.4144737766007256	-0.014742577767294842	-3.2435373457345613	-3.3443494127526914	
6.126964789975407	1.2259437222958678	-3.4517004845291503	-0.010539765315566118	-3.3758683330657986	-3.5588258708243474	
7.066936356251356	1.240602219002587	-3.4594684140297605	-0.00562215386438601	-3.496763063740296	-3.7667837837426035	
8.06745133528475	1.2282906142800625	-3.424601909132911	0.00237658238413079	-3.606170613029896	-3.967158207751677	
9.122705805610371	1.1799543401336663	-3.332751442132303	0.015335759330705415	-3.7037633226979048	-4.158248271200745	
10.225719607401706	1.0860925781039499	-3.169311439932358	0.03449915915477332	-3.788886808747118	-4.337661494565062	
11.367843210466527	0.9368858352444299	-2.920460815532094	0.06039993397220129	-3.8605200197097767	-4.502308886336661	
12.538339663486472	0.722519802996045	-2.574262597419622	0.09285355686928085	-3.9172486066381995	-4.648446034289288	
13.724093172215563	0.4337339979604742	-2.121765291972425	0.13101734062899942	-3.957259724528097	-4.771765723074421	
14.909487439258184	0.06260968661227632	-1.5580451084294658	0.1735073685890175	-3.978364664942818	-4.867543364754693	
16.076506443520554	-0.39639258432785773	-0.8831263370150333	0.21856171845258116	-3.9780589004458613	-4.930840683646077	
17.20512557597234	-0.9452923806297976	-0.1025891980424263	0.2642294442852722	-3.9536297021563103	-4.956760141205023	
18.273911140526987	-1.5814674653496907	0.7720838684279054	0.3085531815679537	-3.902300001161994	-4.940723951334694	
19.260806148290797	-2.296672347123877	1.723424242468577	0.3497388065711368	-3.8214055206865147	-4.8787690424248025	
20.14405600708818	-3.0763313392830733	2.7281642417693366	0.38630389793218917	-3.708594232372402	-4.767839299885398	
20.90326450979578	-3.8992116695670243	3.7576909910297718	0.4172003899074981	-3.562043283700922	-4.606070244797598	
21.52059291117908	-4.737734118626531	4.7788968564430725	0.4418962621883894	-3.3806840415937653	-4.393051489225176	
21.981540425421613	-5.558951513128453	5.755282459334227	0.46037814692010887	-3.1643177673811813	-4.129909844337552	
22.27677843674659	-6.326192706929393	6.6486710352133604	0.4731580684515869	-2.91392100666188	-3.8196657668988943	
22.40115878401136	-7.001096190115961	7.42053473188983	0.4810901618612949	-2.631371419615725	-3.4667369565610144	
