21.94780333057048	-7.971294898721478	6.3885532943758525	0.4799019979311651	-1.8622536481236784	-2.829721774593229	
21.67746687499503	-7.916789355984377	6.307487586730061	0.5879380853122765	-1.506097383560831	-2.422912384604374	
21.252890453504513	-7.614591776490757	6.0168240171905465	0.6931111330339929	-1.1357247829251786	-2.01094730391687	
20.697392159822037	-7.072607756798988	5.531962780632491	0.7941649612001858	-0.759881306706027	-1.6046576687809733	
20.037913652233133	-6.313703002521583	4.883342131820033	0.8896450220744027	-0.38758018434044067	-1.21433616314747	
19.303921177619266	-5.3767304695250635	4.116505315591967	0.9777849049191936	-0.027616170406150605	-0.8490890771291857	
18.52489243019044	-4.3124974871249115	3.287067050976657	1.0564980620278959	0.31204343251930083	-0.5162778725116159	
17.727973351890473	-3.178909838392182	2.4553376033555194	1.1234432373805092	0.6246777621430739	-0.22115136352398568	
16.935558171821164	-2.034158655291115	1.6793114805949179	1.176122711755192	0.9050697291622987	0.03329150663439464	
16.163587292571926	-0.9301356107617667	1.0079332556275127	1.2119746762962913	1.1495379277842745	0.2462075780843555	
15.421019196813623	0.09243951045393344	0.4757226750551978	1.2284665179369165	1.355791018143552	0.41864304919205175	
14.710732139983968	1.0059939769127655	0.09987294566494519	1.223231793516541	1.5226873874200453	0.553180942477641	
14.031619590810593	1.795290716335855	-0.11983467159703637	1.194282941375748	1.650000685292877	0.6535705132787886	
13.38123789613676	2.454963985155535	-0.19869342305470855	1.1402760938893384	1.7382662440971413	0.7243623840842233	
12.758241405636845	2.986697597337754	-0.16318616734632654	1.0607710655338094	1.7887380222210472	0.7705464048327421	
12.16401506150636	3.3967487868017394	-0.04636830334122925	0.9564415413490861	1.8034350189049437	0.7971926194629461	
11.603183295889199	3.6940834306254042	0.1167609165745566	0.8292131844629691	1.78522166392385	0.8091201144827436	
11.082993530582769	3.889225748093886	0.2932925226525092	0.682311127755351	1.7378518595439398	0.8106298182487277	
10.611868964160962	3.993829784999006	0.45542257882756065	0.5201892104302759	1.6659168390787782	0.8053300044248108	
10.197620799691723	4.020792371533361	0.5822810699080629	0.3483145238891404	1.5746683440838993	0.7960658173072903	
9.845843989726053	3.9845231767419844	0.6606565532195404	0.17280464703934134	1.4697279244468229	0.7849464627143046	
9.558886065708927	3.9009493630978986	0.6848242082326016	-4.839931442660386e-05	1.3567255262802227	0.7734493425287843	
9.335555855846467	3.786994725240577	0.6556574441508988	-0.16430016343264459	1.2409292851349278	0.7625708405403839	
9.17149883485268	3.6595302753091126	0.5791953667232893	-0.31483388910565135	1.1269320100434848	0.7529865354760346	
9.060014315152744	3.5339951343858873	0.46488436309361236	-0.447721396904408	1.0184409173912998	0.7451883685398738	
8.993069542422768	3.422989165988401	0.32375053676017995	-0.5604110791847041	0.9181936462830904	0.7395794548955331	
8.962288909996197	3.335158009078434	0.16677620995467352	-0.6517230986165664	0.827998041040756	0.736520456432464	
8.959750787803495	3.2746178299820055	0.003695124911323891	-0.7216703192271251	0.7488698517723077	0.7363336689063107	
8.978498033336328	3.24102830219465	-0.15768275397907502	-0.771157220949177	0.6812267779248917	0.739278912033692	
9.012747774552427	3.2302695993378596	-0.3116180635488682	-0.8016301499589072	0.6250923470391778	0.7455177919437402	
9.057852931662282	3.2355621131287013	-0.45415821647120513	-0.8147558899582554	0.5802690367388336	0.7550806879303453	
9.110107633841519	3.2488087676349853	-0.5825913079624642	-0.8121908970458231	0.5464538734764461	0.7678460691953025	
9.166497776237403	3.2619240148599755	-0.6948442317138231	-0.7954746463219475	0.5232874204344126	0.783537498689192	
9.224487103229912	3.2679292473500845	-0.7890263606429377	-0.7660409648521632	0.510345366210832	0.8017390121693663	
9.281890881644365	3.2616733529858903	-0.863239567425414	-0.7253065706283933	0.5070957626503273	0.8219260242295795	
9.336846899837228	3.240127807441292	-0.9156660985427469	-0.674780946812292	0.5128495182402013	0.8435063372629642	
9.387859486106807	3.20229788737947	-0.9448476141940326	-0.6161456720571978	0.5267282316211751	0.8658641502961957	
9.433872130226707	3.1488622113185087	-0.9500156942845477	-0.55127116885359	0.5476638222614625	0.8884002570586467	
9.474322066682308	3.0816829230152214	-0.9313383331240412	-0.4821659464978286	0.5744322485999099	0.9105635313536955	
9.509144101934096	3.0033153537493433	-0.8899939011398496	-0.41087806925812925	0.6057128013210532	0.9318713589579801	
9.5387148212225	2.9165994340242465	-0.8280493137084739	-0.3393831377713906	0.64015798911608	0.9519189635464059	
9.563752208277718	2.824355438015815	-0.7481819130596429	-0.2694938369944261	0.6764582936439276	0.9703791611113729	
9.585199998922013	2.7291602923237086	-0.6533324143475309	-0.2028145022746295	0.7133900899657163	0.9869949203244932	
9.604126831232929	2.6331642674309337	-0.5463937577275416	-0.14074215510760432	0.7498431503175889	1.0015680495836379	
9.621655945938269	2.537923967388589	-0.43001086625506374	-0.08449700808245884	0.7848316261636307	1.0139470605452743	
9.638926931862901	2.4442580770985938	-0.30652007377749313	-0.03515736582382212	0.8174960504131172	1.0240168783336245	
9.657081534625483	2.3521542404710245	-0.17801170280950954	0.006323683343472653	0.847104143279733	1.0316926947067142	
9.677262398568285	2.260759701077407	-0.046469355054278634	0.03913220348526772	0.8730558630154577	1.0369198354278415	
9.70061537246433	2.168476275762524	0.086069776097092	0.06263776095367851	0.8948947146922962	1.0396809575289265	
9.728290055717157	2.0731601544052607	0.21738110051779916	0.07645751355560135	0.9123241471533324	1.040011045587589	
9.76143757912777	1.9724081848298944	0.34497479124534497	0.08052367535382851	0.9252258079822782	1.0380195178971303	
9.801207999272442	1.8638999832733474	0.4660842491834677	0.07513665854868182	0.9336753842891974	1.0339173082322721	
9.848751218412998	1.7457558291272917	0.5777160931173206	0.060988062834089474	0.9379513805086367	1.0280451102502681	
9.90522490421834	1.616872391866762	0.6767464265588902	0.03914536774573688	0.9385338867431176	1.0208988644946175	
9.97181172439544	1.4772077124901133	0.760046202482152	0.010995980778195424	0.936091265139844	1.013148729361025	
10.049746777670567	1.3279970984942602	0.8246168522161497	-0.021845305534015216	0.9314545076099887	1.005648597174677	
10.14035435423911	1.1718936556267652	0.867715846146845	-0.05765586684358022	0.9255809470216896	0.999434262503389	
10.245091547010487	1.013038296463107	0.8869528805272878	-0.09473844847633721	0.9195105454799731	0.9957092655423623	
10.3655951920768	0.8570702932661772	0.880343340643999	-0.13155326056876274	0.9143188056865755	0.9958180862851	
10.503727895571023	0.7110864418232469	0.8463161804312912	-0.16683554253127217	0.9110703135829732	1.0012068398858727	
10.661617570064067	0.5835438799269991	0.7836846057567404	-0.19968902615893294	0.9107760910455833	1.013372097652723	
10.841680546174533	0.48407902861416	0.691594099972654	-0.22964919119302238	0.9143570514545651	1.0337991506047999	
11.046612117829307	0.4232009593052506	0.5694639873055104	-0.256712981601993	0.9226152813367563	1.0638926903303363	
11.2793241721785	0.4118180123989452	0.41693865646699063	-0.28133354851288206	0.9362139231687823	1.1049034690586257	
11.542808020274107	0.4605708622185534	0.2338676616522904	-0.3043755909129639	0.9556662072184453	1.1578545452237206	
11.839904670652365	0.5789861112472502	0.02034310607594914	-0.32702608185377136	0.9813334243878342	1.223470286004276	
12.172971943685875	0.7745135761539277	-0.22317117558322883	-0.3506580843677157	1.0134303621447598	1.3021102806608442	
12.543448088357781	1.0515468118120583	-0.4955902938886908	-0.37665281341060924	1.052035175036225	1.3937094200040614	
12.951326354887886	1.410535831706672	-0.7948335916795628	-0.406194935929085	1.097099319446509	1.4977252176197517	
13.394574675381477	1.8472881507805308	-1.1173543046152823	-0.4400643419630046	1.1484525992947394	1.6130941711565865	
13.86855515384281	2.3525381228363598	-1.4576359194467614	-0.4784507459732702	1.20579875935678	1.7381999895350575	
14.365529087240287	2.91188349767243	-1.8077477769914052	-0.5208191822052639	1.2686988804789654	1.8708594982589264	
14.874341970442751	3.5061769461161187	-2.157060735318681	-0.5658508698102274	1.3365419957047742	2.00833134654471	
15.380372546057163	4.112425145714205	-2.4922226526015456	-0.6114787562447259	1.4085047190942226	2.1473521304685375	
15.86581363363766	4.7051841290954854	-2.7974958378001515	-0.6550321452016573	1.4835041819061794	2.2842049773394084	
16.310310241761435	5.258337746518777	-3.0555379521454977	-0.6934920735951144	1.5601507359506406	2.414823835385448	
16.691922020211486	5.747053411657645	-3.248659595916975	-0.7238404808000626	1.636708862745274	2.5349338414827636	
16.988314728506996	6.149646353425491	-3.3605129796140645	-0.7434642463814943	1.7110759830457687	2.640223715971456	
17.178043645034116	6.449066605685787	-3.3780627577339537	-0.7505538738269426	1.7807888237171934	2.726540579905785	
17.241795222831033	6.633770319081305	-3.2935792031454163	-0.7444213136309465	1.8430653609378673	2.790092066945494	
17.1635067619022	6.697864514345576	-3.106303787189855	-0.7256584685170118	1.8948876001864996	2.827636719005345	
16.931334918559546	6.640604551036962	-2.8233756424486485	-0.6960716461926838	1.9331264568384372	2.8366392778843084	
16.5384831117759	6.465570038385744	-2.4597314693896837	-0.6583822788442577	1.9547018949997865	2.815372414040888	
15.98386808545718	6.179919471081439	-2.0368999031423374	-0.6157468687562977	1.956764322657558	2.7629545031807816	
15.27255076194198	5.794005090062603	-1.5808554032513742	-0.5712041450080069	1.9368754773429206	2.6793232477884885	
14.415831157614464	5.321367005882041	-1.1193164529529904	-0.5271823414875474	1.893163745810129	2.565156805848485	
13.430919520602709	4.7788579747986715	-0.678982771180571	-0.4851780894461442	1.8244324897322808	2.4217624718227215	
12.340150220502313	4.186528864836884	-0.2831688634806834	-0.4456595474742334	1.7302087802092825	2.250955326385014	
11.169798821208579	3.5669786857857284	0.049880586004728125	-0.40817634843560263	1.6107310397109833	2.054946104187839	
9.948671613581238	2.944075598183282	0.30794198115625643	-0.3716073320951099	1.4668856086826427	1.8362515916643218	
8.706697233029066	2.3411807207351463	0.4851533794681821	-0.3344616272033466	1.300112263206562	1.597633669994699	
7.47370494027393	1.7792281691327134	0.5818861366726034	-0.29516521302508913	1.112304279339107	1.3420628294126782	
6.278416448404061	1.2751387122477251	0.604220739591643	-0.2523021153407628	0.9057257221407186	1.0726893944210767	
5.147535216369032	0.8409691289441619	0.5629723263629495	-0.20481641677304718	0.6829490457586145	0.7927976565312567	
4.104829634461792	0.4839249487502294	0.472229911381441	-0.15219171750686605	0.44679693848391056	0.5057258969649802	
3.1702347411108165	0.2070270825123585	0.3475228081992249	-0.09460965934193916	0.20026511878033612	0.21475338908336117	
2.3591227753694333	0.010036089803754047	0.20388798078268075	-0.03306282570052494	-0.05358693443469129	-0.0770287611321521	
1.681922438822733	-0.10971677753590851	0.05417264372485277	0.030618209827420622	-0.31177013186821045	-0.3668410477368028	
1.1441962830755665	-0.1567521669596385	-0.0921557858956528	0.09385556733650197	-0.571500767217779	-0.6523160459104566	
0.7471719693122993	-0.1371021587445887	-0.22955309202813112	0.15353665038620642	-0.8303077999908632	-0.931566676048563	
0.48862566486771913	-0.05811362139986706	-0.35629025889714294	0.20632250042976752	-1.0860910962731822	-1.2032181267550257	
0.3639418302451818	0.07169059528730345	-0.4738151791074964	0.24900162327525088	-1.3371252379283356	-1.4664033532107843	
0.3671663484157019	0.24275014295152916	-0.5857838759223116	0.27883536582327556	-1.5820209597726032	-1.720727913357057	
0.4919313687232235	0.4446472952425366	-0.6969396102204152	0.293852389431398	-1.8196618282725547	-1.9662107990737048	
0.7321778077182683	0.6663459182957938	-0.8119829583235335	0.293063249483759	-2.0491328595455647	-2.203208072850556	
1.0826410630751806	0.8964751742210323	-0.9345374463881797	0.27658039249562927	-2.2696532546524324	-2.432323980683671	
1.5390946159647212	1.1236183948995808	-1.0662825217893221	0.2456415427544482	-2.4805199596894383	-2.6543115778550685	
2.0983660475323127	1.33656198387785	-1.2062968471147868	0.20254440974798613	-2.6810636384257287	-2.8699633610881983	
2.7581504030224098	1.5244761780103313	-1.3506299063604046	0.1505066854184963	-2.8706146828254813	-3.079992420764612	
3.5166482870038536	1.677029316899315	-1.4921020473678828	0.09346651756449045	-3.0484746858143676	-3.284905447912834	
4.372057256549574	1.78446286205291	-1.6203383148732913	0.03583477975383902	-3.2138884868629805	-3.4848714086582353	
5.321956008839492	1.837668599055625	-1.7220384444380576	-0.01778861736382684	-3.3660126187120016	-3.6795922760594144	
6.362624016372679	1.8283088271995793	-1.7814870505734663	-0.06292251361526328	-3.503877012441211	-3.868182778631798	
7.488342770285256	1.749009109536796	-1.7813195813997824	-0.09552182617554532	-3.626338941045062	-4.049068088712341	
8.690730334782065	1.59364013332077	-1.7035546197386484	-0.1122831383843948	-3.7320312517605254	-4.219909086714028	
9.95816747779871	1.3576907034463248	-1.5308884371496811	-0.11091190480676621	-3.8193109325339063	-4.377564902639161	
11.275381120406253	1.0387192625666193	-1.2482180414229438	-0.09032290641947473	-3.8862183737481812	-4.518102187067033	
12.62325496521773	0.6368564466971528	-0.8443161597597191	-0.05074954426796164	-3.93046126855287	-4.636860401537739	
13.978932081268145	0.155316083138648	-0.31353608262398047	0.0062527593567352335	-3.9494385817358353	-4.728582423703792	
15.316258949598444	-0.3991400894696493	0.3426070987663212	0.07791132307935747	-3.940318497773046	-4.787620085657986	
16.6066035398703	-1.0158582016226576	1.1141797983404325	0.1604433985390148	-3.9001788035837457	-4.808222773524889	
17.82002131696809	-1.680118243140093	1.9820688730380247	0.24934641940350874	-3.8262052744361226	-4.784905949754048	
18.92671131141267	-2.3731542366540177	2.9178697496572172	0.3397538549321751	-3.7159351033336976	-4.712889093077603	
19.898610622679634	-3.072367227901028	3.884522272707948	0.4268291377617678	-3.567515904942676	-4.588562670213078	
20.71107923388068	-3.7517591207940737	4.837849614967428	0.506190411890321	-3.3799765263396817	-4.409976246738395	
21.344176865223247	-4.382568268153341	5.728744815797322	0.5742623018271825	-3.153419448787396	-4.177182128494483	
21.784329008766967	-4.934360670649727	6.5066420485503915	0.6286881031963778	-2.8892984814089337	-3.8926829752633645	
22.024311143726987	-5.37631841599521	7.122589998554247	0.6683651941408708	-2.590368771023115	-3.5612709448965174	
