21.30433668102902	-6.647783200672946	7.57912887503781	0.3435642751450709	-1.794631180151946	-2.4153612180473045	
21.152410330761448	-6.6483994307125736	7.539041903019267	0.34306809600152327	-1.4598154403937211	-2.0322044422594185	
20.885935968624437	-6.476063989432863	7.296975490514474	0.3470662072818791	-1.1130963832029	-1.6480619468353714	
20.51506551969165	-6.129473438222926	6.870926604530892	0.35820602492270265	-0.7613719301739785	-1.2725802091487184	
20.051031145820915	-5.616537251913426	6.290954956831012	0.3781963055366358	-0.41188020892183513	-0.9148061847581954	
19.505851748588157	-4.95587567579611	5.598954258653294	0.407427039693021	-0.07193226337096903	-0.5826480707495627	
18.891600362682823	-4.174893687252895	4.843582673530822	0.4448954483032861	0.25150909328768933	-0.28244790681290066	
18.219848269499092	-3.3074846175688606	4.075533257734709	0.4882115977342211	0.552113518811732	-0.01867286830782508	
17.50118048666508	-2.3903559728985355	3.341684566443688	0.533759719586685	0.8244006487329791	0.20621952977682398	
16.745081321346518	-1.4592858898547023	2.679899257697183	0.5769587190356988	1.0638467215430412	0.391742677217286	
15.960337857320196	-0.5461399458075382	2.115267397171178	0.6126303742965634	1.26692451959293	0.5391937831012912	
15.155962660698014	0.3226004492206345	1.6586804071319872	0.6354780267742439	1.4311258242921006	0.6513619456318182	
14.342346034202901	1.1258771028028094	1.3078219538572382	0.6406467361915601	1.5550153344657442	0.7321798922817748	
13.53220605340763	1.8473679983947338	1.0499539353798188	0.62429615043503	1.6383315941427423	0.7863479304910356	
12.740925210284825	2.474757401068782	0.8656397696560565	0.5840966731640442	1.6821082895356876	0.8189442374915266	
11.986018102228474	2.9993265338315727	0.7325607795246377	0.519567490866746	1.6887619508145153	0.8350454317342291	
11.285738525593992	3.4159297031185685	0.6288166838366295	0.4322072387779606	1.6620850161202312	0.8393905387809822	
10.657118148468182	3.7232779420244664	0.5354080654538361	0.3254054954293791	1.6071007974232794	0.836121683256867	
10.113917687493485	3.924398880846348	0.4378508488430581	0.20415121935281633	1.5297717401076425	0.8286243484858669	
9.664990298234178	4.027038789360594	0.3269848497526376	0.0745664385357534	1.4365872328649247	0.8194759539437718	
9.313434366697345	4.043638131238107	0.19902778287368106	-0.05668711387641524	1.3340884758949847	0.8104970495965156	
9.056610825801249	3.990625163188634	0.05499057211665682	-0.18304589486349232	1.2284042924529668	0.8028734771003846	
8.88690800752385	3.8870055526918987	-0.10040831281192347	-0.2986421997743295	1.1248595016183014	0.7973116362051056	
8.793028351819865	3.752473635458439	-0.26013929981926415	-0.3987830676454493	1.0277025986321622	0.7941899738169304	
8.761524740850675	3.6054093108845815	-0.41634473157718227	-0.4802538685421016	0.9399770788838789	0.7936798922776532	
8.778321956608558	3.461135695848417	-0.5616874995607796	-0.5414184857538411	0.8635363510064926	0.7958245536721646	
8.830006519481959	3.33073140514767	-0.6903798840931522	-0.5821189976511634	0.7991799872118328	0.8005784890206757	
8.904747652370496	3.2205559447768928	-0.7987697356761861	-0.6034108961753489	0.7468721058063721	0.8078200299937203	
8.992791907648007	3.1325105565475573	-0.8854323953495618	-0.6071975454735293	0.7059960649801043	0.8173513559848261	
9.086569768083464	3.0648693698638563	-0.9508340580722661	-0.5958526002136035	0.6755954580628215	0.8288978626971389	
9.180521219012697	3.013429846572869	-0.996720955011212	-0.5719015773564995	0.6545677101532337	0.8421134160439125	
9.270756610549096	2.9727513837303094	-1.0254133187140133	-0.537800568856677	0.6417957221445949	0.8565942170767723	
9.354663419213896	2.9372816893275493	-1.0391757650003812	-0.49582034351535764	0.6362177308306461	0.8719011136390861	
9.430547208227997	2.9022185817724293	-1.039788209420743	-0.44801864001732467	0.6368475708609623	0.8875879116436748	
9.49736350530953	2.864014739697224	-1.0283707729048717	-0.39626747085286057	0.6427641955075323	0.9032314836709244	
9.554561236266844	2.820511626740603	-1.0054431778010502	-0.34229665481748384	0.6530904352893726	0.9184587544519548	
9.602021370860566	2.7707777991461278	-0.971144687308118	-0.28771986589062126	0.666977274135405	0.9329662518155614	
9.640045850661835	2.714798345493155	-0.9255104651718499	-0.2340259059770666	0.6836025307644845	0.9465295514866782	
9.669350539701583	2.6531681302625243	-0.8687071732363151	-0.18254028485316118	0.7021838571271873	0.9590031106377607	
9.691032819873024	2.5868606819299447	-0.8011731611952229	-0.13437799554591087	0.7219996854001652	0.9703122837581438	
9.706507734322162	2.517070927560876	-0.7236526073730393	-0.09041046859667694	0.742409875762634	0.9804397993035404	
9.71742253008281	2.445090696250571	-0.6371505707909028	-0.051261624430018325	0.7628692491129797	0.9894089561480688	
9.725564749433124	2.3721775424191174	-0.5428558473946415	-0.017335428377476418	0.7829305700650206	0.9972656366919943	
9.732776009597169	2.299403928796832	-0.44207678975034875	0.011133572588098738	0.8022372304694185	1.0040612394542425	
9.74087750502023	2.2274993755148724	-0.3362167796067424	0.034020765556795105	0.8205086151396784	1.009838798358437	
9.751609507999785	2.1567103235943605	-0.2267919402357487	0.05125703025110651	0.8375222393211396	1.014624812047296	
9.766585191426634	2.0866971503053238	-0.11547675163923261	0.06279081570319607	0.8530974823681376	1.0184288412723148	
9.78725683041578	2.016481628219942	-0.004158328690101911	0.06857276077578442	0.8670847278674383	1.021251798312762	
9.814892480989926	1.944460731324964	0.10501827456415139	0.06856419130734974	0.8793622565527951	1.0231027964845087	
9.850563010802565	1.8685012323005692	0.20962710077869504	0.06276623373411834	0.8898415894720687	1.024023292500175	
9.895142639265533	1.7861215962166133	0.3069685803909884	0.051262282932169737	0.8984801530919294	1.0241163004350713	
9.949328966230928	1.694755378501094	0.39410921785189185	0.034264352860050695	0.9052986859629787	1.0235777979703786	
10.013688775867612	1.5920800253676628	0.46795043886701265	0.012154088032493108	0.9104001616269817	1.022727244506869	
10.088733696076535	1.4763902894903813	0.5253196903106883	-0.01448905875269552	0.9139869427503388	1.0220339136624883	
10.175024441930153	1.3469895521714288	0.5630748318535869	-0.04487770566191576	0.916373078454675	1.022135333437985	
10.273297371119789	1.2045792269359663	0.5782166673360664	-0.07802574864719064	0.9179902325324403	1.023845810164703	
10.384602778259394	1.0516226120386623	0.5680109707017137	-0.11277851912583266	0.919385843086292	1.028152933920789	
10.510438110620026	0.8926483586527862	0.530122189957994	-0.1478655440559835	0.9212123460766253	1.0362005270083434	
10.652855269602565	0.7344467656703066	0.4627554806977557	-0.18197659855047504	0.9242066930562707	1.049257332470827	
10.814520175892646	0.5861048413491519	0.36479346904361304	-0.2138589214984905	0.9291603372565237	1.0686717960721386	
10.99870392749018	0.4588287834437958	0.23590562553997924	-0.24242879493178915	0.9368814281640445	1.0958144320091179	
11.209186370603708	0.36551485714989757	0.07660966973581525	-0.26688562209482164	0.9481525421418859	1.1320099710930698	
11.450054613547364	0.32004693599563927	-0.11172493822638746	-0.28680970450207366	0.9636887762422818	1.178462852224703	
11.72539391385232	0.33635026844056354	-0.3269126957403508	-0.302225014476191	0.9841008684248219	1.2361803007671663	
12.03887624518042	0.427256927033914	-0.5659941797315855	-0.3136130672616319	1.0098660062239482	1.3058960253888297	
12.393258662962019	0.6032679194667795	-0.8252532810984005	-0.3218693826525033	1.0413074578499295	1.3879971565064462	
12.78981195921537	0.8713230236526159	-1.1001874840571408	-0.32820228485423864	1.0785825130049882	1.482456398842746	
13.227710487245666	1.2336989138708214	-1.3854256128487064	-0.3339823745365575	1.1216768309761156	1.5887711111437246	
13.703428381829635	1.6871516404459241	-1.6746068130067469	-0.340558659288081	1.1704023504474848	1.7059114751323918	
14.210201414959682	2.222402103567307	-1.9602526909077285	-0.34906262054692705	1.2243953084989752	1.8322805680120329	
14.737638865673505	2.82406527468431	-2.233684739192868	-0.36022587367835135	1.2831111829914013	1.9656919937847501	
15.271588971374372	3.4711100902758387	-2.4850550004522205	-0.3742417259913683	1.3458142280434688	2.103373000569042	
15.79432475454245	4.137856921655978	-2.703553322608458	-0.3906946506394584	1.4115598722912224	2.2419974445668887	
16.285099209441107	4.795494979260482	-2.877854303809228	-0.40857645073679977	1.4791714500463145	2.3777548358600207	
16.721062420944346	5.414020322260291	-2.996845506205211	-0.42639748129649063	1.5472155117328836	2.5064590691195723	
17.078470030422356	5.964409104600477	-3.050636636932326	-0.4423859088086159	1.6139826516913773	2.623696774996121	
17.334063673077438	6.420769606398287	-3.0317865103297943	-0.454749641907502	1.6774823508739238	2.725010645712763	
17.466488688445605	6.762187501847491	-2.936607638369207	-0.4619572050419078	1.7354600834802867	2.8061081422240486	
17.45764196430177	6.974020629747991	-2.766332647085306	-0.4629799074416634	1.785443252006256	2.8630819013352373	
17.29385771274641	7.048483961677342	-2.527831760018449	-0.45742912978005923	1.8248203443044064	2.89261959581358	
16.966882223964774	6.9846049119819575	-2.233624168714029	-0.44554662046677174	1.8509509766474073	2.8921797196668755	
16.47459404969606	6.787764532532567	-1.9010557488170656	-0.42804946610594957	1.861299814059215	2.860114263981814	
15.821404456322	6.469032299173711	-1.550691093481573	-0.40587368028707266	1.8535814907210015	2.795725290795718	
15.018276009370016	6.044413918787447	-1.204164343579711	-0.3798888019910666	1.8258995730109733	2.699253104743786	
14.082314173956018	5.534012938618561	-0.8818702308086855	-0.3506584111905715	1.7768623911894097	2.5718044777521754	
13.035921776260851	4.961031812417499	-0.600907545161883	-0.31830021322497604	1.7056615300898315	2.4152374760376585	
11.905566605984085	4.350535164565517	-0.37358913593759063	-0.2824649488340942	1.612104335458739	2.232023470085662	
10.720288207329807	3.7279485104873333	-0.20666304723996554	-0.2424216110020584	1.4965970869132637	2.0251045957989033	
9.510163297014316	3.117390379404323	-0.10120142051551916	-0.19721240769254444	1.360086444396059	1.7977611071800257	
8.304917561144181	2.540068842055834	-0.05299735735029266	-0.14583668629493132	1.203979365899931	1.5534933609243227	
7.132731121138962	2.01306852523686	-0.05339130997342284	-0.08743921885742255	1.030058327571974	1.2959098393742656	
6.019197579880347	1.5488104745385303	-0.09049802370884227	-0.021492847214110225	0.8403987943855168	1.0286104304084993	
4.986400090739721	1.1552436958275714	-0.15076782393458268	0.05202839390447577	0.6372837246173549	0.7550611915494796	
4.052147842748101	0.8365544460976799	-0.22070730058886787	0.13249709162832732	0.4231062893882225	0.4784688793117657	
3.229490550147536	0.5940255791302443	-0.28848834806366036	0.2185279785309425	0.20026039112961386	0.20167210879819317	
2.5266241916759724	0.4267350964840908	-0.3451763590763549	0.3079575311725762	-0.02896790295085607	-0.07293489008214807	
1.9472430975255022	0.33198362142492466	-0.385389478953274	0.3979370440451931	-0.2624861021091406	-0.3434359583429636	
1.4912558280168147	0.3055005709945871	-0.40737685095700726	0.4851312986069357	-0.49844217866016566	-0.6083883570321915	
1.1557375816620183	0.3415480368872069	-0.41261988993017373	0.5659908000942852	-0.7352290536720754	-0.8667896029255957	
0.9359724968236902	0.433024161446639	-0.4051107652488927	0.6370540660952227	-0.9714534533483289	-1.1180267394805516	
0.8264447340070663	0.571627732111272	-0.39047283908947866	0.6952364247148268	-1.2058830190522767	-1.3618185201005142	
0.8216740144005961	0.7481026990550725	-0.3750572862946074	0.7380715595734515	-1.43738744737076	-1.598158269973223	
0.9168396973514176	0.9525424205555555	-0.36510107043710716	0.7638860559960428	-1.6648867166592225	-1.8272611167448054	
1.1081806923202988	1.1747070168324032	-0.36598417548911016	0.7719015978249607	-1.887314199024688	-2.0495148332761213	
1.3931790827225081	1.4043013030096525	-0.38159858717616507	0.7622659359771322	-2.103597121389461	-2.2654294518198426	
1.770546754870195	1.6311732531236525	-0.4138332945370934	0.7360196035848985	-2.31265246444664	-2.4755803896757396	
2.24004384951475	1.8454228960183934	-0.4621648687507424	0.6950105703030836	-2.513393337084855	-2.6805413473464137	
2.8021485917228346	2.037435332594162	-0.5233581450634542	0.6417636022693144	-2.7047401870924905	-2.880805162073656	
3.457599266569862	2.197867882441082	-0.5912971853133022	0.5793119889013045	-2.885631404939887	-3.0766938256286713	
4.206833626406208	2.3176315384587194	-0.6569799459242232	0.5110007730852426	-3.0550284447934986	-3.2682613229523083	
5.049358146288981	2.3879071887511896	-0.7087155414379205	0.4402728440567933	-3.2119113770137258	-3.455194776844614	
5.98308702821647	2.4002266602493756	-0.7325575914288363	0.3704515833279133	-3.3552617199354917	-3.636720224458635	
7.003696829914816	2.34663151758337	-0.7129967733877947	0.3045355373481016	-3.484030409072069	-3.811519339490874	
8.104066606813772	2.2199014993794046	-0.6339143199430793	0.24502596635464716	-3.597091204842669	-3.9776666155641562	
9.273860085636024	2.0138415184735816	-0.47975107270205847	0.19380433803252942	-3.693183317779976	-4.132592273974382	
10.499304191405992	1.7236255695049854	-0.23683330738899144	0.15207011401743373	-3.7708508149440045	-4.273077730681859	
11.76321139223879	1.3462032839460942	0.10522919526676913	0.12034083450932333	-3.8283907183735124	-4.3952920788585805	
13.045274084576796	0.880769859720574	0.5521768676237618	0.09850612777710387	-3.863824767510081	-4.494878637144272	
14.322635633587822	0.3292829545556602	1.1038801695148022	0.085920273782056	-3.8749098699000304	-4.567100222425979	
15.570716686412467	-0.30300688327424363	1.7533831615366204	0.08151730135909985	-3.859198384367181	-4.607049067691937	
16.76424974696371	-1.0070456210994014	2.4863186454587747	0.08393809657467917	-3.8141522841972932	-4.609921961012354	
17.878444828407726	-1.769527576243698	3.280824249205489	0.09166722999072109	-3.737306801555512	-4.571350298808135	
18.890168234844307	-2.572557422844804	4.1080531862628	0.10317856210992883	-3.6264712820696983	-4.487760268460121	
19.778993337808497	-3.393478436745685	4.933262302267511	0.11708335715942102	-3.479946433921444	-4.356723612233663	
20.52810078911535	-4.204988138760886	5.717585520166253	0.13227802101083588	-3.2967684175233343	-4.1772973211402995	
21.124721552830152	-4.975641370068674	6.420083316852169	0.14804971626815192	-3.0768896812168425	-3.9502180605800916	
21.560819468856753	-5.670965814357114	7.000945913963374	0.16418551895516093	-2.821488966394737	-3.6782080747113897	
21.83252448527851	-6.255089113089289	7.42352612307157	0.180916277098376	-2.532918645820187	-3.3657399606296177	
