21.548897583898285	-5.676476330142833	7.060514054108892	0.3629664036729809	-1.9682658639645887	-2.611749142292579	
21.34146346158816	-5.634506605363939	7.063059261262862	0.3044803690023237	-1.6234222422377964	-2.1997822385183436	
20.97984821720244	-5.42232251617107	6.854423015077861	0.24656332245927412	-1.2636889521832175	-1.7831708336985654	
20.48529658120288	-5.040775857899964	6.449478183783703	0.1946063003151026	-0.8976595598002562	-1.373563987081413	
19.88304246060778	-4.5023461956204125	5.877983583579786	0.1531286156112155	-0.5342491592110956	-0.9819971782504313	
19.201030390052807	-3.8324202900795163	5.183874781467763	0.12530878769420317	-0.1821684518396542	-0.6181903536856668	
18.467243168983025	-3.0665562878808346	4.419881707198575	0.11276385681479636	0.15070285690242202	-0.28994633537127845	
17.707279662942593	-2.2463952471333015	3.641941768087053	0.115445795512883	0.4577238249070396	-0.0027463668861160157	
16.942043941229613	-1.4139050147739762	2.902413397720923	0.13164239386113957	0.7337164532018697	0.24041109335100597	
16.18634045523965	-0.6059568532123099	2.2439584597944604	0.1580516081018243	0.9749622079024993	0.43892788649644354	
15.44873050792421	0.1493326217180182	1.695101821974545	0.18997910568930348	1.1790424045397028	0.5943354926882439	
14.732744605061967	0.8336341749862068	1.2683925605921362	0.2217240231724226	1.3446191337000624	0.7099148725302726	
14.039078954516286	1.4371843325375944	0.9612761592753921	0.2471739787629088	1.4712582319149627	0.7902694530219743	
13.36810808034113	1.956457169849995	0.7591354590274673	0.2605432576288108	1.5593561655728754	0.8408759779874146	
12.72195818399639	2.3918703734054767	0.6395380242175602	0.25711922016436356	1.6101762832847302	0.8676239989931286	
12.105577759691776	2.7461050662527686	0.576689381528662	0.23387978190970524	1.625943707438854	0.8763682592427587	
11.526602123329088	3.023152191794944	0.5453194411956779	0.18987941948819428	1.6099149879626382	0.8725347004208108	
10.99420937210938	3.2280258015031125	0.5235375435311335	0.12634856867078134	1.5663465425091894	0.8608223542299138	
10.517453452684917	3.366978306561527	0.49453875152879034	0.04650160943251868	1.500324936462355	0.8450277756544472	
10.103631660823641	3.4479161236315417	0.44729755094544993	-0.04490655239264819	1.4174692646408047	0.8279980364450309	
9.75711661601226	3.480630381840858	0.37648094230860357	-0.1421996796765845	1.3235519114156784	0.8116980633927235	
9.478851584985161	3.4765360609490905	0.2817882577037471	-0.2394757146078237	1.2241017707365196	0.7973597590387763	
9.266480821184421	3.4478351884307026	0.1668749287084301	-0.3312714260368902	1.124054358177692	0.7856681708658526	
9.114941522152593	3.406257824144726	0.038011119301649104	-0.41310081288712985	1.0274989124366942	0.7769402955365121	
9.017298810005359	3.3617001687988486	-0.09733660463408778	-0.48179366801046675	0.9375520186461554	0.7712655339518911	
8.965608731269649	3.321127267000224	-0.23178001388518024	-0.5356003270023946	0.8563572871802334	0.7685960389767876	
8.951653175378137	3.2880290345508696	-0.3589625601227056	-0.5740738285041169	0.7851872313811276	0.7687940388475114	
8.967464241934994	3.262550976001895	-0.4740871473635011	-0.5977865993782281	0.7246089922165644	0.7716517857801035	
9.005630606575371	3.2422107220983025	-0.5740127589357243	-0.6079737036133362	0.6746703025771394	0.776899834422643	
9.05943393079905	3.222954861915132	-0.6570128655272117	-0.6061981434439426	0.635068086075259	0.7842144786447411	
9.122886989928466	3.2002688485274353	-0.7223539543227793	-0.5941045467786471	0.6052761777725044	0.7932292476577134	
9.19074098367715	3.1701116335039727	-0.769864160212554	-0.5732828057856145	0.5846255812288783	0.8035509244658999	
9.258508072546546	3.1295446000748086	-0.7996207302701701	-0.5452246404960975	0.572344967674919	0.8147781032888048	
9.322516947901494	3.0770137572224074	-0.8118122387251405	-0.5113359412816251	0.5675770752314506	0.8265193015725659	
9.379990751492507	3.012317626746929	-0.8067572847177074	-0.47296560202176297	0.569387706570081	0.8384076858391536	
9.429114334732256	2.9363620673124964	-0.7850099256124332	-0.43142140991731714	0.5767796778860652	0.850110585478082	
9.469052518917653	2.8508416619476393	-0.7474691106791385	-0.3879606121059098	0.5887168265921795	0.8613340492041786	
9.499888818138745	2.7579553758546584	-0.6954299137359055	-0.34375952554562433	0.6041567708259162	0.8718241524639886	
9.522478269162553	2.6601984301232804	-0.6305498209875611	-0.2998760154678182	0.6220869773388947	0.8813669962338415	
9.538235926666983	2.5602115580575537	-0.5547388934938048	-0.25721945785373723	0.6415577752587313	0.8897885008204559	
9.548901214698585	2.4606421570689814	-0.47000919511923983	-0.2165374906936021	0.661707659954851	0.8969539977622142	
9.556320720002327	2.3639807822979044	-0.3783309595688835	-0.1784216526171384	0.6817791862903422	0.90276706571695	
9.562280501277703	2.2723647113558885	-0.28153730667495575	-0.14332809799052104	0.7011265458660741	0.9071672616667903	
9.56840156756365	2.187369589720879	-0.18129782641268108	-0.11160633477714643	0.7192176640596247	0.9101270164236542	
9.576095947899951	2.10982816102024	-0.07915404661177168	-0.0835283668595957	0.7356341217094006	0.9116485579209938	
9.586569308609064	2.0397200684712646	0.023410376937585766	-0.05931200739885799	0.7500712994627324	0.9117620857243784	
9.600848791843283	1.976162933228397	0.12489902854467799	-0.03913420041855485	0.7623400297120415	0.9105266958490186	
9.619815619864331	1.917513360559942	0.22375835506341066	-0.023133075938758817	0.7723695154562867	0.9080353984933518	
9.644229448817862	1.8615656950749928	0.3183713829325282	-0.011400161887718004	0.7802100053044163	0.9044249354282488	
9.67474128229712	1.8058160337294749	0.4070869848494627	-0.003966188770978761	0.78603322227255	0.8998900559931597	
9.711901332401187	1.7477457567470243	0.4882735094193182	-0.0007848915260826829	0.7901286064450493	0.8947007255209034	
9.756174351466326	1.6850782630101446	0.5603820012925229	-0.001719130418114656	0.7928939671094632	0.8892198930697879	
9.807975246872632	1.6159777426433934	0.6220021399116544	-0.006532771862054509	0.7948200397618755	0.8839191926828078	
9.867732137063983	1.5391864572256384	0.6718935760946131	-0.014890325106490129	0.7964695780736317	0.8793902008115919	
9.935975587273049	1.4541270408393563	0.7089807509687895	-0.026364812926912135	0.7984526836069478	0.876349382012476	
10.01344621632029	1.361014080846609	0.7323112443130613	-0.040453899498916444	0.8014005894054023	0.8756353500570823	
10.10120967138638	1.2610109371222427	0.7409899890710104	-0.056605428488613815	0.8059399791570008	0.8781975781079858	
10.200769440664624	1.156439976395867	0.7341069309944213	-0.07425481237711085	0.8126691300763914	0.8850769179329618	
10.314167757855715	1.0510165465265071	0.7106712037968642	-0.09287707514575938	0.8221362347915581	0.8973786311613471	
10.444061448115008	0.9500479682216543	0.6695556368204114	-0.11205390763943457	0.8348200615446046	0.9162391082822622	
10.593755342134054	0.8605226559795592	0.6094467681901647	-0.1315509532932197	0.851113508709587	0.9427876551788016	
10.767173738689351	0.7910151655576356	0.5287957063756402	-0.15139339435366173	0.8713114203750807	0.9781045537523381	
10.968751410931269	0.7513545306406766	0.42577773169962585	-0.171921197018601	0.8956047319297926	1.0231761508326975	
11.203228648642177	0.7520428232069892	0.2982881359017978	-0.19380284849636997	0.9240829493267437	1.0788472056416918	
11.475338279871103	0.8034561293937391	0.1440171773142603	-0.21799081427071088	0.9567457530677796	1.1457703171164781	
11.789375643355898	0.9148942381432851	-0.03935131186202904	-0.2456124816684672	0.9935223979574904	1.2243518803180304	
12.148649999184546	1.093567067357098	-0.25378900941121935	-0.2778032449168182	1.034295389775386	1.3146946149023453	
12.554833553935108	1.3436139182996727	-0.500422940797329	-0.3155012776541433	1.0789230148053424	1.4165374459802689	
13.007246622674502	1.665241364627858	-0.7789186781174351	-0.3592296499050503	1.1272548293836009	1.5291942990312481	
13.50214950442984	2.0540744760658423	-1.0868049409973783	-0.4088934235046371	1.1791348621169477	1.6514957544121303	
14.032137755347337	2.500833575919046	-1.418820091538999	-0.4636201040584626	1.2343886112230924	1.7817395202876343	
14.585747616971627	2.991455715183106	-1.7663823512080021	-0.521672378906801	1.2927919349776387	1.9176574487885676	
15.147368479854508	3.507748531992014	-2.1173058516996384	-0.5804619584098066	1.3540223206377866	2.0564079671876434	
15.697531084843108	4.028582883877189	-2.455897045532477	-0.6366890833012293	1.417595591324584	2.1946030741319644	
16.213596562082657	4.531517893639729	-2.7635570669673424	-0.6866197478491757	1.482793845061489	2.3283780349262178	
16.670814774671435	4.994646496433617	-3.019971592564251	-0.7264906761895501	1.5485931451036954	2.453509001331789	
17.04366013327484	5.398385364469952	-3.2048884394615147	-0.7530043904464341	1.6136016377136246	2.5655790146773927	
17.307299942887433	5.726905262191733	-3.30035309978143	-0.7638440980240497	1.6760204906753613	2.6601854580452367	
17.43904073651186	5.968954621560343	-3.2931293609614154	-0.7581166759442745	1.7336370637818828	2.7331729522344306	
17.4196519498976	6.117953749432331	-3.1769301212044656	-0.7366265288036083	1.7838572957470331	2.7808701802885496	
17.234523704532076	6.171416997854852	-2.9540262166286095	-0.7018951651827349	1.8237820036311296	2.800304445827781	
16.874649982033272	6.129964676084225	-2.6358393438160728	-0.6578809461364467	1.8503287623209932	2.7893672699754206	
16.337422530562115	5.996327032596735	-2.242275771472522	-0.6094177582349517	1.8603959777325279	2.746909475654844	
15.627185650001412	5.774735927356714	-1.7998018610983955	-0.5614659828543319	1.8510580217693473	2.6727547647341243	
14.75546460359491	5.470916788724748	-1.3385427197518978	-0.5183287978024903	1.8197718010524466	2.5676346041942875	
13.740764941932792	5.0926000769480915	-0.8889170783262202	-0.48300460639479537	1.7645694121432012	2.433060471678642	
12.60786209260664	4.650214906628193	-0.47841738341205015	-0.45680819392332994	1.68421156825799	2.27115821662097	
11.386559012973052	4.157335027136614	-0.1290686200955384	-0.43931575812775636	1.5782806266527416	2.0844907435527027	
10.110016022842595	3.630550239154954	0.14413420438810012	-0.42859883802996485	1.4472018197642043	1.8758935321000205	
8.812885017871032	3.088657958187899	0.33383032824880143	-0.4216475646440783	1.2921977153769766	1.648342362465709	
7.529501977929186	2.5512883104870965	0.44012466484691276	-0.4148760573541401	1.1151921731358891	1.4048629012032718	
6.292318169632152	2.037284252701451	0.4698339574908792	-0.40462291666380457	0.9186868357431378	1.148478695072058	
5.13061733586992	1.5632699053653325	0.4352419416113572	-0.3875947294778668	0.7056287102236313	0.8821797190653345	
4.069485495431386	1.142756775995709	0.35240055932463193	-0.36123233669814664	0.479273916357478	0.6088883322685066	
3.1290234295373125	0.7858718893521	0.23907549022503924	-0.3239947048681813	0.24304126611630952	0.3314078942542213	
2.3238643324486277	0.49950641973002863	0.11257288842142707	-0.27554998188098784	0.0003510019925281407	0.05235484828449069	
1.6630833589281502	0.2875692776508776	-0.012220846191097777	-0.21684855833102978	-0.24554172536088242	-0.2259136898399259	
1.1505315821216748	0.15113401034194227	-0.12428421064798581	-0.1500488112262079	-0.49169529151928254	-0.5013632103952321	
0.7855564199871355	0.08846639998484522	-0.2171974251410739	-0.07828329786559651	-0.7355851907629445	-0.7723253090089095	
0.5639859775951446	0.09503524207501826	-0.2891429377436725	-0.005294092494825453	-0.9751471449941959	-1.0375162232742707	
0.47922261823772255	0.16361720253494824	-0.34228036023691283	0.06500548478563978	-1.2087609486256456	-1.296029157317292	
0.5232934972188356	0.28456046934983037	-0.3816865345761667	0.1289747841844347	-1.4351903178209415	-1.5473023432135813	
0.6877408868565194	0.44622241115538885	-0.41407567289872826	0.18363325847469036	-1.6535012905574644	-1.791068225456949	
0.9642914196469303	0.6355602680308537	-0.4464865373395992	0.22694753317256927	-1.8629800877111746	-2.027290954338566	
1.3452928841964669	0.8388260784074362	-0.48507469897215477	0.25799627798121316	-2.0630640930867705	-2.2560987487158943	
1.823937798971912	1.042297373121703	-0.5340995389043245	0.27701057286683545	-2.253291222650409	-2.477715128303143	
2.394306407350542	1.2329686793019659	-0.5951538271645291	0.2853011577829611	-2.4332662675475434	-2.6923899573045467	
3.051263809400011	1.3991379015441523	-0.6666495463712198	0.28509129590516435	-2.602638645270294	-2.900328915015842	
3.790240293417056	1.5308381577261079	-0.7435582318763099	0.279275315709917	-2.761084241091899	-3.1016190020396515	
4.606919030311032	1.6200805074243874	-0.8174085277435368	0.27112409679199034	-2.9082843190167074	-3.2961487541096326	
5.49685398446126	1.660898431579134	-0.8765379172381956	0.26396201152904364	-3.0438959493401447	-3.4835231900415558	
6.455036711071652	1.649201091781764	-0.9066069609622069	0.2608402121110015	-3.167510159151441	-3.662975971833517	
7.4754310506053265	1.5824668672964217	-0.8913811765502879	0.264235314077387	-3.278596504310775	-3.8332838740833712	
8.550499489844725	1.4593377053912864	-0.8137776241877287	0.2758042774921749	-3.37643614489436	-3.992690935246406	
9.670756613396867	1.2792006409265724	-0.6571581634960417	0.29622361318691326	-3.460049591265014	-4.138851499300308	
10.824400322454586	1.0418555601362942	-0.4068241511473247	0.32513283568838003	-3.5281293951218036	-4.268802688850631	
11.997082797027483	0.7473576831321488	-0.051628624294900935	0.36118884428924924	-3.5789913125402735	-4.37897769732988	
13.171884038563254	0.3960855256359258	0.4144190999172666	0.40222221856853446	-3.610558924125093	-4.465271613001951	
14.329539322796542	-0.010968168310148407	0.9907077498100928	0.44547279365893694	-3.6203953954054873	-4.523171126943301	
15.448954071896306	-0.47173161187361146	1.6689141787132558	0.4878753352276582	-3.60579200730609	-4.54795802595914	
16.507996839505378	-0.9824782869024842	2.4323799377254693	0.5263648099560209	-3.563913397850886	-4.534988413253558	
17.48451512216569	-1.5371842828161641	3.2560704427747034	0.5581788182115285	-3.4919896025981214	-4.480038584649127	
18.357484630329335	-2.1268503420913074	4.107195085646985	0.5811429202510537	-3.387541073856957	-4.37969773488725	
19.10814260484544	-2.7388559691395638	4.946484248698745	0.593920934567103	-3.248613276923897	-4.2317631700155625	
19.721046907120517	-3.356430583850593	5.730227993063194	0.5962250202211423	-3.0740250781379124	-4.035620865276079	
20.184758024504667	-3.9584808159167317	6.412698312903232	0.5889258158122194	-2.8635596090226882	-3.7924855800842	
20.49267613118314	-4.51973020973641	6.949741736559073	0.574129206773188	-2.618239910664473	-3.5056807434655908	
20.642827843084465	-5.011795050526528	7.301442383327892	0.5549742650374461	-2.3403286609662874	-3.180458295611569	
