15.894443312944173	-2.640474615955539	0.0982115381671875	1.7497643089937327	1.4139119093550263	4.109848285806049	
15.9027490839914	-2.441428494703114	0.09329238600900971	1.8037255270940922	1.425004271881294	4.165681208790052	
15.847492743499634	-2.244167499057826	0.09423721244501106	1.8318877310004709	1.4282509040878992	4.215271426492515	
15.73194240217829	-2.053549633614489	0.09887839427727306	1.8353424544376338	1.4235856875062844	4.25866563277746	
15.560406763619515	-1.874068864208452	0.10520434420452497	1.8159917798573706	1.411162186754201	4.295659983619629	
15.338206897230565	-1.7095693685469198	0.11145914129030039	1.776654066329379	1.3914003637693797	4.325753455403962	
15.071156139308105	-1.5630543142928275	0.11620353282489748	1.7207904774227036	1.364934289680235	4.34821784032532	
14.765335969538071	-1.4365265066300836	0.11838309874516012	1.6523567864458435	1.3325856647512675	4.3621392585669385	
14.426850602016122	-1.3309006515479163	0.11737372078245165	1.5755748294386698	1.2953151161925196	4.36648844474106	
14.061672347463713	-1.2459865092427027	0.1130013144504771	1.4947024828864632	1.2541718701924456	4.3601958557685485	
13.67554679093406	-1.1805503845662577	0.1055247047077575	1.4138015891714717	1.21024192633213	4.342229967698791	
13.273948170985623	-1.13243696418456	0.09558456306141727	1.3365219353514717	1.1645994301920652	4.311671858486614	
12.862070254430632	-1.0987430869258332	0.08412083007296844	1.265911937679394	1.118262642357964	4.267782268304544	
12.444838463667166	-1.0760294587262158	0.07226617042332766	1.204266810921965	1.0721557975097347	4.210057460218306	
12.026930506986703	-1.0605540017976396	0.06122634471845186	1.1530231730961382	1.027077751890478	4.138270906489127	
11.612793059270738	-1.0485127283442317	0.05215891393552993	1.1127039406606551	0.9836772936340943	4.052499503029801	
11.206646028986263	-1.0362752230623864	0.046063663238532775	1.0829249932759133	0.9424364685771051	3.953130220677256	
10.812467516701586	-1.0206013276561856	0.04369746175652008	1.062459430950774	0.90366148730211	3.84084789204583	
10.433957474009361	-0.998836102722592	0.04551857435746453	1.0493498094356608	0.8674798704065166	3.7166068896376268	
10.074482695900778	-0.9690769048690568	0.051663660156140725	1.0410631209183234	0.833843759825347	3.5815879153095747	
9.737008153767905	-0.9303024152611058	0.06195781324654895	1.034678637012752	0.8025390138973924	3.4371424963866235	
9.424021484669439	-0.8824519812222862	0.07595476261125993	1.0270965606692168	0.7731995110115149	3.284728349469383	
9.137458361974561	-0.8264427171685143	0.09300237699825815	1.0152554757195116	0.7453261587464616	3.1258385163781717	
8.878644751209855	-0.764105136419212	0.1123267785240389	0.9963396885564304	0.7183108787219195	2.961928890050775	
8.648260946721637	-0.6980483631595874	0.1331226942603719	0.9679592023204733	0.6914631195939953	2.794349749714105	
8.446333386318027	-0.631466116694741	0.1546419735258781	0.9282936582217137	0.6640380817678914	2.6242844072729246	
8.272260400983264	-0.5678993682809261	0.17627227098404766	0.8761924361008743	0.6352657413408642	2.4526984526143014	
8.124875782242789	-0.5109760644769399	0.19759842695209287	0.8112260732634667	0.604379657361561	2.2803027817991133	
8.002550736883675	-0.46414738235585484	0.2184411896720242	0.7336885626290366	0.5706449534659881	2.1075323800437644	
7.903332583467869	-0.4304393096995167	0.23886881451114916	0.6445489600476693	0.5333851029310495	1.9345435342897115	
7.825106345228074	-0.4122449713155897	0.2591802940397032	0.545355143968107	0.4920064371638139	1.7612313063294538	
7.765756323158533	-0.41116799206860055	0.2798675682218294	0.4381059658546638	0.4460206265023803	1.5872630155192995	
7.723309835044368	-0.42792500513214965	0.30156308184871405	0.3251004672723287	0.39506485096744415	1.4121259316951522	
7.69604600032227	-0.4623130690080722	0.3249801345911326	0.20877567968684216	0.33891889211360554	1.2351860660123208	
7.682558407953073	-0.5132433204148223	0.35085302188931733	0.0915453464115271	0.2775180330506913	1.0557541112102322	
7.681770286020836	-0.5788370428117148	0.37988188728574623	-0.024349506442124785	0.21096070593168964	0.8731544706272107	
7.692909540988668	-0.6565827634462299	0.4126857317593939	-0.1369645534447769	0.139507911654196	0.6867918124322949	
7.715468081322754	-0.7435350964573806	0.4497650848878075	-0.24473892788926416	0.06357357378869728	0.49620787139246275	
7.749173350065505	-0.8365353100862394	0.49147246877173245	-0.34654261436594064	-0.016293138680620028	0.30112451807503593	
7.7939899209175865	-0.9324388166798272	0.5379895637749015	-0.4416834049589884	-0.09943248984951136	0.10146990622403255	
7.85015651948013	-1.028331793453259	0.5893110526477431	-0.5298757169053917	-0.18510325477897127	-0.10261394692433835	
7.918247639017037	-1.1217195540407159	0.6452362667929238	-0.6111769686903696	-0.27251281241308245	-0.31078160744343664	
7.999232773984427	-1.2106709117566634	0.7053709236575386	-0.6858993473409914	-0.36084488384688906	-0.5225101968744132	
8.094489217396326	-1.2938958321865033	0.7691435460525119	-0.7545068326513867	-0.44928192681089474	-0.7371373896749309	
8.20573943591814	-1.3707526226717854	0.8358355272600616	-0.8175140497320716	-0.5370206149685807	-0.953902805493656	
8.334903384920487	-1.441188591428436	0.9046228440871079	-0.8753974887977729	-0.6232812716954054	-1.1719868636175552	
8.48387645787813	-1.5056233546243871	0.9746255016179499	-0.9285281314777574	-0.7073127741686733	-1.3905424136979931	
8.654263611156166	-1.5647918917188106	1.0449590933349975	-0.9771326110808818	-0.7883948101467527	-1.6087157623748856	
8.847112159052475	-1.6195696208731296	1.1147828941047282	-1.0212868307258527	-0.8658393773487654	-1.8256556616346076	
9.062693735014316	-1.6708043420935796	1.18333988555276	-1.0609436055936348	-0.9389927500592263	-2.0405107149500687	
9.300386365862561	-1.7191844642489422	1.249985142340435	-1.0959903503999733	-1.0072378521300513	-2.2524180033584877	
9.558663934504484	-1.7651611592624659	1.314204052683542	-1.1263257334488839	-1.0699965435801313	-2.4604871935681563	
9.835183229384995	-1.8089300108522457	1.3756224752551138	-1.151944560598354	-1.1267308353952759	-2.663784021184541	
10.126944696541683	-1.8504696405116925	1.4340099757262166	-1.1730188485645014	-1.1769424516605416	-2.861316618037856	
10.430495058574046	-1.8896257892611168	1.4892752424856062	-1.189963438255317	-1.2201707307604193	-3.052027542285856	
10.742139873422602	-1.926222730674828	1.5414498737358242	-1.2034771182525958	-1.2559894756280534	-3.23479354609522	
11.058138391253308	-1.9601783635543104	1.5906525848745035	-1.2145503667897397	-1.2840034917465615	-3.408435019041358	
11.374854624984211	-1.9915969350241833	1.637029548549637	-1.2244390624152388	-1.3038460292252791	-3.5717348577221486	
11.6888548337082	-2.020825687232001	1.6806735834894369	-1.2346111943898161	-1.315178359945621	-3.72346505462732	
11.99695030932421	-2.0484705144914526	1.7215312287179885	-1.2466729661719635	-1.317692495438602	-3.862419306703516	
12.296190239876179	-2.0753733498363207	1.7593126188435917	-1.2622818904739488	-1.3111181566669063	-3.9874493950038588	
12.583815913084784	-2.1025604298226246	1.7934214619398734	-1.2830534876634574	-1.2952350762257479	-4.0975031054553686	
12.857192233231403	-2.131173585017635	1.8229218700581338	-1.3104651346930205	-1.2698918932275165	-4.191662124746039	
13.11373669285809	-2.1623962614114305	1.8465597779576033	-1.3457616708036833	-1.23503140275491	-4.269176385518102	
13.350868286770067	-2.1973829153841122	1.8628404730682757	-1.3898650710929867	-1.190721463420407	-4.329493542062189	
13.565990282419701	-2.237190254905501	1.8701565870421974	-1.4432897846782242	-1.1371899112281716	-4.372282744571649	
13.756515168278797	-2.282704972939296	1.8669555354122433	-1.5060693398958735	-1.0748603911572296	-4.397451148475014	
13.919934821716904	-2.3345625120511606	1.8519293705084738	-1.5777028539022135	-1.0043850211056655	-4.405151660269073	
14.053934679130608	-2.393054253978522	1.824207618773897	-1.6571318061307414	-0.9266693906046928	-4.3957807528301736	
14.156547111200341	-2.4580303256792084	1.7835306646990778	-1.7427611473419775	-0.8428838372758831	-4.369964492645773	
14.226326432332343	-2.5288282913784217	1.7303715818010392	-1.832537797680254	-0.7544531933375827	-4.3285312920211005	
14.262527772943109	-2.604266448475079	1.6659899229726762	-1.9240783930751306	-0.6630242189548375	-4.27247640145235	
14.26526755685755	-2.6827439901878884	1.5924017518149893	-2.0148326654951285	-0.5704097750430027	-4.202922373578539	
14.23564008442142	-2.7624661520330167	1.51225886997436	-2.1022579145087623	-0.4785121729614535	-4.121081092836383	
14.175765471837286	-2.8417690971275786	1.428644909592074	-2.1839754975698793	-0.3892313481016639	-4.028222501405321	
14.088750051646139	-2.919473389880725	1.3448110239659141	-2.2578848505416533	-0.30436513682511906	-3.925653213001591	
13.978541143772567	-2.995153351851497	1.263888611031889	-2.3222195908894117	-0.22551212252172642	-3.814705317438381	
13.849690538272414	-3.0692314866177743	1.1886294746264336	-2.375550720297583	-0.15398987114860432	-3.696733018008217	
13.707066057408936	-3.14289977537408	1.1212026256640208	-2.4167584976736505	-0.09077448328258944	-3.5731126304763046	
13.555547908796603	-3.217914743589087	1.0630632674989484	-2.4449897457471543	-0.03646543878890961	-3.445240769819904	
13.39974687786824	-3.296328386879818	1.014902114979223	-2.4596130675291508	0.008723264786399497	-3.3145258262378112	
13.243770828572792	-3.3802074834117084	0.9766757616855269	-2.460179832959108	0.0449476363041206	-3.182368803020047	
13.091049249502937	-3.471368660343542	0.9477132450703969	-2.446396164784052	0.07269785690442512	-3.0501309463648827	
12.944222294665433	-3.571146377536726	0.9268910714332419	-2.418109847523949	0.09274382108365432	-2.9190893328235656	
12.805083934013103	-3.6802070719396345	0.9128450756646244	-2.3753171868070573	0.10606995207156329	-2.790385109772378	
12.674570961773956	-3.7984205724582645	0.9041909890186782	-2.318190556537572	0.11380372301564479	-2.6649694184320096	
12.552797223165072	-3.924804060910608	0.8997282013858164	-2.247123511107383	0.11714136752111107	-2.543552482714899	
12.439131676508293	-4.057549515379805	0.8986034618514127	-2.162786882143351	0.1172751230084527	-2.426560952769859	
12.332316812499444	-4.19413697728024	0.9004179422922663	-2.0661866986884183	0.11532598566148236	-2.314107244661575	
12.23062432296961	-4.331529112459446	0.9052662716494	-1.9587118521392133	0.11228540051124715	-2.205974185596221	
12.132041434557108	-4.466427481533791	0.9136998834537119	-1.842154384992417	0.10897095153680396	-2.101619441577174	
12.034471218272282	-4.595553074224176	0.9266268614307934	-1.7186955160768036	0.10599679669033708	-2.000196004803726	
11.935936744861753	-4.715925425222264	0.9451595386138522	-1.5908510563720333	0.10375920814978057	-1.9005874537234093	
11.834773977064655	-4.825115120528525	0.9704249337452923	-1.4613737980936954	0.10243736042918998	-1.8014558085129027	
11.72979556966809	-4.9214470627729385	1.003356832446583	-1.3331151300461817	0.10200864018996815	-1.7012990030015012	
11.620409079605148	-5.004137414901643	1.044488609877336	-1.2088512981372153	0.1022767222710175	-1.5985148509980394	
11.506670015188694	-5.073341974232958	1.093771265705131	-1.0910852703239973	0.10291101775560295	-1.4914688598146313	
11.389261553454743	-5.1301045140577	1.1504431793208372	-0.9818465801132564	0.1034929305711533	-1.378560924359231	
11.269416698879759	-5.176217527516342	1.2129610297622604	-0.8825062918298083	0.10356335078492547	-1.258287975128784	
11.148804252613324	-5.214007092813334	1.2790003128116125	-0.7936238995952168	0.10266773591165011	-1.1293012468530454	
11.029410436517033	-5.246063576383387	1.345528642265296	-0.7148415466027593	0.10039511048431776	-0.9904568740606795	
10.913452003207864	-5.274945520846445	1.4089495522572917	-0.6448371766399537	0.09640850027622912	-0.8408591938958654	
10.80335390873269	-5.3028834910715945	1.4653107995541208	-0.5813432531906184	0.09046636325449096	-0.6798973607843987	
10.701807106533368	-5.331517512326333	1.510565646336672	-0.521243664475525	0.08243568851525707	-0.5072723394386276	
10.611888250452395	-5.361692672169221	1.540857875314334	-0.460738295128276	0.07230125864202612	-0.32301491453998393	
10.53719234827851	-5.393319894230564	1.5528076856678574	-0.3955644753331383	0.06017613449534687	-0.12749529329531578	
10.481914382517687	-5.425308250974357	1.5437761964059564	-0.3212659276340674	0.04631610721345665	0.07857692961664554	
10.45081728496159	-5.455572446644045	1.5120865227687519	-0.23349420614701022	0.031138325146221654	0.294163144392199	
10.449040012880454	-5.481116296380902	1.457184167725066	-0.1283254602587652	0.015241418795612287	0.5179166280075268	
10.481724906125704	-5.498193897846222	1.37972244850563	-0.0025737950905850206	-0.0005789138443421428	0.7482145668211332	
10.55350163260127	-5.502546213895316	1.2815537258919418	0.1459351581838621	-0.015329432248717039	0.9832026966578264	
10.667914827521189	-5.489687364791619	1.1656413740925815	0.31814995620871694	-0.027839850630381854	1.2208482284408955	
10.826885876060503	-5.455223100861012	1.035900948075939	0.5136535337590222	-0.03680855043069365	1.459000077731714	
11.030296254317042	-5.395179349295783	0.8969822492708148	0.7306099077250185	-0.04087344398551932	1.6954545931104332	
11.275758887341189	-5.306316379119132	0.7540082118861327	0.9658021693006243	-0.0387031663370398	1.9280242486458021	
11.55860762446959	-5.186407751543007	0.6122875018573639	1.2147578358319875	-0.02910065697972238	2.1546068652224464	
11.872114528537631	-5.034457023417213	0.4770179437826027	1.4719600724019055	-0.011107396886710108	2.373251748129251	
12.20789157642154	-4.850826192473953	0.3530071579792344	1.7311262707743484	0.015907037958466794	2.582216798631556	
12.556392815606024	-4.637279510343595	0.24442514079074518	1.9855233441150855	0.05217731927016415	2.780014293654754	
12.90746535947441	-4.396941534470158	0.1545984694940699	2.2283036406242474	0.09750189187498136	2.9654428013714096	
13.250900569899413	-4.134175178320973	0.08585567439544815	2.4528415577176523	0.15123237130709005	3.1376034940135304	
13.57694903416888	-3.854390161738775	0.03943041172859743	2.6530531701298345	0.21229304490142145	3.2959004118721524	
13.876777983742711	-3.5637957165403717	0.015424399995240886	2.823686485544787	0.27922846102663806	3.44002579589995	
14.142836105796126	-3.2691120114717003	0.012842469786782856	2.960555232209081	0.35027827717121424	3.569929787923249	
14.369139757972583	-2.977254183588669	0.02968388886748475	3.060728874802485	0.42347425250753223	3.685780320943363	
14.551369508844504	-2.6950654443417648	0.0630962518677806	3.1225886132309237	0.4967376526491172	3.787915348497238	
14.687115398219062	-2.4289299198728513	0.1095238136484656	3.146021009348767	0.5680145640248497	3.8767978073513745	
14.775476051012872	-2.1846941233540877	0.1649782433145364	3.1321077878071395	0.6353412340324401	3.9529596072446016	
