14.921855182590749	-2.7130491284707587	0.0634627805549057	2.138474501176034	0.7800424600410797	3.8470410671588993	
14.915504234516046	-2.546129879165322	0.026600915208893638	2.247096957736004	0.8313732171345689	3.9320984457314085	
14.855648345921772	-2.379954293424395	0.008751636162232217	2.3374199801532245	0.8771052774887214	4.001789112466149	
14.745273109634748	-2.2178073697696727	0.00788671300824013	2.407589278748344	0.9163437911046369	4.056391195370974	
14.588374191192894	-2.0628435295352467	0.02156440257322146	2.4563394470425104	0.9483583616064741	4.096314193126179	
14.390078041672501	-1.9179129272658781	0.04688315501452028	2.483213120509986	0.9726611512944436	4.122117936840772	
14.156111407914384	-1.785393002485931	0.08071147236698965	2.48846490058539	0.9890059881095585	4.134449439507893	
13.892564983725544	-1.6670471974793044	0.11981359441576411	2.4730558898872226	0.9974070274180975	4.134018565396257	
13.605584401655603	-1.5639148213418963	0.16102357587165486	2.43857083990782	0.9981346421095596	4.121565414346697	
13.30112480758069	-1.4762567961041069	0.20140487431223852	2.387107904075141	0.9916981498625635	4.097836137728608	
12.984754612351347	-1.403551271219367	0.23839179137732094	2.321150450150297	0.9788186521795285	4.063565086335025	
12.66150584454977	-1.3445395366764024	0.2699047500380093	2.243425231754335	0.9603924599351835	4.0194623769901385	
12.335774536041951	-1.2973178240101326	0.29443015816727236	2.156755489434305	0.9374468863352845	3.9662065861364764	
12.01126724849139	-1.259466662408973	0.3110618958655414	2.0639148732286507	0.9110899447385292	3.904441392058199	
11.69100276977546	-1.2282153701615173	0.3194938065597043	1.9674912489774259	0.882455129150733	3.834775463898693	
11.377367404835724	-1.2006256372822202	0.31996553052614307	1.8697748410316586	0.8526465119708785	3.7577841652706576	
11.072206360848348	-1.1737805499368168	0.3131788501147055	1.7726733293139456	0.8226873965466958	3.6740114090410247	
10.776942220523432	-1.1449734617497767	0.300192080235541	1.677656752399481	0.7934745509179097	3.583971069698472	
10.492704576876461	-1.1118867843263418	0.2823034564128331	1.5857341161988503	0.7657405138783561	3.48814747937938	
10.220451788387363	-1.0727528187020072	0.26093392703560336	1.4974606856911516	0.7400251887521984	3.386994622189897	
9.961064015678701	-1.026472245581112	0.23751982899178936	1.4129808527192327	0.7166615294684404	3.2809344686077733	
9.715390350206494	-0.9726781220874726	0.21342772622534628	1.3320948227260403	0.6957741840739359	3.170354657729687	
9.484252352745154	-0.9117473624882667	0.1898921201064455	1.2543381002814198	0.6772878297584889	3.055605727241187	
9.268412232442513	-0.8447581759393615	0.1679751695705673	1.1790677840120438	0.660944069728283	2.9369982640279675	
9.06851678991656	-0.773398013227751	0.14854672103485703	1.1055483525412133	0.6463247727955983	2.814800093802603	
8.885030533202976	-0.6998287622067916	0.13228171294500699	1.0330312752970898	0.6328798886474551	2.6892334301356855	
8.718180563846294	-0.6265184653095419	0.11967430733160643	0.9608213050489895	0.6199590078656859	2.560472785541901	
8.567927899104223	-0.5560695782383643	0.11106058004617471	0.8883253024473201	0.6068421396038124	2.4286431630442085	
8.433971901156871	-0.4910559961087645	0.10664543626843964	0.8150853374363097	0.5927693336558604	2.2938186393709716	
8.315790434097362	-0.4338779794459803	0.10653044990724207	0.7407971225149387	0.5769690836078821	2.156021692370595	
8.212713461722377	-0.3866407963679363	0.11073893862149148	0.6653154391190831	0.5586854756492953	2.0152234742264903	
8.124025516306263	-0.35106012832912475	0.11923506882972627	0.5886472809141433	0.5372043178795232	1.8713455989470011	
8.049082538110095	-0.3284022915931802	0.13193447976374534	0.5109323535199467	0.5118765970355004	1.7242645310914113	
7.9874262178462345	-0.31945055829730057	0.1487050471833525	0.4324157228532687	0.482139286335014	1.5738180707563012	
7.938885306209236	-0.32449466992139636	0.16935918442636927	0.3534138848579387	0.4475335981248061	1.4198143721841194	
7.903652081061479	-0.34334202283836607	0.1936397223829821	0.2742763233865004	0.4077204879651901	1.262043658841777	
7.882323430968203	-0.37534779291854303	0.22120226035602042	0.1953450270727054	0.3624938615281507	1.1002927238718807	
7.875889036118247	-0.41946733639044914	0.2516002009037684	0.11691563776843307	0.3117902695446596	0.934362213155058	
7.88565543537458	-0.47432930954325914	0.2842812484285175	0.039206823326752065	0.2556933115916809	0.7640852410277182	
7.913114639872865	-0.5383205440530586	0.3185997806085514	-0.03765905381393626	0.1944337629369396	0.5893464073982867	
7.959766479298933	-0.6096820324100517	0.3538482960461165	-0.11366182375827574	0.12838368901005703	0.4101002659799185	
8.026914630693499	-0.6866126562740484	0.38930793141618103	-0.18887452216550252	0.05804333792384604	0.22638798262884355	
8.115462269041371	-0.767378282524128	0.4243158463852161	-0.26343891806040465	-0.015980015961424652	0.038351268132860716	
8.225754885381118	-0.8504199035646738	0.4583406782052112	-0.3375252165874543	-0.09300286060163952	-0.1537595473610583	
8.35751041128942	-0.9344493536656723	0.4910509396401002	-0.4112812589576672	-0.1723018859720959	-0.34958439224374616	
8.509837363601385	-1.0185268369988398	0.5223676990528048	-0.484776249186545	-0.2531515277636736	-0.5486580321489068	
8.681328563778468	-1.1021114612056548	0.5524946971170309	-0.5579437137792014	-0.33485898545767145	-0.7504196693672086	
8.870202125755776	-1.1850756781908305	0.5819217157964722	-0.6305292857181586	-0.41679278709701106	-0.9542257124349317	
9.07445064279804	-1.2676742661399556	0.6113992371080441	-0.7020488078232717	-0.4984018695967048	-1.1593631080422884	
9.291954694217386	-1.3504547359797716	0.641880910655673	-0.7717690864845467	-0.5792214799144688	-1.3650608874956602	
9.520531321107324	-1.4341216858825796	0.6744437923307673	-0.8387149445238709	-0.6588677427174008	-1.5704964178688636	
9.75792610898085	-1.5193699817286161	0.7101927174475444	-0.901703678813429	-0.737023999634742	-1.7747958969064843	
10.001771469049665	-1.6067051574203863	0.7501542404843993	-0.9594077299576526	-0.8134212393497208	-1.9770300522787048	
10.249540418544735	-1.696273540412267	0.7951663136094493	-1.0104435688841336	-0.8878148751330068	-2.176206720832986	
10.498528607320047	-1.7877276545709153	0.8457699115912061	-1.0534838531072213	-0.9599591559547125	-2.3712631607347543	
10.745889172563693	-1.8801634175433333	0.9021202816656123	-1.087378893309767	-1.0295810730421702	-2.5610633161221643	
10.988711978604165	-1.9721304244031643	0.9639247962517835	-1.1112722765430956	-1.0963554282156045	-2.744402157828843	
11.224130423591653	-2.061708519469115	1.0304133468852785	-1.1247011889666734	-1.1598822176947388	-2.920018799583279	
11.449437686747864	-2.1466387837303986	1.1003462186743787	-1.127672306760739	-1.2196684708461643	-3.0866190827345896	
11.662197047125998	-2.2244921175310064	1.172060231574808	-1.1207081611768615	-1.2751167598473814	-3.2429075053250394	
11.860333210201349	-2.292857849609494	1.243555092710417	-1.1048565348118509	-1.3255240805359123	-3.3876276661342506	
12.042193667623545	-2.349524455299967	1.312611799665991	-1.081658862952258	-1.3700941794942634	-3.5196061581213733	
12.206587778767442	-2.3926377355622876	1.376924689639422	-1.0530926468599042	-1.4079611460330645	-3.6377957323247436	
12.352805654687796	-2.4208319023367024	1.434239155009124	-1.0214924929850988	-1.4382232089092166	-3.741314052339329	
12.480617367866692	-2.4333290712014986	1.4824855055433543	-0.9894561076944652	-1.4599845999762378	-3.8294741030218833	
12.590253060877956	-2.4300075485272625	1.5199025920938507	-0.9597411361098062	-1.4724035119839796	-3.9018035522765038	
12.682356140164929	-2.4114296274780336	1.5451398062097375	-0.935156590074841	-1.4747425394814169	-3.9580473824621	
12.757912275787461	-2.3788299195843963	1.5573281237462455	-0.9184580116439237	-1.4664159843423683	-3.9981540615095748	
12.818163868908764	-2.334077815538788	1.5561243758733108	-0.9122482777914468	-1.4470327644609964	-4.022253229034162	
12.864514303594525	-2.279616636007017	1.5417278896671742	-0.9188830522827646	-1.4164331150583747	-4.030631411724656	
12.89842972004265	-2.218384572970914	1.5148701013964059	-0.9403805462478677	-1.3747176247033213	-4.023712863388433	
12.921345761860202	-2.153721724906509	1.4767789390519672	-0.978332376445441	-1.3222684462169403	-4.002050837286069	
12.934590145761273	-2.089260273465357	1.4291112905950876	-1.033823311363905	-1.259756557113781	-3.966326602204367	
12.939329037405232	-2.0288056022733034	1.3738631611817913	-1.1073615936198467	-1.1881363523692192	-3.917351153366997	
12.93653551688612	-1.9762081144644605	1.3132630966943533	-1.1988198347511543	-1.1086291060060625	-3.856065305251311	
12.926977856805975	-1.9352250660351655	1.2496514916792054	-1.307391885320593	-1.022694551474563	-3.7835353807167147	
12.911223917141035	-1.9093751712695262	1.185351290610196	-1.4315690901039575	-0.9319914466796309	-3.7009437736201996	
12.889657687014878	-1.9017896564890626	1.122535524406685	-1.5691396221618807	-0.8383276691133558	-3.6095744207924625	
12.86250685567888	-1.915081214072062	1.0631087455467998	-1.717226115635249	-0.7436008302913071	-3.510792740305529	
12.829875715088345	-1.951241304717124	1.0086157600635095	-1.8723505523928938	-0.6497364412051939	-3.4060232432363207	
12.791783461846956	-2.011571316266151	0.9601850113283473	-2.030525153395595	-0.558625430523373	-3.296725242473066	
12.748208258906926	-2.0966515646044597	0.9185133512031144	-2.1873681124430404	-0.4720630696755797	-3.1843668366043687	
12.69913650939026	-2.2063452024079777	0.8838942087801753	-2.3382408412205637	-0.39169072355046175	-3.070397093359244	
12.644614893438668	-2.3398338403426786	0.8562895884381456	-2.478406007596866	-0.31894203700614654	-2.9562158064929625	
12.58479492227592	-2.49567987541478	0.8354357963364072	-2.6031965968177753	-0.2549994933993807	-2.843142136406975	
12.519961168377177	-2.6718907580651052	0.8209580075878982	-2.7081856158611317	-0.2007597593880161	-2.7323818318375346	
12.45053740629505	-2.8659790659068807	0.8124808214415955	-2.7893540257998226	-0.15680877833193577	-2.624992966664409	
12.377067969892021	-3.075013371537288	0.8097229531394442	-2.8432519890642	-0.1234078029333362	-2.5218507676539392	
12.300175619681184	-3.2956569351655594	0.8125680373947305	-2.867152477472041	-0.10049008412042248	-2.423611250727614	
12.22050163973037	-3.524201833267384	0.8211042731347488	-2.85918571193852	-0.08767222377500757	-2.330676853396762	
12.138643858779934	-3.756609379023033	0.8356311312753147	-2.8184387644522384	-0.08428078702314079	-2.2431688266479157	
12.055106581374165	-3.98856459716451	0.8566420391940455	-2.7450255743257066	-0.08938853666684698	-2.1609056450778676	
11.970271853434925	-4.215556517965399	0.8847881617070741	-2.640119697880422	-0.1018601455622297	-2.0833904141610504	
11.884399241070955	-4.432990846549627	0.9208279749029707	-2.505945040253985	-0.12040522781093652	-2.0098092750978735	
11.797658346834552	-4.636340456298235	0.9655652305261894	-2.3457233649260036	-0.14363627963659556	-1.939041618739481	
11.710194205680406	-4.821329704402935	1.019775648297477	-2.1635610125215536	-0.17012895732414574	-1.8696880688983235	
11.622211869703698	-4.984132326522713	1.0841250742660724	-1.9642870359563052	-0.19847770547237917	-1.8001133668267992	
11.534066245477652	-5.121568551192479	1.1590785793331455	-1.753255692817256	-0.22734401218304362	-1.7285006044610163	
11.446345279054892	-5.231284619406744	1.2448017301934198	-1.5361170792575043	-0.25549557929402245	-1.6529160780227583	
11.359935390355227	-5.311898583139127	1.3410570315620238	-1.3185656405488688	-0.28183474194159414	-1.5713821847735796	
11.276059653168353	-5.363098992408737	1.447098181075853	-1.106073866433503	-0.30541534766257206	-1.481956488331605	
11.196272844461397	-5.385660892481775	1.5615813611625284	-0.903635252667126	-0.3254448495397576	-1.3828107545965849	
11.122415558112767	-5.381387556559657	1.6825006593125822	-0.7155378901742744	-0.3412755204428119	-1.2723035282791155	
11.056533941371079	-5.352986851437475	1.807154745098823	-0.5451753321459473	-0.3523886330312417	-1.1490446332828481	
11.00077605026026	-5.303891321727797	1.9321552455264213	-0.39490371244550904	-0.35837501490547974	-1.0119494108413964	
10.95728267495726	-5.238039059023878	2.053484711064525	-0.26594860060910686	-0.3589161718490127	-0.8602821020563288	
10.928097317015741	-5.1596321026321785	2.1666165282512266	-0.15836615290313602	-0.3537698264313245	-0.6936877339027742	
10.915127613001387	-5.072898898706446	2.2667050603862644	-0.0710754557539648	-0.3427618642582751	-0.5122064455703881	
10.920166778693432	-4.981884044873602	2.348826179714329	-0.0019361542525054972	-0.325784823124217	-0.3162773627976096	
10.944960828164012	-4.890264405591781	2.408258206258851	0.05213180269390498	-0.30279901856375385	-0.10673248797405281	
10.991291959671827	-4.801189697151914	2.440786573286334	0.09498965523432798	-0.2738321456049827	0.11521925918203815	
11.061035394704902	-4.7171397165485285	2.443016111543146	0.13108719090200494	-0.23897361866090758	0.3480165600470101	
11.156132827141386	-4.639796834504935	2.4126620071530835	0.16523276784729968	-0.19836051055111711	0.5897816532867439	
11.278443061031053	-4.569946636780945	2.3487707065614374	0.20233804914155148	-0.15215690905698054	0.8383685279624691	
11.42947914482563	-4.507406919321063	2.251864618824042	0.24715351752469739	-0.10053321090965274	1.0914175874343897	
11.610067143258025	-4.451002728234873	2.1239960644842792	0.3040006195617836	-0.04365123135383913	1.346417518306429	
11.819979914739074	-4.3986039499447696	1.9687023640569241	0.37651300330367415	0.018339356309656406	1.6007729617234638	
12.05760303071977	-4.347238285046683	1.7908630701590367	0.46739552608871554	0.08528895022078027	1.8518769091797418	
12.319723185217313	-4.293299308398459	1.59644632433212	0.5782314223558885	0.15701910397815827	2.097185627445676	
12.601489419224668	-4.232827561986752	1.392177660908728	0.7093611911049659	0.23328274598248347	2.3342898439401467	
12.896526601902371	-4.161831648269333	1.1851705353582318	0.8598292107910587	0.31372059317143147	2.560980212289199	
13.197187856519138	-4.0766268388097435	0.9825369908265004	1.0274056746406157	0.3978198020119743	2.7753049955351035	
13.494914119160683	-3.974160734440637	0.7910065510163363	1.2086828720644307	0.48488021831662176	2.9756170019511208	
13.780672071981606	-3.852303461788751	0.6165712039226674	1.3992415167354122	0.573991858279953	3.1606086734839596	
14.045460207211507	-3.7100726689393686	0.464174421665632	1.5938974278313331	0.6640301268261257	3.329331070131721	
14.280706452357403	-3.5476955575655267	0.3375685355261641	1.7869643981768093	0.7536737196070259	3.4811785502488535	
14.478935181882797	-3.3668006699742166	0.23897017507786508	1.972605611554339	0.8414261936296499	3.615911340284386	
14.633706003337132	-3.170042499304392	0.169407775480057	2.145037877398694	0.9256845224365527	3.733547664091248	
