16.30061367610108	-3.379379426888271	-0.5049086267915444	3.02627754388922	0.5220310600283445	4.141729410531511	
16.36367227149532	-3.066989023919643	-0.45853859569320765	3.1731503952632183	0.5861158677887279	4.191364170018872	
16.353582935875792	-2.757596009284347	-0.39188846173399516	3.2739364784695133	0.646403169893745	4.231061243559392	
16.274043046931247	-2.4587739175264867	-0.31030045752235474	3.3278870219598806	0.7012102339090709	4.261844952722891	
16.13041949324835	-2.1775559559101287	-0.21926474940491636	3.3357961062979045	0.7491805779160661	4.284544196714337	
15.929611746634452	-1.9200689617789237	-0.12420557318633293	3.3001709316588688	0.7893819709957832	4.299734928789191	
15.679373482880145	-1.6912716735361972	-0.030191067800983185	3.2249353938819856	0.8213108386101319	4.3077390084927885	
15.387884252633947	-1.4947287422178688	0.0582783155526295	3.1152550058924517	0.8448994815997064	4.308621849594826	
15.063266307113725	-1.3324743739882827	0.13746604060674567	2.977234356214081	0.8604849239701521	4.3022146121663845	
14.713202325708982	-1.2049608536830323	0.20455080336674034	2.817595740791269	0.8687585754317224	4.28815009356165	
14.344641540592788	-1.1110967789499133	0.25773461275702775	2.643326385972479	0.8706969479677508	4.265912902143103	
13.963624576127268	-1.048372296149332	0.2962934300187601	2.4613208245319864	0.8674799913615787	4.234900277532963	
13.575228573281853	-1.0130559396428802	0.3205624233492413	2.27804042489404	0.8604044491786053	4.194488752333728	
13.183617125551516	-1.0004424449415674	0.3318541335759064	2.099207960499885	0.8507991513479299	4.144101694610118	
12.792172183985937	-1.0051378011208	0.33230856455331004	1.929552341535489	0.8399473437221134	4.083273337202934	
12.403677529722012	-1.0213685832074233	0.32468108799039574	1.7726166891421695	0.8290203332228356	4.011705085001187	
12.020520800735463	-1.0433043831578863	0.3120811975889845	1.63063975584125	0.8190252369338318	3.929310575139074	
11.644882797232448	-1.0653817982804077	0.2976827620132385	1.5045168381533407	0.8107679956468109	3.8362468396099794	
11.278888368887817	-1.0826162410536053	0.284432479843624	1.3938413236667555	0.8048311488039523	3.732930010951432	
10.92470103886237	-1.0908843125523793	0.2747860651940113	1.2970245463291736	0.8015647600129855	3.6200347142817644	
10.584551877647558	-1.0871513931669774	0.27050437313305137	1.2114888277299267	0.8010888996933531	3.498476317131175	
10.260704471017274	-1.0696298559646196	0.27252832335883365	1.133914156291397	0.803303890680351	3.369378222116274	
9.955365329867016	-1.0378575635098453	0.28094135793147573	1.0605232611368194	0.8079057994912437	3.234025748554795	
9.67055389698844	-0.9926913524853537	0.295020377477639	0.9873875275760083	0.8144050024288246	3.093808853693001	
9.407950350882494	-0.9362165817018556	0.3133689768880519	0.9107348953050274	0.8221460078079472	2.9501566779691792	
9.16874237739206	-0.8715801543820815	0.3341208763031646	0.8272409752107351	0.8303272594038774	2.804467407165123	
8.953493601900643	-0.802760200613025	0.3551954946111198	0.7342857344689561	0.8380203262536824	2.6580372498623968	
8.762055102936086	-0.7342888019028322	0.37458185252701276	0.6301612145664179	0.8441886891189466	2.5119921006469057	
8.593541657170944	-0.6709430586959177	0.39061845236285775	0.5142129607091037	0.847707736684373	2.36722645429327	
8.446383079530419	-0.6174231367131602	0.4022306952225064	0.3869041608164389	0.8473878215726812	2.2243536504805363	
8.318448676058324	-0.5780305853369028	0.4090953788500459	0.2497991453483684	0.8420025273257845	2.0836698612301956	
8.207235452901774	-0.5563609963096762	0.4117106404621395	0.10546404078770184	0.8303238868449994	1.9451343581896083	
8.11010161346165	-0.5550308545929077	0.41136328755703205	-0.04271099683481407	0.8111649502626557	1.8083678498068794	
8.024520097169068	-0.57546327564665	0.41000064176623996	-0.19075659487324542	0.7834288197584357	1.6726698965138043	
7.948321685016197	-0.6177586811397506	0.41002735102800714	-0.3344175920763231	0.746162198332998	1.5370555091575708	
7.879894759887049	-0.680670980766408	0.4140566231340552	-0.4694710144662977	0.6986108100472664	1.4003099248320845	
7.8183098421302155	-0.7617005200905458	0.42464878118592575	-0.5920411543130502	0.6402730205795699	1.2610597689393501	
7.7633454799821555	-0.8572996531178066	0.4440725241394941	-0.6988787604957704	0.5709455505532156	1.1178566636076295	
7.715421501538658	-0.9631592690241769	0.4741155682213909	-0.7875798760013022	0.4907567535259489	0.9692665401602517	
7.675466747988643	-1.074542577583563	0.5159587183846283	-0.8567285892078063	0.400182715392849	0.8139581781518841	
7.6447650919443255	-1.1866296288290787	0.5701165691608158	-0.9059560251900904	0.30004294007232074	0.6507837115626688	
7.624827469025605	-1.2948398242887476	0.6364369465383063	-0.9359171687590278	0.19147504361436693	0.4788443372620782	
7.617325285326288	-1.3951077351946577	0.7141435096411205	-0.9481951840802816	0.07589107723302574	0.2975360648705197	
7.624094711924881	-1.484096804390642	0.8019035958675756	-0.9451488790545071	-0.045078917685694435	0.10657278442452411	
7.647190310411662	-1.5593443201358395	0.8979064438425254	-0.9297221745236129	-0.1696488337001131	-0.09401309113235574	
7.688939234685131	-1.6193313711891901	0.9999455010629911	-0.9052338022512033	-0.29593725060133014	-0.3038909127323902	
7.751942033252765	-1.6634800438461623	1.1055025576214417	-0.875169039165459	-0.42202154480241616	-0.522467172202131	
7.83898587181884	-1.692085508041118	1.2118362430614313	-0.8429890448579866	-0.5459839468025436	-0.7489291338150457	
7.952865646079443	-1.706193020299149	1.3160779575336452	-0.8119685305546436	-0.6659506249486739	-0.9822907069015333	
8.096139267300549	-1.7074365716188342	1.4153356959887389	-0.785068977969187	-0.7801258758762045	-1.2214350962363112	
8.270866047609577	-1.6978604228780072	1.5068044363385387	-0.7648502138602343	-0.8868237326020458	-1.465150360851433	
8.478385553920651	-1.6797460614492103	1.5878809247525418	-0.7534191083563326	-0.9844986603428493	-1.7121559937943862	
8.719185006927413	-1.655464458151853	1.6562806949862041	-0.7524106004706783	-1.0717758507503126	-1.9611205426584049	
8.99288034986963	-1.6273674429338743	1.7101537469197967	-0.7629948077089781	-1.1474797282911116	-2.2106718421338067	
9.298301442972841	-1.5977240795418854	1.748189930460525	-0.7859033391330396	-1.210657123988745	-2.4594023295575886	
9.633633217971317	-1.5686962635882105	1.7697041163568386	-0.8214648526839511	-1.2605928181128405	-2.7058720036972908	
9.996558432958809	-1.5423400260826934	1.774686522838238	-0.8696438647742093	-1.2968153397720406	-2.9486115116559395	
10.384355296680175	-1.5206156884933102	1.7638039690790062	-0.9300786394042291	-1.31909255524477	-3.186127281473241	
10.793924692572432	-1.505389858091374	1.7383437336076981	-1.0021164847587305	-1.3274183747888149	-3.416909925963617	
11.221749304772848	-1.4984156705627563	1.7001013660320823	-1.0848474404925494	-1.3219933112659483	-3.6394463558577246	
11.663811986458255	-1.5012843461107706	1.6512239471571568	-1.1771394058362423	-1.3032022791481406	-3.8522353070340385	
12.11551597801829	-1.515349734362938	1.5940269368614022	-1.2776786251134817	-1.2715927662491262	-4.053805528484229	
12.571655320157264	-1.541638914409027	1.5308058647944636	-1.3850190787028653	-1.2278547440814847	-4.242735285865329	
13.026466432347144	-1.5807678546368868	1.463664934186913	-1.497639845767931	-1.1728032801738804	-4.417671720465196	
13.473769248912118	-1.632879775270553	1.3943778539839937	-1.6140067540097214	-1.1073634125770946	-4.5773489540498815	
13.907186983927286	-1.6976190492786716	1.3242923220835527	-1.7326324724080826	-1.0325562355049824	-4.720604047612711	
14.320416615879223	-1.7741458651938007	1.2542859231332388	-1.8521284347724263	-0.949485167766469	-4.846390383778392	
14.707512497711429	-1.8611897684663337	1.184777271246602	-1.9712433514944157	-0.8593215010137615	-4.953788486999409	
15.063144726692673	-1.9571350946162227	1.1157917207427166	-2.088885891776369	-0.7632887884860992	-5.04201457373801	
15.382802932491112	-2.060129027422805	1.0470751611826516	-2.2041325909212572	-0.6626463300038903	-5.110427307019248	
15.662927956732254	-2.168204871289088	0.9782426635687069	-2.3162243249510577	-0.5586724399244004	-5.1585329366975525	
15.900965300357312	-2.2794174802325324	0.9089379510721599	-2.424555173936698	-0.45264826367646666	-5.1859890939851345	
16.095349665035858	-2.3919957375085414	0.8389737233849168	-2.5286555653453844	-0.34584236649648126	-5.192609192182725	
16.245428367529566	-2.504515694334461	0.768425788392813	-2.6281659164568962	-0.23949587354926774	-5.178369293999496	
16.351334538195747	-2.6160768246734465	0.6976641329203419	-2.722794723984613	-0.13480800892703326	-5.143418939562094	
16.413825168697986	-2.7264399574558738	0.6273207491063904	-2.8122577758485465	-0.03292191639362757	-5.088096071255197	
16.434103373700204	-2.8360810840068105	0.5582081810872375	-2.8962019203307294	0.06508915429502686	-5.012944660898485	
16.413647974636593	-2.946138869901835	0.4912085032270065	-2.9741237783151013	0.15823478196388369	-4.91873251578725	
16.354075474247463	-3.0582699729964893	0.4271508238274697	-3.0452968009181127	0.24561863041436965	-4.806465994250213	
16.257056792405162	-3.174447056104306	0.36669602087443454	-3.108720477722706	0.32644711801314	-4.677396164262954	
16.124297763061872	-3.2967376348133994	0.31024901878647043	-3.1631000065164967	0.40003628518057904	-4.533012599309096	
15.957572731037654	-3.4270873280431795	0.257915070253912	-3.206860170334906	0.46581810881804786	-4.375022261973455	
15.758788662621388	-3.5671220753758495	0.2095097073899642	-3.2381942641771704	0.5233469767199787	-4.205312607175879	
15.530052528370272	-3.7179772009733973	0.16462236631308141	-3.2551457634026493	0.5723062846278736	-4.025900101105702	
15.273717018979061	-3.8801554960495555	0.12272437620707992	-3.255718203293438	0.6125141933356801	-3.83886685952156	
14.99238775946375	-4.053414688070332	0.08330482938369527	-3.2380072724459406	0.6439268162581028	-3.646289243166099	
14.688887147610266	-4.2366875328843925	0.04601395854510626	-3.200348423481047	0.666636836119181	-3.4501627997501867	
14.366182316827935	-4.428047365084303	0.010791924234952054	-3.1414709787081665	0.6808653582534429	-3.2523285149212526	
14.027296742015748	-4.624736345433725	-0.022038040257457023	-3.0606449442779775	0.6869458450155433	-3.0544061754406826	
13.675229456407989	-4.82326426445462	-0.05172400078293112	-2.957808114571777	0.6853009315172782	-2.857738402685316	
13.312902251857166	-5.019580177775164	-0.07709356241890788	-2.8336597171038336	0.6764133959209452	-2.663348281183142	
12.943149538662036	-5.209307281190413	-0.09661699065608957	-2.689708033665573	0.6607935804334425	-2.4719126019952826	
12.568757244867683	-5.3880218562658815	-0.10852119826128215	-2.5282623821358183	0.6389461427048045	-2.283751767429464	
12.192547955711737	-5.551551427267093	-0.11094599561213238	-2.3523640078656576	0.6113392528142603	-2.098836550712262	
11.8175009650218	-5.69626603574488	-0.10213022543408087	-2.1656554436672484	0.5783792499180052	-1.9168111035697404	
11.446889521973192	-5.819339055137355	-0.08061350666454388	-1.9721924171818237	0.5403934173356046	-1.7370310139289922	
11.084409872061109	-5.918950317154011	-0.0454344846550203	-1.776207634285171	0.497623621139939	-1.558615488531104	
10.734276262704277	-5.994413452331402	0.003692343940496103	-1.581845770679368	0.4502321738560925	-1.380509396179161	
10.401258428912692	-6.04621424381022	0.06623643631449193	-1.3928889841278396	0.39832042821317515	-1.2015515580272857	
10.090642982420883	-6.0759510154833745	0.14076218663339227	-1.212494697334257	0.34195935971390024	-1.0205453944676082	
9.808112243025963	-6.086177237400878	0.22490305210600411	-1.042968158056653	0.28122944961868407	-0.836327789383049	
9.55955158393322	-6.080157212764709	0.3154070638265991	-0.8855902738988571	0.21626528185052957	-0.6478324608689626	
9.350815056820123	-6.061556496010166	0.4082567714593667	-0.7405168855216189	0.1472990733444966	-0.45414495293538726	
9.187491613586294	-6.034096768906215	0.49886019086221467	-0.6067586133247177	0.07469764845241818	-0.2545476785597123	
9.074716541483665	-6.001210430186118	0.5823039482853217	-0.48224728751176565	-0.0010114907211434439	-0.04855380754448407	
9.017056897419854	-5.965734412752159	0.6536482359329578	-0.3639843245390552	-0.07912646720845458	0.164070474123038	
9.018462479616636	-5.929670263896781	0.7082393783720127	-0.248254901461231	-0.15876718055201647	0.38329392234708337	
9.082243900342236	-5.8940263970089015	0.7420174999311806	-0.13089312828603142	-0.23887823848986936	0.6088178384600472	
9.21102168421675	-5.858747769910512	0.7517966350773302	-0.007579803896479026	-0.3182362616238449	0.8400826469086976	
9.406593355460203	-5.822728933936799	0.7354970468202973	0.1258466140259451	-0.3954612291350755	1.0762827951215896	
9.669689439702639	-5.783901097058904	0.6923129933335352	0.2730849885484234	-0.46903399608624313	1.3163892839667888	
9.999626830780237	-5.739382805968644	0.6228036157184271	0.43709043159571653	-0.5373239771405794	1.5591789174070234	
10.393908451841094	-5.685687001849764	0.5288985418733221	0.6198334835614852	-0.598631863175406	1.8032691786543786	
10.847865250897724	-5.618980008416232	0.41380860863915553	0.8221214015224539	-0.6512509515843051	2.0471576882020375	
11.354432642810956	-5.535380174038985	0.28185122696280973	1.0434925730256506	-0.6935463055086487	2.2892637255474635	
11.904132896284954	-5.431282362166664	0.13820243839469046	1.2821916355751575	-0.7240475695161288	2.5279703436925796	
12.485298041676703	-5.303686206141414	-0.011406044376203791	1.53522862464156	-0.7415476520660883	2.761665670361289	
13.084523835849485	-5.150499781708412	-0.16102098249475372	1.7985184638466423	-0.7451972915145495	2.988781981845509	
13.687308286882027	-4.970788915443761	-0.30480773399960365	2.067090573103939	-0.7345850457546658	3.207831183302867	
14.278803429606029	-4.764945843715473	-0.4373730071149252	2.335352844757831	-0.7097932837697841	3.4174353731721943	
14.844599738828673	-4.534759822678353	-0.5540518718792051	2.5973907650665087	-0.6714234672506854	3.6163514462792254	
15.371458901787095	-4.28337718720191	-0.6511409882342143	2.847280833296163	-0.6205851178156602	3.803488365135088	
15.847918190707539	-4.015154552730024	-0.7260636049232471	3.0793943702173094	-0.558848238029667	3.9779164132152656	
16.2647164702217	-3.7354283612969783	-0.777458412131566	3.2886675494323874	-0.4881658001906558	4.138868507443499	
16.615057436009756	-3.450211699374983	-0.8051987693192328	3.470843072918199	-0.41076926731504926	4.285735533647764	
16.894611363794144	-3.1658781196728354	-0.8103085222039743	3.622610385918262	-0.32905588092431504	4.418051742419393	
17.10156769501792	-2.88876674065002	-0.7948777490705048	3.7418112763422666	-0.2454481944688662	4.535485440371438	
17.23612383291244	-2.6249373768716837	-0.7617754262630964	3.827322914481236	-0.1622986882360978	4.63780595484303	
