15.383279497747573	-2.7588534689394058	-0.2241492087777005	3.2580345548171987	0.8297946573079703	4.106256004081149	
15.39749529408135	-2.486028182775128	-0.14530880872837024	3.3140339855451226	0.8673879233463351	4.159065317400788	
15.361107113857885	-2.235429551984398	-0.057065902041807066	3.329058940412978	0.8982169927314912	4.19923471915825	
15.28018364783507	-2.0132100577460053	0.033980539673917294	3.305112013187764	0.9215948656226279	4.227558455315911	
15.161768206199609	-1.8244421943641507	0.12153158643102609	3.2455048859169655	0.9371707829676629	4.244776994163182	
15.013681922974135	-1.6726189981041342	0.19995383806788772	3.154983929835572	0.9450188411886605	4.251561163913617	
14.843835620177625	-1.5594891792831829	0.264606271667678	3.0392837596493574	0.945596807965135	4.2485210874520565	
14.659791579139123	-1.484846970033236	0.31208735633832135	2.9048497879540855	0.9397325120176121	4.236217401619142	
14.468296163957447	-1.4464607510398813	0.3403935260622895	2.7584304910655395	0.9285726760270367	4.215182156751135	
14.274909991191151	-1.440093176297893	0.34897552651395725	2.606665523886793	0.9135199965509637	4.185943766517756	
14.083741308030866	-1.459654780786732	0.3386779319635296	2.455671784759498	0.8961543266871861	4.149053237726747	
13.897297076486328	-1.4974747671098794	0.311581523479606	2.3106677843497225	0.8781462535583816	4.105107367475363	
13.716453948349457	-1.5446856688332506	0.2707655884166363	2.175659748439627	0.8611664977144863	4.0547657043626915	
13.540548095475614	-1.5917114610237992	0.22001079494145587	2.053213029952575	0.8467949846038753	3.9987584026757497	
13.367573575663327	-1.6288358024638652	0.16346866771395624	1.9443277872256914	0.8364339939580839	3.937882849659057	
13.194469431008178	-1.6468185666730035	0.10532499606680329	1.848429213352108	0.8312293268810552	3.8729879893465218	
13.017471059706967	-1.6375266072168029	0.04948212549188174	1.7634750732264433	0.8320024218658368	3.8049460866309714	
12.832497418446621	-1.594519628667151	-0.0007085202188560698	1.68618467644054	0.8391997123802019	3.734613233599555	
12.635535202647091	-1.5135470228686045	-0.042641641376388206	1.6123579795321143	0.8528598805555567	3.6627821697216554	
12.423000886037471	-1.39292447559002	-0.0745709685271921	1.5372607537687	0.8725995279363258	3.590130828679966	
12.192064660982803	-1.2337569493985794	-0.09563390971621709	1.4560500997441663	0.897618402568789	3.517170621516764	
11.940921486001915	-1.0399812393160497	-0.10579078272293217	1.364210153191631	0.9267245990802394	3.4441987187080616	
11.668995836886811	-0.8182108433675108	-0.10569141029060672	1.257967610698386	0.9583796356547115	3.371258233874888	
11.37706719730377	-0.577374740957513	-0.09649017993658235	1.1346601099962652	0.9907631976020044	3.2981092802906717	
11.067287179434905	-0.32814126165203955	-0.07963629195768325	0.9930152970136134	1.0218580348228385	3.2242161687902544	
10.743084323195054	-0.08218426328590903	-0.05667472622567724	0.8333181404047941	1.0495485344165871	3.148750841495554	
10.40896022037734	0.14864929285696252	-0.02907791268621239	0.6574550441962714	1.0717275402814137	3.0706124976141598	
10.07019270182918	0.35319632001719603	0.0018802595373081262	0.46882687443973803	1.086404714566821	2.988463706040878	
9.732480339829346	0.5217743977518077	0.035202732058843784	0.27213505910735936	1.0918086814797037	2.9007824006075014	
9.401573935697176	0.6468433481068129	0.07020053937574489	0.07305654331331962	1.0864759775990238	2.8059285430250194	
9.082941372753684	0.7234831475686782	0.10648224365503588	-0.12216867013844997	1.0693222518935468	2.702224056668553	
8.781511301374124	0.7496356295994923	0.14390776992033721	-0.3072040543653341	1.0396887536829498	2.588042701505717	
8.501517355913622	0.7261186133187659	0.18251991663592787	-0.47608594411298194	0.9973641770117296	2.461903202143735	
8.246436839411793	0.6564373896552069	0.222463727263794	-0.6236610756340444	0.942583691455877	2.3225601565892338	
8.019008231923413	0.5464163572193971	0.26390125236960077	-0.7459615691660471	0.8760061029644844	2.169086288777655	
7.8213035715116295	0.40368667901733163	0.30692925688517114	-0.8404906152074	0.7986714077682224	2.000939434684311	
7.654827938301116	0.23707319620167266	0.35150798349833173	-0.9063993417794975	0.7119417429027005	1.8180085765443377	
7.520618977538354	0.05592449081775891	0.3974102709953672	-0.9445446349784868	0.6174289727656043	1.6206352690656256	
7.41932850407736	-0.13056403854182355	0.4442044849520941	-0.9574090515925455	0.5169108991097356	1.4096041860377087	
7.351275988313746	-0.31397118419051434	0.49127979550300954	-0.9488981590817627	0.41224240992819355	1.1861050601016683	
7.316480967253943	-0.48717859981671413	0.5379144969419781	-0.9240366488350512	0.3052656193152287	0.9516701231434502	
7.314689801251429	-0.6447755056200883	0.583379948001547	-0.8885835906303848	0.19772304777953353	0.7080908645658155	
7.345411568542006	-0.7833141171537495	0.6270627544800265	-0.8485964096688041	0.0911790706079527	0.4573202507348925	
7.407971352615118	-0.9014018381022004	0.6685807696024784	-0.8099776386604445	-0.013044937565781792	0.2013677484760564	
7.501577423853229	-0.9996306268675655	0.7078669342100301	-0.7780375717608715	-0.11391723523265365	-0.05780534908869314	
7.625384211183691	-1.080340345959847	0.7451957207176352	-0.7571164730866508	-0.21071752184155532	-0.3183806046501309	
7.778522011481162	-1.1472544966119655	0.7811450575277905	-0.7503034497881569	-0.30303300256771876	-0.5787570794090167	
7.960071225621182	-1.2050310169885035	0.8165042364224288	-0.7592666254306432	-0.39073187010376503	-0.8376005500559704	
8.168972807051619	-1.2587653533637855	0.852146452632267	-0.7842040948320839	-0.4739179762731304	-1.0938632276110436	
8.40388480070448	-1.3134900010378596	0.8888908492046068	-0.8239137245503512	-0.5528727681707764	-1.3467725435917581	
8.663013854730945	-1.3737140702331334	0.9273794992902742	-0.8759689191831886	-0.6279915222733915	-1.5957907362354533	
8.94396419048893	-1.4430387104233873	0.967989707980377	-0.9369785635934618	-0.6997205222727296	-1.8405498964845124	
9.24365983837167	-1.5238874684245864	1.0107964226429529	-1.002908234056012	-0.7685006573427534	-2.080769155368235	
9.558376897838459	-1.6173704495774552	1.0555838173116137	-1.0694209570755142	-0.834721451969276	-2.3161661630057364	
9.883887119169675	-1.723273358239984	1.1018919473154314	-1.1322056642308227	-0.8986850798538597	-2.54637300799183	
10.215690517380649	-1.840157746367782	1.1490816491645943	-1.1872717208357915	-0.9605785888185215	-2.770864623081044	
10.54929354071465	-1.9655475162778104	1.1963996115527114	-1.2311920054455197	-1.020452487286626	-2.988906409808864	
10.88048041477206	-2.09617009368562	1.2430286897275145	-1.261284682266234	-1.078204356949584	-3.199525532784294	
11.205530838623172	-2.228219727229209	1.2881150798164538	-1.2757332868159799	-1.1335669484751727	-3.401507649494339	
11.521347441371983	-2.357617051553595	1.3307731241144838	-1.2736435732046965	-1.186103052225578	-3.593420642927621	
11.825486117115144	-2.4802418689125743	1.3700781082341578	-1.255046774369373	-1.2352092415260834	-3.77366172867405	
12.116112103500816	-2.5921355660285257	1.4050617458983896	-1.2208654805487082	-1.280129491711694	-3.9405219605043795	
12.391908180506306	-2.689679643667064	1.4347234205116215	-1.1728498625638661	-1.319979915735187	-4.092263151707522	
12.651961400445673	-2.7697575303931545	1.4580657577796692	-1.1134907931164468	-1.3537844621119575	-4.227201209896824	
12.895648832293531	-2.8299052293867	1.4741571649161802	-1.045913587803507	-1.380520398924615	-4.343789824397559	
13.122534420009321	-2.868453957311726	1.4822185926811058	-0.973753635235964	-1.3991719694824303	-4.4406996071076	
13.33228102403776	-2.8846554589401476	1.4817246769407446	-0.9010100466566235	-1.4087897874839599	-4.516886468897073	
13.524579399942706	-2.8787767915562577	1.472503160136735	-0.8318797451396877	-1.4085515509252118	-4.571643998289338	
13.699091877047026	-2.852157039239588	1.454818966558257	-0.7705754373049458	-1.3978209896399614	-4.604639464308611	
13.85540744219441	-2.8072125925495572	1.4294296368218875	-0.7211303975369231	-1.3762017227750099	-4.615932424409616	
13.993006250285818	-2.747381574256104	1.3976017465235222	-0.6871975560944084	-1.3435825249795854	-4.6059762156145245	
14.111233012446691	-2.6770030658975736	1.3610820676586979	-0.6718529917856412	-1.300170699425033	-4.575603605748372	
14.209280364331883	-2.601133276180862	1.3220221059354067	-0.677413458476085	-1.2465112560230613	-4.525999085672832	
14.286186584413356	-2.525303154060056	1.2828569236229161	-0.7052840950384236	-1.1834877111260964	-4.458658534894433	
14.340852605511255	-2.455238528412649	1.2461502316989237	-0.7558521166834914	-1.1123029505489614	-4.375339684986518	
14.372082063921749	-2.3965669263336626	1.2144219405870114	-0.8284290464146725	-1.0344429378035505	-4.278008098084954	
14.378649144116014	-2.3545299979142147	1.1899719712696437	-0.9212473361449489	-0.9516244125784165	-4.168780223972777	
14.359396637893044	-2.3337218281222967	1.1747152394659865	-1.0315128531140754	-0.8657292301431568	-4.0498655597529245	
14.313362743313045	-2.3378709560837128	1.170041745626405	-1.15551106862117	-0.7787285543675788	-3.9235095755521745	
14.239931472317013	-2.3696778368569684	1.1767127177540773	-1.288761171345586	-0.6926000060407522	-3.7919384115829367	
14.138994166774905	-2.43072139078993	1.1948060249387753	-1.426214424230853	-0.6092411733873129	-3.6573061675835055	
14.011101202790648	-2.5214398737826644	1.2237190470954855	-1.562483837538486	-0.5303855927028855	-3.5216463023119364	
13.857588074231696	-2.641169496546937	1.2622226156415515	-1.6920896150299023	-0.45752510574244315	-3.3868263759993726	
13.680657037599776	-2.788228678396646	1.3085609881220517	-1.809711603030774	-0.39184243119631124	-3.254505391955585	
13.483397702732898	-2.9600328470404693	1.3605887718445069	-1.9104375489298777	-0.3341580940638798	-3.1260933623007796	
13.269735261325865	-3.1532258625518073	1.4159333716232398	-1.9899959005082335	-0.2848954997856537	-3.0027131602346393	
13.044302904472023	-3.3638167957789844	1.4721706165331347	-2.0449643653385885	-0.24406654761442867	-2.885164614311844	
12.812238904602875	-3.587317666762619	1.5270002483614002	-2.072941402884982	-0.21128136387012086	-2.773893005884317	
12.578924256335979	-3.8188784695840927	1.5784035217698584	-2.0726649991446333	-0.18578340307025876	-2.66896560804336	
12.34968669659862	-4.053417591839234	1.6247728271144566	-2.0440794844058785	-0.16650501364322953	-2.570056244401796	
12.129493202833023	-4.2857536411957184	1.665007323396181	-1.9883456875411696	-0.15214125589521352	-2.476440768621991	
11.92265747621775	-4.510743466738202	1.6985705296506692	-1.9077929373937201	-0.14123777636516247	-2.3870057395121247	
11.732589132621749	-4.723429996280966	1.725508169679405	-1.8058142949399971	-0.1322873797545429	-2.300272055824106	
11.561606886990964	-4.9192023044580235	1.7464268598102353	-1.6867096305987264	-0.1238296118910025	-2.2144343755044846	
11.410839273031092	-5.093966222148057	1.762432115975995	-1.5554788853242159	-0.11454711437694917	-2.127418051246071	
11.280232413432158	-5.244314760354009	1.7750259356990763	-1.4175752350873807	-0.10334978984484126	-2.036953042798468	
11.168656597312847	-5.367692866458573	1.7859706681632634	-1.2786353100566967	-0.08944199455626993	-1.9406605133707233	
11.074105734007627	-5.462546562199291	1.797121573010203	-1.1441946436503576	-0.07236895058592213	-1.8361502245931065	
10.99397457438754	-5.528443731228491	1.8102345986371384	-1.0193997013036782	-0.05203942578207858	-1.7211250406904528	
10.925390636501014	-5.56615123489771	1.8267597155590902	-0.9087290376103505	-0.028723087059658974	-1.5934877909299423	
10.865572396397953	-5.5776527788384564	1.8476323777732224	-0.8157351750762228	-0.0030225510160119457	-1.4514456995448162	
10.812180078219402	-5.566087109278236	1.8730805125469203	-0.7428229523999967	0.02418002828259055	-1.2936061984912375	
10.763613199413276	-5.535591228054438	1.9024746234292316	-0.6910896323624854	0.05179912780442499	-1.1190541930475346	
10.719228819725286	-5.491062503978743	1.9342371581898643	-0.6602315041812002	0.07863606362913256	-0.9274083383246231	
10.679470713391245	-5.437853225446783	1.9658295183906498	-0.6485256022201018	0.10347641171562381	-0.7188529915479915	
10.6459141384448	-5.381421874516642	1.9938308931622488	-0.6528899158223999	0.12518626732746638	-0.4941441809854277	
10.621242882825788	-5.326969850257691	2.0141151525048544	-0.6690196521539181	0.14279943303147263	-0.2545898118607923	
10.609179328574225	-5.279089508365003	2.0221221860475707	-0.6915918364269543	0.1555901276515559	-0.0020062942504813844	
10.614375414622314	-5.241445057874507	2.0132113940947036	-0.7145314134823583	0.16312833228141138	0.26134685183282774	
10.642249477032571	-5.216513702790326	1.9830622777031204	-0.7313258961703728	0.16531548680798874	0.53285222081434	
10.698747952101597	-5.205393652589789	1.9280785130900107	-0.7353652987019692	0.16240440242191717	0.8096310500210275	
10.789999672033453	-5.207689533595386	1.8457580706384602	-0.7202954147059193	0.15500390069253367	1.0886476291341747	
10.921849055686037	-5.221487459288568	1.7349921356202	-0.6803685595064726	0.14406688073384544	1.3668168297384378	
11.099283091332294	-5.243430273338886	1.5962617593354549	-0.6107740396815814	0.1308594328255035	1.6411095070251283	
11.325796197960361	-5.268898324453898	1.4317125194918587	-0.5079317039256438	0.1169085004498883	1.9086509881031575	
11.602767296762677	-5.292297612557412	1.2450945511683955	-0.3697302851259788	0.10392546636141863	2.1668083773653186	
11.928969956812344	-5.307441054350334	1.0415628028692363	-0.19568015840794692	0.09370667616085089	2.4132601269417573	
12.300289420838421	-5.307978859297623	0.827373102523969	0.013020035065102051	0.08801882207766207	2.646047515670489	
12.709696812592442	-5.287842776243252	0.6095003780094971	0.25350687771681163	0.08847702175642225	2.8636082504034257	
13.147496322109268	-5.241666560971729	0.39521142524387665	0.5213641410993753	0.09642614646414857	3.0647929060114607	
13.601821787457196	-5.1651491661315445	0.1916276912197515	0.8108145442609056	0.11283680485488039	3.248865644188562	
14.059328263371906	-5.055337709710285	0.0053101717765865405	1.1149777455798044	0.1382258953643125	3.4154912843350456	
14.506009204006983	-4.910815984577969	-0.15810689818257026	1.4261812459868952	0.17260989948689534	3.564710134895619	
14.92803302547518	-4.731776825708505	-0.2941938795942471	1.7363026081747799	0.21550015399013328	3.696899568251692	
15.312549979558115	-4.520011988522394	-0.39992984801472675	2.037134545925034	0.2659331842468183	3.8127279558678926	
15.648245687062625	-4.278774464697096	-0.4737457592955146	2.3206877997766147	0.32253921218559856	3.9130981561639664	
15.92610391467879	-4.012693471516847	-0.5156536745968098	2.579629415079461	0.38361994729676124	3.9990923557835267	
16.139208643711896	-3.727372721982535	-0.5269023774972755	2.80735752855895	0.447278843572125	4.071896292923139	
