14.554653587426298	-3.117874215256156	0.0121895528352154	2.5831968012519293	0.6970935780965422	3.4498806917200016	
14.57044157380753	-2.8958733520782896	0.0033168370934170536	2.7170455663993964	0.7537425647148318	3.4990344954474017	
14.537099703364795	-2.673822049602387	0.010919598120882773	2.820757947337478	0.8055228359058644	3.539290715178488	
14.457884020080103	-2.4572889813385816	0.031503225844914655	2.8930442671644627	0.8514797708223859	3.5714194602323466	
14.337144506440962	-2.2515945080208035	0.06136549719568842	2.933576566476369	0.8908431196616108	3.5961362198148814	
14.180336832479524	-2.0615693514361024	0.09669772505720564	2.9432033759558984	0.9230976987005091	3.6140657883904015	
13.993493277387163	-1.8913484986157598	0.13381831773317174	2.923750700538507	0.9479837295488511	3.625722632152884	
13.782933489012208	-1.7441771249037346	0.169322244867871	2.877951142743533	0.9655105412620033	3.631493641304044	
13.554908822210539	-1.6222440256451567	0.20023698109810104	2.809274266775365	0.9759476115697097	3.631630835257864	
13.31530560475913	-1.5265527929739982	0.22415086299316328	2.7217352612056676	0.979804304267175	3.6262536039835496	
13.069401128933462	-1.4568572032081992	0.2393104701188615	2.6196714514955457	0.9777960384482958	3.615361868526491	
12.821682191183724	-1.4116677869136485	0.24468209624133258	2.5075077711214515	0.9708018864331889	3.598857669872949	
12.575729031453491	-1.3883402756152288	0.23997015939000607	2.3895224980368193	0.9598152187197522	3.576573576747849	
12.334165419359408	-1.3832434890089407	0.225589396457193	2.2696280822680945	0.9458899288256218	3.5483054564500485	
12.09867223460877	-1.3919930593343244	0.20259218739861962	2.1511821546340477	0.9300851381901061	3.513846791298988	
11.870056085961355	-1.409731238202971	0.172556837633201	2.0368393247059555	0.9134107472909297	3.4730219553663506	
11.64836960556245	-1.4314309920306507	0.13744204348497666	1.9284608506050183	0.8967772032081383	3.42571524064093	
11.43306501095133	-1.4521902537923599	0.09942546688723491	1.8270864672422105	0.8809528180651605	3.371892843233944	
11.223165875164751	-1.4674970671608603	0.060740583328982065	1.732961674268441	0.8665294555098658	3.311617069027037	
11.01744894188541	-1.4734540472904671	0.023521784934804613	1.6456159638743637	0.8538976533334414	3.2450522061619345	
10.814626283032638	-1.4669542355665233	-0.010332126245477533	1.5639831512297377	0.8432318594720846	3.1724620239870296	
10.613519033474754	-1.4458058355610235	-0.03926801583623884	1.4865527055555896	0.834485844802265	3.0941993657247027	
10.413215375280526	-1.408806263899157	-0.062155913478784956	1.411541299584969	0.8273980826901686	3.0106884428523615	
10.213198739144396	-1.3557555097439906	-0.07832335853336507	1.337071628941514	0.8215085345498884	2.922400504257217	
10.013438418003291	-1.2874199973613063	-0.08754829091256955	1.2613407385919841	0.8161835958580149	2.8298254700152654	
9.814437870405392	-1.2054519545476812	-0.09001350881649424	1.1827694327310119	0.8106479471419772	2.7334410114031558	
9.617235999527173	-1.1122689926997888	-0.08622788927826204	1.100124932523914	0.8040221107275393	2.6336807672906786	
9.423359466369543	-1.0109013296844285	-0.07692320348659673	1.0126104532882338	0.7953641039671149	2.5309036779552097	
9.23472770021596	-0.9048151822574005	-0.06293742256486683	0.9199185162614456	0.783713600962801	2.425366286490954	
9.053514464589416	-0.797718785482596	-0.04509633158301443	0.8222439824943835	0.7681369621403136	2.3172005552488626	
8.881982759862428	-0.6933639649904403	-0.024109770523895215	0.7202544030174148	0.7477695733381796	2.2064006694906846	
8.722319516055448	-0.5953566987133383	-0.0004942841400647311	0.6150267562133998	0.721853151235623	2.0928193585973474	
8.576492356025074	-0.5069841090261893	0.025470749231319652	0.5079554333908967	0.6897665713649819	1.9761746611903235	
8.446149219026484	-0.4310665365610038	0.053749074794964116	0.40063897922487157	0.6510491639432154	1.8560671177007544	
8.332574762635348	-0.3698415998737778	0.08451548158592825	0.2947547604440467	0.6054162377285666	1.7320063652596458	
8.236707095899103	-0.32488306593945365	0.11808998115512068	0.19193060962857242	0.5527677887898949	1.6034453927433743	
8.159208531305929	-0.2970628253743415	0.15484705098201304	0.09362453318115249	0.49319011812453234	1.4698202717197484	
8.100562553211713	-0.286556104042763	0.1951181953707432	0.0010247001304867576	0.42695220662314276	1.3305911611273635	
8.061163700130773	-0.2928842775379788	0.23910463026352943	-0.08502511395639081	0.35449895368240614	1.185281694947121	
8.04137431001407	-0.3149940293599194	0.2868135619066995	-0.16407024486881713	0.276441054212353	1.0335144470140871	
8.041531228900801	-0.3513677813961467	0.3380281077479487	-0.23605735106899287	0.19354096461163256	0.8750401785151499	
8.061899524434706	-0.4001573741853706	0.3923153739439158	-0.30131394863240724	0.1066939980486742	0.7097590464820298	
8.102585026424162	-0.4593313075379247	0.4490715868473901	-0.3604970354452171	0.01690326829743949	0.5377324767786001	
8.163436940919999	-0.5268222819151603	0.5075967925722503	-0.4145131314527828	-0.07475292451680622	0.35918302204916785	
8.243975803634807	-0.6006584110759201	0.5671814489235748	-0.46442200168937553	-0.16715901911519118	0.1744838018195348	
8.343370583380368	-0.6790701732212768	0.6271902618233092	-0.5113327168883142	-0.2592034113714114	-0.01586084087908017	
8.46047416968646	-0.7605665968597033	0.6871314057466442	-0.5563005920181551	-0.3498199898441718	-0.2112413099986788	
8.593909556679382	-0.8439758215831624	0.746702879305979	-0.6002338616685859	-0.43802643054779855	-0.4109721212782427	
8.74218445089256	-0.9284476540521399	0.8058125385894476	-0.6438176318297347	-0.522956224262948	-0.6143208525882335	
8.90380284137613	-1.0134162595121297	0.8645712971789234	-0.6874626572629493	-0.603881759804773	-0.8205327557741312	
9.077339596287631	-1.098526530856758	0.9232623786319708	-0.7312868555100196	-0.6802260700542575	-1.0288469555641473	
9.261462665262405	-1.1835390827431809	0.9822952930282702	-0.7751279995845805	-0.7515652846047206	-1.2385021259205538	
9.454907940108946	-1.2682281341211517	1.0421500975514628	-0.8185856998191086	-0.8176233713162874	-1.4487319010230113	
9.65642482678354	-1.3522889170187318	1.103317355515429	-0.8610879753657483	-0.8782610758385558	-1.6587516450697088	
9.86471804103161	-1.4352704972332113	1.1662386824455568	-0.9019749631145785	-0.9334609176010787	-1.8677395785234117	
10.078410492244831	-1.5165460937083455	1.2312513635642393	-0.9405908470202474	-0.9833097340389523	-2.0748159676737434	
10.296043986208534	-1.595329071653098	1.2985407223698642	-0.97637285434894	-1.0279787535342895	-2.279025278771885	
10.51611502760524	-1.6707302733138016	1.3681022206642734	-1.0089243485052823	-1.067701979479321	-2.4793257058919593	
10.737127782528143	-1.7418431739408091	1.4397109014383584	-1.0380654859868128	-1.1027534831162797	-2.6745879958031638	
10.957644861149246	-1.8078426877740772	1.5128965797805287	-1.063857631076841	-1.1334236251098753	-2.86360480278615	
11.176320435785543	-1.8680824647932361	1.5869244368489668	-1.0866004332821069	-1.159994882083649	-3.04511057388404	
11.391908259394391	-1.922176742563421	1.6607830304549447	-1.1068035296945133	-1.182718280867761	-3.217810880678765	
11.603246624641516	-1.970055215875021	1.7331847951426447	-1.125137256529163	-1.2017915759048932	-3.3804195052217443	
11.809230202764821	-2.011977558247128	1.8025896605896747	-1.1423690419678505	-1.2173415948280015	-3.531699714160122	
12.008782879766308	-2.048507012115993	1.8672550851728436	-1.1592980194153064	-1.2294120972403324	-3.67050500781238	
12.20083915770529	-2.080449179692955	1.9253125316623065	-1.1766969539045136	-1.2379576443370424	-3.7958159893568144	
12.384335390659707	-2.108766368764181	1.9748663188435482	-1.195268345357242	-1.2428439202207335	-3.906770214385633	
12.558207719959174	-2.1344820608685295	2.01410671759904	-1.2156188098876337	-1.2438546072144627	-4.002682627009926	
12.721391198831544	-2.1585911656789416	2.0414280532639877	-1.2382519720739624	-1.2407046980202188	-4.083055542681766	
12.872814879316065	-2.181991009292298	2.0555424710331884	-1.26357666169667	-1.2330604237845773	-4.14757772735463	
13.011391286466875	-2.2054465299432855	2.0555759925574053	-1.2919236473611846	-1.2205653067690823	-4.19611267063072	
13.136003454689268	-2.2295917294012413	2.0411424961520317	-1.323561109939268	-1.2028704661663858	-4.2286806354596305	
13.24549509895324	-2.2549623511286043	2.012391454449054	-1.3587019799720672	-1.1796678606908912	-4.245437055423381	
13.338669758815708	-2.2820502469254613	1.9700258933474524	-1.3974983789386484	-1.150724514123669	-4.246650105630643	
13.414303497686829	-2.311367074464152	1.9152885228841328	-1.4400210617440483	-1.1159154872264696	-4.232680186649828	
13.471173895313662	-2.3435050232517196	1.8499161159661166	-1.4862240220101193	-1.0752537821610364	-4.203963757935402	
13.50810586712469	-2.379182417358888	1.7760598628628894	-1.5358982227792013	-1.0289141021646497	-4.161002893927152	
13.524031201317813	-2.419264715848702	1.6961782747769343	-1.5886221149131476	-0.9772479292544397	-4.104361403080702	
13.518059123363843	-2.464758498404339	1.6129137300256289	-1.6437154906216542	-0.9207899688175183	-4.034667205490368	
13.489555341262257	-2.5167782291929175	1.528960726214421	-1.700203996867687	-0.8602550521103317	-3.9526194402092485	
13.438226722420936	-2.5764883809592174	1.4469363872695304	-1.7568007916068826	-0.7965252658885157	-3.8589984510721203	
13.364208679276908	-2.6450256549323186	1.3692633873498496	-1.811910398068224	-0.7306275786394785	-3.754676391645823	
13.26815288994479	-2.723406356580465	1.2980727693587781	-1.8636582735615017	-0.6637023977098819	-3.640625991047207	
13.15130254903021	-2.8124276915114192	1.2351358838192281	-1.9099502217510933	-0.5969629970277495	-3.5179233626614987	
13.015544446281211	-2.9125715367956717	1.1818255658466639	-1.9485567560660146	-0.5316486671762387	-3.387742695701502	
12.863424856062544	-3.023916199160093	1.1391027238143694	-1.9772178121359634	-0.4689732744170946	-3.2513414423440294	
12.698114797541338	-3.1460629407150065	1.1075260350488767	-1.9937625406413084	-0.4100714019160609	-3.110035242729023	
12.523315951589126	-3.2780844266665885	1.0872821327092037	-1.9962368624056968	-0.3559453035179352	-2.9651631491358907	
12.343106331195623	-3.4185016606323857	1.0782336851284635	-1.9830311891006214	-0.307416181056381	-2.8180446269283506	
12.161731969899794	-3.5652972987282814	1.0799840980964537	-1.9529998682688667	-0.265083941171165	-2.6699303722671393	
11.983367623773642	-3.715974188078178	1.0919562917041925	-1.9055568067739628	-0.22930208915986605	-2.5219517655647135	
11.811879287751594	-3.8676522352677276	1.113475918691285	-1.8407425737531224	-0.2001683628239675	-2.3750726684359025	
11.650613162923975	-4.017199252908019	1.143851431003089	-1.7592577168882513	-0.17753161670937814	-2.2300466488287207	
11.502233018419624	-4.1613879743927065	1.1824412073127912	-1.66245849119079	-0.1610139824522481	-2.087382784329372	
11.368621256594984	-4.297069168969198	1.2286979115431342	-1.5523137366535933	-0.15004570518728177	-1.9473227159034436	
11.250849421076095	-4.421351550882198	1.282182166484659	-1.4313242565522502	-0.1439088765413007	-1.8098304329135653	
11.14922296385313	-4.531776005006511	1.342539517908935	-1.3024037014845924	-0.14178649976641616	-1.674597884672472	
11.063391044452889	-4.626466355845789	1.4094419752892822	-1.1687286178918965	-0.14281097207833324	-1.5410669943465938	
10.992499048549682	-4.70424748725578	1.4825018093116882	-1.0335691599691437	-0.14610709449274936	-1.4084646183356893	
10.935368955032102	-4.764719108601172	1.5611662849905914	-0.9001078021299911	-0.15082708174430037	-1.2758489748904291	
10.890689601709864	-4.808274740904548	1.644604227089831	-0.7712567016755446	-0.1561754020552274	-1.142164478472247	
10.857198660739652	-4.836058865299906	1.731596452434091	-0.6494852597080778	-0.16142237993182024	-1.0063011842059144	
10.833840152873798	-4.84985944203228	1.820441682711963	-0.5366678719282221	-0.16590679970226432	-0.8671551454419316	
10.819879090575467	-4.85193423185621	1.9088977311597304	-0.4339708242239173	-0.16902860833016398	-0.7236849815071358	
10.814966609767973	-4.8447933123132465	1.994170194808993	-0.34178685030388034	-0.17023624301794735	-0.5749602365176253	
10.819166051908987	-4.830961730326645	2.072956561493529	-0.2597182998457529	-0.16901378327556488	-0.4202006080162507	
10.83295819982317	-4.812747739414707	2.141553425625646	-0.18660979284718937	-0.16487238555756742	-0.25880584921994293	
10.857248026901301	-4.792043642978091	2.196028690608754	-0.12062639008608281	-0.15734907615534227	-0.09037701089656484	
10.893390724454044	-4.7701803127527205	2.2324547278610973	-0.05936979626022168	-0.14601348974146905	0.08526938141274919	
10.94323715702092	-4.747847168653324	2.2471932307668285	-2.5268052551583042e-05	-0.13047998175546008	0.2680925903990271	
11.009161257670982	-4.725081166414999	2.237201877295268	0.060469139412717886	-0.11041885551244524	0.45782511048105723	
11.094016317465305	-4.701300887070006	2.200330257785172	0.12524521540765277	-0.08556157399969247	0.6539736708486797	
11.200968077872508	-4.6753663673828125	2.135575187878082	0.19732270611413583	-0.05569813170291564	0.8558241424211097	
11.333179035152924	-4.6456513722673565	2.043264151557816	0.27942698192129645	-0.020668452673735748	1.0624511210301193	
11.493357331135929	-4.610122768746168	1.9251403531048994	0.3738112068172773	0.0196472331438833	1.2727329695485807	
11.68322055966599	-4.5664311376264015	1.7843337378786206	0.48208734015520843	0.06533223993223533	1.4853728727307987	
11.902970788595695	-4.512027463918599	1.6252042353309124	0.6050779712851158	0.1164248643812484	1.6989275147234069	
12.150908256413938	-4.4443168276651575	1.4530712996770465	0.7427078383017196	0.1728946823821019	1.9118431775691798	
12.423251270660517	-4.360848990809752	1.2738720738249163	0.8939413486282893	0.2346062939777287	2.1224971260683563	
12.714194655193891	-4.259536809826107	1.0937791217327666	1.056777076930073	0.30127701288216097	2.329243360523124	
13.01619532387962	-4.1388821586834315	0.9188136284445303	1.2283051106843021	0.3724365693626802	2.530460470881447	
13.320438740195293	-3.9981843541030493	0.7544862512215431	1.4048279996819724	0.44739659843833723	2.7245987713923636	
13.617420903469894	-3.8377085796833317	0.6054886084285173	1.5820407563953205	0.5252354447478197	2.9102238829303495	
13.897567994863861	-3.658781842187499	0.4754672881122763	1.7552613873975964	0.6048038054311435	3.0860513606194537	
14.15184787322658	-3.4638161063922652	0.36687184280093704	1.9197028254737698	0.6847506731530486	3.250972184515072	
14.372203263572432	-3.256229045311888	0.28094043410298203	2.070709126034374	0.7635645376756286	3.4040576999935723	
14.552181516595333	-3.040363778059835	0.2176053141885128	2.2041154722717557	0.8396343136736039	3.5445774625118704	
14.686811415227602	-2.821182000861864	0.1758058298723938	2.316304577964327	0.9113119272763708	3.671953520114653	
