14.756510250858245	-2.916589645411133	0.1230071415491731	2.328422485528913	1.0205397477591498	3.853480874823137	
14.80227583218311	-2.693732645619242	0.11351620414238077	2.457071669293538	1.0931008607295194	3.93689565103248	
14.793399556770208	-2.47045240927229	0.127826090932411	2.5565058946878247	1.1564608823689873	4.004050095925984	
14.73165661361822	-2.2530690033232093	0.161175608999089	2.6243354014598856	1.209237935047058	4.055830868410981	
14.620395058015951	-2.0478091287126414	0.2082108817909589	2.6593781590596737	1.250334064537554	4.093149783293855	
14.464668696897588	-1.860499261335666	0.2630987010910919	2.6619828829907455	1.2790592043728326	4.116908100306465	
14.270612551853056	-1.6961963279447838	0.3199802105427155	2.633837850854294	1.2951512135563632	4.127941406736579	
14.045100593042449	-1.558893874591548	0.37326685873853116	2.577903944234035	1.2988096592094884	4.126990123978893	
13.79528934587548	-1.4512687960799524	0.41797069490186367	2.498205542452742	1.2906902288395796	4.114678800991359	
13.528220717378758	-1.3745099268892025	0.449980905066063	2.3995739883434672	1.2718748705154816	4.091511921171228	
13.250482111285367	-1.3282498574417845	0.4662752486655255	2.2873390034410854	1.2438144458822922	4.057884928602034	
12.967943671540366	-1.3105926769293057	0.46505541486680113	2.1670022155445223	1.2082532800490695	4.0141074707578515	
12.685575216102405	-1.3182356585793256	0.44579711707894226	2.0439105606637202	1.1671393724242705	3.9604362276427785	
12.407342405414685	-1.346672536326441	0.4092122609315064	1.9229500154697112	1.1225256052289874	3.8971138940254044	
12.136178006337063	-1.390459181897404	0.35712744364253085	1.8082788017912863	1.0764678585936454	3.824410637151715	
11.874017736563772	-1.4435204473824694	0.29229023712030744	1.7031122300379429	1.030924941383112	3.742664747667159	
11.62189656020714	-1.4994809720213456	0.21811352746466003	1.6095801749934067	0.9876670997530325	3.65231811868325	
11.38008452968108	-1.5519930629603857	0.1383909062892548	1.5286633409491082	0.9481993527611894	3.553942762405121	
11.148244309000715	-1.595050906908744	0.05700987042584049	1.4602018185968726	0.9137008407988039	3.4482568129506843	
10.925601787832585	-1.623285102546485	-0.022317744956532024	1.4029743836744633	0.8849816601077526	3.336128340303176	
10.711120313827468	-1.6322293452701588	-0.09628887716724488	1.3548421329521738	0.8624578463697782	3.218565977656635	
10.503670259401376	-1.6185516907913695	-0.1621913940703036	1.312946702743672	0.8461440560676359	3.096696093708463	
10.302187199404074	-1.5802431318260322	-0.21802574517953657	1.273952939411854	0.8356630154709878	2.9717264612629952	
10.105807417398724	-1.5167375066384803	-0.2625519732049879	1.234321772820207	0.8302739446952913	2.844897358753336	
9.913971496744054	-1.428963447873313	-0.29527008865267174	1.1905867661241045	0.8289140770743171	2.717424354692456	
9.726490469648628	-1.3193240177561074	-0.3163421378818022	1.139619722982852	0.8302512965716613	2.5904358820027205	
9.543568475264603	-1.1915987613851924	-0.326465629086052	1.0788699557380035	0.8327460922909591	2.4649095091354476	
9.365779235072557	-1.0507670621449412	-0.3267123473055566	1.006562315661226	0.834720257936133	2.341611416064567	
9.1939995148608	-0.9027549442466182	-0.31834942090937174	0.9218431237080592	0.8344297406799539	2.2210430780365247	
9.02930859566582	-0.7541043084034625	-0.30266134228323066	0.8248599775455422	0.8301394264993067	2.103400468316603	
8.872874393589802	-0.6115806605569225	-0.2807985769313975	0.7167607586356464	0.8201952267496746	1.9885524409682622	
8.72585093714513	-0.48175070220019395	-0.2536707793496344	0.599620341793267	0.8030905093504844	1.8760380991689325	
8.589304202136898	-0.3705568031632644	-0.22189325459027634	0.4762972036405116	0.7775251395946928	1.7650846243381881	
8.464178517454071	-0.28292506794497124	-0.18578927319530456	0.3502287458381312	0.742455078647012	1.654645423040716	
8.351307524149522	-0.22244449349801793	-0.14544277240368217	0.22518006126900883	0.6971310647108926	1.5434568607276025	
8.25146407534912	-0.19114549725150937	-0.10078888207624127	0.10496373979138643	0.6411264789129787	1.430110708010802	
8.165432172227185	-0.1894137398529437	-0.05172398971086317	-0.006845563731044348	0.5743517462904149	1.3131387826304677	
8.094072144810434	-0.21604151026492316	0.0017898305491959852	-0.10716971984137405	0.4970559254397031	1.1911012339168032	
8.038354243276288	-0.2683923651505753	0.05964353883010456	-0.19364091876708053	0.4098176701201366	1.062671976588447	
7.999345984628768	-0.34266160536250556	0.12153353349510265	-0.26475638712811045	0.31352459726199366	0.9267159245697197	
7.978151935412461	-0.4342073358566372	0.1869527054596627	-0.3199636449172906	0.20934064797911447	0.7823526572580491	
7.975819188688506	-0.5379239391949304	0.25521872423328096	-0.35967195456005463	0.09866147296629715	0.6290023680587942	
7.993233719686371	-0.6486306752132392	0.3255328689657073	-0.3851904454216674	-0.016941698865147604	0.46641141698913474	
8.03104305644601	-0.7614379344336161	0.39705715927455887	-0.3985915758446565	-0.1357882154819854	0.294652465631542	
8.089627575653513	-0.8720544218639305	0.46899237950756273	-0.40252450073116813	-0.2561570334048894	0.11410313978029392	
8.16912069133353	-0.9770193667077556	0.5406456174459499	-0.3999963683666148	-0.37635387428781475	-0.07459290014822906	
8.269461688489393	-1.0738488670061346	0.6114797880057918	-0.3941394578249655	-0.4947718599167886	-0.2705779324301794	
8.390453413135209	-1.1610922179376395	0.6811414546907951	-0.38798359680796235	-0.6099416210558658	-0.4728389266009424	
8.531793908550316	-1.2383012814991872	0.7494673017492628	-0.3842508764198966	-0.7205687700102829	-0.6802661542406202	
8.693057669032926	-1.3059151758556231	0.8164715216584437	-0.38518872978704854	-0.8255576297308088	-0.8917050915389962	
8.873623036968878	-1.3650701646003995	0.8823180507448263	-0.3924602345788101	-0.9240206078105442	-1.10599495204587	
9.072564993521262	-1.4173667338562337	0.9472843709552564	-0.4070927149435961	-1.015277698294109	-1.3219906407001478	
9.288545182976794	-1.4646167548112805	1.011719512493454	-0.42948359586142487	-1.0988486136295827	-1.5385688731821678	
9.519733621241155	-1.508598303138051	1.07599813539567	-0.45945835424445064	-1.174439718988926	-1.7546208298690618	
9.763790568454269	-1.5508456371413817	1.1404721236616175	-0.49637072270212695	-1.2419272612290524	-1.9690353679772825	
10.017923282989976	-1.5924967113295578	1.2054206722606173	-0.5392318651339303	-1.3013375922030788	-2.1806776680799063	
10.27901646264872	-1.6342188366960477	1.271001358893501	-0.5868546731485592	-1.352822888543775	-2.3883690298450295	
10.54380441173716	-1.6762161860015643	1.3372055652143409	-0.6379920425007778	-1.3966324298137587	-2.5908732626951494	
10.80904483389842	-1.718301555108575	1.4038190342699255	-0.6914545139664795	-1.4330803133334356	-2.7868924548558778	
11.071663207329518	-1.760011293582954	1.4703895964472493	-0.7461995083870894	-1.4625104723788138	-2.975073617288615	
11.32884657276732	-1.8007377625249887	1.5362054107922662	-0.8013877775536289	-1.4852614195873057	-3.154026344575183	
11.578080959752867	-1.8398544526579477	1.6002883042810248	-0.8564077360819213	-1.5016338369927797	-3.322350459233108	
11.817142564308684	-1.8768145887590606	1.6614078089398547	-0.9108729219243696	-1.5118641292362105	-3.478672056643587	
12.04406235019085	-1.9112102713429868	1.718123572705876	-0.9645993091236745	-1.5161077617678551	-3.621684472015451	
12.257090584619764	-1.9427927976259365	1.768855103490371	-1.0175751961275303	-1.514433443316536	-3.7501898537815594	
12.454675188892576	-1.971464104093087	1.811976183958692	-1.0699324305410123	-1.5068276052600598	-3.863138149733817	
12.635457378827903	-1.997251420244067	1.8459283966721052	-1.1219239763250057	-1.4932084000585326	-3.9596603785048305	
12.798281779437502	-2.0202785856654115	1.869344494489	-1.1739098054289145	-1.4734479175800685	-4.03909374426123	
12.942214685422458	-2.0407468286933406	1.8811708642976293	-1.2263497254783358	-1.4474011003682812	-4.100997520690554	
13.06656247126106	-2.058935215816781	1.8807765445102242	-1.2797981153639975	-1.4149398618674638	-4.145159120380357	
13.170881188924776	-2.075224795025178	1.8680313027851962	-1.3348926475887015	-1.3759892728545535	-4.171589679861946	
13.254975505917466	-2.0901432260978283	1.8433478019689664	-1.3923310338296448	-1.3305628669467289	-4.180513451875977	
13.318885842204246	-2.104420734935974	1.8076836255702455	-1.452831066457264	-1.2787946556882588	-4.172352800798602	
13.36286509834729	-2.1190451548231897	1.7625016650779817	-1.5170722852788865	-1.2209653026295892	-4.147710702115587	
13.387348138284917	-2.1353027572844274	1.709690766969662	-1.585620710241258	-1.1575202600146854	-4.107352491091371	
13.392918188279241	-2.1547932398626117	1.6514514532824796	-1.658839903214328	-1.0890786266064596	-4.052188416910104	
13.380273707361033	-2.179407193132931	1.5901526734723075	-1.7367963528094401	-1.0164306218135977	-3.9832569768345714	
13.350201419773033	-2.2112637284282197	1.528176216326044	-1.8191711925315834	-0.9405238690444223	-3.9017095561250676	
13.303561158781854	-2.2526150540818026	1.467765346107871	-1.9051857995707646	-0.8624409352421819	-3.8087967345668177	
13.241286237037048	-2.3057249534658677	1.4108910263582284	-1.9935500368697403	-0.7833690640274865	-3.705855032888046	
13.164401363658866	-2.3727307457874374	1.3591485494291842	-2.082440657341576	-0.7045635417436049	-3.594292961710546	
13.0740568824858	-2.455498463148637	1.31369383908782	-2.1695155143582907	-0.6273061308693145	-3.475574982487094	
12.97157473411448	-2.5554782941334824	1.2752239859423355	-2.251967471188742	-0.5528595196488133	-3.351201622040584	
12.85849409037705	-2.673573070298143	1.2440069917002605	-2.326623870585577	-0.48241981268168865	-3.2226838464185805	
12.736603273845379	-2.8100256501860144	1.2199507037509043	-2.3900837333963247	-0.4170697312387757	-3.0915114221163753	
12.60794577987753	-2.9643268610398157	1.2026993504178651	-2.438886206322375	-0.3577340250088944	-2.959115033000713	
12.474789901203307	-3.1351482153967907	1.1917460387114553	-2.469703056248984	-0.30513931422124835	-2.826822767011272	
12.339556463255128	-3.3203039240900205	1.1865475423003864	-2.4795449100922857	-0.25978090371396334	-2.6958125569785185	
12.204705438001605	-3.5167470842822874	1.1866283577656747	-2.465970532804639	-0.22189885820818522	-2.567062542243241	
12.072588873171757	-3.720609651927448	1.1916629038697313	-2.4272869212396366	-0.19146620645246357	-2.4413021354373683	
11.94529204362514	-3.927301883325569	1.201525445515791	-2.3627152534886324	-0.16819382732262686	-2.3189705455162155	
11.824487006734499	-4.131668777340701	1.2163071004294226	-2.2725132638710153	-0.15154999275458142	-2.2001849678654017	
11.711317924656623	-4.328206538099104	1.236302275137144	-2.1580423679754865	-0.14079404854100447	-2.0847219902931493	
11.606334051255494	-4.511334116448414	1.2619679619031408	-2.021769368917328	-0.13502240446956015	-1.972015356173099	
11.509480610273043	-4.6757063081443855	1.2938603637431005	-1.8671968335268856	-0.13322378652469583	-1.8611721522695357	
11.420151319824866	-4.816550416071156	1.3325530147658842	-1.698721583011676	-0.13434019081082257	-1.7510080485419326	
11.3373055099216	-4.929996042425833	1.37854040826309	-1.5214188047172588	-0.13732950033947713	-1.6401033298964018	
11.259639070400992	-5.0133558313307836	1.43213529056965	-1.3407676107270172	-0.1412232146069843	-1.5268766061278123	
11.185789953260343	-5.0653361605921186	1.4933661402666758	-1.1623422212343186	-0.1451748846553857	-1.409670216985469	
11.114561679831784	-5.086156882850933	1.5618817333015558	-0.9914862229242178	-0.14849583704468827	-1.2868434540491418	
11.045143179264983	-5.077566041747195	1.6368701465991453	-0.8329923302839609	-0.15067519294621284	-1.156867984962161	
10.977301222632216	-5.042744243787374	1.7169985043196028	-0.690810047249747	-0.1513824452920503	-1.0184195237046723	
10.911522800066578	-4.986101907928455	1.800377484177293	-0.5677989038803692	-0.15045241830768294	-0.8704608514460163	
10.849076530810674	-4.912972244342898	1.884560674145182	-0.4655583470445952	-0.147852933261035	-0.712307092692345	
10.791985524898964	-4.829239415300045	1.9665799557997912	-0.38434378446994527	-0.1436415720554309	-0.5436690305605507	
10.742922684875667	-4.740934895534113	2.043019046584157	-0.3230661808486021	-0.13791824346704712	-0.3646740036536651	
10.705048597601815	-4.653831801015169	2.1101298322736612	-0.2793738911329749	-0.13077980089971938	-0.17586364292553294	
10.681822689728781	-4.573069345466566	2.1639929165793466	-0.2498081026986667	-0.12228258283244303	0.02183013134757264	
10.676819600581469	-4.50283405596723	2.200720893947103	-0.23001817583368842	-0.11241675323057007	0.2271275973874755	
10.693572995709188	-4.446117736831419	2.2167003451689635	-0.21502336739252462	-0.10109362246810927	0.43845874341394947	
10.735450763510528	-4.40457706987573	2.2088523963230173	-0.19950366918548879	-0.08814461608594029	0.6540324009661935	
10.805536785730704	-4.378481531347461	2.174889573547823	-0.1780930792981208	-0.07332676874308623	0.8719084831383419	
10.906483150169036	-4.366739823868796	2.1135469208698976	-0.145665676908117	-0.0563314074336203	1.0900701788091376	
11.04030678945641	-4.366996847907854	2.0247623011361138	-0.09760470737843249	-0.03679481423516328	1.306492969128972	
11.208124441046778	-4.37579351283458	1.9097824158037078	-0.0300455667057632	-0.014311546419403565	1.5192076981840275	
11.409841900015012	-4.388782851333219	1.771177912716157	0.05991289483293133	0.011547350946307303	1.7263561425489458	
11.643850938146407	-4.401002956689335	1.6127481431225543	0.17404207603465924	0.04120814022907773	1.9262373550931302	
11.90681533502037	-4.4071929113914745	1.4393169476711538	0.3128792302908416	0.07505931146362131	2.117342789949881	
12.193594637086	-4.402129594435981	1.2564503903840671	0.47568258780336165	0.11340921817462533	2.298382004348077	
12.49734178495348	-4.38096777213544	1.0701200376155793	0.6604516435573096	0.15644019318243477	2.468299731112297	
12.809778698933831	-4.339558520803484	0.8863433484754262	0.8640129452240666	0.20416478208836922	2.626285201615808	
13.121625133248168	-4.2747214445683355	0.7108325468277094	1.0821672945983047	0.25639016652755053	2.771774700205205	
13.423135533726464	-4.184452601771558	0.5486773842199507	1.309890003253974	0.31269567029594797	2.904448470615659	
13.704676437664784	-4.068038765137214	0.4040960047524961	1.5415760761774517	0.37242941611442165	3.0242197528571735	
13.957302493894751	-3.9260926652146493	0.2802500533994376	1.7713173044516788	0.43472332995936624	3.1312190868138923	
14.173155917359322	-3.7604675813267514	0.17919273514696427	1.9931483042436566	0.49852604856418203	3.225767623966839	
14.346064667140446	-3.5742287566304167	0.10172652138670554	2.2013885904430466	0.5626442513952873	3.308360958273351	
14.471381318025292	-3.3713048804044643	0.0476751714753157	2.3907436246497675	0.6258051587543062	3.37961381070952	
