26.83599756954488	-2.861485232261305	12.9365913724255	0.7717496927976226	-4.199147475860268	-1.683087205208903	
26.644992587980287	-3.1378451999939903	13.213663696187362	0.8082171978852648	-3.5724792552252347	-1.5132882254284228	
26.20689616583515	-3.3666426306766812	13.079958821611237	0.8320307396329332	-2.916200574900186	-1.3417519326087826	
25.546797648475046	-3.53748481344982	12.543009015205804	0.8437526939181668	-2.2429945141382075	-1.1739794596280446	
24.69396619951028	-3.6400309574148038	11.634680763265093	0.8437465463792496	-1.5656740620524596	-1.0149527106428786	
23.68177637472915	-3.6649967604138647	10.416321210536232	0.8319953589179757	-0.8968038808180716	-0.8687638393188959	
22.545354396668582	-3.6056292224091315	8.970674337915035	0.8080451318755176	-0.24814639323643403	-0.7383901967007526	
21.320383627709866	-3.4588626710930637	7.395561581565451	0.77111160940077	0.3696397682478739	-0.6254800547764922	
20.041537737121132	-3.2260169497930304	5.793774486118474	0.7203438334626554	0.9471840350223675	-0.5302524318159363	
18.741128917086396	-2.912714429341416	4.262582102260118	0.6551686528902209	1.4764204508016416	-0.45153635664144354	
17.44814207320557	-2.5282624260171005	2.8845418054448553	0.575573807564766	1.950531085801279	-0.38693920883936456	
16.187795356940264	-2.0849797185529453	1.7210248553517102	0.4822553104856363	2.363903474661409	-0.3331001998088917	
14.981587142732605	-1.5977183342817312	0.8090618647481208	0.3766446251061312	2.712139984061799	-0.2860073357270973	
13.847664567771295	-1.08354236607806	0.16137934972285087	0.2608704803322095	2.9921283544202217	-0.2413639409790043	
12.801297863283903	-0.5612894783609875	-0.23107889086149147	0.13769805253205908	3.2021661925166343	-0.19499650285552822	
11.855262890436453	-0.05072427079729763	-0.3949258949916724	0.010418550283859495	3.342119628188826	-0.1432815988089874	
11.019960548408461	0.4286554737888985	-0.36923196127099567	-0.11735284235201213	3.4135744197242834	-0.08352853026663075	
10.303201160113913	0.8589105989472033	-0.2003502144651515	-0.2419325825040871	3.4199438939744624	-0.014273528885458778	
9.709749519249703	1.224900258758366	0.06300590565354813	-0.3598115699574143	3.366479143549289	0.0645466814296582	
9.240792776651107	1.5153784308254685	0.374095761453171	-0.46782884864939855	3.260143186065612	0.15156571765812013	
8.893515340965182	1.7238983623418247	0.6916388664947088	-0.5632549701819451	3.1093340790319193	0.24411327605374933	
8.660947594615621	1.8494712007737795	0.9823051292491795	-0.6438068132608769	2.9234627810202953	0.3384972305026651	
8.532246862397841	1.8967867355515868	1.2220081413550927	-0.7076430908985375	2.712422547885248	0.430425564483294	
8.493358212786553	1.875911307136722	1.3961556885182114	-0.7533947331189722	2.4860355105267518	0.5154956181110494	
8.52797509709149	1.8013972246349204	1.4990468985826904	-0.7802449058224858	2.2535320592878603	0.5896892227604277	
8.618688823702731	1.690835613710648	1.532595500475496	-0.788044230559833	2.0231118284762104	0.6498089784107369	
8.748189413343844	1.5630091094141756	1.50459497965445	-0.7774287771803714	1.8016231118405168	0.6937967285994515	
8.900389130174208	1.43588014532216	1.426748531686866	-0.74990174084977	1.5943763021852806	0.7208957553671658	
9.06132374921566	1.3247456691262227	1.312671491701064	-0.7078291948712838	1.4051102941865101	0.731626955434898	
9.219730618344624	1.2408825443247722	1.1761484867988277	-0.6543323989416902	1.2360880128065892	0.7276097921959908	
9.367309025860083	1.1907899757195055	1.0297794874545583	-0.5930885508534719	1.0882773571652224	0.711287418734318	
9.498685634946845	1.1760548959815869	0.8840651330671817	-0.5280581851574215	0.9615884573275191	0.6856024368434214	
9.611137487180384	1.1937932453794904	0.7469403769865567	-0.46317059687706497	0.8551348104280299	0.6536691315086782	
9.704147307360465	1.2375598992974897	0.6237071564291916	-0.4020039698994753	0.7674891740942594	0.6184784911190736	
9.778857476992933	1.2986070772620515	0.5172944148119571	-0.3475041059374846	0.6969139121048324	0.5826634507843618	
9.837495272914783	1.3672867980170296	0.42873952523239145	-0.30179638946398607	0.6415468963856393	0.5483483910436514	
9.882840499691701	1.4343637207912903	0.35774426172785856	-0.2661080777501122	0.5995347764659066	0.5170787980246345	
9.917762846085925	1.4920909725399298	0.3032220624364269	-0.24080106656660677	0.5691185687371383	0.4898207126311897	
9.944862142735705	1.5349239203101144	0.26376404693909333	-0.22549840208928734	0.5486773158234576	0.4670157606810044	
9.966238178203103	1.5598049179497187	0.2379730098006771	-0.21927291321428163	0.5367389046910231	0.448673426061324	
9.983404324053922	1.5660200407436864	0.22464275441539516	-0.22085925492253594	0.5319694858006904	0.4344815445131282	
9.997343549712655	1.5546941391853362	0.22278906004078322	-0.22884877222346547	0.5331527486341208	0.42391824787087634	
10.008657266812815	1.528128433008502	0.23158074499045697	-0.24183370884930455	0.539171447592997	0.41634751235438466	
10.01775529106266	1.4891442823403969	0.2502248859518626	-0.2584967210635667	0.5489969605896949	0.4110949936596506	
10.025042105973284	1.4405550250864054	0.27784914081341744	-0.2776524218575944	0.5616889932727098	0.40750487332197527	
10.031062438128991	1.3848417580755525	0.31341265149969894	-0.2982550304974566	0.5764052206118836	0.4049806708827245	
10.036583246306726	1.32404651262272	0.35566184090048186	-0.31939050564855437	0.5924192663842268	0.4030148893109595	
10.04260358148833	1.2598321911711496	0.4031341916565596	-0.3402692575710617	0.6091427090858436	0.4012110145241709	
10.050311333879423	1.1935921566270922	0.45419229033944636	-0.36022840155832575	0.6261466698377093	0.39930013421912486	
10.061021893774546	1.1265078531604613	0.5070623910407519	-0.37874097397549245	0.6431810283342976	0.3971535024335739	
10.0761286113169	1.0595174387538269	0.5598613108783044	-0.3954227997563345	0.6601894058611801	0.39478985377385506	
10.097087746637898	0.9932099287006675	0.610605339109132	-0.41002822748849277	0.6773190686149733	0.39237605813065307	
10.125449318480925	0.9276964927567595	0.6572053064395154	-0.42242985442499525	0.6949257310966699	0.39022019001769376	
10.16293126524946	0.8625290696555108	0.6974608467601482	-0.4325828760399601	0.7135721477210132	0.38875592746499277	
10.21151458452976	0.7967255303176426	0.7290699625913473	-0.4404819002304283	0.7340178980425092	0.38851824048786415	
10.273534845875506	0.7289092973126783	0.749661856974249	-0.44612072993235624	0.757201594807067	0.39011362915583	
10.351751206174656	0.6575550086313614	0.7568552026836525	-0.44946160776630706	0.7842138979660079	0.3941861892735721	
10.449380559971917	0.5813185543453552	0.7483378037152127	-0.45041902742282053	0.8162606620773211	0.40138129167189607	
10.570091032063093	0.49942219444623853	0.721958620274891	-0.448861363181768	0.8546164358627859	0.41230875319614013	
10.717952956274859	0.41206618165211734	0.6758200764799385	-0.4446322938855853	0.9005688241716856	0.42750703657230693	
10.89734264178227	0.3208075578445297	0.6083493865359636	-0.4375921001729607	0.9553567643136602	0.44741211936675007	
11.112804943458944	0.22885273600320494	0.5183331208697235	-0.42767447061849295	1.0201084323659861	0.4723333789402157	
11.368876316568251	0.14121461318305437	0.40490568440443	-0.41495297179729734	1.0957826521474703	0.5024375654720722	
11.669873699642755	0.06468281598156665	0.26748942034266304	-0.39970811908637527	1.1831181331040823	0.5377417986293863	
12.019658953253503	0.007573186537422736	0.10569733040052191	-0.3824830752100287	1.282594441981525	0.5781154117932379	
12.421382867349696	-0.020754090507042175	-0.08077496573325042	-0.36411519088070776	1.3944066144805172	0.6232889571399536	
12.877208503075858	-0.010592738433760693	-0.29222137953119576	-0.345727450948306	1.5184566699837907	0.6728686447151975	
13.38799593002736	0.04728404128229803	-0.5289054969283696	-0.32867505094049115	1.654359461459431	0.7263518703563694	
13.952906216394558	0.16074244372992505	-0.7909172771966619	-0.31445537249273253	1.8014541835427051	0.7831398173869197	
14.568904423193642	0.3353942228371531	-1.077902073999431	-0.3045894656861465	1.9588146547149592	0.8425459788419938	
15.230169359798275	0.5737394080003344	-1.3886828934744664	-0.30048411738079944	2.125250384439342	0.903800090150821	
15.927445974508208	0.8744006627580689	-1.7208157832979758	-0.3032812516636827	2.299290632259111	0.9660476244308364	
16.647427944940578	1.2315495238147147	-2.070140680040898	-0.3137002789873483	2.4791460167360486	1.0283457367800917	
17.372350706503305	1.6347042220523447	-2.430437802340499	-0.331891195291885	2.6626513774816467	1.0896580252886734	
18.079881086171827	2.0689468764110845	-2.7932561767484265	-0.3573109832665193	2.847195384186379	1.1488495925537834	
18.743402342449293	2.5156114128979534	-3.1479798366268854	-0.3886401569315988	3.0296505397351616	1.2046854769582316	
19.332759088331425	2.9534396268994985	-3.482181579018918	-0.4237570556148089	3.206320558831109	1.2558357994737819	
19.815482665999667	3.3601407545947612	-3.782287518138923	-0.4597844626781693	3.372923470303496	1.3008910685208908	
20.158493046027544	3.714247902846562	-4.034553947103204	-0.49322038205554797	3.524629331354172	1.3383915592558875	
20.33018123626999	3.9970348431944926	-4.226281971054034	-0.520163674448488	3.6561757027687065	1.3668745073563258	
20.30264041738463	4.194197814314313	-4.347093198226218	-0.5366127656151642	3.7620575421116365	1.3849382782834074	
20.05386283402979	4.29711664778581	-4.390108130154844	-0.5388144508197832	3.8367799737260784	1.3913214854049512	
19.569711677933117	4.303551825589403	-4.352870745706471	-0.5236339443713773	3.8751541191858987	1.3849927355514284	
18.84549168242829	4.217705021145287	-4.237890205581999	-0.48890858795437986	3.8726073979774673	1.3652442731594234	
17.887005161236697	4.0496571189262385	-4.05272769185776	-0.4337457683780169	3.8254804117949632	1.3317821411512794	
16.71089511416203	3.8142202297729915	-3.8095556225019127	-0.35870080068835003	3.731271233862211	1.2847971916034255	
15.344187182321122	3.5294205851369402	-3.524237568820073	-0.26577617762036587	3.5887908993533304	1.2249979130693514	
13.823138679627634	3.214880963270109	-3.215059471765664	-0.15823830855279958	3.398226886504362	1.1535951679102645	
12.191400540745326	2.8902604889908226	-2.9011896443164398	-0.040268422075506446	3.16111063817692	1.0722279587562524	
10.497561524510353	2.5738877059608813	-2.6009892101346006	0.08349804738284258	2.8801990469502767	0.9828277199888685	
8.792187998424046	2.2816735018748027	-2.3303249120178613	0.20846320589199024	2.5592933827960804	0.8874300022527061	
7.124522606802833	2.0263623003680467	-2.1010913903262547	0.3304947023744858	2.203024201691009	0.7879581688128727	
5.5392995831500995	1.8171951681836844	-1.9202961363821118	0.4461878844211446	1.8166261993311146	0.6860348758294718	
4.074192210598561	1.659915813520707	-1.7898998592099626	0.5529389767408014	1.4057169872064448	0.5828695968536304	
2.7582300009562886	1.5570517359497962	-1.7074614212164363	0.6488639935897799	0.9760656971680794	0.4792357201891195	
1.611322889239769	1.5083894406190197	-1.6674512790177047	0.7326179372767317	0.5333513617807701	0.37552413303329435	
0.6447830807149306	1.5115412358378382	-1.6629287797875445	0.8031759176671411	0.0829261301903442	0.27184143513919823	
-0.13745121768133325	1.5624903313416478	-1.6871961581350372	0.8596322236107012	-0.3703936660689298	0.16811527067762128	
-0.7371602338386173	1.6560258196326616	-1.7350349127594051	0.9010700539126919	-0.8224764267062151	0.0641771543137495	
-1.1601170661027007	1.7860254190868943	-1.8033211571928671	0.9265366897883864	-1.269953156651675	-0.040193204902976426	
-1.4144671315376827	1.945635853210499	-1.89106241639022	0.9351179306563024	-1.7102289351949689	-0.14525828309287578	
-1.5093022798185705	2.12741000962771	-1.9989602040285146	0.9260844236081973	-2.1414342492205294	-0.2513361238997508	
-1.4535001108710377	2.3234402641665537	-2.1286361608265705	0.899071734151138	-2.562328398533788	-0.3588212840746344	
-1.254859307150822	2.525505719359689	-2.281657132272241	0.8542566774919959	-2.9721700603891064	-0.4681970149638857	
-0.9195541548846996	2.7252376155984632	-2.458480430846497	0.7924919177202367	-3.3705649978271652	-0.5800233058191964	
-0.45191429679762296	2.9142940580620276	-2.657455206181246	0.7153689519937614	-3.7573048535757665	-0.6948934415585237	
0.14552933803654539	3.0845356623767137	-2.873942773334065	0.6252081646156897	-4.132206294647274	-0.8133613325212123	
0.8717699802232732	3.2281966170879604	-3.0996085332654673	0.5249782024271203	-4.494951116205557	-0.935844783436497	
1.7268547000812777	3.338044089064538	-3.3219439354499904	0.4181561501431094	-4.844929836762045	-1.0625132329456075	
2.711244567770322	3.4075216383264135	-3.5240725764074177	0.3085461877303498	-5.181091048644192	-1.1931699774397746	
3.825015306256044	3.4308747130934423	-3.6849118142108352	0.2000752359129481	-5.501799954487146	-1.3271403744116594	
5.066943835440032	3.4032464492884134	-3.7797917999417727	0.09658949906020282	-5.804722933817668	-1.463187587653165	
6.433536873232071	3.3207514622509824	-3.7814921547667524	0.0016717961446907805	-6.086742768387558	-1.5994643101862696	
7.918049721068509	3.1805282613070776	-3.6616921560043934	-0.0815141737301271	-6.343913158637501	-1.733509033822967	
9.509562442327784	2.9807713826105866	-3.3928015357644776	-0.15034722795611818	-6.5714628028924045	-1.8622936382082498	
11.192187925183607	2.7207487727456376	-2.9501092105160387	-0.20283623753922914	-6.763858724881162	-1.9823252487631702	
12.944479577461744	2.400817810582191	-2.31419918973279	-0.23767129259988112	-6.914939537775016	-2.0898032234805997	
14.739209247882965	2.0224452404730013	-1.4734361601648471	-0.254229401162896	-7.018135916484178	-2.180829718908067	
16.543595587925765	1.5882527820499968	-0.42629936089527726	-0.2525407995822721	-7.0667706208940135	-2.25165482887835	
18.32003093520026	1.1021011067220416	0.8165902180402793	-0.23322447084239506	-7.05442734057352	-2.2989409622258283	
20.027353798341803	0.569206422541617	2.230972280716613	-0.19739776264394887	-6.975370078962875	-2.3200283965286634	
21.622648548313595	-0.0037247699936392153	3.7782202814042725	-0.1465684020713282	-6.824985053525604	-2.3131793211762193	
23.063485626899475	-0.60836453657873	5.405590157716105	-0.08251889962755643	-6.600214604483744	-2.277778016694192	
24.310409185392967	-1.2346790857499685	7.047758738481336	-0.007193751041388654	-6.299932473447359	-2.2144521486804525	
25.329503518587668	-1.870900604935231	8.630025734022595	0.07739159509636845	-5.925243775974976	-2.125094642566503	
26.094051968129975	-2.5036292505386064	10.072112017698068	0.16920999314381327	-5.4795537932205685	-2.012758016992374	
26.58739653043163	-3.1177796352625937	11.295112539215054	0.26622734399244297	-4.968858829845908	-1.8815465049454645	
26.80137699277334	-3.6970353849508335	12.224895829184405	0.3663922755427181	-4.401131081121333	-1.736246489205114	
