26.594426713254	-0.4385426863038163	14.743482341386176	0.2222959944926546	-3.529194609535229	-0.6203368212029562	
26.224360362552957	-0.6621703234320021	14.806076355603595	0.19715608252512512	-2.8619715320068178	-0.5914621530218817	
25.66013685209127	-0.9056250763260592	14.454548752140818	0.17238009028585918	-2.1813247835082996	-0.5720950058772423	
24.924937160621134	-1.1513414813043226	13.714217008191062	0.15015737429266846	-1.4995648990900248	-0.5632574173402946	
24.044062697013796	-1.3799405280439714	12.62937866472738	0.13223177044758924	-0.8286467572985348	-0.565357627413824	
23.045230903971643	-1.5706570776849573	11.269466365017188	0.11953795221733678	-0.17975133085758618	-0.5778283726003158	
21.956895662241365	-1.704079758366062	9.719293534540084	0.11207104257944345	0.43705986705935246	-0.5991410824687254	
20.807430314155955	-1.7640692716481579	8.07285383595487	0.10886392926358603	1.013089416124009	-0.6267513031935831	
19.62411180170873	-1.739496359792239	6.424093150883696	0.10817543667548435	1.5410886020241155	-0.6572181819635965	
18.432347072008543	-1.6253356702375328	4.858614395548244	0.10777944475371856	2.015249921975421	-0.6864266053515609	
17.2551560133647	-1.4232092332626762	3.447033079334465	0.10529133585039054	2.4311638394122532	-0.709894329299012	
16.11289069631524	-1.1414127487564167	2.2404844056783064	0.09849460175443142	2.7857680271051826	-0.7231468352299969	
15.023145935069296	-0.7944020886300696	1.2687755317548153	0.08564274163245252	3.077313330249114	-0.722137347651401	
14.000831499698451	-0.4015037274971589	0.54160996161659	0.06569098571047345	3.305306160744775	-0.7036422831788371	
13.058278060250869	0.014882640890589188	0.05140553386274147	0.0384215252661465	3.4704484805666462	-0.6655720577103207	
12.20531686939866	0.4313266923987202	-0.22315440913785506	0.004454784074871957	3.574582110954792	-0.6071841273132914	
11.449301348010875	0.825433775520201	-0.31320361573890887	-0.03484658732240226	3.620633319590211	-0.529182640163191	
10.795013700722038	1.1777212198810554	-0.25571586628242066	-0.0775522159353275	3.6125580415152285	-0.4336978873646602	
10.244529761711881	1.4730011250854715	-0.08973290758101982	-0.12136302490370267	3.555245489794827	-0.32410728553884766	
9.797097065486703	1.701264303075944	0.14669149714456914	-0.16377985328842481	3.454388622829869	-0.20475729456047276	
9.449088286141805	1.8581808688450818	0.4188802248666954	-0.202260337701451	3.3163252432784702	-0.08062296457625255	
9.194096259168063	1.9451869364688947	0.6972923737225871	-0.23438820225379653	3.147846747438273	0.04307858234280863	
9.023209578287478	1.969100972138372	0.9586925386168501	-0.2580794230587749	2.955975585494035	0.1613024290246875	
8.925550743769314	1.9410390780820288	1.1865274648363338	-0.2718075330006204	2.7477177513207756	0.2695645368823016	
8.888960912953928	1.8748777733200364	1.3706325355043332	-0.27479120300209725	2.5298262734313055	0.3642364992890593	
8.900735105550199	1.7855572128353445	1.5065099606383912	-0.26711469726779613	2.3085873477836647	0.44274012844556077	
8.948359125715575	1.68740408458417	1.5942813540636587	-0.24975877300558155	2.08963811561052	0.503636313664727	
9.020198657185926	1.5926532492972847	1.6374620009953949	-0.22453015791982858	1.8778200310505715	0.5466128943508558	
9.10604364890398	1.510437607318832	1.641679716024004	-0.19387067579719486	1.677096978844596	0.5723565244951454	
9.19744361679705	1.4463596533457115	1.6135984864300454	-0.1605982401570289	1.4905370108884708	0.5823576379193317	
9.287875430245585	1.4025100014372687	1.5600979692539674	-0.12762856649387627	1.3203337634038528	0.5786942584699831	
9.372756664244154	1.377871669092984	1.487684158302963	-0.09770093008105601	1.1678642438914668	0.5638075416159388	
9.449329127621658	1.3690360288974643	1.402119974988264	-0.07313078063277362	1.0337721134423785	0.5402854202216187	
9.51639881514955	1.3711690215208716	1.3082793916123927	-0.055631924308503417	0.9180808954999378	0.5106717549920327	
9.57399732302185	1.3789789288641632	1.2101771045186693	-0.04623922560288197	0.8203155892119411	0.4773262095519609	
9.62303594606584	1.387523363264034	1.1110810173122871	-0.04531063213992471	0.739614423866053	0.4423296665765527	
9.664968779413925	1.3927994113398996	1.0136624789234572	-0.05259565844618895	0.674832324178196	0.40742819539424324	
9.70149081777309	1.3920712636759374	0.9201425957970117	-0.06735131114394571	0.6246325691034356	0.37400835385401193	
9.734295820676378	1.383895816660215	0.8324064837882006	-0.0884875132742067	0.5875669924148306	0.3431032443509259	
9.764920991246797	1.3679296051691547	0.7520688362650246	-0.114704764197274	0.5621399221536528	0.31542089173352855	
9.794663797776998	1.3446668850658514	0.680497150120232	-0.14460666312911902	0.5468576560957729	0.29138016855103244	
9.82455516149855	1.3151670838477654	0.6188067943514576	-0.1767921074467764	0.5402684458886182	0.2711534078286226	
9.85537796279618	1.280814754423468	0.5678333430507645	-0.20993094654518604	0.5409961626133682	0.2547126991056178	
9.88772402305715	1.2431261999376144	0.5280903840646906	-0.24282741436174787	0.5477694976932649	0.24188057825514594	
9.922071298085282	1.2035959857773624	0.49972459801026603	-0.27446870492785425	0.5594461713805358	0.23238021429027297	
9.958861332224355	1.1635599192070614	0.4824685382864671	-0.3040600917964725	0.5750357033289334	0.22587939630515838	
9.998571646716847	1.1240630070398425	0.47559910612418427	-0.33104344991427215	0.5937207932486188	0.2220290459482661	
10.041779183751357	1.0857336114393736	0.4779059605568128	-0.3550965822746679	0.6148782871118036	0.22049534956085948	
10.089212239284992	1.048687388350309	0.4876834679473881	-0.37610729610878935	0.6380975691473588	0.2209841209639033	
10.141788432286809	1.012501402477552	0.5027597583857313	-0.39412501337464095	0.6631909309238682	0.22325493833308505	
10.200647767109459	0.9762508109167188	0.5205474126085118	-0.40930597847069494	0.6901998530747029	0.22712746362310335	
10.267184674463847	0.938603417512707	0.5381144054532169	-0.4218574842188807	0.7193952046296374	0.23248142856366252	
10.343083070794894	0.8979640615237526	0.5522706090959827	-0.43198669380119575	0.7512711252883755	0.2392513786399928	
10.43035503035771	0.8526628861822138	0.559668333960193	-0.439859222311502	0.7865294680560413	0.24741645622756972	
10.531372192708607	0.8011643534300109	0.5569092351665507	-0.44557390588678875	0.8260508115137198	0.2569862425244942	
10.648892672649296	0.7422839700038741	0.54064845429132	-0.44915239004714463	0.8708582840465031	0.26798560796726956	
10.786078444191434	0.6754181142821108	0.5076970583434127	-0.45054255163687545	0.9220728886431844	0.28043911139492333	
10.94649988476298	0.600791483841887	0.4551211640860489	-0.44963654934276637	0.9808603581517704	0.29435573437324164	
11.134118095823059	0.519721449315231	0.3803329776158601	-0.446307236168084	1.0483686643795225	0.30971491918463356	
11.35322391427813	0.43483293798005934	0.28115131897818124	-0.4404631909642429	1.1256628857708026	0.32645662927727803	
11.608332625349572	0.35019985497949097	0.15583276297619497	-0.43211621500478087	1.2136634762862601	0.34447534106330036	
11.904021829215994	0.27137454433740543	0.003074233126952035	-0.4214560348015023	1.3130898219061802	0.3636176080778088	
12.244701653123302	0.20527131279767685	-0.17800774768358057	-0.40892561739606437	1.4244110181615717	0.38368283749003207	
12.634298706082918	0.15985486328790516	-0.38790946235655155	-0.3952868195786168	1.5478058926453209	0.40442692160374666	
13.075881661739416	0.14361490034108476	-0.626763871193295	-0.3816489375057614	1.6831430689814342	0.4255686251033978	
13.571244636699738	0.16493091102135732	-0.894316378820548	-0.3694583989930167	1.8299726110761803	0.4467961995436449	
14.120446338258315	0.23136766070998638	-1.1898395168710212	-0.3604491280918727	1.9875262254451036	0.4677739536109442	
14.721300451677651	0.34893318805175666	-1.5119781303694335	-0.3565533854385494	2.1547226681238376	0.48814873956686244	
15.368796280500359	0.5213137375653043	-1.858515428916529	-0.35977019224535484	2.330172876588197	0.507556750546729	
16.05457513391989	0.7492301313444267	-2.2261147669543258	-0.37199804312546886	2.512185754443683	0.5256313001075842	
16.76649066814161	1.0299580663890988	-2.6100765451978996	-0.3948506542338249	2.6987628329438946	0.5420112761712762	
17.4883127606514	1.357056786130201	-3.004146998950075	-0.4294626108765398	2.887582039031553	0.5563502155828365	
18.199643761799358	1.7203640382470313	-3.400417635089195	-0.47629506899196283	3.075972278622094	0.5683256359286863	
18.876123493154164	2.1063230079813082	-3.7893617577955476	-0.5349513956187374	3.2608798634841456	0.5776482547653333	
19.49010792749122	2.4987644261176265	-4.160111652387867	-0.6040601871141241	3.438846846398656	0.5840689369259019	
20.01170422537672	2.879965202638692	-4.500946518020187	-0.6812367199050329	3.6060063440466594	0.5873833435418766	
20.410126031560313	3.2318924130499256	-4.799975608325761	-0.7631272655898852	3.7581030612999746	0.5874350039860038	
20.655346927725976	3.5375552402026833	-5.045998620351579	-0.8455457092175431	3.890548940514003	0.5841175459864916	
20.720056841188004	3.782387822307692	-5.229529935704359	-0.923712201508025	3.998526542500408	0.5773777952120803	
20.581674294220395	3.955379653421169	-5.343799508053815	-0.9925978850422444	4.0771545595814755	0.5672204306373402	
20.22414586742865	4.049781081828508	-5.385530941054159	-1.0473057127604475	4.121695657021511	0.55371569302838	
19.639452709319567	4.063402520810018	-5.3554240709589696	-1.083447624825246	4.127791936857128	0.5370089710798964	
18.828713908965096	3.9985199099628956	-5.25828198267889	-1.0974859065645872	4.091712397543268	0.5173294597560528	
17.80284052707483	3.8614485044031097	-5.102761709099951	-1.087011639811139	4.010600803127024	0.494994230847627	
16.58236864084793	3.6617989958527066	-4.9006736881332476	-1.0508879017416166	3.8826680776805573	0.47039839725975524	
15.196616943168996	3.4116451122741527	-4.666021783153733	-0.9892591486193193	3.707308741529163	0.44398764919618644	
13.682320239908233	3.1246842871472764	-4.413887338138252	-0.9034626062146739	3.48515193773588	0.41621210090548033	
12.081727356846184	2.8154016084846996	-4.159194110176383	-0.7958571264677845	3.218045169444084	0.38746128718026707	
10.44017619782597	2.4982552663314177	-3.915391146761472	-0.6695954454163513	2.9089803758636426	0.3579811764404504	
8.803218929365563	2.1869429297033625	-3.6932407890008845	-0.5283652710631788	2.561946631293176	0.3277923299011274	
7.213855954709061	1.8938316566423132	-3.49999795689076	-0.3761683619842536	2.1817441135043447	0.29664386992378416	
5.710198720419463	1.6295234292027079	-3.3390939700485034	-0.21715421114510924	1.7737740120456285	0.2640197451583261	
4.323769750902531	1.4025441881199918	-3.210403489135975	-0.055500090251796835	1.3437978534827089	0.22920255770164497	
3.0785779786854994	1.219131036023068	-3.1111098975402482	0.1046724147087191	0.8976666488583368	0.1913916973541674	
1.991191242831656	1.0831541253504613	-3.0370617902511965	0.25935795434559306	0.44104031141584055	0.14985143762542238	
1.0714918444129717	0.9961332228525093	-2.9841195508958225	0.40471905994239415	-0.020845671307143356	0.10403894099732557	
0.3236807211233949	0.9572843435007321	-2.949200459023692	0.537148204163039	-0.4833556328346474	0.053693217134900655	
-0.25258312400470573	0.96361597407525	-2.9309300501075555	0.6533513326623462	-0.9425697922242204	-0.0011218544428881969	
-0.6610285369585743	1.010086999525926	-2.929849252310072	0.7504652264618559	-1.3953458375718086	-0.060023316416309494	
-0.9076323567495184	1.0899095761955326	-2.948145142716241	0.8262004454276175	-1.8393140719511198	-0.12236908630751213	
-0.9996344503602624	1.1949896688232728	-2.9890469654784746	0.878976418246831	-2.2728164483701434	-0.18735176129819373	
-0.9447532245151312	1.3164346963461462	-3.0560675802804056	0.9080354731279503	-2.6948193862041885	-0.25409963304630645	
-0.7505642491913271	1.4451058971393695	-3.152161991986974	0.9135182593116722	-3.1048037637143353	-0.32177316861357624	
-0.4240291482561168	1.5721821959016433	-3.2788529008664358	0.8964925622261801	-3.5026391753533432	-0.38964600354980794	
0.02882283037648722	1.6896818960040372	-3.435402587744871	0.8589090103341239	-3.8884399350344028	-0.4571569327773465	
0.603047252280537	1.7908561562538676	-3.6181531897453736	0.8034838023755082	-4.262413724945028	-0.5239242599636196	
1.2948085087393626	1.8704630019882496	-3.820005953771523	0.7335455044614577	-4.624710046901371	-0.5897318966995495	
2.101273552107069	1.9249250811876497	-4.030056995119751	0.6528526248686181	-4.975265529295625	-0.6544919583866805	
3.0203655395865927	1.9523796387956942	-4.233392305515669	0.5653938277784837	-5.313644694518131	-0.7181881028126024	
4.0503396258825335	1.952597436931625	-4.411137669390327	0.47518059498881615	-5.638883225662461	-0.7808032751869493	
5.189205628299672	1.926765323130047	-4.5408586886206495	0.38606071843890466	-5.949360262953715	-0.8422454406136606	
6.434050692784458	1.8771943399624398	-4.597227831367802	0.30156125972647174	-6.2426975492337204	-0.9022808705248722	
7.780287996051064	1.806953369483522	-4.553001237492343	0.22475851907208017	-6.515693119484144	-0.9604799389833912	
9.220851972175316	1.7194370094815148	-4.380333977906339	0.15817316559806874	-6.764293485061568	-1.0161804403903443	
10.74540072514014	1.6178729273689787	-4.052495766916594	0.10369583432827754	-6.983623065069957	-1.0684784958446827	
12.33971036196656	1.5048412464614251	-3.5458206764903886	0.06255928621687626	-7.1680920245907025	-1.116257133810617	
13.985259448675851	1.3818617843707413	-2.8417676314900167	0.035339350419871615	-7.3115602987422355	-1.1582432866721524	
15.659063887898451	1.2490829014473752	-1.9290266304660082	0.02198519549181841	-7.4075642319316035	-1.1930907699823459	
17.33381147676715	1.1051087545071767	-0.8056218129260546	0.021875889016377107	-7.449608910953128	-1.2194861827379138	
18.978418761467292	0.9470287200459249	0.5191284527054221	0.03390529937030729	-7.431534007117063	-1.236274354639464	
20.559104854073667	0.7707063466385777	2.0233477305001997	0.05659444556202172	-7.347906743978882	-1.2425810062748297	
22.040796627048778	0.5712516480736208	3.6719766088944663	0.08820910180058876	-7.194409719483455	-1.2379205518455152	
23.388772734295426	0.3436321150101939	5.416925113687822	0.12688171010633587	-6.968197666611863	-1.2222809165593544	
24.5705010850406	0.08340857683637953	7.198174125596239	0.17073510760598914	-6.66821848242677	-1.1961800740107449	
25.557614811126665	-0.2124122927804056	8.94614905788576	0.21800439123247334	-6.295491041937927	-1.1606857990878943	
26.32706646466149	-0.5448150368881904	10.584987637216772	0.2671145945988428	-5.853116729228733	-1.1173631865884968	
26.863654138367178	-0.9115376014407129	12.03829452095228	0.31678535972816446	-5.346638730733698	-1.0682421919962188	
27.157965156062325	-1.3078492978638794	13.231453857095138	0.3659541204843275	-4.7832574112217126	-1.015631130014161	
