27.14285519500665	3.461583594241511	13.529900125196669	0.6489082416259397	-3.5757475369654754	0.1819100751614093	
26.801263706528577	3.305565006398214	13.83288018472881	0.5830738997745596	-2.869720142977761	0.05220782450049886	
26.2525915601526	3.028468236858771	13.768959467430761	0.5084595833285538	-2.1498148471724736	-0.08822308627509698	
25.520763436963456	2.647968080905813	13.347906277731964	0.43044799680538043	-1.4304068716907927	-0.23723010033196928	
24.632188744955013	2.188095615900384	12.595389290423862	0.3543741282904584	-0.7257179485561689	-0.3922342783961419	
23.616503728652525	1.6814922073776102	11.560440269215725	0.2852005689019061	-0.0494137672295866	-0.5500201638712249	
22.504625761345736	1.1649188970385176	10.308049465211386	0.22692347518678913	0.5860157039108923	-0.7069017887978288	
21.32784345086971	0.6762725533137952	8.914661175041639	0.18218432204617035	1.1697422528950316	-0.8587714325264496	
20.116640939714525	0.25086830175251357	7.460841292667853	0.1520706302658733	1.6929372812541548	-1.0012257269028542	
18.899645421850604	-0.08181319596518127	6.024128440837023	0.13609424968197675	2.148989749915792	-1.129719878351277	
17.70274081942017	-0.3007580088549855	4.6726349123164495	0.13233416232412537	2.5336184824184427	-1.2397566248759146	
16.54833304469919	-0.3953931072622652	3.4597498532189	0.13772960285842278	2.844911634396117	-1.327128498715659	
15.454975776861513	-0.3661582906456271	2.421587730716511	0.14852841081057638	3.0832260509156115	-1.3881987491716048	
14.437312624855732	-0.22367595236095017	1.5771781805637362	0.160764491230825	3.250975570561429	-1.4201749796460224	
13.506181697132611	0.012935161769061981	0.9300751137308199	0.17069469868589365	3.3523648536409465	-1.4213623669507367	
12.668869026586274	0.31844273675067925	0.4709302748504178	0.1751772457995501	3.393063542941077	-1.3913780257714596	
11.929476617133535	0.6643828261736332	0.1805898617329199	0.17196584102660548	3.3798338546043625	-1.3313059355989765	
11.289414083746136	1.0219711925023771	0.03346734986315024	0.15985208491878522	3.320128000471397	-1.2436909951788242	
10.747789551701647	1.3644752151228656	0.0004526457636551605	0.13870167341543382	3.221739614488612	-1.1324133221145287	
10.301697517385877	1.6691322473747774	0.05142284513847392	0.10941502970082263	3.092499648950973	-1.0024681446491728	
9.946418896354913	1.918661356072439	0.15740644130374656	0.07381434169478036	2.940008949101254	-0.8596565253832922	
9.675577399451525	2.1022744148257404	0.2923620190759023	0.03443150059811498	2.7714102501132345	-0.7101837976485269	
9.481341685266045	2.215849393998913	0.4343221056040763	-0.005800082780211746	2.593231426679668	-0.5602272933690708	
9.354657047059387	2.2615453298486994	0.5660493262420788	-0.043874570350724736	2.411276157450443	-0.41554630215434796	
9.285542951148456	2.2469180627172913	0.6752907245033835	-0.07704500378872949	2.230549435723531	-0.2811414765925143	
9.26347512987419	2.183590766725529	0.7546799932913427	-0.10313880613655722	2.0552057443627403	-0.16097206947268286	
9.277864557885403	2.085506792890427	0.8011810012947997	-0.12079525831608665	1.8885386419586443	-0.057790417169338824	
9.318539773938008	1.9672046668375904	0.8152423512300165	-0.12956490615180388	1.7330126114834863	0.026879932447668006	
9.376186596114081	1.8423515680755855	0.7999171556753305	-0.12990200049140382	1.5903117097712942	0.09268117709239762	
9.44273029230567	1.722554681349417	0.759972478784106	-0.12305980025988315	1.4614102103328448	0.14028419358738775	
9.511643543353083	1.6165058290820011	0.7010489546419382	-0.1108967539763911	1.3466618394335068	0.17119226876605287	
9.578070243916617	1.529678117397932	0.6289589641227573	-0.09560887277466941	1.2459187843575714	0.18748989413675865	
9.638795331764237	1.464465513617149	0.5492156747367486	-0.07947114260827119	1.1586450156816412	0.19160732104977415	
9.692115655802167	1.4205988197019288	0.46673256653868533	-0.06461135515883083	1.0840179377734196	0.18611309202463472	
9.737627077307414	1.3957755308272102	0.3856572852422443	-0.05282510904355699	1.0210203729236524	0.17353430534269598	
9.775937386116325	1.386443280560171	0.3093203927393509	-0.04545014463765659	0.9685229062612433	0.156210227675087	
9.808328437926507	1.388573146312126	0.2402890377860711	-0.04333391388881086	0.9253533696111218	0.13620020685035245	
9.836453422570731	1.3982354102664332	0.1804481325698817	-0.04686011518573137	0.8903491936823213	0.11523423683422758	
9.862070015352868	1.4119870943225399	0.13109040635205246	-0.05601301074370198	0.8623985382976073	0.09469365060370002	
9.88681708542798	1.4270659150057843	0.09300060095910062	-0.07046507266390001	0.8404728515308146	0.07561463112945252	
9.912057487585823	1.4413729126497539	0.06652854414432464	-0.08967510069980521	0.8236503053800606	0.05871563711419674	
9.938810006533934	1.4533118847125375	0.05164281239616	-0.11297111292588646	0.811129099029808	0.04444109422241477	
9.96774259027792	1.4616039108798045	0.04795832294525135	-0.13960778679630598	0.8022372042689258	0.033004516817273	
9.999212603179192	1.4651153638122485	0.054749167631064785	-0.16880559951312088	0.7964401155479264	0.024432106248737602	
10.033345785632681	1.4627331208030767	0.0709481388712658	-0.19977504690340986	0.7933497015677221	0.018604568957687667	
10.070147896441387	1.4533120058995685	0.09514994983926628	-0.23173184483434278	0.7927309394594506	0.015298290970616898	
10.10961956667077	1.4356768071544053	0.12562114150858922	-0.2639082685529137	0.7945078429111025	0.014218810934532847	
10.151865863486105	1.4086469340863885	0.16031641525681323	-0.29556309023845373	0.7987696686738499	0.015026489206698163	
10.19720084847689	1.3710713596048218	0.19690535867550185	-0.3259902299199834	0.8057756316325988	0.017355905966443857	
10.246248679932139	1.3218702483048625	0.23281161281797857	-0.35452500144714416	0.815956871279555	0.020828737513117247	
10.300024805307956	1.260090055519109	0.2652674597523363	-0.3805445086819567	0.8299069306176539	0.02505990080221149	
10.360006653463259	1.1849884604094398	0.2913654607003543	-0.40346532484177094	0.8483658715946432	0.029658466012782197	
10.428199650299717	1.096156589625093	0.3081058003428563	-0.4227418706473069	0.8721978721226618	0.03422579705390924	
10.507202608900453	0.9936860828893086	0.3124387649920073	-0.4378691325399952	0.9023617104673705	0.038352240591016364	
10.600263128682961	0.8783742705349933	0.3013024153333685	-0.4483957845610969	0.939871930691096	0.04161415884266073	
10.711291601289162	0.751896864072796	0.271654517119992	-0.45395076553758984	0.9857545207680996	0.04357371751301847	
10.844842714260041	0.6169243889104203	0.2205020184254193	-0.45428273284553955	1.041002410473551	0.043781661767209296	
11.006051536524577	0.47715973685364527	0.14493224322869244	-0.4493091179606152	1.1065301312301028	0.04178333105065951	
11.200511539668252	0.33727958802278857	0.04215076998314789	-0.43917470314990176	1.1831261513484488	0.0371286400258428	
11.43406241791123	0.20273266496001238	-0.09047333393180929	-0.4243054455963263	1.2714081601138094	0.02938637209555404	
11.712508809584381	0.07944792574079396	-0.2553559589508292	-0.40544323876114075	1.3717874756330029	0.018160719137436464	
12.041287120907011	-0.0264879422264652	-0.4546338651134075	-0.3836640874184902	1.4844395219295554	0.003109453082322623	
12.425077478430099	-0.1091732804995914	-0.6900832154782276	-0.36037656406795565	1.6092810761271326	-0.016036540811633547	
12.867339718730975	-0.16324829523059012	-0.9630041525771201	-0.3372975944619759	1.7459530319060241	-0.03945159190208958	
13.369846087025456	-0.18420990262970321	-1.2740763158905564	-0.3163919755709327	1.8938193936004726	-0.06719671837816192	
13.932231936703989	-0.16867042929387008	-1.6231750340967743	-0.29979122372828115	2.0519723694807874	-0.09920402886542967	
14.551551090691248	-0.114584233707483	-2.009144268869832	-0.2896950682366892	2.2192388975810284	-0.13526305568267533	
15.221825511210534	-0.021458204728982598	-2.4295219805913533	-0.28825308038877245	2.3941859793319247	-0.1750085384825887	
15.933601212266394	0.10944718277303678	-2.8802240245276893	-0.29742130755039614	2.575121522487927	-0.21791013098430798	
16.673679495836694	0.27499470347076177	-3.35529724838472	-0.31881229608648026	2.7600926839211	-0.26326969076096096	
17.42496702799979	0.4700959328124167	-3.8467475730205725	-0.3535441237229369	2.946872250795912	-0.310221314390079	
18.166502969685677	0.687722614235122	-4.344482193145531	-0.40209103234909016	3.1329366703213717	-0.35773621592645016	
18.873706182607197	0.9190325910521666	-4.836399815390722	-0.464133486745405	3.3154345815538795	-0.40463352234728467	
19.519032536902515	1.153713598500977	-5.3087533002513485	-0.5384407306859325	3.4911577445404496	-0.44960405283177146	
20.0730298801482	1.3805268281478393	-5.746789316933653	-0.6228245052445402	3.656530083754602	-0.49124770442771093	
20.505643937704185	1.5879537653627944	-6.13557360139508	-0.714148548166641	3.807614916357302	-0.5281200970035699	
20.787779715372285	1.764929401845366	-6.460991128417873	-0.8084050328524448	3.9401506163299707	-0.5587899072450293	
20.89315930250094	1.9016500028583116	-6.710929909297394	-0.9008682643954757	4.049627181545611	-0.5819097038688811	
20.800208133760695	1.9902951259226322	-6.8764182968182785	-0.9863523421140908	4.13142555625181	-0.5962927643145909	
20.49365933670661	2.025532752158683	-6.952466622124503	-1.059513270498476	4.180998854417302	-0.6009835163536118	
19.965854617288727	2.0048326204327633	-6.938585129224288	-1.1151692206391854	4.194079816703684	-0.5953198603253487	
19.217691082274378	1.928594176326238	-6.8389393550204645	-1.1486330411255201	4.166907269862572	-0.578985376427565	
18.259113160332298	1.8000886864460988	-6.662071385704337	-1.1560485574876558	4.096461680775533	-0.5520479697718911	
17.108748611886927	1.625163558734132	-6.420094123762488	-1.1346534032831954	3.980644355903352	-0.5149664740960627	
15.793100096927528	1.4118760953163876	-6.127684603815189	-1.0829666120604355	3.8184048751715456	-0.468581427518909	
14.34532965610817	1.1700610059479357	-5.800924919123379	-1.0009042396421841	3.6098210611795647	-0.4140931517455559	
12.803634482807112	0.9108307281572092	-5.456012524180291	-0.8898247208990142	3.3561363929697245	-0.3530292545343595	
11.209090471198994	0.6459794847632836	-5.107904369682429	-0.7524671289742403	3.0597309110849618	-0.2871942257880941	
9.603247602970749	0.3873529275324327	-4.769209329255118	-0.5927728000462464	2.7240124993878174	-0.2185940711128624	
8.025869182662165	0.1462444752385807	-4.449448706685959	-0.4156616070253932	2.353270827223435	-0.14933845826264522	
6.512927287438087	-0.06717880288718353	-4.154741049719048	-0.22676522738466487	1.9524836587393082	-0.08151465473325384	
5.09499270856124	-0.24441651971977205	-3.8879893152626135	-0.032128961130063305	1.527072595527679	-0.01702769588730354	
3.796468764401441	-0.3790328851359921	-3.649705156409168	0.16209404349596243	1.0826144187309366	0.042569516212689014	
2.6355779321180393	-0.4668948295454735	-3.439084877823665	0.34989295570134077	0.6245821306326941	0.09620927896584394	
1.624706532804603	-0.5063268420167689	-3.2550231426319782	0.5256002751764084	0.15813374418077336	0.14339679464634275	
0.7710015415892869	-0.4981850922389314	-3.096959811359158	0.6840600209551583	-0.31205340245838076	0.184245271751492	
0.0771226362498762	-0.44584627387416526	-2.9654384193349466	0.8207826035372457	-0.781904874398507	0.21944812789988366	
-0.4578024151072264	-0.3549809990934633	-2.86224183443218	0.9320686463801217	-1.2480044422693248	0.25016746410120977	
-0.837270417320902	-0.23320436457927005	-2.790216999160853	1.015116231616547	-1.707609037358942	0.27788614880182194	
-1.0665422405867795	-0.08963027899716425	-2.7528927826001612	1.0681131830924786	-2.1586349433656227	0.3042419797521547	
-1.1518290315094344	0.06566041614726645	-2.7539295165566084	1.0903144833010345	-2.5996192339639084	0.3308532922016511	
-1.0995426477886572	0.22222949193325375	-2.7964300705539307	1.082087350898973	-3.029650492831144	0.3591514434384719	
-0.9157045124043357	0.36987672891846685	-2.882258348205122	1.0448872780759413	-3.4482662640770596	0.3902579775966928	
-0.6055240064030616	0.4991671892206676	-3.0114233747077317	0.9812059628036294	-3.855344186465751	0.4249062465473672	
-0.17311000624048495	0.6019111438554491	-3.181534010095279	0.8944851598728314	-4.250980842981347	0.46340140539027064	
0.3786954240909172	0.67162194192998	-3.3873102590387707	0.7889994247387397	-4.6353542758268365	0.5056148003892222	
1.0483072234886586	0.7039078953777997	-3.620257879545482	0.6696859789067318	-5.008566087898963	0.5510230188403689	
1.8352126594241602	0.696760041315754	-3.868550433172076	0.5419461792743463	-5.370481517900179	0.5987769457406747	
2.739659603858503	0.6507808317901332	-4.11703423253301	0.41143923625690776	-5.72056909932292	0.6477800189147054	
3.7622039615385177	0.5693315106765625	-4.34738171311976	0.2838597362139578	-6.057739255551852	0.6967740186320965	
4.903073692104076	0.4585857453228454	-4.5384129835017415	0.164690010279991	-6.380176512090458	0.7444286081545175	
6.161369192542492	0.3273336902128086	-4.666719939364033	0.05894869458516202	-6.685210223196765	0.7894248135451736	
7.534200654248701	0.18660375640439694	-4.707482786895835	-0.029038713328116392	-6.969231938687477	0.8305179341410481	
9.01579191041815	0.049128117469310395	-4.6354749497670324	-0.09584996089782556	-7.2276590709046085	0.866581942701359	
10.59656871011194	-0.07136619059247143	-4.426306481614888	-0.1391566436122719	-7.454954792500568	0.8966360220533539	
12.262288450793102	-0.16108119877038835	-4.0579975489335585	-0.15788487358538655	-7.644730577735443	0.9198503917984651	
13.993533519879179	-0.20718574475643972	-3.5126892978790503	-0.1522820443477063	-7.789963907928272	0.9355271194715536	
15.765512445925122	-0.19884068566491703	-2.7784052769981007	-0.1239264708714168	-7.883280846418047	0.9430683207747717	
17.54822283786895	-0.12819027266568694	-1.8508168936679799	-0.07567497436667454	-7.917301850729743	0.9419358396040307	
19.307033426986656	0.00868203562189217	-0.7350317988754475	-0.01154642014546757	-7.8850576650196995	0.9316055347784044	
21.00390950171664	0.21099758530667598	0.5529430598170884	0.06349640889661932	-7.780459402806068	0.9115229306892172	
22.59918113212242	0.47294204383057925	1.9855509846883501	0.1438511878946133	-7.598736521189769	0.8810764974943145	
24.05351795879994	0.7836205896281533	3.523636517098039	0.22360797655117703	-7.336822000916641	0.8395924648105401	
25.33013693148964	1.1273633008772792	5.11720155085139	0.29692577310859847	-6.993693156816163	0.7863580210930626	
26.397183275844124	1.4844061712224659	6.7070939448523434	0.3584522200320923	-6.570667002194803	0.7206793365660793	
27.229225556689716	1.8319975298183488	8.227734935576501	0.403632270685121	-6.071400804516517	0.6419504981165728	
27.810316449046987	2.1462577049354765	9.611911044235065	0.4293419868749086	-5.502284897018372	0.5498334206112269	
28.131003317592693	2.403188509517984	10.792858969588156	0.4334891587261413	-4.871447461723874	0.4442026769648006	
