26.829880408039145	-2.6747538832134894	13.901728114763442	0.4307389254962798	-4.188261051815829	-1.584626115266195	
26.62669022140843	-3.4195316504382403	14.016144471305275	0.5060830546426863	-3.5515224747704233	-1.452657638656828	
26.18232556225618	-4.112743909570709	13.714401404089129	0.5853223181960768	-2.894032919439174	-1.3210024670340461	
25.52602299481476	-4.7201583981972695	13.009646591399935	0.6667309990455635	-2.228913169573697	-1.194594297783025	
24.691011231671474	-5.209670242824888	11.936816793362723	0.7479391678946147	-1.568959673124534	-1.0778512301212388	
23.71438488762177	-5.55356698672481	10.559300189727773	0.8256917653405447	-0.926151285225425	-0.97423021381415	
22.6337411437479	-5.730408937313714	8.96069619100027	0.896034892542724	-0.3111663602495354	-0.8859414599051402	
21.4854442444468	-5.726760610724886	7.239124032256647	0.9544819352587457	0.2669306471058545	-0.8136743767922209	
20.302755984151826	-5.5383538975928275	5.497361943751347	0.9963795075068937	0.8008225936582272	-0.7564735882348648	
19.11461641500477	-5.170488374107618	3.8327777515370016	1.0173639858891126	1.2848864473153003	-0.7117949968663286	
17.945014748531158	-4.637826076276404	2.328517311284803	1.0138284556507915	1.715050347377299	-0.6757240157068168	
16.812924208324247	-3.9636562731247595	1.0470289908502288	0.9833357806356658	2.0886117205836907	-0.6433473643782943	
15.732728489594349	-3.1787337758711884	0.026707428384690174	0.924933514525802	2.404059180577755	-0.6092502967196298	
14.71498939929021	-2.319676961237809	-0.7182233710846198	0.8393599619408281	2.6609218819927536	-0.5681106572337649	
13.767439922738744	-1.4267193054967748	-1.1948413386280547	0.7290949066777963	2.8596462133559255	-0.5153062539690129	
12.895946689471913	-0.5410329632587039	-1.4273744736648801	0.5982459320128836	3.001539559236222	-0.4474330067486986	
12.10530103827586	0.29809784482694046	-1.4525084314596208	0.45225434759763006	3.0887772853243507	-0.36268055459316084	
11.39970733919517	1.0559157842366211	-1.3145959504924967	0.2974479572360506	3.1244496072970263	-0.2610253244132451	
10.782857292101959	1.704379130847474	-1.0611100210120719	0.14051162377755225	3.112615129002976	-0.1442295407005579	
10.257568785418279	2.2236721302662974	-0.7385975814356565	-0.01201740724299866	3.0582963343876552	-0.015630795204869125	
9.825167804887654	2.602989589760956	-0.3895079739953385	-0.1541364656677287	2.967375385097782	0.12022838755876418	
9.484843825052018	2.8407798597242016	-0.0498683277703052	-0.2806642829699454	2.8464018264866047	0.25805058568216094	
9.233166685000553	2.9443843359250517	0.2522492329956215	-0.3874588161128471	2.7023220857111565	0.3922793229657254	
9.063901593871734	2.9290273430680074	0.4974854400237949	-0.47158371759682866	2.5421563394250293	0.5175983448254583	
8.968210187485827	2.816105849055095	0.6751979789369497	-0.5314270030938848	2.372653251149126	0.6293962162142821	
8.935265044127505	2.630830846550769	0.7826106974867616	-0.5667235331260705	2.1999837016332573	0.7241183899750084	
8.953067343136473	2.3997357411923597	0.8234908922842269	-0.5784964667805476	2.0295137642612002	0.7994754033232142	
9.009324395941446	2.1483145919037896	0.806562096276043	-0.5689308597248189	1.8656609669082311	0.8545108326975267	
9.092278659311175	1.8989969526291024	0.743797791878076	-0.5411878416470528	1.7118342742993429	0.8895344351342082	
9.19140599977605	1.6696046090485792	0.6487390514641072	-0.4991708458603843	1.5704464241286713	0.9059413307596653	
9.297902765463474	1.4724718894265612	0.5349578978708093	-0.4472407983659171	1.4429956549327219	0.9059366970354249	
9.404908267174712	1.314325337504582	0.41486443121350763	-0.3899051584887617	1.330195720902889	0.8922254928095908	
9.50752283057855	1.1967237576331997	0.29890030954170876	-0.3315123489344219	1.2321175199726524	0.8677240728539275	
9.602656334864063	1.1169542283492537	0.19509772958120222	-0.2759704989395977	1.1483334079199945	0.8353116250928175	
9.68874963547723	1.069245258957074	0.10897563809565837	-0.22651532470151048	1.0780524449097844	0.7976382792240957	
9.765414215997954	1.0461493635860397	0.043718424743258336	-0.18554908746864124	1.0202381109972187	0.7569982332390708	
9.833035306743607	1.039883979871272	0.0005857707217461519	-0.15459063305511317	0.9737044412087287	0.7152795026206585	
9.89242531713415	1.0433670414725145	-0.02061910775827815	-0.134318847445318	0.9371852303112809	0.6739713318666777	
9.944551144089477	1.0508768987078638	-0.021109771376351907	-0.12468264147969303	0.9093837766624973	0.6342066856046568	
9.99034747774197	1.0583130757480648	-0.0027522764549293005	-0.12505356593399747	0.8890092837999639	0.5968233541820258	
10.030622560200161	1.0630896666594616	0.03219337025348145	-0.13439186394384375	0.8748055366278245	0.5624272589766304	
10.066056430292168	1.063749392224016	0.08122672375972653	-0.15140092148979992	0.8655769172217269	0.5314468676654398	
10.09726933580314	1.0594986810043852	0.14168040844452218	-0.17464741228778524	0.8602139574198602	0.5041719361947193	
10.12492050601415	1.0498358793733227	0.2107505584594942	-0.2026467286373836	0.8577208237458983	0.480777282426535	
10.149809188741099	1.0343192805534103	0.2855135989552337	-0.23392688652145396	0.8572447713416429	0.46133855022888165	
10.172954870335229	1.0124826679890158	0.3629471982898755	-0.26707988028540586	0.8581067885740541	0.445844886598875	
10.1956386441285	0.9838677885316809	0.4399682324020059	-0.3008079262873442	0.8598328409431223	0.4342128422678115	
10.219388465678698	0.9481108791693539	0.5134941749479879	-0.3339622314589966	0.86217782649681	0.4263052941559231	
10.245921260410263	0.9050199202055088	0.5805199989386745	-0.36557122132878633	0.8651404177677492	0.42195347536589656	
10.277063983241689	0.8546146376276643	0.6382004738452851	-0.39485685351933025	0.8689677946542749	0.4209803617183282	
10.314674596108663	0.7971211257781063	0.6839267268618423	-0.42123701418132986	0.8741486875184961	0.42322334881078105	
10.360583956089148	0.7329273509048957	0.7153879573416732	-0.44431370936925413	0.8813954072296257	0.4285538743887372	
10.416577718028726	0.6625207055857856	0.7306085469232828	-0.46384550115071044	0.8916136883203245	0.4368909588705898	
10.484424945230213	0.5864483291311592	0.7279566794747477	-0.47970753323846377	0.905862189140846	0.44820567418416496	
10.56594273563838	0.5053339762416623	0.7061385919465402	-0.49184863302648774	0.925307847714398	0.46251752755991227	
10.663085998204803	0.41996563909962265	0.6641847728877094	-0.5002505148160644	0.9511771652634173	0.479883559456686	
10.778051528764655	0.33145689374127374	0.6014334651166069	-0.504895160221474	0.9847045566367646	0.5003813535302236	
10.913387451122592	0.24147711611460093	0.517514618006543	-0.5057465819507362	1.0270778222800827	0.5240871812627637	
11.072084279428251	0.15250153115183965	0.4123248539504236	-0.5027535865264533	1.079384134714539	0.551051949432954	
11.257631195310621	0.06802178530996086	0.2859890860915651	-0.49587382212384107	1.1425607293297273	0.5812787333180868	
11.474025210375824	-0.007325794184718219	0.1388046075953628	-0.48511494964699736	1.217351518936725	0.6147035161910906	
11.725714791596145	-0.06775587322678912	-0.028831100184624456	-0.4705872506196094	1.3042720440655855	0.651180575578692	
12.017458293363253	-0.1064844932469466	-0.2164994138579015	-0.45256092489034533	1.4035836873967167	0.6904732802085746	
12.354067058215552	-0.1160710749695344	-0.423825681656607	-0.4315170244896372	1.5152798188569538	0.7322517731485682	
12.740034715420988	-0.08893335516306045	-0.6504964919323336	-0.4081752424029395	1.6390861250065023	0.7760988077997878	
13.17907488695627	-0.017964220727488493	-0.8962079701091439	-0.38349447411725246	1.774466472160711	0.821520836662178	
13.673577335181143	0.10279324058316715	-1.1605346740524611	-0.3586427856026676	1.920631557110622	0.867963352466304	
14.223992602920656	0.2774589115899878	-1.442716883037484	-0.3349365463794355	2.076546417885097	0.9148289828216667	
14.828131276154512	0.5076397297889842	-1.7413668696978375	-0.31374954885876655	2.240931125539723	0.9614969123943907	
15.480457371621009	0.7918620572436524	-2.0541381620465957	-0.2963969838839599	2.412253827944298	1.0073422194490274	
16.17144484172356	1.1251592356529743	-2.3774163564398187	-0.2840075326455599	2.5887112161170984	1.0517528136667054	
16.887057548098955	1.4988479407203583	-2.7060681075384574	-0.2773891733161269	2.7681957226620186	1.0941432993001052	
17.60845461435661	1.9005699014008528	-3.0332907573105823	-0.27689682610199995	2.9482529551352563	1.1339648637299855	
18.312003860837024	2.3146599725707997	-3.350599761227563	-0.2823110165288063	3.1260324300402043	1.1707102666743139	
18.969745781343164	2.7229361961393277	-3.648020620980959	-0.2927474147129571	3.298241220107832	1.2039126508601474	
19.550412771388835	3.105898957982091	-3.914546642183883	-0.30663184353462164	3.4611218628302387	1.2331381135159691	
20.02088074754048	3.4441543553915404	-4.138831792668759	-0.32174051248917673	3.6104610848809306	1.257975409748953	
20.348020182078436	3.719949232033661	-4.31009628782933	-0.3353092247291681	3.7416430426103706	1.2780253530322114	
20.500856660530765	3.9186735007898146	-4.419176398847057	-0.34420733985854446	3.849757550641568	1.2928924727299647	
20.452961068916142	4.030203671854795	-4.4596299524561225	-0.34516825195001066	3.929773959502376	1.3021812694307062	
20.184745290919494	4.049811203314357	-4.428649492095119	-0.3350542726212314	3.9767817596452617	1.3054985874654041	
19.68533592360745	3.97854227663137	-4.327589508590059	-0.31111089826003013	3.98626461575139	1.3024608685652648	
18.95391475542559	3.823145746583264	-4.162077187947379	-0.2711912345278444	3.9543813489160353	1.2927036298253005	
18.000375831777326	3.5955811698558313	-3.941685920094399	-0.21393773072203703	3.8782282433666566	1.2758904671335116	
16.845222387546237	3.3121727977056827	-3.6791985971559393	-0.1389150642634881	3.7560619588241226	1.2517188166939066	
15.518560652235083	2.9924287370273954	-3.3894777991125586	-0.04668503882204564	3.587456560867107	1.2199189469457676	
14.058126605181757	2.6575970205976445	-3.0880628217354475	0.06119643675692177	3.373352261183068	1.180243223099525	
12.506771358608301	2.329137727557408	-2.7897217011332454	0.1822352931404159	3.1160202656783413	1.1324491014137503	
10.909585713901246	2.0271665687777984	-2.5071007111200365	0.31310277600021963	2.8189484742365254	1.076284982333044	
9.310924434765422	1.7689713213749767	-2.2496469601231954	0.4497792671611652	2.486657702159317	1.0114923548000379	
7.751598467126896	1.5677030858907288	-2.0229730570005255	0.5877327876430952	2.1244608751016285	0.9378411111225844	
6.2667179159840165	1.431527104496778	-1.8289194844470347	0.7221388589790598	1.7381665334766383	0.8552076405239519	
4.884506953685526	1.3633944922238577	-1.6662755260254916	0.8481215628882275	1.33376571710694	0.7636750544422082	
3.6259504435415173	1.3613524595569957	-1.5319190240709122	0.9609956453606958	0.9171281741149051	0.6636265080737145	
2.505115003629189	1.4192910567471646	-1.4221501187597694	1.0564913359216863	0.4937264372739662	0.5558071453049989	
1.5299285309734392	1.5279594629684567	-1.3339701245832374	1.1309470975722054	0.0684055699337891	0.44133656060702803	
0.7032450528846992	1.6760913102786552	-1.2660628141685464	1.1814640643556897	-0.3547865078014841	0.3216569611590226	
0.02407094475242353	1.8514834737298544	-1.2192547223084251	1.206010661381469	-0.7726832653037018	0.19841583414086628	
-0.5112707543586523	2.0419058786933593	-1.1964925648049372	1.2034958728781617	-1.1830184709084755	0.07331231193307873	
-0.9080568929414645	2.2358357769840063	-1.2024195890870657	1.173810488462445	-1.5843882536941658	-0.052071365966007255	
-1.172197214038661	2.4229888095049255	-1.2426334783061372	1.117834031836874	-1.9761645318938	-0.17643044889742593	
-1.3094050430769375	2.5946310641579924	-1.3227080696412843	1.037410696443534	-2.3583709408049045	-0.2988703445608268	
-1.32453938886824	2.7436382840415607	-1.4470974910770618	0.9352807850762629	-2.7315221436733985	-0.4189815142187217	
-1.2211496903558394	2.864364478485327	-1.6181008052703805	0.8149816787241306	-3.0964498378146663	-0.5368462433076787	
-1.0011885892229946	2.95242404454135	-1.8349539786797218	0.6807314705945609	-3.454127876469383	-0.6529882788753976	
-0.6648798492335005	3.004451946515169	-2.093101965263468	0.5372920061753812	-3.8054982964082007	-0.7682712461475731	
-0.21073221497238392	3.017904928370864	-2.3836824314002842	0.389811386475963	-4.151300934414171	-0.8837552388138694	
0.364289524377694	2.9909519205508404	-2.6932585169479544	0.24363942437171845	-4.491905618359578	-1.0005196355389594	
1.064403085167109	2.9224613715729433	-3.003906774141683	0.10411847991845438	-4.8271595436255685	-1.1194745861660536	
1.8944904524242323	2.8120655491135933	-3.2935614439366683	-0.023635199151011248	-5.15624669600299	-1.241183672899789	
2.8594106921619193	2.660254037324485	-3.536618640102459	-0.13495417959582462	-5.477559149121739	-1.3657075692493164	
3.9631416552130987	2.468454856732829	-3.7048055089022407	-0.22583565871806163	-5.788584795023764	-1.4924796743586426	
5.207732392494965	2.239070403040249	-3.7683297678405347	-0.2931439795791124	-6.085813059298169	-1.620219868293817	
6.59211921908126	1.9754239395805755	-3.6973497114862415	-0.33477066984762976	-6.364688500142603	-1.7469086265083438	
8.110939322105922	1.6816223756762698	-3.463672572716919	-0.3497344918143812	-6.6196304123623735	-1.8698260621234393	
9.753409365243128	1.3623686053311719	-3.0426491016519366	-0.3382303666001286	-6.844121037898478	-1.985646115760945	
11.502385422582428	1.0227428146515896	-2.4152341447609404	-0.30162187794293255	-7.030878802208688	-2.0905878682866166	
13.333712259209772	0.6679772142841905	-1.5701723580732352	-0.24237881998295266	-7.172124570264479	-2.1806211661214823	
15.216014632975359	0.3032450743430227	-0.5062546474086256	-0.16395682655065183	-7.259953066323227	-2.251726866382796	
17.11122322604599	-0.06650919891512022	0.765790714969036	-0.07060784222927814	-7.286786914539716	-2.300189373250959	
18.975726598456582	-0.4366930177178512	2.2218658528975537	0.03284737337494266	-7.245861484334877	-2.322890024578284	
20.762143353794812	-0.8031466914349107	3.8237440464254813	0.14128373381169476	-7.131713394141093	-2.3175842347824447	
22.421614184772096	-1.1621835765393418	5.519188408231335	0.2495631108396969	-6.940632532550824	-2.283137996090144	
23.90653726055389	-1.5105832564085082	7.243144292924096	0.35284595865222806	-6.671059726149946	-2.219708503982033	
25.173672314333437	-1.8455004684495415	8.92056068150453	0.4469105540801686	-6.323889708759329	-2.1288321817842766	
26.186267306505727	-2.1643284158782916	10.469956666264292	0.5283453600490545	-5.902480659633196	-2.0133462850065142	
26.918199362103156	-2.464304422379209	11.810015456785711	0.5948977873393875	-5.412968882135167	-1.8773652021057732	
27.352045790417336	-2.7423775158939074	12.862436177399283	0.6452157755812709	-4.863448809562507	-1.7258280963083907	
