26.170737573726377	-2.101300328050464	13.765013469528018	0.5994121347547419	-3.365304908486099	-1.1536304897780627	
25.80540268877008	-2.4687386443361725	13.834247550545795	0.5845621777450292	-2.7063785513285348	-1.0209750342999984	
25.241604420411118	-2.80430903414193	13.497480325261531	0.5690194042257597	-2.036561628248741	-0.8945534823702301	
24.50383200715874	-3.0877579511512665	12.777227251343836	0.5543781044753434	-1.3686284388526269	-0.7783576572516837	
23.618905016755306	-3.2997771903936854	11.71672205398809	0.5415812633990702	-0.7148981131975793	-0.6757116446304042	
22.615993072767694	-3.4235751203506175	10.385149162289428	0.5305818243305109	-0.08674681713205472	-0.5888334619440342	
21.524802407661277	-3.4465633760787915	8.868147575588544	0.5204010777873819	0.5057647897978235	-0.5186940116318948	
20.374660179990574	-3.3616127101469875	7.261458932237789	0.5092403073754095	1.05415560473095	-0.46485249310419285	
19.193426473884944	-3.1677176461313623	5.661322398526665	0.4947860437059415	1.5516215224390006	-0.42546677196277227	
18.00672748071435	-2.8699471519546313	4.155592227109504	0.47456886465674675	1.9929926132270241	-0.3974564276177157	
16.83751280386169	-2.4790134120799503	2.8165997365494873	0.4462853385009361	2.374637403132451	-0.37678138563724545	
15.705904181738154	-2.010641547435341	1.6963981552729468	0.4080559805141254	2.694348886156361	-0.3588151893497807	
14.629260823431943	-1.4848329395013178	0.8247540229842354	0.3586211214660786	2.9512375095998267	-0.3387815104977307	
13.622329702012644	-0.9249196533443081	0.20970968516054653	0.29750643039505964	3.1456375676465638	-0.3122299918393248	
12.697414914084385	-0.35614858892297796	-0.1595507671624669	0.22513456038879806	3.279008285460541	-0.2754837403512658	
11.864449846179962	0.19604978416437208	-0.30886506201067193	0.14284070022065265	3.353860275523701	-0.2259949000669973	
11.130952837198135	0.7078681536955914	-0.2748063742622217	0.05277887168235915	3.373700081335723	-0.16258203899675472	
10.501880103684599	1.158776350001137	-0.10028820448940057	-0.04225702811102959	3.3429759333164726	-0.08553035179448154	
9.979396458006267	1.532883792414245	0.1696436847591626	-0.13904659353405283	3.2670070951318007	0.0034458059525210322	
9.562667143205168	1.8199036536396878	0.4915635797194207	-0.23414227265617438	3.151861902596019	0.10139068939174643	
9.247787190211186	2.0156652616884125	0.8265630097036232	-0.3240389149015518	3.004176842550369	0.2044149064345609	
9.027876798368016	2.1222348826333706	1.1422968146706554	-0.40533736036106544	2.8309351308351234	0.3080679106041418	
8.893394135511585	2.1475620051502418	1.414223887450942	-0.4749233814582071	2.639213315937334	0.4077508542937591	
8.832673069828287	2.104606643084782	1.6260750824123158	-0.5301668105269155	2.4359136892758753	0.4991346033846317	
8.832672287123545	2.0099272323069854	1.7695951615433514	-0.5691334751568112	2.2275003592621285	0.5785477702416795	
8.879859317878415	1.8818412979676185	1.843511956446694	-0.5907588800930165	2.019782440415728	0.643262833633098	
8.961054970294871	1.7385655373208189	1.852124809908785	-0.5949567781485697	1.8177633691478943	0.6916542576230192	
9.064167951358337	1.5965376828531772	1.8037198241758965	-0.5826480912079454	1.6255556124131936	0.723235459574048	
9.178768056818917	1.4690777577672065	1.708966261769393	-0.5556989115466124	1.4463600958340896	0.7385838181395447	
9.296471698238612	1.3654915115847408	1.57944361934873	-0.516768235421743	1.282500640974621	0.7391753446776076	
9.411094664744049	1.2907421347336414	1.426430625188799	-0.4690671260721507	1.1355113258817155	0.7271468614150063	
9.518564990945476	1.2456996552351627	1.2600984332448386	-0.41607270395706775	1.0062564947444885	0.7050322435605609	
9.61668146696711	1.2277676715904131	1.0890764923051872	-0.3612454011470921	0.8950507439263166	0.6755158477434917	
9.704755303885316	1.2317882665980402	0.9203219897826167	-0.30777209179223236	0.8017714052337209	0.6412166734864291	
9.783182542903013	1.2511051140509968	0.7592230923363548	-0.25835837444276977	0.7259543773432935	0.6045173351953375	
9.85299261848946	1.278666148697327	0.609853445472915	-0.2150872308674484	0.6668674787477453	0.5674454916572312	
9.915429309257325	1.3079859007082466	0.4752985536400335	-0.17937152184538954	0.6235631740969583	0.5316202641357567	
9.97163482988037	1.3338065530139274	0.35793830501476637	-0.15198067130416293	0.5949104803639256	0.4982489456016756	
10.02244869547286	1.3524413640477992	0.25965021945491823	-0.13311647532506443	0.5796147410223684	0.4681565438441926	
10.068323898395583	1.3618100824243107	0.18192384876964326	-0.12251932594601331	0.576232887008144	0.4418362477898678	
10.109352407895011	1.3612134433558758	0.1258866890130339	-0.119584587408257	0.583190169777036	0.419508298212396	
10.145383207164157	1.3509203452131742	0.09226080739838693	-0.12347452719030606	0.5988058330136219	0.4011796313683994	
10.176188077353222	1.3317198572845057	0.0812879273394019	-0.13321028933823018	0.6213305697491733	0.3866969337097619	
10.201628881824142	1.3045689251022006	0.09264868845841931	-0.14773997592042554	0.6489931869426733	0.37578965587658875	
10.221802671737256	1.2703710111683884	0.1253959228929399	-0.1659908365791734	0.6800556445003969	0.36810726739819033	
10.237146771103966	1.229888920525805	0.17791207713820084	-0.18691156379275553	0.7128742392987826	0.3632532539658587	
10.248495144112681	1.1837569432716515	0.24789242081248927	-0.20951067670991483	0.7459657230588089	0.3608184943550903	
10.257080134643351	1.1325271433397375	0.33236530815854193	-0.2328896546443964	0.7780702073396734	0.36041414647912706	
10.26450521715349	1.0766957780114779	0.42773457214922617	-0.2562663277585486	0.8082067883976426	0.361701120309709	
10.272710491532894	1.0167025977868511	0.5298410407454022	-0.27898653192624173	0.8357212163507576	0.36441492417563875	
10.283942674261324	0.9529142841107356	0.6340468703955945	-0.3005232566652119	0.8603231216685585	0.368384331248314	
10.300738699159544	0.8856105397940826	0.735344777489502	-0.320464869213585	0.8821124310514579	0.373542936939546	
10.325923041877626	0.8149967722090432	0.828500409860289	-0.3384945282068875	0.9015894991272926	0.37993164361832915	
10.362611120088074	0.7412599358461265	0.9082230833736082	-0.3543655431220539	0.9196425099821952	0.3876908992898178	
10.414215444568214	0.6646698335195255	0.9693535880072377	-0.36787857554271236	0.9375187447909789	0.3970458816625602	
10.484446691459395	0.585726486869928	1.007065869311501	-0.37886300826917035	0.9567776642243527	0.4082852892260148	
10.577304757197046	0.5053495299668445	1.017074316800409	-0.38716565822332605	0.9792260945883111	0.42173496913846703	
10.697055956200074	0.4251048403658346	0.995839959571459	-0.39265088176320984	1.0068355406537306	0.4377273521598865	
10.848186983062341	0.34742401628359404	0.9407357899628751	-0.39521609777847916	1.0416423477789891	0.45656908438063204	
11.035335183041342	0.27576857234681396	0.8501486643215675	-0.3948227491861961	1.085642905502687	0.4785107823584551	
11.263187694152125	0.2147020882483451	0.7235089449987032	-0.3915392231344427	1.1406891368014473	0.5037202611968533	
11.536339505770467	0.169834380380743	0.561238085695773	-0.38558974920772116	1.2083894710051357	0.5322606608758536	
11.859098593408147	0.14761545099871837	0.36461801441187813	-0.3774021325531817	1.2900195257009852	0.5640741341249574	
12.235225554396404	0.1549608482733765	0.13559132578701613	-0.36764204663880923	1.386450044123198	0.59897261846541	
12.66762248728349	0.19875429302625072	-0.12346128756183487	-0.3572187035841672	1.4981043831975656	0.6366374979058873	
13.157969596829167	0.285301200237973	-0.40989908846849715	-0.3472629080919673	1.6249382478910062	0.6766248118040331	
13.706306437061718	0.41976511853595505	-0.7209232977485964	-0.3390781541215443	1.7664395798504409	0.7183756723257081	
14.310554160363303	0.6056129839958428	-1.0535781674101579	-0.3340676545794281	1.9216438740519166	0.7612311419759544	
14.96595706786481	0.8440686783332217	-1.404634594253637	-0.3336393539568119	2.089156397847109	0.8044507366675933	
15.664520056714782	1.1336421773987193	-1.7703734421388229	-0.33909334190314877	2.267178918919386	0.8472348305149828	
16.394505751733284	1.4697706385567046	-2.146323422755313	-0.3515011961068824	2.4535265628094574	0.8887477636555715	
17.140048906594576	1.8446028303639008	-2.527005740989225	-0.3715813397274228	2.64562958590217	0.9281404349166679	
17.880978455993137	2.2469913572026097	-2.9057402493797095	-0.3995784442772038	2.8405220175343873	0.9645718029691184	
18.592916592493967	2.6627407713714364	-3.274565855999936	-0.43515537626239975	3.034818877673494	0.9972287277773115	
19.247776373327238	3.075193229758359	-3.624352191835978	-0.4773151037026795	3.224691328781676	1.0253437591804153	
19.81474332268605	3.4661720519559034	-3.945165226361986	-0.5243812780570318	3.4058605347783386	1.0482096170870205	
20.261634929263032	3.8171646434444426	-4.226853084501094	-0.5740349628929947	3.573617180528182	1.0651917537378104	
20.556611347276377	4.110681851372278	-4.459822610937408	-0.6234146211986337	3.722880335756525	1.0757399855768353	
20.670160229488882	4.3316833004286535	-4.635945196587153	-0.6692815667574237	3.848305471208931	1.0794001418559993	
20.577292935209922	4.468951117793288	-4.74951975960481	-0.708251378360016	3.9444518632999857	1.0758273748318674	
20.259663092307594	4.51611356197167	-4.798082131570322	-0.7370760351077524	4.006011759660186	1.0647992447615378	
19.7073230980559	4.472143172760012	-4.782884506534748	-0.7529233646408995	4.028073756109905	1.0462264981593457	
18.92002846347114	4.341365485789787	-4.709007604115157	-0.7536159218452676	4.0063982381104255	1.0201582708490922	
17.90795982434753	4.13302197865475	-4.585083241025831	-0.7377982735581876	3.9376813192382367	0.9867767195725113	
16.691801620458413	3.860490408531578	-4.422651458926322	-0.7050117431316012	3.8197873918677416	0.9463766010705118	
15.302043381348996	3.540247618039658	-4.235168321112786	-0.6556597961206604	3.6519235176695073	0.8993236066112037	
13.777373666348769	3.19068017577817	-4.036760546411849	-0.5908670472632142	3.4347100428032076	0.8459900210516825	
12.16247943438515	2.8308937657913615	-3.840912098290451	-0.5122907093102579	3.170168528141807	0.786675376960489	
10.505334284591235	2.4795404409089	-3.659191376689878	-0.42192128336251405	2.8616297446951515	0.7215229646913042	
8.85416488294601	2.15371486713778	-3.500166345536926	-0.3219106142531187	2.5135706364452535	0.6504510973666738	
7.2543285361443415	1.8679612068233582	-3.3686610213800057	-0.21446218303733708	2.13139340229198	0.5731250321930363	
5.745625979880776	1.6335303459496668	-3.265635893765696	-0.10180381891775876	1.7211428289815018	0.48900716285887835	
4.360562783900595	1.4579650264074615	-3.188748923370336	0.01377874135793929	1.2891918167338392	0.3974847118207851	
3.123557353950928	1.3449682582293139	-3.1334253456409464	0.12988698609252633	0.8419165586926026	0.2980427335244952	
2.0509976977650193	1.2945249861182415	-3.0942302281668943	0.2439623350683605	0.38538148824950985	0.19044797481123593	
1.151941279823334	1.3032128529555442	-3.066278190167763	0.35326931372739784	-0.07494087564781789	0.0749089295302654	
0.429256296155023	1.3646544095271618	-3.0463864622516117	0.4549320463082332	-0.5343890570155562	-0.047823017367400425	
-0.11896413377170223	1.470102294664534	-3.033679019878598	0.5460396206334486	-0.9892327392477197	-0.17644691128823053	
-0.49801442993375766	1.609084448679198	-3.029658761491315	0.6238056917465705	-1.4367091535466885	-0.3091865665781501	
-0.7152616265413572	1.7701173144415774	-3.0378412638897276	0.6857612975799282	-1.8749847951788898	-0.44393052234248703	
-0.7789649184301174	1.9414582834093335	-3.063044603449872	0.729955799309146	-2.303052522555535	-0.5784168830996872	
-0.6972762246197899	2.111855947716252	-3.1104289342384113	0.7551444068105779	-2.7205785616117493	-0.7104394089844923	
-0.47748104064462626	2.2712107446698457	-3.1843987115037846	0.7609226113303651	-3.1277060822136713	-0.838040574671956	
-0.12552215318312207	2.4110589713541404	-3.2875388787700994	0.7477879551930168	-3.5248466573174273	-0.959655931053166	
0.35424021604308814	2.524881681696287	-3.419645765704364	0.7171371736339794	-3.91247397496953	-1.0742039014158868	
0.9590531757759682	2.6082357193156183	-3.576898845260645	0.6711998771408902	-4.290921768729942	-1.1811188345187913	
1.6875944645995902	2.65871700451261	-3.7512071546349275	0.612918303172246	-4.660188680715947	-1.2803296973792233	
2.539583152815812	2.6757634759945605	-3.929780780569275	0.545782184051508	-5.019750873289294	-1.3721867276916753	
3.5151762631625934	2.6603068085221624	-4.095081015713167	0.47363431313463344	-5.368404124646427	-1.4573416355962827	
4.61421838911432	2.6143616667176435	-4.2250976247864065	0.4004788191345635	-5.704136495398774	-1.5366069702104634	
5.835372961730365	2.540574130672528	-4.293987560916151	0.33029649712054987	-6.024036599567145	-1.6108040877849856	
7.175178532845982	2.4417510768493282	-4.273101134262324	0.2668723149767426	-6.32424497397597	-1.6806105194677228	
8.627056893286888	2.3203863882450344	-4.132424994175872	0.21363572168020445	-6.5999519878418935	-1.7464157230827808	
10.180398250686839	2.1782224902698957	-3.8424660374137063	0.17352377453158616	-6.845467268270563	-1.8082046981076658	
11.819855311714043	2.015915639717584	-3.37640386652215	0.14887601693304334	-7.054360468948414	-1.8654872056340481	
13.524873993816797	1.8328384699278577	-2.712411115225132	0.14135439135837058	-7.219664035421806	-1.9172730290495166	
15.26954292732018	1.6270580503700294	-1.8360433538224024	0.15188819424702676	-7.3341427860915145	-1.9620976517535889	
17.022822676932176	1.3955177244566859	-0.7425960909404252	0.1806407203021089	-7.390629078141148	-1.9980994935827165	
18.749252986065947	1.1344502793560463	0.56069604451444	0.226995638895595	-7.382426236117081	-2.0231517866399837	
20.41024843932414	0.8399970197781007	2.0531338484808255	0.28957757890767516	-7.30373997956132	-2.0350435164407257	
21.965805193045412	0.5089226731436259	3.699736682444069	0.36629552020741796	-7.150100659987143	-2.031683806122481	
23.376540653705472	0.1393613157297868	5.451325445820233	0.4544168128734809	-6.918753359647298	-2.011317478287823	
24.605903504818848	-0.2684818393121003	7.24565191051319	0.550676072392369	-6.608983380457287	-1.9727336840564043	
25.622430301980444	-0.7117197078153064	9.009727161523303	0.6514208296480769	-6.2223666513708595	-1.91545559792444	
26.401849079542128	-1.184344445260235	10.663814550387006	0.7527996212636374	-5.76290760871634	-1.839887769931438	
26.928019815600045	-1.6772063963845052	12.125632786698473	0.8509332875575348	-5.236923147109337	-1.747342148631294	
27.195107972209026	-2.1777347086038352	13.318231940807728	0.9421589006613351	-4.653140176333514	-1.6401414139215	
27.204925624419516	-2.6710060821954107	14.171584240828176	1.0230536458728756	-4.021911648675108	-1.5213107910850294	
