27.85874088644131	0.3339131179870681	14.041424220924592	0.3106050465405171	-4.094298213946416	-0.7166949600176098	
27.580609526403315	-0.0006361979487278478	14.387939478341051	0.24883155428810871	-3.409094647216933	-0.6854906401069557	
27.04845132999105	-0.36848183841251264	14.310503723954312	0.18455924498812062	-2.703206098015194	-0.6619833634258433	
26.290385998761938	-0.7497604023981355	13.817991802490438	0.1221483965135816	-1.9908220832069072	-0.6481662664837401	
25.33851036567381	-1.121335993533367	12.941784128116439	0.0655812418360068	-1.2858552223393243	-0.645363456747996	
24.22924097190498	-1.457069516087824	11.74237277643198	0.01800964992921543	-0.6014627219775064	-0.6538638413281269	
23.000695432373185	-1.7311181735719794	10.300488732497115	-0.018609031867043224	0.05046016966975536	-0.6728874811826637	
21.69144223927069	-1.9203589071990703	8.711185851769146	-0.04371469648022306	0.6596265423767365	-0.7004803651765676	
20.338833892801958	-2.0069030558171774	7.074006386061653	-0.05813114253527763	1.217550459646465	-0.7335579761966865	
18.97762251665563	-1.979790413710383	5.4832929952117855	-0.06386538095443971	1.7175721703955984	-0.7680732895951519	
17.638902309734355	-1.835992613930889	4.019943842342081	-0.06381201842653779	2.1548079678594974	-0.7992910798251065	
16.349419228784164	-1.5807965168496718	2.7455013598543228	-0.06139642032712878	2.526063949243236	-0.8221550306107381	
15.131254787211013	-1.2275828096897754	1.6991866609564354	-0.060178472146501946	2.829741354504926	-0.8317213924308016	
14.001814183729039	-0.7969063030340385	0.8978619636648043	-0.06342306438028746	3.0657393849222463	-0.8236386260444215	
12.974134240724924	-0.31464272629684714	0.3386357021280217	-0.07370876520407427	3.235327428846525	-0.794601357281899	
12.05730926121626	0.19039401320389637	0.002585236106287128	-0.0926662357082446	3.3410285810651144	-0.7427165029091345	
11.256923648266127	0.6890089138715318	-0.14103370069519675	-0.12086625851335316	3.3865172108138912	-0.6677474684701323	
10.575417088722222	1.1540535796330915	-0.1304599693285288	-0.15783949958081903	3.376521181088457	-0.571207032722233	
10.012319840908075	1.562522222171551	-0.007277043021245887	-0.20217957172070072	3.3167165146242668	-0.4562883015646379	
9.564400039463191	1.8971584669649217	0.1873235116304621	-0.25169229212560185	3.2135802536627796	-0.327607956113774	
9.225804582385694	2.147460189988888	0.4154791019782817	-0.30357901388155434	3.074194349226431	-0.19079789969614014	
8.98824069572287	2.310154201983218	0.6447886271172915	-0.35466096828624905	2.906018864865378	-0.052018762289235146	
8.84126629413964	2.3890648518314057	0.849701615697117	-0.40165698361728885	2.716640682730841	0.08256627470388635	
8.772714973942527	2.3943255925152394	1.0121981781151146	-0.44150343367895295	2.5135118316636866	0.20730740753022064	
8.769267402965264	2.3409004061354945	1.1218006316605214	-0.4716883183880304	2.303688776703661	0.3175261521937283	
8.817142427004994	2.2465152052273543	1.1748379910984907	-0.4905211598824862	2.093606533358423	0.40982541792332505	
8.902794411192854	2.129500850943626	1.1732902246485784	-0.49729350407823325	1.888904673522084	0.4822319502972272	
9.013564585750595	2.0068170509218306	1.123395957038432	-0.49232298764300336	1.6943078456883782	0.5341881320842877	
9.138236021900186	1.8924567210440448	1.0341672904987254	-0.47688178868632775	1.5135651984216933	0.5664119085722403	
9.26745522783575	1.7963593314445139	0.9159627456964231	-0.4530241133096854	1.3494441340255297	0.5806580383658275	
9.393958267824193	1.7239695491359803	0.7792527426937945	-0.4233271682747702	1.2037831218041464	0.5794093694017052	
9.512571843302059	1.6764589173622866	0.6337321181273189	-0.39059499613400717	1.0775901968041013	0.565557668309997	
9.62006237303007	1.651399199958076	0.48777142885315783	-0.3575742320474828	0.9711543697049327	0.542121011007811	
9.714866615228175	1.6437657374341075	0.34815081808889975	-0.3267064925347092	0.8841638641090842	0.5120092673452656	
9.796745256635312	1.6471169943178297	0.22002348862760418	-0.2999424756576539	0.8158222172914039	0.4778492317860522	
9.866396767847702	1.654786830887774	0.10704442675231475	-0.27863571650853225	0.7649560108534266	0.4418730264270611	
9.925066509187578	1.6608625463193032	0.011615256800435715	-0.2635356418218476	0.7301141163664672	0.40587721530598697	
9.974221341288398	1.6607932656602489	-0.06485701394352823	-0.25484787084290467	0.7096486453316422	0.37123143418473753	
10.015309170001522	1.651645595594613	-0.1217255346614815	-0.25233032627440766	0.7017815276677313	0.3389164398147272	
10.049613118705796	1.6320498055802781	-0.15890951009309712	-0.2554034056326662	0.7046605660039079	0.3095788175996791	
10.078200555198986	1.60191692358255	-0.1767517255650027	-0.2632544465184733	0.7164081925412921	0.28358999433141946	
10.101955002475952	1.5620324035523618	-0.17592530346853855	-0.2749247490107234	0.7351667277032897	0.26110330682072314	
10.121654686090132	1.513684102176145	-0.15738090326172027	-0.2893736643690728	0.7591404727997886	0.24210423551006277	
10.138056868600364	1.4584195628133994	-0.12232322582671312	-0.30552692759268496	0.7866361720419495	0.22645182369369302	
10.151968462474553	1.3979260108277063	-0.07220433982960384	-0.3223208833787789	0.8161027421261606	0.21391564973473046	
10.164292413704983	1.3339992448138709	-0.008728770465416437	-0.3387490951689527	0.8461702828983965	0.20421009461543865	
10.176049216792805	1.2685396614427404	0.06613052532804166	-0.3539144282136499	0.8756893703492022	0.19702698518776673	
10.188381097530932	1.2035065030225507	0.15011294199860953	-0.3670776188661813	0.9037647740735172	0.19206525717912645	
10.202556404112643	1.1408105791329481	0.24065067752953445	-0.3776931525089648	0.9297842192130832	0.18905443366590613	
10.219985255696981	1.082161111991433	0.334853293047227	-0.38542920482342286	0.9534427832762283	0.18777153145820769	
10.242250566952801	1.0288929579419568	0.4295017899313038	-0.3901696495938085	0.9747614367195958	0.18805102603745785	
10.271155762349224	0.9818035801167291	0.5210561988951458	-0.3919988746660879	0.9941001057536638	0.1897880227118594	
10.30878267825193	0.9410411860661964	0.6056879040116797	-0.3911692094511635	1.0121609916159011	0.19293439247187633	
10.357541949155728	0.9060875495220212	0.6793486250776221	-0.38805552133648663	1.0299761602769992	0.1974886590381263	
10.420208598451012	0.8758347766381037	0.7378754734285239	-0.38310660858185974	1.048882839405795	0.20348239321078831	
10.499936368213937	0.8487582921436713	0.7771330184699705	-0.3767976795164185	1.0704823324578505	0.21096408848331272	
10.600249100648707	0.823179798867254	0.793185468055481	-0.3695896394914271	1.096580776186781	0.2199818055190671	
10.725011823026225	0.7976116526727094	0.7824885599314494	-0.36190142820077753	1.129109787903416	0.2305657451337577	
10.878380736926047	0.7711371205364249	0.7420618875026642	-0.35410432439613226	1.1700273283552685	0.24271328060654065	
11.064740978764622	0.7437512139501664	0.6696066718101552	-0.3465403158317847	1.2212112186977055	0.2563783342729461	
11.288625832185863	0.7166135001827665	0.5635567105405859	-0.33955989965759403	1.2843521515021372	0.2714651388944858	
11.554602957575469	0.6921689250384276	0.42305701173293536	-0.33357242043221974	1.3608531633512209	0.2878263924916712	
11.867109324875441	0.6741067953251345	0.24787876234981066	-0.32910009258455114	1.451741096425928	0.3052653041048956	
12.230212465154572	0.6671259007805022	0.03828811022284436	-0.3268223882326366	1.5575990096028283	0.32354128267575194	
12.647305858756818	0.6765283373492854	-0.20508635779985904	-0.32759314859754896	1.678531963775487	0.34237838987381247	
13.120744783692777	0.7077309130881806	-0.48133046890406084	-0.33242619906977344	1.8141569245059548	0.36147438986469105	
13.651424194960361	0.7657428286603267	-0.7892371021180397	-0.3424483323070141	1.963613998854057	0.38050977814142406	
14.238296453012259	0.8546529681048564	-1.127193860155693	-0.358821946599902	2.125593685716627	0.3991561144503934	
14.8778029224975	0.9771436333218831	-1.4929504709699875	-0.3826402340578532	2.298371655239097	0.4170832511797865	
15.563276871483716	1.1340738061376971	-1.883298417304004	-0.41480460268593294	2.479848464613931	0.4339651648646923	
16.284367520600973	1.3241416663481989	-2.2937263680159394	-0.45589651886649885	2.667579531260073	0.44948424278867427	
17.026540223856742	1.5436369786560133	-2.718103904145493	-0.5060467933367541	2.858790006556472	0.46333427558550694	
17.770750628528237	1.7863347100328097	-3.14845229615623	-0.5648093411319156	3.0503755229800027	0.47522223427236365	
18.493376407173546	2.043580883464925	-3.5748561306323383	-0.6310472015988189	3.2388895140211797	0.4848690526805877	
19.16655315443852	2.30465779374073	-3.985603798339668	-0.7028517423055014	3.4205243988013523	0.49200992583980957	
19.759043330300315	2.557464466472069	-4.367640939164082	-0.7775338804795344	3.591104682084645	0.4963953879043981	
20.237545049904302	2.789402884363168	-4.707301997782666	-0.8516902276719497	3.746100833446068	0.4977953314996649	
20.5684263653311	2.9883959857819535	-4.991294127467031	-0.9213538686323067	3.88067867649282	0.49600764797446245	
20.719812966399754	3.1439320501804224	-5.207861402861815	-0.9822297899926723	3.989795522007149	0.4908728757548204	
20.66396419913916	3.2480304725519686	-5.3480414139339825	-1.0300113459435687	4.068354525540803	0.4822964921264863	
20.379634323543357	3.2959200243693356	-5.406761492578434	-1.0607505085607718	4.111419196539804	0.4702770492802011	
19.854083930608542	3.286328786212645	-5.383558112302455	-1.0712203279954113	4.114460867738852	0.45493562946175153	
19.084619954704685	3.221420265639951	-5.282868612539877	-1.0592328047722288	4.0736167696234915	0.43654185031707193	
18.07951260509273	3.106402798446477	-5.1138531270332725	-1.023874703222368	3.9859346861875737	0.4155298147038284	
16.858216501120662	2.948879477644217	-4.889758411148864	-0.9656294110523971	3.8495834292601088	0.3924971565404067	
15.450761686064054	2.7580148061899945	-4.626823220110841	-0.8863430603311488	3.6640007667715206	0.36817692065261076	
13.896194028389894	2.5436721638742745	-4.342823339182139	-0.7890092411257775	3.4299357019652974	0.34337445677586015	
12.240403422469672	2.315688378938931	-4.055499071772634	-0.6774449443619871	3.149410747615512	0.3188744028246576	
10.533401375419318	2.083328217653106	-3.780989906958546	-0.5559078328552198	2.8256145942846778	0.2953246979000596	
8.826208153856296	1.8549430235902717	-3.532437295829074	-0.4287132548120615	2.4627419234342405	0.2731133606658952	
7.167554898755537	1.6378167370957677	-3.3189164792840136	-0.2999076243481607	2.0658005431804063	0.2522610742792198	
5.600915730295623	1.438153527207949	-3.145019438719083	-0.17305916449276496	1.6403857594608595	0.23237641079133517	
4.1624526005396465	1.2610963095865115	-3.0112101206179895	-0.05117684607956434	1.1924369163413098	0.21269646513427543	
2.8799323258507936	1.1107025972980669	-2.9147931900755317	0.06328333646946491	0.7279826639508222	0.19219611788257634	
1.7725517687593486	0.9898579091691921	-2.851279962493073	0.16835557436047227	0.2528867855267553	0.1697418810386951	
0.851480497015368	0.9001185370047915	-2.8158557653741223	0.2624758073690871	-0.2273848909113962	0.1442599134484494	
0.12091502499874375	0.8414989191855647	-2.804620163036533	0.3443969145601547	-0.7079531453783318	0.11488611767913381	
-0.42052497432346897	0.812291238699294	-2.8152919486084276	0.41313871441854627	-1.1846395250463622	0.08106233269352155	
-0.7783837947660482	0.8089702517176445	-2.8473798116659053	0.4679933499672011	-1.6540185309296715	0.04257482330607198	
-0.9609921051835473	0.8262377927143401	-2.901928294846086	0.5085778027729175	-2.1134161511202363	-0.0004565777289377652	
-0.9781947118254717	0.8572351059659873	-2.98094624939018	0.534919080652003	-2.5608623402761848	-0.04762751330967092	
-0.8402433080785215	0.8939290354692475	-3.086622979692631	0.5475549864359336	-2.995008406864111	-0.09832124856021124	
-0.5569219257189882	0.9276711910722308	-3.220446376964867	0.5476140955038818	-3.4150097281283065	-0.15178904824763334	
-0.13697122790000008	0.949843622605686	-3.3823586782649087	0.5368471428507817	-3.820392136007381	-0.2072191223074647	
0.41222696123172503	0.9525272983072626	-3.569981254554496	0.5176031342316111	-4.210911351891263	-0.2637876205623357	
1.0847318748232269	0.9291491484359432	-3.7779322272207354	0.49274449646020124	-4.586404983656262	-0.3206915099945789	
1.875913853573703	0.8750667455244643	-3.9972553633942534	0.46550475453692897	-4.946639181107317	-0.3771642004217312	
2.7821148780933393	0.7880519245060496	-4.215000143902141	0.43929446940952865	-5.291151021608012	-0.43247637974163555	
3.8001123544944213	0.6685796313152966	-4.414099547061794	0.4174780471475505	-5.619103836043798	-0.48592604382629295	
4.9264602135577755	0.5199446400836921	-4.573528385241234	0.40315019481558984	-5.929163570615558	-0.5368241080437108	
6.156743138502278	0.3481938632097169	-4.668791343930873	0.3989212061945568	-6.219401001343177	-0.5844795366113141	
7.484792148484637	0.16185891600543606	-4.67277955453538	0.40672190664615826	-6.487225920602433	-0.6281875827629826	
8.90189839327449	-0.028518941250905077	-4.557034207894494	0.4276333794435705	-6.7293552726566945	-0.6672249391323674	
10.396143620103757	-0.21110310099307233	-4.293449595676143	0.4617690841284332	-6.941832130778918	-0.7008568137690784	
11.951952992442878	-0.37362824053445376	-3.8562560658803395	0.5082249332995219	-7.120095391279306	-0.7283579979322525	
13.549877542523232	-0.5043372173190801	-3.2241801799512047	0.5650896544123678	-7.259092900108921	-0.7490466625569375	
15.1666521651307	-0.592933933127174	-2.382686033095202	0.6295198267385592	-7.353443461445288	-0.7623286620310585	
16.775556269790847	-0.6314909082329766	-1.3261989595343344	0.6978758643523395	-7.397650070344869	-0.7677494787341316	
18.347130835091296	-0.6152524005582192	-0.060194023905204314	0.765917046994764	-7.386371642317484	-0.765050512332644	
19.85029031319974	-0.54317965864528	1.3973350328324277	0.8290475647542837	-7.314734600845081	-0.7542187167712396	
21.253674833123895	-0.41824677637363483	3.0150661583033753	0.8825806639344401	-7.178657316681027	-0.7355269006869031	
22.527158237864086	-0.24746597263932152	4.7483647307559504	0.9220198082289058	-6.975173557872067	-0.7095618326295211	
23.643372331891314	-0.0416212573189032	6.54024261448214	0.9433479154497633	-6.702732246698511	-0.677236691662383	
24.579145891233324	0.18530885785073006	8.323355876959775	0.943326696032448	-6.361468864866127	-0.6397864209308541	
25.316718974109897	0.4171390222942475	10.023395129788781	0.919800391267016	-5.953425086575807	-0.5987395065472909	
25.84413829478479	0.636551203439837	11.562691427118347	0.8718499314043892	-5.482557554749142	-0.5558666754258083	
26.156467389497664	0.8269214846614865	12.866739230644594	0.8001855199880713	-4.954989468164871	-0.5131265035338629	
26.253875826978025	0.9728643478489342	13.865940451554978	0.706750722979536	-4.378373535728385	-0.4725784560204499	
