12.188985344986405	-3.246091694094859	3.319552260464941	-0.444966031253128	0.150092917522308	-0.2000924374599824	
12.185972116655197	-3.271789964861554	3.302798371515979	-0.3906669761857527	0.16507518299950721	-0.1071707896740458	
12.150461910787714	-3.2908587139621597	3.280511243358757	-0.32855474858866635	0.18075267985111376	-0.011540251069328208	
12.083911994475228	-3.302590162489758	3.251704243549252	-0.258807963431864	0.19726854909798136	0.0863051853593884	
11.988805114590214	-3.306336003901049	3.215719998558849	-0.18174951250412158	0.21468917510416255	0.18580180526940177	
11.86888233014154	-3.301572479515696	3.1723702490945183	-0.09786221839713916	0.23299504145026648	0.28631489163635937	
11.729148963460478	-3.2879649829772064	3.121997012680295	-0.00777052595568757	0.25209495683435224	0.3871516207897133	
11.57583515254362	-3.2654188316543657	3.065495578056762	0.08777330622024394	0.2718454475237833	0.4875697651097499	
11.416172677771714	-3.234099888784152	3.0042726145522103	0.18790917392641288	0.29208090750999455	0.5867927883231838	
11.258007857137363	-3.194415637305061	2.9401520864741393	0.2916835420900218	0.31264787853557713	0.684029771132811	
11.109245630760734	-3.1469553960250285	2.875233119011706	0.39805558152886245	0.33343960310288173	0.7785024443350963	
10.977171446331143	-3.0923985061643693	2.8117100679242757	0.5058921131271968	0.35442498747979834	0.8694789825813272	
10.867725723267494	-3.0314074245570843	2.7516668305522853	0.6139523871763009	0.3756666410724135	0.9563132168521359	
10.784834209822689	-2.9645277354495025	2.6968632493672864	0.7208671122879906	0.3973235049493147	1.0384861130250962	
10.729905491896513	-2.8921178265496414	2.6485384578837823	0.8251193190118058	0.4196359669458944	1.1156449196098783	
10.701581635830717	-2.814324839755476	2.6072575745854283	0.9250360118989127	0.44289457114755354	1.187635138902303	
10.695796571015684	-2.731114794443759	2.5728264945641532	1.0187996245362336	0.46739604568879656	1.2545203147844117	
10.706153242481635	-2.642354981858578	2.5442920135208564	1.1044862304299081	0.49339272475795154	1.3165853421174973	
10.724584284275696	-2.547937510590287	2.520031985274668	1.1801337423255562	0.5210428292881417	1.3743204593201315	
10.742218787876777	-2.4479258526599685	2.4979251882086286	1.2438385287031595	0.5503692187727206	1.4283851712794098	
10.75034603105508	-2.3427023596911516	2.4755766371405596	1.2938738732864876	0.5812330071451802	1.4795537885828125	
10.741351487243309	-2.2330939298415164	2.450565198749823	1.3288194229389774	0.6133260192638884	1.528646666127588	
10.709504894733891	-2.1204546782376084	2.420679301815456	1.3476879567284366	0.646182979995468	1.576453147972715	
10.651504136913358	-2.006688232385028	2.384113186478582	1.3500348758240586	0.6792114118115102	1.6236532834478314	
10.56670867282889	-1.8941973675071615	2.339605349681805	1.3360348058520881	0.7117351408687629	1.670746289719398	
10.457051480712845	-1.7857604062501113	2.2865139049673795	1.3065142433788004	0.743045466470395	1.717992924668758	
10.326661925264254	-1.684343717188651	2.2248327514281474	1.2629336431824334	0.772454096110208	1.7653772452790368	
10.181264976337076	-1.5928693821963495	2.1551563048552382	1.2073172543913948	0.7993422832861726	1.8125915728281667	
10.027446720566235	-1.5139655951629276	2.078601967815859	1.1421349981072413	0.8232013215153505	1.8590463186164363	
9.871885734166666	-1.4497321125184999	1.996699551969142	1.0701464351529504	0.8436606987546851	1.9039040684900395	
9.72064561771525	-1.4015522073739428	1.911257173781185	0.9942218881979524	0.8605016560547778	1.9461351199377794	
9.578607820508157	-1.3699744487350556	1.824214194943381	0.9171590789786733	0.8736555414603075	1.984589518823912	
9.449098506920896	-1.3546735555288538	1.7374929188324983	0.8415141230450742	0.8831880552937944	2.0180785635781167	
9.33373204852355	-1.3544849518788042	1.6528608483699279	0.7694626481239893	0.8892719956308612	2.0454570774262155	
9.23246573207854	-1.3675007040101286	1.571814465527312	0.7027016941142004	0.8921520373321559	2.0656969357978854	
9.143835630082215	-1.3912145120504524	1.495494516698675	0.6423972574331069	0.8921058079245651	2.0779428883878195	
9.065321616270055	-1.4227047512115385	1.424639108837874	0.5891747155280488	0.8894056721113541	2.081545517989033	
8.993787218834722	-1.4588475311370133	1.3595774543509969	0.5431466184273793	0.884284997363805	2.076070255209934	
8.925940560831444	-1.4965481209472176	1.300261539139062	0.5039705700539996	0.876912122938884	2.061285325765812	
8.858768340310366	-1.5329727859247397	1.2463274283035457	0.4709295982439234	0.8673742175211017	2.0371347028102393	
8.789902329872026	-1.5657559844078075	1.1971751335583427	0.4430277501286075	0.8556716832714067	2.003703658032524	
8.717887986819033	-1.593154129659179	1.15205687657898	0.41909361126914524	0.8417221458603139	1.9611836037797834	
8.642338924259745	-1.6141221053844736	1.1101669013196276	0.397883669477221	0.8253720225097824	1.9098399705358513	
8.563976525157463	-1.6283044773192645	1.07072927053609	0.3781767160313743	0.8064134858225385	1.8499838216714484	
8.484565232920758	-1.6359539105098038	1.0330815076573248	0.35885128227386437	0.7846049707627412	1.7819469261822554	
8.406756837615495	-1.6378017853540998	0.996750443845964	0.338940354915235	0.7596936220626326	1.7060612222622333	
8.333863179329203	-1.6349085416391134	0.961514625213313	0.31766147836251885	0.7314380008678648	1.62264491768392	
8.269578873975403	-1.6285133705663317	0.9274467822457122	0.29442393909393944	0.6996296879585497	1.5319971270341115	
8.217677827480443	-1.619895727384248	0.8949296158417933	0.2688166298491031	0.6641126734458194	1.4344017584159956	
8.181710741702913	-1.6102575147122131	0.8646398345388348	0.24058165812455812	0.6247996024040549	1.3301398929802561	
8.164731817498234	-1.6006323187384544	0.8374988037830587	0.20957958787709977	0.5816841377941266	1.2195085716124725	
8.169080732817292	-1.591825813409063	0.814592810369659	0.1757523673074656	0.5348489507339785	1.1028430069823	
8.1962400555151	-1.584388686120248	0.7970706335673997	0.13908949320600608	0.4844691680608874	0.9805389144558257	
8.246778792440036	-1.5786202260237587	0.7860296046858957	0.0996018589775613	0.43081143405018885	0.8530718818165671	
8.320380969279409	-1.574597487710177	0.7824028844331641	0.057306170996809694	0.37422901747428683	0.721011359364173	
8.415946842322427	-1.572222319482849	0.7868605925831362	0.01222100792126536	0.31515351475302944	0.5850277117255622	
8.531744261688672	-1.5712767525033284	0.799736894073232	-0.03562635170702002	0.2540837143180658	0.4458917063691327	
8.665577001477985	-1.5714771435364958	0.8209909946833791	-0.08618500501289071	0.19157246116539112	0.3044674694280406	
8.814936437626764	-1.5725206350078775	0.8502059588473093	-0.13936102432544745	0.12821203090234937	0.1617008200439581	
8.977106669386169	-1.5741197813327379	0.8866244981857055	-0.1949973654718048	0.06461831065099026	0.018605535265907032	
9.149205104380325	-1.576022484324511	0.929216021135522	-0.25285642605973374	0.0014137889504918406	-0.12374992772955622	
9.328160004147216	-1.5780158751965798	0.9767652416595242	-0.3126077011706432	-0.060790885258045955	-0.26425351323837487	
9.51064928485897	-1.579915621934897	1.0279702322886972	-0.37382175583068933	-0.12141698680837885	-0.40175808390681605	
9.693043521089885	-1.5815457831803923	1.081537603870891	-0.43597034168390597	-0.17993921734667906	-0.5350886188558162	
9.871402453006924	-1.5827170652238975	1.1362645861544194	-0.4984312608465522	-0.23590761475539707	-0.6630507724626913	
10.041564328684384	-1.583212091857134	1.1911015268699274	-0.5604958958242342	-0.2889680520147359	-0.7844443503323711	
10.199344269683568	-1.5827854504469523	1.2451920143597526	-0.6213775691737488	-0.33887872404617153	-0.8980852962407165	
10.340827102841532	-1.5811837041538528	1.2978917656239675	-0.6802194692636667	-0.38552004233042614	-1.0028386525102035	
10.462716820174036	-1.5781863482495908	1.3487710055868347	-0.736101833101926	-0.42889612581207315	-1.0976632116175462	
10.562690967588393	-1.5736635230219043	1.39760643341782	-0.7880493167114748	-0.46912665024287653	-1.1816663021019869	
10.639701202373686	-1.5676406627645196	1.444369006598314	-0.8350406136732089	-0.5064286958949397	-1.2541646662684933	
10.69416148996473	-1.5603556357177895	1.4892119492769194	-0.8760234325590736	-0.5410891658775249	-1.3147451729065096	
10.72797382523138	-1.552291734603687	1.5324599741893137	-0.9099385356352114	-0.573429434678936	-1.363317592771066	
10.744359719182032	-1.5441713840038098	1.5745967815924624	-0.9357563832912623	-0.6037651665987671	-1.400151249527658	
10.747494332595378	-1.5369014800713918	1.6162450131332422	-0.9525288065082016	-0.63236557067955	-1.4258883347178586	
10.74197564841155	-1.5314714220185848	1.6581324238410011	-0.9594559548276649	-0.6594173254402848	-1.4415291185377617	
10.732195136994882	-1.528816406738759	1.7010405196491336	-0.9559657028798345	-0.6849985304653902	-1.448387682714735	
10.721705325246845	-1.5296687592023837	1.74573683131146	-0.9417980514790967	-0.7090673273839154	-1.448020377143583	
10.712687037625834	-1.5344239626706364	1.7928974590224482	-0.917084371980815	-0.7314671151022217	-1.4421343463473024	
10.705603065047763	-1.5430455498682836	1.8430296054891926	-0.8824097560969257	-0.7519476341386775	-1.4324852411893947	
10.699098348459039	-1.555027964720604	1.8964054082594448	-0.838846761774909	-0.7701987865969221	-1.4207743094577154	
10.690168760471748	-1.5694283689317072	1.9530181222305614	-0.7879509894376096	-0.7858921611930747	-1.4085548961758738	
10.674578526849649	-1.5849680618988666	2.01256948132896	-0.7317126760712883	-0.7987242416876655	-1.3971569688059133	
10.647468022889953	-1.6001934774843782	2.074492733212315	-0.6724634692127034	-0.8084552500784591	-1.3876359962184794	
10.604065850034488	-1.613677541110341	2.1380098676981443	-0.6127431889555791	-0.8149384447975512	-1.38074961875773	
10.540405574647181	-1.6242355357704619	2.20221553416249	-0.5551369819156796	-0.8181362769579757	-1.3769623028118694	
10.453949588855036	-1.631125960148916	2.26617619811328	-0.5020977206154651	-0.8181218748744714	-1.376474814737067	
10.34403419008227	-1.6342051786884213	2.3290320917235072	-0.4557716215482955	-0.8150663516240735	-1.3792727167988685	
10.212074145292414	-1.6340077897715626	2.3900902726762325	-0.41784666271645504	-0.8092146046728927	-1.3851855232741352	
10.061508678476923	-1.6317372453724315	2.4489002572633516	-0.3894395510711275	-0.8008539301459037	-1.3939469970248133	
9.897505027495221	-1.6291640010696473	2.505305980689089	-0.37103282633670454	-0.7902799900103895	-1.405248381854242	
9.726468742117474	-1.6284426877680929	2.559468992560086	-0.36246816992189507	-0.7777645170211311	-1.4187779678819716	
9.555432471418953	-1.6318718428401862	2.6118585767169975	-0.36299583138659564	-0.763528500418698	-1.434242851266103	
9.391404551506929	-1.6416278338959425	2.6632058109828436	-0.3713741308763039	-0.7477237534670836	-1.4513716365988534	
9.24075667076221	-1.6595078519711752	2.714421583671185	-0.386007844825536	-0.7304248112138524	-1.4698997994755918	
9.108718981074562	-1.6867151489189252	2.7664837979868615	-0.4051104637999462	-0.7116319870233524	-1.4895420117997555	
8.999033217978386	-1.7237135773335286	2.820305589405271	-0.42687324892550066	-0.6912850894223053	-1.509957427594197	
8.913791305298577	-1.7701687148870984	2.876601726950674	-0.4496240919777733	-0.6692859184625716	-1.5307144638771226	
8.853466242317486	-1.82498238061121	2.935772766786204	-0.47196007991966143	-0.6455264185376237	-1.5512616438135796	
8.817112390812525	-1.8864105856490192	2.9978221142022674	-0.49284147217356594	-0.6199184079692143	-1.5709098183231571	
8.802695176589863	-1.9522442632729968	3.0623132033787246	-0.5116405444087684	-0.5924210815135895	-1.5888292831146715	
8.807502170973274	-2.0200271919535813	3.128367881137569	-0.52814367428397	-0.5630632340312883	-1.6040635555491558	
8.82858460939706	-2.087284834478137	3.1947031153354173	-0.5425102342700391	-0.53195816513596	-1.6155596542769506	
8.863182091692481	-2.1517417003057	3.25970197220975	-0.5551961991195224	-0.4993102030908182	-1.6222129829387155	
8.909089687087398	-2.211510732347579	3.3215153404378093	-0.5668532306202256	-0.46541252950655304	-1.6229234202562013	
8.96493372629508	-2.2652436400943348	3.378191208377671	-0.5782151568468287	-0.43063652960085325	-1.616658030363201	
9.030330102888765	-2.3122343872961313	3.4278265800552594	-0.5899834944109168	-0.3954133769547431	-1.6025150173344365	
9.105908193704668	-2.352469368498168	3.468732948235906	-0.6027224544384998	-0.3602090994034251	-1.5797833200626408	
9.19319361979906	-2.3866178146712205	3.4996005965458377	-0.6167725292654745	-0.3254949680716631	-1.5479923286134134	
9.294356793641379	-2.415958009598114	3.519641226651029	-0.6321908391132441	-0.2917159392986827	-1.506946455323641	
9.411853383572423	-2.4422440066492817	3.528689353619493	-0.6487230853809148	-0.25926039925484046	-1.4567417609377509	
9.547995385693168	-2.46752499671411	3.527246033007455	-0.6658090625369726	-0.22843448012336656	-1.3977633548231339	
9.704505355326013	-2.493937646350316	3.5164551353575058	-0.6826198150874008	-0.19944391450896015	-1.330664147940887	
9.882114266103324	-2.5234949165436342	3.4980117898439596	-0.6981205504907648	-0.1723854826761383	-1.2563271180955975	
10.080261977958969	-2.5578931172734	3.474012802543877	-0.7111505046335727	-0.14724871307273193	-1.17581438820856	
10.296946966069552	-2.5983547942510983	3.446767521129453	-0.7205096634490472	-0.12392687964677912	-1.0903072087800867	
10.528749906582064	-2.6455204197526743	3.418592675947043	-0.7250425828718638	-0.10223485966090762	-1.001041425283473	
10.771027609622044	-2.699397090025207	3.3916152627903826	-0.7237112009482457	-0.08193042219020229	-0.9092431358653833	
11.01824512149961	-2.7593670576327223	3.367603954468469	-0.7156511601058729	-0.06273523841635932	-0.8160688057308022	
11.264390355084908	-2.824254306924116	3.347844954558129	-0.7002085476160538	-0.04435239732814558	-0.7225535367378954	
11.503396512115954	-2.8924387797090496	3.333070209803335	-0.6769570084663036	-0.0264782974049327	-0.6295700371201014	
11.729499726935469	-2.9620007170357794	3.3234357495758955	-0.6456978217720956	-0.008808591631588243	-0.5377992095271309	
11.937478372516763	-3.0308736830457383	3.3185411226149006	-0.6064468335275103	0.008960154884054248	-0.44771238648320855	
12.122749338747958	-3.0969821770638988	3.3174775673204824	-0.5594126393820898	0.027130300168399873	-0.3595652739279458	
12.28134546157453	-3.158349376744738	3.318894113319393	-0.5049718980545068	0.045999481230204774	-0.2734015476138325	
12.409808273893015	-3.213159005472252	3.321078143494937	-0.4436423497866063	0.06585325700896619	-0.18906975521790395	
12.505124868752787	-3.2598035138780235	3.3220501555268793	-0.37606431674853275	0.08694385561581053	-0.10624135375446542	
12.564664694260497	-3.296878315956522	3.319684363815888	-0.3029712504064925	0.1094748140989174	-0.0244544918246859	
