11.81996384388557	-3.4024724583990698	3.401724638179046	-0.1597190855004541	-0.1045056714070769	-0.0601609170295866	
11.769868906034011	-3.442923720672487	3.4387045474141296	-0.07045609774932694	-0.09460448250325328	0.03246723757838574	
11.690144475432101	-3.4720425735686695	3.464490569910791	0.027072476333726767	-0.08026028165089606	0.12496909586234553	
11.583315844944645	-3.488018564623126	3.4769392930665615	0.13157394109129494	-0.06141158214563672	0.21725517078821127	
11.453171301611631	-3.4893132481716567	3.4744342188087485	0.24158294088289833	-0.03819742808274217	0.3092587948572165	
11.30496031334557	-3.4748175395751435	3.4560366990720386	0.3554934912420429	-0.010959989061270034	0.40090881757124336	
11.145356658905442	-3.4439787173621728	3.421554211319172	0.4716227754376709	0.01978962585225167	0.49209607904103064	
10.982290377625057	-3.396889553975312	3.371581513468731	0.5882728506053359	0.05341306532865314	0.5826455197024771	
10.824545323508397	-3.3343083891849106	3.30749292571179	0.7037955305270422	0.08920272742108734	0.6722962485865352	
10.68114422580172	-3.257602199147203	3.231391283393459	0.8166462568387179	0.12644511134597836	0.7606950854315929	
10.560553166479194	-3.1686161416424734	3.1460011706257043	0.9254203056237064	0.16448333965484338	0.8474055263654368	
10.469798821826487	-3.0694900602483575	3.054499176281197	1.0288652597669616	0.20276967689161	0.9319320888714467	
10.413623803028267	-2.9624529351200057	2.9602815500377795	1.1258691454864123	0.240900431240713	1.0137571871764939	
10.393818163445697	-2.849630846793236	2.8666847060655742	1.2154288494847263	0.27862783859026313	1.0923855100968396	
10.408848711863627	-2.732900731132787	2.776688972370217	1.2966083628335852	0.3158472950740983	1.1673894042895951	
10.453867385765543	-2.613812126689098	2.692646181037962	1.3684993801850018	0.35256258369317295	1.2384482968239308	
10.5211220788088	-2.4935853842531728	2.616072691599984	1.4301971096823904	0.3888357213467436	1.3053757806258581	
10.600728833538787	-2.3731805869278637	2.547539573831818	1.4808016902175247	0.4247307106372705	1.368129660882027	
10.681707135577476	-2.2534179449077034	2.486674029389473	1.5194509007556118	0.4602611606630582	1.4268027280525581	
10.75313964915965	-2.135119138208712	2.4322668097414093	1.5453835326877652	0.4953504873451909	1.4815948040170133	
10.805303187950443	-2.0192350727877635	2.3824640131203925	1.5580262224316919	0.5298104911527364	1.5327693377749971	
10.83063011941669	-1.9069320949321233	2.3350137543500833	1.5570912502207088	0.5633406811790272	1.5805998079070018	
10.824387626383503	-1.7996214628905074	2.2875357367899793	1.5426697916973457	0.5955474517766649	1.6253127023091738	
10.785003219582398	-1.6989289550054865	2.2377836690215633	1.5153047532329633	0.6259794414366329	1.6670346249332322	
10.714013291477839	-1.6066088691371434	2.1838750428812204	1.476029320922192	0.6541733532116123	1.7057509105866455	
10.615661565860112	-1.5244106778431101	2.1244683943334954	1.426361152369008	0.6797033474186092	1.7412818789855877	
10.496218786712573	-1.4539104385747565	2.058873777025794	1.3682472232515492	0.7022269073577941	1.7732805997474335	
10.363126535767922	-1.396324328357481	1.9870879451513934	1.3039602709220486	0.721520800224368	1.8012531027640997	
10.22408205544873	-1.3523278327737172	1.9097528878796937	1.2359540904438289	0.7375022811879737	1.8245988593875415	
10.086177438572909	-1.3219089616758701	1.828045688897786	1.166690978061787	0.7502328014611515	1.8426666138327685	
9.955189268265942	-1.304284163357687	1.7435179353222663	1.098459438254571	0.7599039073830683	1.8548186984578143	
9.835088232667863	-1.2978988088782826	1.6579107843188297	1.0332027894450784	0.7668074570219168	1.8604960730067306	
9.727806072458241	-1.3005205584742148	1.5729740680791822	0.9723787362499885	0.7712943879073222	1.8592765149331458	
9.633263226518405	-1.3094174125913365	1.490313559824859	0.9168662080903868	0.773727670229537	1.8509195137288001	
9.549630351114907	-1.3215981254254714	1.4112818047247282	0.8669297739160335	0.7744355583569256	1.835393124550141	
9.473772542095828	-1.3340835700820766	1.3369177897590472	0.8222445019213662	0.7736708921080868	1.8128801240122991	
9.401808458004536	-1.344174805034649	1.2679312155645632	0.7819759167256611	0.7715809007453548	1.783763325845723	
9.329711947707088	-1.3496855597745043	1.2047211642613358	0.7449035557881079	0.7681901734293548	1.7485920483317234	
9.253885942582052	-1.349111997566393	1.1474166754079236	0.7095719031578496	0.7633975196834077	1.7080336772357942	
9.17164743296732	-1.3417223908811704	1.0959277325541044	0.6744501861480097	0.7569857105911465	1.6628155931998854	
9.081576438574759	-1.3275626958367535	1.0499982598422541	0.6380830164614878	0.7486418082769097	1.6136633092459034	
8.9836999367719	-1.307386497409069	1.0092564922314178	0.5992169070062187	0.737984959046502	1.5612406695488823	
8.879502178538555	-1.2825252834217338	0.9732614538464522	0.5568923994441225	0.7245980913273972	1.5060975607814997	
8.771773118818125	-1.2547176385054384	0.9415467156704278	0.5104967885025784	0.7080599369717611	1.4486297416682272	
8.664324361427221	-1.2259169095854134	0.9136636731316652	0.4597774227748079	0.6879742119419208	1.38905403383272	
8.561615440047108	-1.1980981272059608	0.8892260182969647	0.40481989570975374	0.6639935955548303	1.3274003485325736	
8.468341147931032	-1.1730853813395015	0.867955321662963	0.34599890027459457	0.6358371975043624	1.2635201106193747	
8.389031841924151	-1.152418191092756	0.8497256672549521	0.2839118578426463	0.6033013318422425	1.1971088719223233	
8.327712839234792	-1.1372686746659655	0.8346037027434994	0.21930630887207417	0.5662644510938261	1.127739558022395	
8.287657081576778	-1.1284115603846514	0.8228792261453899	0.1530111959424472	0.5246878628781421	1.0549020797135995	
8.2712494876215	-1.1262394515103638	0.8150802746600136	0.08587967114180424	0.47861417836474657	0.9780450326968599	
8.279962628560689	-1.1308093544577633	0.8119662517117332	0.01874763055629333	0.4281653491525492	0.8966156782748144	
8.314423583840648	-1.1419050482818536	0.8144938024245786	-0.047591465029620236	0.37354167909396735	0.8100953768624223	
8.374537356950198	-1.1591024073516487	0.8237530126169862	-0.11239780874417404	0.3150223975557393	0.7180289019580864	
8.459624798473765	-1.181828116845757	0.8408765263844639	-0.1749866677242974	0.2529675769070041	0.6200473935618885	
8.56853437627921	-1.209405584604157	0.8669304216870235	-0.23472499147643852	0.18782046967629004	0.5158860589412696	
8.69969641006288	-1.2410848896100464	0.9028013490567391	-0.2910280357274678	0.12010886953596422	0.4053988768143769	
8.85110370651436	-1.276056304427979	0.9490971787697687	-0.34335984501523714	0.05044392080128333	0.2885732398323313	
9.020221533083753	-1.3134497189970458	1.0060767550782204	-0.3912398628806503	-0.020485122427959922	0.16554738897727925	
9.203849548370343	-1.35232539951219	1.073618396736592	-0.43425599286303324	-0.09192140975943214	0.03663248510938269	
9.397975253540508	-1.3916642008920377	1.1512278876354987	-0.4720823522832504	-0.16305705028029208	-0.09766067167865636	
9.597669885110228	-1.4303665477269718	1.2380775190031272	-0.5044980757836274	-0.2330558913095171	-0.23659256526611547	
9.797081670208684	-1.4672689505838412	1.3330617846370434	-0.5314021998741356	-0.30108204635670316	-0.37916809362346116	
9.989576302649146	-1.5011848674845458	1.4348551946735297	-0.5528191694988426	-0.36633297491562067	-0.5241181810570515	
10.1680577726883	-1.5309732385682877	1.5419632204694311	-0.568890078095352	-0.42807501769896483	-0.6698967711744719	
10.325472964016555	-1.5556325905035588	1.6527657201139663	-0.5798466094280611	-0.4856782399118521	-0.8146992514289724	
10.455463239049212	-1.5744111551607882	1.7655593450683913	-0.5859678265820821	-0.5386464376854898	-0.9565061582031568	
10.553083817024406	-1.5869151751821005	1.8786080879191487	-0.5875242979488758	-0.5866378411970208	-1.0931523517141135	
10.615481994256134	-1.5931911400920777	1.9902088005740592	-0.5847184635069859	-0.6294727117505436	-1.2224178678557727	
10.642413101899958	-1.5937553007829668	2.0987725624375697	-0.5776337538695366	-0.6671253253742493	-1.342133259396106	
10.636482047599364	-1.58954802301214	2.202915276072614	-0.5662068389426659	-0.699699791224509	-1.4502898015177628	
10.603029767910435	-1.5818026936885625	2.3015441866121713	-0.550236354782923	-0.7273916339751199	-1.5451440906137448	
10.549637238064834	-1.5718389808125188	2.3939234181157514	-0.5294368870906531	-0.7504398771440749	-1.6253072712351255	
10.485287848348024	-1.5608143380211084	2.4797028118882767	-0.5035391545041543	-0.7690768775730812	-1.689811033478395	
10.419296777319056	-1.549487296322381	2.5589005857191363	-0.4724276070372041	-0.7834844844047208	-1.7381452386001328	
10.36016522115105	-1.5380525076334453	2.631839864199057	-0.4362970748696945	-0.7937645346723987	-1.7702652439087283	
10.314534527578672	-1.5260964354022701	2.699048957206678	-0.39580279373706995	-0.7999291681324653	-1.7865703164740596	
10.286396818623299	-1.512696111146411	2.7611425045016094	-0.35217492909125453	-0.8019125647757771	-1.787857385726915	
10.276671158864337	-1.4966491676540934	2.8187032322436103	-0.30727080977311083	-0.79960155368316	-1.7752563067510907	
10.283191251983691	-1.476792200073006	2.8721813210444926	-0.26354549867740523	-0.7928791991569867	-1.7501537067460626	
10.301087194910027	-1.4523456829762798	2.9218216612387873	-0.223932736623792	-0.7816736379216909	-1.71411263578116	
10.323491834988133	-1.4232206149214885	2.9676220927237202	-0.19164140639023428	-0.7660042659928602	-1.6687948779424935	
10.342467691394791	-1.3902313161732827	3.009321745025433	-0.16988534232525462	-0.7460183834035524	-1.61589191765486	
10.350030137381584	-1.355177927358384	3.046418028701897	-0.16157530074339166	-0.7220132844770107	-1.5570691883770789	
10.339141484539653	-1.320786688899232	3.078211849172583	-0.1690081004456529	-0.6944410277304577	-1.493926110644397	
10.304561054232583	-1.2905196322417094	3.103880662247717	-0.19358960785626345	-0.6638952903309673	-1.4279721797572382	
10.243455835725648	-1.268283268955589	3.1225773565935384	-0.23562510616889695	-0.6310818908491053	-1.3606171596809395	
10.155705439861558	-1.258074682389115	3.1335504260258946	-0.2942032324939795	-0.596776521425163	-1.2931714810120387	
10.043872241076196	-1.263605013171248	3.1362770577469736	-0.3671894888321118	-0.5617747194051392	-1.2268515921746708	
9.912850043257887	-1.287938612419252	3.130595235380109	-0.4513335396703466	-0.5268399014103459	-1.1627846614768116	
9.769247214874826	-1.3331829684964647	3.1168154214284813	-0.5424820784142788	-0.4926552590269291	-1.1020078160166673	
9.620595740274874	-1.4002585786383113	3.0957901268020596	-0.6358771930496023	-0.4597845102498842	-1.0454587683583567	
9.474498402200053	-1.4887675361139163	3.0689230831923933	-0.7265106541130426	-0.428645113828168	-0.9939567780925684	
9.33782788398289	-1.5969664524843246	3.038108615014094	-0.8094992093906058	-0.39949587516176144	-0.9481750914360951	
9.21607531764228	-1.7218386776935592	3.0056037385061	-0.8804456146432691	-0.3724391568875068	-0.9086080452600975	
9.112917746175404	-1.8592564105158071	2.9738471366171164	-0.9357539882166963	-0.3474363174109469	-0.8755375602137083	
9.030040582858547	-2.004223006109756	2.945247416108314	-0.9728745152871768	-0.3243336743119111	-0.8490044470388931	
8.967216906274732	-2.151184071590323	2.921966346073175	-0.9904602900643946	-0.30289540824766203	-0.8287897618391289	
8.922615041866969	-2.294390213737897	2.9057220934098815	-0.9884264819497929	-0.282839523189684	-0.8144107604109624	
8.893279354808469	-2.4282860148824703	2.897633563824288	-0.967911348957908	-0.2638731126625979	-0.8051343918072288	
8.8757149708823	-2.5478946813633194	2.898121605200865	-0.9311464131124374	-0.24572380151723403	-0.8000094571797703	
8.86650155057727	-2.6491659464771184	2.906877510307152	-0.8812495383207997	-0.22816489755721353	-0.7979164892493948	
8.862861785276893	-2.7292568588646944	2.9229032390662733	-0.8219601601482194	-0.21103253192386018	-0.7976320846699614	
8.863117415277113	-2.7867200243314425	2.9446210891599067	-0.7573396507177564	-0.1942339867476032	-0.7979022922703254	
8.866979599754456	-2.821580924809047	2.9700436068180887	-0.6914617990032768	-0.17774741590055138	-0.7975181984224512	
8.875640958786441	-2.835295740943047	2.99698809215055	-0.6281185521378955	-0.16161407178970627	-0.7953864251389426	
8.891661094559387	-2.8305935438677317	3.023314657900396	-0.5705642421415308	-0.1459247966231217	-0.7905878272961112	
8.91866189565507	-2.811219659540666	3.0471627967151598	-0.5213173971679395	-0.1308028463204832	-0.7824189398478406	
8.96086950188793	-2.7816075113292174	3.0671594434817067	-0.4820332570105702	-0.11638512522367278	-0.7704124738221201	
9.02255457328553	-2.746512087356335	3.082572509082209	-0.4534530810318767	-0.10280376110488851	-0.7543353402361306	
9.107432281204945	-2.710638562648598	3.0933883533315996	-0.4354291861769475	-0.0901697938869522	-0.7341651711289673	
9.218089817975663	-2.6782959215545703	3.1002995528015522	-0.42701808670169283	-0.07856062741400063	-0.7100487851225896	
9.35551203400814	-2.653100834750991	3.104600271460376	-0.4266284637766937	-0.06801270058689447	-0.6822481227508316	
9.518773082524486	-2.6377537722075997	3.1079998896206886	-0.4322062543486492	-0.0585203738967321	-0.6510805492701964	
9.704951977801093	-2.6339072845415306	3.112379894691814	-0.44143616694528165	-0.050041062951222376	-0.6168609890128487	
9.909303497915907	-2.642139767121992	3.1195314648204193	-0.4519374774387421	-0.042504979650109395	-0.5798529412019955	
10.12567710328249	-2.662036747283993	3.1309154443758107	-0.4614342027821206	-0.03582602556981687	-0.5402338533647815	
10.347128614915675	-2.692365316714865	3.1474811774043037	-0.4678845181871008	-0.02990924190396456	-0.4980781519755914	
10.566624681021192	-2.7313099908893133	3.1695664402314923	-0.4695615708546781	-0.024650583169996614	-0.4533586523473957	
10.777713695311427	-2.7767271738185966	3.1968819611008805	-0.4650864157624279	-0.019926826409735705	-0.405964447069672	
10.975038043176594	-2.8263748839331586	3.228566379236648	-0.45342177592043215	-0.015576629858597354	-0.3557310572668939	
11.154593785401287	-2.878083795547677	3.2632854496966033	-0.4338407359457143	-0.011377139846018014	-0.3024769218498532	
11.31370035694445	-2.929850921372936	3.299346107434442	-0.40588666964642384	-0.0070233076837629424	-0.24603962593567044	
11.450713983522489	-2.9798549338393854	3.3348011701386104	-0.369338095403247	-0.002117656595592335	-0.18630560890714087	
11.564583078660325	-3.026409642703586	3.3675354651591802	-0.3241900647837839	0.003821802796314378	-0.12322944081017913	
11.654391786006885	-3.067887362449846	3.3953336955667472	-0.27064885253863635	0.011334807999063497	-0.056839947196899145	
11.719026382143316	-3.1026493181386985	3.4159588941490884	-0.2091503966936274	0.02096811868294285	0.012762184670895986	
11.757092569615684	-3.1290197652508254	3.427237263525832	-0.1403590547366778	0.033222417316248	0.0854177129474141	
