12.699709349850863	-3.6508335120439	3.77242991241544	-0.1264526977589092	0.1048254438825599	-0.0645586000501777	
12.695574599311682	-3.6645473459059077	3.747619210280581	-0.03035003218880015	0.13929840092487572	0.04914760371169808	
12.646320687385584	-3.659041943593942	3.707058352215936	0.07138267983861007	0.1767871681187306	0.16598334494752115	
12.554762279434508	-3.6334397751690157	3.649786507437977	0.17713968246952866	0.21699247999947976	0.285372552325651	
12.42582120072563	-3.58768009093574	3.575686941452268	0.2852557753598587	0.2594986670070506	0.40657626414856957	
12.266602145851373	-3.5226058712513346	3.4856840230471247	0.3940608309362756	0.30379323151069976	0.5286690104293152	
12.085888662869708	-3.4398511091121216	3.3817199152728517	0.501945867390636	0.34932009938448966	0.6505557572029685	
11.893612665050334	-3.341728870945402	3.2666779981546203	0.6074026682920628	0.39552569091430806	0.7709934117775382	
11.700088696055891	-3.2310384803144254	3.1441826778933977	0.7090469511371889	0.4419081572822595	0.8886348098205694	
11.515171974761074	-3.1108417628714693	3.0183245647241064	0.8056175294361146	0.4880572246040699	1.0020874589646986	
11.3474007687474	-2.9842193314589185	2.893328810031133	0.8959547626630484	0.5336807141922005	1.109985743058431	
11.203238441575555	-2.854038258431028	2.7732037020146656	0.9789632035697834	0.5786127727196002	1.2110702559081157	
11.086513424069144	-2.722760265917807	2.6614059493332176	1.0535678058935132	0.6228023879789034	1.3042672348499817	
10.998140197401275	-2.5923179150590188	2.560560990408431	1.1186756354410818	0.6662836651794171	1.3887596553027928	
10.936162264644366	-2.4640747294381917	2.4722717610903757	1.1731558780641145	0.7091329395089838	1.4640415613114695	
10.896102552026665	-2.3388685528488278	2.3970346338642425	1.215848224774789	0.751420113692784	1.529949456769746	
10.871570177728799	-2.217126437846984	2.3342675607819854	1.2456050328686101	0.7931620424052496	1.5866665164764	
10.855040116855777	-2.099030490078663	2.2824399388944743	1.2613668585731754	0.8342850649593135	1.6346984345219062	
10.838706444728166	-1.9847077084776785	2.2392810462741983	1.26226500104522	0.8746018142103281	1.674822991369214	
10.815310356066353	-1.8744136560124809	2.2020366741141206	1.2477395925481904	0.9138049048539973	1.7080183424093727	
10.778856740737782	-1.768681062306361	2.1677425474729817	1.217658263335718	0.9514776530520866	1.7353772313150129	
10.725151861171819	-1.668410159643839	2.1334871182095574	1.1724189773730331	0.9871199586621122	1.7580156202475423	
10.65211606604683	-1.574885960165764	2.0966429070868258	1.1130214543482624	1.0201859642166762	1.776984511785268	
10.559848853471404	-1.4897166762551968	2.0550523343423803	1.0410943247780748	1.0501290788568742	1.7931929665714734	
10.450445396344948	-1.4146967081951058	2.007157320432585	0.9588678091913884	1.0764490141052492	1.8073494610154675	
10.327602121998387	-1.351610028972945	1.9520677406671556	0.8690897675847074	1.0987350786524055	1.8199260953641423	
10.196071405805267	-1.3019984925710302	1.8895682716872928	0.7748887062837356	1.1167006574804017	1.8311474190940564	
10.061040844677857	-1.266926592960292	1.820067253120423	0.6795933728847122	1.1302048062127545	1.8410032915477215	
9.927519172739364	-1.2467772806906416	1.744496434588272	0.586524571618909	1.1392585465376264	1.8492826734109489	
9.79980388246927	-1.2411101059880894	1.664174951112158	0.498778857597559	1.1440154165412022	1.855623015597185	
9.681087435286011	-1.2486032861717093	1.5806536306707948	0.41902510193700176	1.144747676371358	1.8595680969932837	
9.573234435823217	-1.2670890200572227	1.4955563576231192	0.3493332549772973	1.1418110509533832	1.8606260647124546	
9.476736987990243	-1.29368206165052	1.4104339416038394	0.2910506289357036	1.135602054121182	1.8583196644211861	
9.390833200920568	-1.3249968493236681	1.3266432536207216	0.24473578225352063	1.1265128257708519	1.8522228540482732	
9.313757689612064	-1.3574421694936092	1.2452613292604127	0.2101561703766796	1.1148887896651365	1.8419818714716214	
9.243079341743961	-1.387562187811934	1.167040660230564	0.18635097546471124	1.1009939208388348	1.8273229744649964	
9.176075304583073	-1.4123710306294266	1.0924060585402018	0.17175165351123003	1.084986244533982	1.8080515041227445	
9.110098008392052	-1.4296241076537706	1.021490179496394	0.1643478546791008	1.0669044749457912	1.784045605385332	
9.042899636711756	-1.4379847470483258	0.954201888621674	0.16188025950425586	1.0466658285927728	1.7552455046298412	
8.972887737838652	-1.4370720618191322	0.8903187779942616	0.16203891822574215	1.024074510204823	1.7216381496843232	
8.899295298725498	-1.427401027842294	0.8295923467833777	0.16264655523974456	0.9988397487201873	1.683237901733404	
8.82225850778863	-1.4102402450569158	0.7718526676141622	0.16181026405109944	0.9706015305094675	1.6400655839818625	
8.742804876311371	-1.3874167433896476	0.7170996745119448	0.15803065492830112	0.9389615966254827	1.592129070935091	
8.66276190767444	-1.361095234464724	0.6655704735390431	0.15026351564474713	0.9035170053324547	1.5394083304802515	
8.584601531709271	-1.3335554584759	0.6177756420582389	0.13793462334093942	0.8638936068831345	1.4818468799625963	
8.511238651258708	-1.3069880082650054	0.5745007689869306	0.12091180674833633	0.8197768110645348	1.4193506068348345	
8.445808585957874	-1.2833259541727304	0.53677417265389	0.09944334263962427	0.7709374538866757	1.3517936690909966	
8.391448752208001	-1.2641234489580626	0.5058046833575193	0.07407390810644544	0.717251526738853	1.2790302475013986	
8.351107543882229	-1.2504869965785261	0.48289489502323285	0.045549537733580635	0.6587133040614677	1.2009103765449405	
8.327398123598396	-1.2430587134661504	0.4693371420473405	0.014722769392049768	0.595442180522285	1.117297781883869	
8.32250565551211	-1.2420446055234053	0.4663010583239684	-0.0175326271453658	0.5276840777506023	1.028087758906295	
8.338145274730499	-1.247276096595968	0.4747226478703546	-0.050390728224264034	0.4558085141222888	0.9332236143914638	
8.375557406193918	-1.2582907210298007	0.495205077470802	-0.08312298978494971	0.38030235151376485	0.8327109477934469	
8.435519665061902	-1.2744181675660942	0.5279409776998	-0.11512808112632611	0.30176091923723486	0.7266298979984995	
8.51835209790855	-1.2948600264852186	0.5726648251441853	-0.1459445705729047	0.22087681396113068	0.6151462720246109	
8.623895573732046	-1.318754673183708	0.6286419441003022	-0.17525076393565417	0.1384262265270822	0.49852296986985284	
8.751452297525688	-1.3452218013841621	0.6946972883493419	-0.20285656670763863	0.05525230761472905	0.3771329581922137	
8.899688330233246	-1.3733847374175148	0.7692798425811269	-0.22869233390988772	-0.027754731140746856	0.2514747989961729	
9.066511319915014	-1.4023726400114864	0.850554647642388	-0.25279792176090315	-0.10968122300544772	0.12219046690949686	
9.248946903003095	-1.4313081085555057	0.9365110686930677	-0.275313236594981	-0.18961748418309274	-0.009916312360103529	
9.443044681791338	-1.4592890735366961	1.0250747166812924	-0.2964694621764393	-0.2666887653717158	-0.14386453334556956	
9.643849441609685	-1.4853763981769101	1.114212067718516	-0.3165782017066799	-0.34008883093420605	-0.2784877335250848	
9.845474111723197	-1.5085990618488414	1.2020210811936887	-0.33601454194155755	-0.40911455527523705	-0.4124381388907531	
10.041304932245437	-1.527985981076765	1.286806678237793	-0.355190066439007	-0.47319908903178654	-0.5442075100398315	
10.224353622179146	-1.5426276052169365	1.3671444140516895	-0.3745133991139652	-0.5319403854849536	-0.6721674461537825	
10.387747363912512	-1.5517632001401906	1.44193675630295	-0.3943386702760627	-0.5851215666886769	-0.7946295719926724	
10.525317518201636	-1.5548822848060566	1.510461995530329	-0.414906098698449	-0.632719456057994	-0.9099233094945134	
10.63221749305997	-1.551822769096645	1.5724096262383054	-0.4362826882757741	-0.6748988522608587	-1.016485576506412	
10.705486998954964	-1.5428471843257971	1.6278927136576893	-0.45831278411517296	-0.7119921179202385	-1.1129549105467784	
10.744475829189073	-1.5286806987391268	1.677428825370205	-0.4805885360088637	-0.7444651204238808	-1.1982612985324246	
10.75104960886403	-1.5105007103259827	1.7218880587069623	-0.5024484526751039	-0.7728722987405449	-1.2717025124162002	
10.729523339292774	-1.4898749411785115	1.762415043167839	-0.5230086279849081	-0.7978049076903274	-1.332998407349759	
10.686303816017475	-1.4686513796843585	1.80033727950194	-0.5412266842435067	-0.8198373170328104	-1.3823164205059764	
10.629264523815753	-1.4488091588710228	1.8370723802724114	-0.5559938690475069	-0.8394766264568163	-1.4202643184473467	
10.566919081188166	-1.432285046464873	1.8740424221310787	-0.5662467380627668	-0.8571207564756449	-1.4478497234098042	
10.507492885459536	-1.420795039225585	1.912597621248443	-0.5710869421415087	-0.873029467041707	-1.46640954718937	
10.458009769593659	-1.4156729298743131	1.9539468634184507	-0.5698961275340202	-0.8873114481845048	-1.477515387316919	
10.42351712163305	-1.417748234228278	1.9990917797493002	-0.5624316198082121	-0.8999291395075338	-1.4828631842267284	
10.406548679817782	-1.4272796581565845	2.048762809025992	-0.54889107889121	-0.9107201207328146	-1.484157801047696	
10.40688723349176	-1.4439534431287215	2.103360114257176	-0.5299373813198386	-0.9194321681766168	-1.4830025329541026	
10.42165135638532	-1.4669489334356973	2.1629069555028355	-0.5066783941149574	-0.9257675973832434	-1.4808030410153623	
10.44568957578606	-1.4950653950073414	2.2270256844754597	-0.4806006464246754	-0.9294314552145402	-1.4786937907521964	
10.47222903883831	-1.5268958118666223	2.29494597946065	-0.45346066171166444	-0.9301777624157883	-1.4774927059109282	
10.493697379621194	-1.5610266881685948	2.3655514629100614	-0.4271425676754151	-0.9278483309401971	-1.4776867545132986	
10.502618581878592	-1.5962390246115734	2.437465688470595	-0.4034948996867178	-0.9223996381879082	-1.4794479008378056	
10.492477406495208	-1.6316845812400484	2.5091730449135525	-0.38416255083448814	-0.9139147227628579	-1.4826756313726233	
10.45845374299659	-1.667012907708988	2.57916523504918	-0.37043092337972156	-0.9025989442928093	-1.4870594488538522	
10.39794272788794	-1.7024275308946004	2.6460991284909867	-0.36309952394641865	-0.8887602768136759	-1.4921529994040423	
10.310803325739371	-1.7386580942861307	2.7089459713286663	-0.3624006458901433	-0.8727769435959318	-1.4974501651111463	
10.199324697108198	-1.7768503128694173	2.767110089883133	-0.367972378249295	-0.8550569842389676	-1.5024540102551391	
10.06793224067068	-1.8183872312231857	2.820496682388791	-0.37889007158550525	-0.8359949481459578	-1.50673168673679	
9.922685613010714	-1.8646649899093537	2.8695147385771755	-0.39375393130675235	-0.815931267795548	-1.5099506772356832	
9.770641427674178	-1.9168522581321041	2.9150117184416646	-0.4108243239904077	-0.7951194518125675	-1.5118945007793954	
9.619162048028755	-1.9756654141713845	2.9581483470232133	-0.42819134000518955	-0.7737051368492871	-1.5124586552739272	
9.475249859488354	-2.0411911466482158	3.0002316276230876	-0.4439615246065393	-0.7517193954290332	-1.5116298213836594	
9.344975913353725	-2.1127833515251164	3.042529760871745	-0.45644277943130857	-0.7290867322603907	-1.5094530351392565	
9.233055131356155	-2.1890518203064127	3.0860935023093754	-0.4643085095089716	-0.7056462301248645	-1.5059925301562518	
9.142599120915527	-2.267947965329001	3.131605458007339	-0.4667242935684771	-0.6811827555406141	-1.5012921275764752	
9.075059936075228	-2.346940701284018	3.179275438007936	-0.4634224734230235	-0.6554641665425738	-1.4953407421463394	
9.030351790264303	-2.4232598921798765	3.2287932054085093	-0.45471703208752595	-0.6282797743613815	-1.4880474600292561	
9.007121670779233	-2.4941763744630907	3.2793430349086483	-0.44145820695991855	-0.5994756716205527	-1.4792289321669356	
9.003130052251016	-2.557283390090989	3.3296781007913356	-0.4249326242415925	-0.5689830042894197	-1.4686103134146964	
9.015693959695039	-2.6107452749248545	3.378245210907298	-0.4067212407546989	-0.536836025098527	-1.4558393297230028	
9.042139657136302	-2.653486015674324	3.4233441312043724	-0.38853189803302024	-0.5031779264799482	-1.4405114944595439	
9.080211222702557	-2.6852998141129585	3.4633021140906166	-0.3720252780391774	-0.46825394757080235	-1.4222032176702308	
9.128385692179492	-2.70687532386815	3.4966438089441745	-0.35865249361603435	-0.43239293025738945	-1.4005086697261042	
9.186056762199552	-2.7197333889638777	3.522239147444881	-0.34951998869601075	-0.3959800608267242	-1.3750758054854864	
9.253567006617226	-2.7260850836737593	3.539416321189491	-0.345293458616879	-0.3594246028021917	-1.3456370057692493	
9.332088658934575	-2.728622510711814	3.5480315270258296	-0.346148448529748	-0.32312676577730476	-1.3120302967596051	
9.423373948857867	-2.7302622686605553	3.5484902886749716	-0.3517711864086684	-0.287447743518543	-1.274208085034381	
9.529415828468974	-2.7338689804798895	3.5417199486239497	-0.36140608978539057	-0.25268599680868864	-1.2322325093766509	
9.652067175524156	-2.7419878295279614	3.529093972146041	-0.37394263704777314	-0.21906170423402188	-1.1862580944989647	
9.792671197873513	-2.7566151389153566	3.5123120066084907	-0.388030082802048	-0.18671025664248508	-1.1365039820083678	
9.951753596859868	-2.7790311005329738	3.493244673079205	-0.4022056078673627	-0.1556845608368772	-1.0832192734614023	
10.128817536304974	-2.8097102560395344	3.473757879668107	-0.415020655258704	-0.12596484440159178	-1.0266457817882744	
10.322266529480972	-2.8483153269451145	3.4555363474263676	-0.42515154298548263	-0.097473711318844	-0.9669827183493742	
10.529460123483254	-2.8937702259960725	3.439927963921779	-0.43148364532062866	-0.07009353505152162	-0.9043575537304768	
10.74688553997485	-2.944399595072959	3.4278280200636213	-0.433162811837208	-0.043683063109472745	-0.8388065057415164	
10.970408462665821	-2.998115516782144	3.4196151350106523	-0.4296124861129574	-0.018090470721547677	-0.7702668678436487	
11.195551864065992	-3.0526274244675284	3.4151419820950903	-0.42051873594448963	0.006838955215763522	-0.6985821519555591	
11.417744460173733	-3.1056469566710225	3.413772611555297	-0.40578982428820937	0.031260836575625145	-0.623519253519958	
11.632491699533064	-3.155062341557079	3.4144506968414654	-0.3854996252298694	0.05533400291198151	-0.5447954593319091	
11.835446474599843	-3.199064008880405	3.415782986326301	-0.3598246552690311	0.07922411384916885	-0.4621126696023282	
12.022386391975425	-3.2362120064992768	3.416124663713814	-0.32898445668773696	0.10310526409149588	-0.3751947740441624	
12.189142056027707	-3.2654517354432655	3.4136655281714576	-0.2931919637974186	0.12715542051022735	-0.2838271160284786	
12.331524884763105	-3.2860830467179136	3.40651045023411	-0.25262060369980244	0.15154665292540073	-0.18788819391154118	
12.445351813439812	-3.2977245550463437	3.392790801571886	-0.2073823857416707	0.17642373795207741	-0.08738982833442306	
12.526534363018795	-3.3002385244896293	3.3707542579821914	-0.1575295165433188	0.2018898423120454	0.017516085454527	
