12.821461782294598	-3.619315966719747	3.7063921728887	0.1126588774143787	0.2138246574283019	-0.4274395242364313	
12.786833644453184	-3.58970903538777	3.674708798509662	0.16158074270896816	0.2606049741691121	-0.3143523955154775	
12.692999474176048	-3.5418593143745367	3.6311727908456515	0.21160833551932812	0.30642637035140907	-0.1875620980505957	
12.54413239474442	-3.4774435106508	3.5750517671130795	0.26225451186053345	0.3509304377277575	-0.04849598238877023	
12.347197997199068	-3.39887663738274	3.505891509931754	0.3131604305574837	0.393775390490506	0.10092094681870853	
12.112012458707717	-3.309201089775156	3.4236873174285773	0.3641504583980883	0.43465309004312064	0.2582954730794245	
11.850850874582333	-3.211866154556972	3.329036025978709	0.4152632611774389	0.4733142075600354	0.4208588843964499	
11.577884268723677	-3.110508022901582	3.2232563612142764	0.4667593189402613	0.5096010363339858	0.5855590711545744	
11.308293992435898	-3.008696473583565	3.108440338531714	0.5190942381644863	0.5434834310704796	0.749178535929147	
11.057166055910205	-2.9096804252415995	2.9874117190145073	0.5728557331455897	0.5750911930720182	0.9084640492636523	
10.838248488278936	-2.816145698780252	2.8635761081424356	0.6286653669542992	0.6047345957140405	1.060267006448815	
10.66272482469016	-2.730008519329794	2.7406675301423977	0.6870529415234196	0.632905470142944	1.2016863581660275	
10.538163953631315	-2.6522638682679665	2.622416970709837	0.7483167932848923	0.6602539700488682	1.3302058616005388	
10.467793948047065	-2.5829053748114013	2.5121860805742746	0.8123874024018001	0.6875402004210258	1.4438157573184247	
10.45020638511131	-2.5209296496767637	2.4126186803784613	0.8787137016666687	0.7155643338598913	1.541109065203276	
10.479541322579465	-2.4644329697689007	2.3253619482430046	0.9461908893359003	0.7450828396059548	1.6213437560901278	
10.546138755085737	-2.410800581585236	2.2508987881317237	1.01314497820557	0.7767213411652324	1.6844643601856086	
10.637579697514886	-2.35697953000897	2.1885154411487844	1.0773829270278676	0.8108958317493105	1.731079942869772	
10.739988605367135	-2.299815772492134	2.1364072672299192	1.1363089254883467	0.8477531789158211	1.762399585620031	
10.839436662586351	-2.236425396328558	2.0919046743069427	1.1870985780026986	0.8871391399065627	1.7801309810023542	
10.923277304582957	-2.164559069317569	2.051784420670414	1.2269147039019028	0.9285980773058584	1.7863515360290627	
10.981259445146353	-2.0829121769929175	2.012621569231623	1.2531421810884844	0.9714041260169256	1.7833636770436372	
11.00630029963679	-1.991336918658995	1.9711349086734766	1.2636161749092731	1.0146190548409688	1.7735469786204925	
10.994850180359382	-1.8909252850928568	1.9244841688619425	1.2568191631380154	1.0571687889957868	1.7592188305685301	
10.946837000990145	-1.7839477000987367	1.8704875924276658	1.2320262692026918	1.0979286706616875	1.742513637991253	
10.86523219631638	-1.6736492598249906	1.8077421693254287	1.1893846904041625	1.1358071733777553	1.7252879900491986	
10.755324324398604	-1.5639244126229832	1.7356443604436549	1.1299204614166776	1.1698187396227455	1.7090559829914203	
10.623817352844284	-1.4589092474944894	1.6543243377372154	1.0554736915657397	1.199138297870993	1.694955271225793	
10.477885703785766	-1.3625429523955725	1.5645196053658446	0.9685706782848109	1.22313267359514	1.6837407297665024	
10.324316085196678	-1.278155339945709	1.4674215716049885	0.8722467297036528	1.2413675350592237	1.6757993852761748	
10.168844721395017	-1.2081394664923082	1.3645279437385949	0.7698370184139512	1.2535925404927037	1.6711787193123588	
10.015757234000391	-1.153764388253269	1.2575237774665773	0.6647553150860123	1.259711117917565	1.669621793447838	
9.867764452377658	-1.115159705502058	1.148198353511592	0.5602820955720587	1.2597432510010418	1.6706064667011062	
9.726117373630718	-1.091457586032347	1.038390568965029	0.45938236370991337	1.2537887528360891	1.6733894743325246	
9.59089348208637	-1.0810332123100859	0.9299478175870667	0.3645677934651231	1.2419956633397378	1.6770562073278839	
9.461377308639195	-1.0817715017118203	0.8246837103367235	0.277808744923091	1.2245356636107543	1.6805737011964836	
9.33646361859471	-1.0913097254512816	0.7243258211616087	0.20049333368856948	1.2015868309121989	1.682841265588118	
9.215025532948752	-1.1072377923908217	0.6304523324707614	0.1334261506764877	1.1733231737142442	1.6827336280211662	
9.096208386800459	-1.1272568765371698	0.5444236891336341	0.07685823350677773	1.139909647626083	1.6791347631415974	
8.979629061504815	-1.149299399688591	0.46732062460035545	0.03054054881687234	1.1015009657782135	1.6709637040477547	
8.865477033648899	-1.1716104505523055	0.39990096527762964	-0.006206490208338246	1.058242688758583	1.6571949579178697	
8.754525176857667	-1.1927905856380592	0.34258436795238423	-0.03441420645753294	1.0102735992543277	1.636876099481742	
8.648065393809652	-1.2118024782592312	0.29546871926810714	-0.055383190751472924	0.9577288634113513	1.609144511779484	
8.547789135637199	-1.227947525327019	0.2583760584714109	-0.0706016184139699	0.9007438092474682	1.5732444141169784	
8.455637004730372	-1.2408223752656364	0.2309204687596346	-0.0816674072437994	0.8394583666610601	1.528544226631031	
8.373643935255357	-1.250267985483807	0.21258621837927774	-0.09021581483586745	0.774022304362958	1.4745531739557507	
8.30380497747463	-1.2563230799487828	0.20280275060868994	-0.09785272007937726	0.7046012875708447	1.4109352415319842	
8.24798093365524	-1.2591893949728301	0.2010047844712634	-0.1060930074783545	0.6313835310567686	1.3375183887083315	
8.207853870513665	-1.259210586170692	0.20667037029587224	-0.11630348010627335	0.5545866616898693	1.254297170044335	
8.184930935304514	-1.2568632727383644	0.21933562095945885	-0.12965038022342146	0.47446446675126064	1.1614274512298226	
8.18058227205377	-1.252757793024621	0.2385902755567139	-0.14705238513034943	0.3913133846883906	1.059212783987077	
8.196087744399914	-1.2476456957774817	0.2640622540217768	-0.1691405547690501	0.3054786924897651	0.9480833355787812	
8.232661141176946	-1.2424290301693695	0.2954016255872984	-0.19622718859222368	0.2173602581860855	0.8285698872284452	
8.291422204309203	-1.2381636264191271	0.3322747386192173	-0.228286023524489	0.12741750674313973	0.7012768646950969	
8.37329643347059	-1.236046879229294	0.3743769490294895	-0.2649465970523147	0.03617302029630893	0.5668591740180609	
8.47883815017964	-1.2373817595354952	0.4214666308274023	-0.30550562743115045	-0.05578593458689707	0.4260075405306404	
8.607990282670523	-1.2435126714278169	0.4734148380287433	-0.34895755734732103	-0.147808679290147	0.2794461078462711	
8.759811872819828	-1.2557335958211344	0.5302572648978301	-0.39404490609638665	-0.239185945627243	0.12794436225597958	
8.932218631867268	-1.2751733428605563	0.5922314753799828	-0.4393267059061851	-0.3291589959088269	-0.027656869543226843	
9.12179096859048	-1.302666460938369	0.6597834575928161	-0.4832610880936886	-0.41693370072037644	-0.1864082891948063	
9.3237058929497	-1.338622564610123	0.7335315210927658	-0.5242964936917498	-0.5016998963718327	-0.3472094607660694	
9.531839683142454	-1.3829111839983295	0.814181304125023	-0.5609649322108472	-0.5826557003668762	-0.5087683409352841	
9.739066337093469	-1.434781381697299	0.9023931708911517	-0.591970209835123	-0.6590357254518284	-0.6695719711497842	
9.937746901879793	-1.4928334399418737	0.9986123004371323	-0.6162640451972835	-0.7301415428953247	-0.8278774323868325	
10.120374401751093	-1.555054739887427	1.1028811393635287	-0.6331035853146209	-0.7953724166389035	-0.9817310320153926	
10.280313563696575	-1.6189257949501612	1.214662389620741	-0.6420850847061137	-0.8542540994798651	-1.1290210700479422	
10.412554062902531	-1.6815960032045176	1.3327069628966737	-0.6431504095806081	-0.9064630712810604	-1.2675652873863292	
10.51437917140608	-1.7401206987078508	1.455002824003123	-0.6365655758813761	-0.9518430171039849	-1.395228498471396	
10.585841100582746	-1.7917401362739949	1.5788342310736156	-0.6228737426230179	-0.9904100544846255	-1.510059805831142	
10.62993802409568	-1.8341683815208187	1.7009650985680123	-0.6028288479570242	-1.0223438346572746	-1.6104335498146654	
10.652414676547158	-1.8658501714822378	1.8179369443878335	-0.5773198415038799	-1.0479634626683405	-1.6951752866454548	
10.661161219842077	-1.8861418521950613	1.9264463487767796	-0.5472980904849893	-1.067689955569128	-1.7636546898875358	
10.665255699866822	-1.89538113393252	2.0237462135563273	-0.5137207178834605	-1.0819999297383107	-1.8158314312333064	
10.673766756197328	-1.894828637973524	2.1080057322966543	-0.4775196809611394	-1.0913774100536158	-1.852246892119457	
10.694485849946641	-1.8864878661216353	2.178568576651123	-0.4396006486235979	-1.0962713381150668	-1.8739625082019304	
10.732779972980497	-1.8728329985086714	2.236064991485191	-0.400868378495925	-1.0970653452006633	-1.8824529534361354	
10.79074204901462	-1.8564910372874455	2.2823579730411745	-0.36226797833829105	-1.094063894484591	-1.8794684867115212	
10.866768547338047	-1.839931844622581	2.320331039692944	-0.32482627503494493	-1.0874955612637098	-1.8668842977756992	
10.955627361322257	-1.8252160506747428	2.353548250849585	-0.28967609474561223	-1.0775309773579638	-1.8465551818279131	
11.049003012765318	-1.8138385441467422	2.3858334912781136	-0.2580491631354991	-1.0643104764440456	-1.8201920094589223	
11.13643539282155	-1.806686009470005	2.4208234434614844	-0.23122999235150987	-1.0479753535651588	-1.7892723593340762	
11.206517086093589	-1.8041040890540883	2.461548716839933	-0.2104718630333098	-1.0286970774226816	-1.754992065692214	
11.248191403596923	-1.8060491874264581	2.5100928145670416	-0.1968846649550849	-1.006700229489037	-1.7182583528744981	
11.25199629241325	-1.8122882404915135	2.567370006155074	-0.19131078243148017	-0.9822764070096431	-1.6797198544147316	
11.211118486373428	-1.8226082015065603	2.6330501884486406	-0.19420786374386315	-0.9557872667946864	-1.6398248598644096	
11.122149857205468	-1.8370005689859028	2.7056411226364743	-0.20555595926771977	-0.9276555946556686	-1.5988966808883263	
10.985472826570128	-1.8557901103601084	2.7827172068809456	-0.2248023508772975	-0.8983443228665267	-1.5572139327886898	
10.805244521268822	-1.8796814140142832	2.8612621175050994	-0.25085222389923234	-0.8683249819847385	-1.5150837653627027	
10.588996659581161	-1.9097063525523816	2.9380746987627666	-0.28210842199792996	-0.838038966612299	-1.4728976491446075	
10.346913192012948	-1.9470732584439103	3.010178083550455	-0.31655912323363655	-0.8078567240377699	-1.4311620396189477	
10.0908831800937	-1.9929423984189414	3.0751735227946084	-0.35190789422349433	-0.778040823514799	-1.3904997752479067	
9.833445443963248	-2.0481731902710076	3.1314917707628105	-0.38573583042921733	-0.748718423314005	-1.3516221006318991	
9.586741420649643	-2.113095542291629	3.1785137148003697	-0.41568106153573503	-0.7198672525282083	-1.3152753106563873	
9.361579233150685	-2.1873470249610425	3.21655491607276	-0.4396183812203297	-0.6913174819668946	-1.2821694430690238	
9.16669297481236	-2.2697966573234134	3.2467310937152534	-0.45582221466387646	-0.6627698747693356	-1.2528985486048192	
9.00825504986476	-2.358557000254806	3.2707370126029978	-0.46309964001710335	-0.6338284180926292	-1.2278624279723547	
8.889669473531155	-2.451077086472207	3.2905758681985744	-0.46088415096476554	-0.6040438169459704	-1.2071989763422148	
8.811642500875122	-2.5443053347087896	3.3082747501263463	-0.4492839286213326	-0.5729629256774471	-1.1907349267275076	
8.772498854414215	-2.63490784262315	3.3256179149796146	-0.4290806718169248	-0.540178625037499	-1.1779608539894535	
8.768689847173714	-2.7195214807652164	3.3439255277741506	-0.4016776282757387	-0.5053747940863836	-1.168033839689983	
8.795424232522643	-2.795016454682592	3.3639007808549	-0.36899920712743234	-0.4683617580717391	-1.1598084478159365	
8.847343704566459	-2.858742538792445	3.385561284075969	-0.33334914568305163	-0.4290987772387157	-1.151893892617618	
8.919163595782681	-2.908736168298538	3.4082605469842804	-0.29723863433188497	-0.3877017240698394	-1.1427327044928077	
9.00620761445047	-2.943869816878274	3.4307933656613945	-0.26319914485050455	-0.34443598807358655	-1.1306940895668527	
9.104783760740506	-2.963930186879747	3.451567618082336	-0.2335964350815486	-0.2996965151194318	-1.114173810074988	
9.212372859782583	-2.9696187599333226	3.4688170406300225	-0.21046202233095201	-0.2539782814222005	-1.0916919129893343	
9.327626049863708	-2.962477380067543	3.4808263629800438	-0.1953561902029469	-0.20784117859906676	-1.061980019040587	
9.450190296345676	-2.944750257258353	3.4861413918295523	-0.1892725751692512	-0.16187330126557162	-1.0240511550738436	
9.5804004893177	-2.9191984313181076	3.483740833054957	-0.1925893748375497	-0.11665617479565916	-0.9772471831222521	
9.718891216732375	-2.888883169359079	3.473152257746298	-0.20506724674430465	-0.07273474073251644	-0.9212614755039291	
9.866189551645036	-2.856934817842352	3.45450103943356	-0.22588964770150594	-0.03059409317510565	-0.8561372148645456	
10.02235216107193	-2.826325285983761	3.4284889017730666	-0.25373797819087096	0.009355912559423273	-0.7822440693712975	
10.186705218463032	-2.7996638174445976	3.3963085454912125	-0.28689146346539834	0.046788088833538924	-0.700237703697351	
10.357730307305292	-2.7790342298293496	3.359511332776858	-0.3233403584089161	0.08145863722086141	-0.6110076470526338	
10.533114858307988	-2.765887638406628	3.3198517059993877	-0.36090183811627313	0.1132036720998075	-0.5156189302023882	
10.709955212902093	-2.7609980614847864	3.27913344406065	-0.39732978762674204	0.14193488831915857	-0.41525235446789827	
10.885070698402057	-2.76447956131235	3.2390784155035943	-0.4304125578513693	0.16763772497525384	-0.3111472965417943	
11.055364863055832	-2.775854414833326	3.2012298376812742	-0.45805614097725605	0.190374425911021	-0.20454970888467938	
11.218159824425646	-2.794154481811154	3.1668919554477304	-0.47835347480322915	0.21029268342566454	-0.09666651949189628	
11.371433656181607	-2.8180334493828907	3.137099190625458	-0.48964297181847544	0.2276385127838011	0.011373851966762013	
11.513908337246402	-2.8458661708818083	3.1126018018007757	-0.49056058422015153	0.2427700732268473	0.11855627591233946	
11.644964597324876	-2.8758148037472857	3.0938528141911656	-0.4800895123685181	0.25616776767318056	0.22401063392014026	
11.764395017776815	-2.905852852516703	3.0809826007702426	-0.45761064401411217	0.2684351515771224	0.327041611267364	
11.872045568132403	-2.93375536837184	3.0737559864841417	-0.4229523626084605	0.28028613591820245	0.42715566359282164	
11.967421849449059	-2.957080983481271	3.071515490760582	-0.3764384178300088	0.29251413661014763	0.5240843878613848	
12.049368171432524	-2.973175161244984	3.0731367766588016	-0.31891601607828773	0.30594623540964216	0.6177967382394154	
12.115882249081572	-2.9792277613673432	3.0770027742101584	-0.25177692227917675	0.32137690227613186	0.7085057256534805	
12.1641921091349	-2.972385108519769	3.081059673027993	-0.1769096537086166	0.3395064279609077	0.7966431304085535	
