12.465187509419469	-3.2077528821356527	3.416196870519709	-0.2447030152194917	0.1424803816980135	-0.1792895366893761	
12.423461636109675	-3.2440793600725395	3.4029805040402072	-0.1910405614591693	0.17169657243363157	-0.09886580467793352	
12.331867406851845	-3.2704911407285544	3.3853993958636526	-0.12693537792983772	0.20140628660435014	-0.012410523675836605	
12.19407115535043	-3.2845170655564186	3.3625425115005667	-0.05329139788964425	0.23151430837485049	0.07961008455166424	
12.015939283125988	-3.284068691243325	3.333707525768603	0.028499935094386825	0.2618617220579991	0.17654750504898778	
11.805621795845608	-3.2676868631428566	3.298527138547713	0.11659090076637205	0.2922290804591049	0.27756347602587245	
11.573095799004241	-3.2347126846004475	3.257053571202985	0.20882875110235868	0.3223614187884024	0.3816572582703321	
11.329647638538122	-3.185389294299816	3.209806417622892	0.3028935834308	0.3519984506905393	0.4876865360771066	
11.087092423984812	-3.1208612829772324	3.1577618081683885	0.39645918530600005	0.38091162862391514	0.594402290037701	
10.856880908931121	-3.0430754936408024	3.102279872946096	0.48733790628673385	0.4089392565901404	0.7004905647203847	
10.649163075601363	-2.9545951070037586	3.0449723781691764	0.573600768347701	0.43601392522423227	0.8046228323026879	
10.471931922372685	-2.858353696626698	2.9875247442350075	0.6536595571528188	0.46217657249310523	0.9055121485624288	
10.330355856909708	-2.7573812776034727	2.9314955716615243	0.7263062532139877	0.4875739443149649	1.0019719598914376	
10.226389606575719	-2.6545357727352004	2.878122811604535	0.7907105487955285	0.5124388602248692	1.092973021129282	
10.158722774066359	-2.5522724649084605	2.828167686597613	0.8463815867748735	0.537055579200532	1.1776930025392003	
10.12307619465344	-2.452480159998807	2.781822917676592	0.8931050495906747	0.5617156026023115	1.2555533821938625	
10.112801162202425	-2.3564015497653803	2.7386989759449607	0.9308694174596975	0.5866710398161173	1.3262396916008976	
10.119700298624956	-2.2646420606815667	2.697887317071072	0.9597943867471369	0.612092764604878	1.3897025683330773	
10.134961746482901	-2.1772571328451784	2.658084723820927	0.9800721000324195	0.6380393646678308	1.4461391229786762	
10.150090644972977	-2.0938962218251818	2.617753479134703	0.991927785406846	0.6644406075949105	1.495956250105888	
10.157730604746835	-2.013975722744046	2.5752907102496936	0.9956017543556296	0.6910965582693498	1.5397193927765924	
10.152288900665527	-1.9368534743835883	2.529185627353839	0.9913504804861158	0.7176911530202359	1.5780917074557304	
10.130308566218186	-1.8619832042305804	2.4781516941613626	0.9794614760886549	0.7438172884646127	1.611769494905162	
10.090565162633867	-1.7890350948326248	2.4212280790464202	0.9602753431944004	0.7690094409879039	1.6414201139343976	
10.033901790690381	-1.7179753162528197	2.3578490380475023	0.9342086898573851	0.7927794964084676	1.6676282657392383	
9.962846953264203	-1.6491010817643263	2.2878814000011913	0.9017730608407128	0.8146517715063253	1.6908554430806813	
9.88108158130709	-1.5830287040318831	2.21162985415227	0.8635866097503241	0.8341937679195933	1.7114158636559045	
9.792838001643124	-1.5206351489542596	2.129811394386708	0.8203770170056097	0.8510401340010064	1.7294694775463444	
9.702308189350088	-1.4629571852449164	2.043500838213675	0.7729750313130681	0.8649083215532317	1.7450302131963253	
9.61312849697746	-1.4110580058441782	1.9540512583574936	0.7222983033617961	0.8756051899705966	1.7579854725247996	
9.527992543407551	-1.3658784534710047	1.8629961768523504	0.6693252097399469	0.8830246499259756	1.7681212670430404	
9.44842403179015	-1.3280973857300777	1.7719429890548455	0.6150586483404068	0.8871374339068362	1.7751472650052358	
9.374719099714682	-1.298030170294875	1.6824681195587055	0.560481110571628	0.8879751344687954	1.7787179392146488	
9.306046300304274	-1.2755900639076005	1.5960231435221128	0.5065048823690638	0.8856113041461571	1.778449454284406	
9.24067548600955	-1.2603205986171144	1.5138579365062492	0.4539239625505798	0.8801421822738462	1.773935099084467	
9.176297656843431	-1.2514827914507185	1.436963488252056	0.40337534534672226	0.8716686308023307	1.7647627034652142	
9.110396134818124	-1.248162631872608	1.3660351561899706	0.3553153875333322	0.8602799637842531	1.7505347520342815	
9.040631457387216	-1.249364962559195	1.3014577449462892	0.31001314828765053	0.8460402878115034	1.7308878368810694	
8.965202451318348	-1.2540786453290638	1.2433142470606775	0.2675587321641273	0.8289783542883119	1.7055064093240084	
8.883149228535594	-1.2613191082109172	1.1914185471185905	0.22788262304360662	0.8090818114762339	1.674127991968784	
8.794568505971734	-1.270161792403012	1.1453711842806928	0.19078244451945184	0.7862964184893911	1.6365401561931239	
8.700719199883697	-1.2797756210052882	1.1046353800008348	0.1559540840761728	0.760530458348514	1.592571591932232	
8.604006092346237	-1.2894589110067145	1.0686282712353958	0.1230245338261364	0.7316643071257766	1.5420803613604066	
8.507840472043757	-1.2986750552545783	1.036819338362019	0.09158409679298692	0.6995647372424858	1.4849425451788438	
8.416389664644287	-1.3070819170093082	1.0088251911498034	0.0612158182666337	0.6641030056300317	1.421044228602344	
8.334241575272836	-1.3145476862068841	0.9844885310896984	0.031520201412844485	0.6251752221450826	1.3502790705340335	
8.2660226168381	-1.321147904919824	0.9639300893837698	0.0021336811275229736	0.5827230954804826	1.272552595892496	
8.216013978171954	-1.3271426773224795	0.9475655220419326	-0.027259832354261933	0.5367530527311478	1.1877931150995693	
8.187810063952178	-1.3329374061628836	0.9360836912844058	-0.05692387512803535	0.48735196349533844	1.0959680870087578	
8.18405717027934	-1.3390333580639286	0.9303872346304485	-0.08706933174841673	0.43469797375697017	0.9971037316882343	
8.206294956498835	-1.3459763101892819	0.9315018968748313	-0.1178569147961368	0.37906573004852845	0.8913051667926578	
8.254905974323126	-1.354310561254253	0.9404643527633854	-0.14939965274927128	0.3208258212578161	0.7787743261766423	
8.329164136485625	-1.3645429019194502	0.9582004559030208	-0.18176331746973073	0.2604386102856149	0.6598233409643669	
8.42736145291699	-1.3771178619968445	0.9854072254968563	-0.21496382631653024	0.19844290716793206	0.5348819390209925	
8.54698590627609	-1.3924029975384027	1.0224523885611667	-0.2489621269833424	0.13544012754056683	0.40449853406388936	
8.684921996942018	-1.4106815891900486	1.0693047246396106	-0.2836584279619058	0.07207477541626259	0.2693358441630484	
8.837648403712313	-1.4321496754599614	1.1255060705633808	-0.3188884502462601	0.009012323795812247	0.13016290131861888	
9.001412893275665	-1.4569147190612626	1.190190990296666	-0.35442438017991823	-0.05308418505646172	-0.012154014581127845	
9.172371438883774	-1.4849941668974398	1.2621527965023447	-0.38998230641911663	-0.11357733430463582	-0.1566588431619546	
9.346685460467945	-1.5163128594760737	1.3399459417605872	-0.42523628119474	-0.1718769175598916	-0.30230943008201766	
9.52057831868493	-1.5506980707787439	1.422007443760219	-0.4598372916290633	-0.2274588209543389	-0.44797651925110227	
9.690361156733033	-1.5878708030859725	1.5067762335068684	-0.49343386268883543	-0.27988054566099	-0.5924389967436852	
9.85244890247398	-1.6274336899900734	1.5927923688239372	-0.5256904108797664	-0.32879333914084896	-0.7343781021967593	
10.003393510822258	-1.6688600521657313	1.6787659885891568	-0.5562997420589593	-0.3739508745951396	-0.8723748371569354	
10.13995844559108	-1.7114918587207861	1.7636145381074684	-0.5849867996565137	-0.41521410423989796	-1.0049152966707933	
10.259246344225856	-1.7545537681976886	1.8464741021510638	-0.6115021226979976	-0.45255155713724593	-1.1304082212174174	
10.358877114429925	-1.7971859485646593	1.9266939111559103	-0.6356055206915786	-0.48603426492517016	-1.2472177944970868	
10.437201776916439	-1.8384927465539433	2.0038214835860573	-0.6570429628296776	-0.5158247550247885	-1.3537127972233702	
10.493527817825859	-1.877600470851748	2.0775815044955475	-0.6755219953553042	-0.5421599923007137	-1.4483308922763778	
10.528321292781763	-1.9137162506775525	2.1478479207511847	-0.6906924779455527	-0.5653286149157397	-1.529654284811589	
10.543339625808445	-1.946179641699451	2.214608140123307	-0.7021397092912305	-0.5856433232522202	-1.5964905922381734	
10.54164299863141	-1.9744984316663887	2.277920331038985	-0.7093961253329522	-0.6034099694728596	-1.6479510623436915	
10.527436764296086	-1.9983610421269267	2.3378678006081732	-0.7119757261478212	-0.6188959584545263	-1.6835168659711344	
10.505725711154014	-2.017623340568893	2.39451658357176	-0.7094315879493885	-0.6323015742763144	-1.7030855464692303	
10.481798314931176	-2.0322750915174845	2.44788213840076	-0.701432387499285	-0.643738104624259	-1.7069923142810992	
10.460598118925972	-2.0423969486661857	2.497909781572321	-0.6878492332000667	-0.653216292569978	-1.6960037051993118	
10.44607053093518	-2.0481204969480373	2.544471696680363	-0.6688403293505153	-0.6606475127304154	-1.671284376652341	
10.440586403490805	-2.049601005651199	2.587381070727357	-0.644919280022253	-0.6658583830496114	-1.6343405418680321	
10.444537047248714	-2.0470075086370243	2.626420997370916	-0.6169937234997411	-0.6686175943555661	-1.5869455567674908	
10.456171504373133	-2.0405301236933426	2.6613825379515843	-0.5863643455106636	-0.6686719091426797	-1.531054425472533	
10.471711309513466	-2.0304014945138715	2.6921038696200976	-0.55467940132619	-0.6657869067776782	-1.4687145090078502	
10.485737225225806	-2.016928120799957	2.7185020727371487	-0.5238456567256053	-0.6597874050227003	-1.401979579195815	
10.491803624014576	-2.0005280308518953	2.7405912650715956	-0.495902127885914	-0.6505926557775432	-1.3328335712516215	
10.483205782050451	-1.9817727413896846	2.758484731616091	-0.4728673303054109	-0.6382421051574252	-1.2631290890589466	
10.453801130467632	-1.9614309926896896	2.7723835858929924	-0.45657459121448285	-0.6229084883904548	-1.1945441045532872	
10.398778831114184	-1.9405083136678667	2.7825591956521696	-0.4485112405815965	-0.60489688660439	-1.1285573831264486	
10.3152818406536	-1.9202709845745891	2.7893383470779334	-0.44967717206531493	-0.5846298058687182	-1.0664408858434093	
10.202803946625975	-1.9022406814745583	2.793098524141239	-0.4604773948130262	-0.5626199207922539	-1.0092654999845057	
10.063314043579943	-1.8881491600935254	2.794275902937079	-0.4806606597853768	-0.5394335621763624	-0.9579152136316753	
9.901096786465896	-1.879849429732254	2.7933827290327096	-0.5093119564752006	-0.5156490836734341	-0.9131044610330691	
9.72233725896523	-1.8791883494033652	2.7910261620371166	-0.5449009829117094	-0.4918147363490623	-0.875393773316511	
9.534510899987781	-1.8878531285479525	2.787918999182469	-0.585382476357659	-0.46841052121472015	-0.8451999402264445	
9.345662533510197	-1.9072090856801769	2.784874181264266	-0.6283386840933257	-0.44581775320919115	-0.822798432332018	
9.163666571532508	-1.9381472350460072	2.782779001161418	-0.6711502694327762	-0.424298968869973	-0.8083176057348028	
8.995554442807581	-1.9809582313645338	2.7825501619291	-0.711180312702125	-0.4039895389934637	-0.8017258803150492	
8.846982569534113	-2.035247635402837	2.7850754642196107	-0.745955954805091	-0.38490126937418123	-0.8028148041147669	
8.721890653365886	-2.099903932751697	2.791150186122607	-0.7733332217776177	-0.3669366686641526	-0.8111817212078667	
8.622369386177438	-2.173126381879852	2.8014151384159462	-0.7916337376530556	-0.3499114180966216	-0.8262160087425481	
8.548731821118814	-2.2525140498355545	2.816301530819908	-0.7997445567160768	-0.3335821119846262	-0.8470927747171915	
8.49976058827257	-2.335208640168611	2.8359862882287135	-0.7971755651368421	-0.31767621174248883	-0.8727772019658484	
8.473087759089431	-2.4180766833803418	2.8603602885397548	-0.7840727333679137	-0.3019214401449845	-0.9020417729132667	
8.4656557256785	-2.497914748404955	2.88901108357267	-0.7611891474101848	-0.28607229413330826	-0.9334974832101236	
8.474204987527019	-2.571663850417103	2.9212213601139845	-0.7298183534890905	-0.2699318715087787	-0.9656388770865819	
8.4957370992431	-2.636621397666695	2.9559851167320033	-0.691695899771872	-0.2533677965508887	-0.9969013429	
8.527907634936097	-2.6906372719690435	2.992045057505801	-0.6488756991119136	-0.2363216724366293	-1.0257277278357912	
8.569314695899124	-2.732277482077372	3.0279559180997127	-0.6035887564966538	-0.21881204819137148	-1.0506401971853068	
8.619660903251697	-2.7609391829581935	3.062177894835581	-0.5580928473399404	-0.20093113498427345	-1.0703123922152413	
8.67977766080292	-2.776904701409167	3.0931999124541187	-0.5145232664416174	-0.1828355188138766	-1.0836357809311488	
8.751514789086205	-2.781330516509874	3.119684628047781	-0.47475492702503896	-0.16473146607465436	-1.0897742983764913	
8.837505567951812	-2.7761704565164558	3.1406190535259895	-0.44028507612702594	-0.14685564297184106	-1.0882018482197409	
8.940825447015737	-2.76403656468192	3.1554480746507223	-0.41214492854331836	-0.12945267863845228	-1.0787185121818788	
9.064572321563263	-2.748005837937087	3.1641663783018434	-0.3908466571081303	-0.11275168617705997	-1.0614433738009874	
9.211406934533436	-2.7313858987053488	3.167348646924975	-0.37636955603407035	-0.09694436771347793	-1.0367842571085018	
9.383101980841564	-2.717457533840509	3.1661077354069946	-0.3681858787696398	-0.08216742266186595	-1.0053870322591578	
9.580154194385818	-2.7092164005795967	3.161983441467409	-0.36532309173154737	-0.06849146425830188	-0.9680691448289968	
9.801510952979827	-2.709138841119299	3.1567767972274927	-0.3664556213222483	-0.05591752529629264	-0.9257434648118006	
10.044449597753852	-2.71899611659719	3.1523532261674605	-0.370016271274316	-0.0443807619204101	-0.8793392657365591	
10.304625332308245	-2.7397361532807083	3.1504406954954893	-0.37431594400937085	-0.033759595837912514	-0.8297270006313868	
10.57628032724262	-2.77144413846364	3.1524476661992904	-0.3776602528127925	-0.02388775799189487	-0.7776529858543246	
10.852579604309552	-2.8133806011748965	3.159320738195036	-0.3784526489622646	-0.014566442629779207	-0.7236889489528074	
11.126021928122384	-2.8640843263771583	3.1714531075122565	-0.37527711948513076	-0.005574376565853902	-0.6681993484239402	
11.388868143082949	-2.9215215465322193	3.188646763490969	-0.3669568837523929	0.003325263976100368	-0.6113277213498403	
11.633533742215146	-2.983259090644738	3.21012392184911	-0.35258895266685764	0.012380732913412934	-0.5530017704047838	
11.852901784936833	-3.0466373903064095	3.234578031360808	-0.3315562724455901	0.02184897285078472	-0.49295527857237414	
12.040555151281957	-3.1089283078361563	3.260255344234457	-0.3035238742479487	0.03199102676143242	-0.43076498871352664	
12.19089842130381	-3.16745669115981	3.2850573165029875	-0.26841748270695037	0.04306507546058923	-0.36589700821656085	
12.299313590041482	-3.2197133741324797	3.306669636118768	-0.22640619766739695	0.05531009659108473	-0.2977651902137384	
12.36215085085984	-3.263404908629058	3.3227024505817564	-0.1778553566992495	0.0689322043211711	-0.2257852276440686	
