12.016388241019293	-2.987625437153453	3.5103595837819217	-0.2978890144224552	-0.022699386249269	-0.3395343286696867	
12.002249853856705	-3.0324504585020797	3.5055270152523645	-0.2653720564155447	-0.0034483736396677	-0.24976430332222374	
11.956236550093719	-3.0740825945287584	3.490347090447212	-0.22665986104087732	0.016799592401590794	-0.15604485147695188	
11.879974116299422	-3.1106579003340493	3.4638669987736344	-0.18105036515533102	0.03782647905927438	-0.05843276810270756	
11.776442765845005	-3.1403847418542727	3.4256787111268654	-0.12802773833792752	0.05935174461695694	0.04286775356440477	
11.650193459797999	-3.161695957965311	3.3760587609626853	-0.06729437729100762	0.08104626937536132	0.1474781764493087	
11.50721401550129	-3.1733805168760574	3.315981783298305	0.0012331581814930357	0.10256740337979167	0.2548488036339167	
11.354675962823501	-3.174656026846992	3.24709587177041	0.07742295661514634	0.12359500676403903	0.36426588528023235	
11.200442447900986	-3.1651807596485595	3.1716189339880643	0.16093264931081663	0.1438710037639313	0.4748772302254525	
11.052420151028416	-3.1450047555581215	3.0921793943941127	0.2512102490752687	0.16323375991567987	0.585730886431902	
10.917816522908737	-3.1144756759295205	3.0116071734234726	0.34749151768023534	0.1816424308833228	0.6958261915117496	
10.802413390978973	-3.0741211176758396	2.9326939361042554	0.44879429973929963	0.19918632821540255	0.8041725332711432	
10.709970913399106	-3.0245316629323318	2.85794644935858	0.5539133064477442	0.2160770159069504	0.9098505785790796	
10.64186055465809	-2.9662666457044065	2.7893625267651543	0.6614198571533132	0.23262367953243004	1.0120699769173518	
10.596991247362327	-2.899799920729038	2.728260021603193	0.7696718484489684	0.2491951446571094	1.1102174328761933	
10.57204036011032	-2.8255152874760836	2.675183134115212	0.8768384760734419	0.2661744495664061	1.2038897109398672	
10.561946362236801	-2.7437508895899243	2.629896598273905	0.9809425531795606	0.28391288552940486	1.2929079811214172	
10.560585347777737	-2.654882510767805	2.59146514833622	1.079921468230228	0.30268994958070056	1.3773115290664601	
10.561530877162557	-2.559428421191292	2.5584025833858757	1.1717051220073227	0.3226842468353911	1.4573309770563496	
10.558793203393293	-2.4581547181210195	2.528865541618405	1.254306465243612	0.34395818910239045	1.5333433362032785	
10.547446937479682	-2.3521606463076585	2.5008637408475365	1.3259180346365091	0.3664570060329039	1.6058131668952365	
10.524080161088802	-2.2429276881297957	2.472461109132329	1.3850066002808434	0.39002062206811117	1.675225618156797	
10.48702686768327	-2.132322416924229	2.4419488593591137	1.430397771210678	0.41440560633045354	1.7420179883223976	
10.436373613432984	-2.022549057435056	2.407978896877785	1.4613429330512113	0.4393136750288539	1.8065166375755852	
10.373757556058546	-1.916052605056019	2.369651552754016	1.4775620240621077	0.4644229953655918	1.8688855484470899	
10.301994282870705	-1.8153779310267364	2.3265549262174274	1.4792572320062065	0.48941868360508234	1.9290916135630616	
10.224589666743933	-1.7229964336409633	2.278754533244567	1.46709405871594	0.5140191240268985	1.9868903531250832	
10.14520373503607	-1.6411184996947847	2.2267364992748533	1.4421504587846525	0.5379952916584138	2.041832920132449	
10.067133404499648	-1.5715131308778583	2.171311168368715	1.4058373273243063	0.5611810703869958	2.0932930663542537	
9.992875870326031	-1.5153565193050356	2.113488448701798	1.359796437135948	0.5834734310144157	2.1405107193490793	
9.923821903118286	-1.4731285117952138	2.0543403228827772	1.3057845572210414	0.604822489869793	2.1826470729541994	
9.860109132767528	-1.444570615351397	1.9948680220050181	1.2455543468881065	0.6252127314856177	2.2188450112458207	
9.800643491409117	-1.4287122131076984	1.9358904840605322	1.1807435159825674	0.6446378206649958	2.2482883317962474	
9.743276090587539	-1.4239639075477195	1.877966813005287	1.1127833315299132	0.6630722541183934	2.2702536106138536	
9.685105560660316	-1.4282695056953545	1.8213595211444602	1.0428356339353724	0.6804434833848322	2.2841496154607293	
9.62286401591163	-1.4393018210681208	1.7660390186725206	0.9717642095718422	0.696608027870074	2.2895408276491445	
9.553339767989145	-1.4546824435955927	1.711724739742762	0.9001420425134852	0.7113344953120982	2.286153706459044	
9.473790669587856	-1.4722017734904915	1.6579557668129343	0.8282917434375249	0.7242956297965386	2.2738662564954506	
9.38230584673009	-1.4900131960821448	1.6041824591119271	0.7563519313576356	0.7350703980152273	2.2526835006503445	
9.278084166220598	-1.5067790793974962	1.54987035179079	0.684358955093868	0.7431558196611673	2.2227031482932604	
9.161606477934097	-1.5217532568139882	1.494607976807827	0.6123325452558683	0.7479875732964536	2.184076228824807	
9.034687522756732	-1.534793820605983	1.4382098977787041	0.5403541732497733	0.7489677803740108	2.1369677891396424	
8.900403477921767	-1.5463094475945685	1.3808061528130966	0.46862866881856047	0.7454979015735947	2.0815226738318198	
8.762901845664867	-1.557150093415248	1.3229096286430606	0.3975225228630514	0.7370143612332394	2.017840956579177	
8.627110766620483	-1.5684582106834364	1.265453809102074	0.32757571087193804	0.7230243911826638	1.945966624877453	
8.498373982554254	-1.5814996711807972	1.2097949086107669	0.2594872767129856	0.7031396579049025	1.8658916028382073	
8.382045217099058	-1.5974938299081654	1.1576745995016753	0.19407791381421033	0.6771054552498876	1.7775753533802399	
8.283081163484056	-1.6174591745242228	1.111142409804653	0.13223507941806006	0.644823572269454	1.6809784501208762	
8.205674242332014	-1.642085743174298	1.0724403650437238	0.07484748849922115	0.6063673837092436	1.5761068496008748	
8.152966707404131	-1.671641447814674	1.043856798839291	0.022736434769599904	0.5619879171279708	1.4630617943580215	
8.126878063940415	-1.705915151839307	1.0275613382195399	-0.023409011034591386	0.5121108171877479	1.3420890254990774	
8.12806254616373	-1.7441973080096318	1.025435140392237	-0.06308748139120318	0.4573248841883688	1.2136207069878713	
8.155995190016936	-1.7852985717377603	1.0389116124822988	-0.09602763076787015	0.3983634855735729	1.0783039083894155	
8.209165004474372	-1.8276056529548323	1.0688427390712305	-0.12221519121311866	0.3360806045373037	0.9370109928570032	
8.285337494866718	-1.8691712811368264	1.1154046122505052	-0.1419043947133798	0.2714233667987314	0.7908295925282265	
8.381839121029996	-1.9078320934087776	1.178052468296019	-0.15561502828692694	0.20540265738211064	0.6410327117618007	
8.495814715229626	-1.9413456394486979	1.2555303144452141	-0.16411764059851497	0.139062972368327	0.48903244578326216	
8.624416362421194	-1.9675360790636531	1.345933757827506	-0.16840987061635165	0.07345204341358678	0.3363232703090599	
8.764898624114345	-1.9844375762222546	1.446818272777828	-0.16968632143718065	0.009590185621005097	0.18442223768106653	
8.914618097668333	-1.9904251001761433	1.5553401594742164	-0.1693030854990602	-0.05156107340571328	0.03481324557045928	
9.070960939207342	-1.9843238173357989	1.6684150868820395	-0.1687362093151235	-0.1091314311661474	-0.11109909982343705	
9.231245135348054	-1.9654907416896543	1.78287872897909	-0.1695320655897082	-0.16237487005844736	-0.25202317643389077	
9.392654528157815	-1.9338678150056845	1.895637713054039	-0.1732471430409184	-0.21070202460696438	-0.38680232010215526	
9.552251787164204	-1.8900087645812673	2.0038062057832082	-0.18137508012711392	-0.2537091139388143	-0.5144282400155774	
9.707089850165147	-1.8350835909507413	2.104829553350402	-0.1952607509186729	-0.29119955315183893	-0.6340501329547676	
9.854405862945827	-1.770863512225496	2.1965992231510736	-0.21600415485251973	-0.32319398667998767	-0.7449834387073346	
9.991852973246077	-1.6996863537152538	2.2775601806319323	-0.2443602795845067	-0.34992522114224023	-0.8467207357126691	
10.11771285444519	-1.6243986124904224	2.346803763723197	-0.28064430057757606	-0.3718163055749168	-0.9389452146941624	
10.231035930185932	-1.548266840153417	2.404130642250072	-0.32465376121239503	-0.3894423825898812	-1.0215450140976898	
10.331671413181539	-1.4748493142201808	2.4500648957119058	-0.37562017560547567	-0.4034793567790945	-1.0946249198953981	
10.420169480140602	-1.4078209994255906	2.4858043488499266	-0.43220140682499686	-0.4146444172027094	-1.158510914281007	
10.49755927545852	-1.3507507591525094	2.5131026358181208	-0.49252313502745	-0.4236346479570393	-1.2137430890560994	
10.565027509470402	-1.3068400704006133	2.5340904516949214	-0.554273790347407	-0.4310705421249042	-1.2610532675694486	
10.62354407020555	-1.27864476960467	2.551055826996231	-0.6148495768294261	-0.4374507550948848	-1.3013265185852656	
10.67349391407829	-1.2678113091062344	2.566208257847835	-0.6715399259150089	-0.44312273700331983	-1.3355484278410976	
10.714380537467614	-1.2748660824199152	2.5814530606973687	-0.7217378582812786	-0.4482719515690956	-1.3647424291442285	
10.744661852249225	-1.2990960291848184	2.5982016258153156	-0.7631548899249774	-0.4529300259700033	-1.3899035269748194	
10.761762832832972	-1.338550316243385	2.617239785815675	-0.7940180798639962	-0.4569997210990141	-1.4119357855101111	
10.762283059931104	-1.3901774194083771	2.6386702004526104	-0.8132278261240169	-0.4602924052912953	-1.4316008225691341	
10.742385041251952	-1.4500913321998803	2.6619354728828917	-0.8204588247668417	-0.46257218890833623	-1.4494831689719947	
10.698316929886708	-1.5139386185648471	2.6859176297565024	-0.8161926170677559	-0.46360043319638816	-1.465976053286313	
10.626998509041309	-1.577320351003603	2.7090986865617115	-0.8016776606882167	-0.4631750567808132	-1.4812885184668063	
10.526588263673753	-1.6362152044852065	2.729758930332824	-0.7788210456496709	-0.46116057684323486	-1.49547222431366	
10.396950785904767	-1.6873524783390645	2.7461864339524373	-0.7500229918070436	-0.45750650608505405	-1.5084641939534849	
10.23995357481314	-1.7284918274176166	2.7568724870471226	-0.7179715721073355	-0.4522532765452798	-1.520139811131588	
10.059549991382037	-1.7585837235279451	2.760674550979224	-0.6854195796351661	-0.4455266509806232	-1.5303689488803185	
9.861631140073616	-1.777800747260541	2.7569368578274087	-0.6549648632143761	-0.43752262657014385	-1.5390681300399272	
9.653659104357812	-1.7874462177588586	2.745565132359335	-0.6288542307027317	-0.42848560021714943	-1.5462421066741654	
9.44412152780321	-1.7897604226519412	2.7270557319008293	-0.6088273675700684	-0.4186829219305784	-1.5520096402493997	
9.24186861592871	-1.787652811898616	2.702480710382003	-0.596011931589718	-0.4083789723441957	-1.556610319001575	
9.05540627563529	-1.7843909991857185	2.6734302850278815	-0.5908751664385166	-0.39781168761491437	-1.5603916231691246	
8.892222600300174	-1.78327618352086	2.641914662469437	-0.5932320092719835	-0.38717405750627165	-1.563777778772756	
8.758219197750156	-1.7873319172922948	2.6102293937853425	-0.6023052533950614	-0.37660249185926503	-1.5672239183155532	
8.657304475548	-1.7990304155571792	2.5807924331409273	-0.6168298623261201	-0.3661730572058143	-1.5711605219087523	
8.591184384826915	-1.8200775723034581	2.5559655222049145	-0.6351908889563997	-0.35590551656623803	-1.5759339590196904	
8.559365770205718	-1.8512754658118946	2.5378765534542236	-0.6555826996658979	-0.34577412218511766	-1.581749636353476	
8.559359061947793	-1.8924730130584129	2.5282610964102488	-0.6761748476704483	-0.3357230614246922	-1.588624138918143	
8.58704683436057	-1.942605577134704	2.5283382088217783	-0.6952706164414574	-0.3256839544625408	-1.5963516039253847	
8.63717417597695	-1.9998171118251578	2.5387310968914636	-0.7114455759910683	-0.315592773447695	-1.6044883388078088	
8.703908237686687	-2.061651140266677	2.5594370254697107	-0.7236551986957193	-0.305403866605567	-1.6123579795255574	
8.781411464088885	-2.125290509705543	2.5898448809173127	-0.7313031375254793	-0.2950994633094058	-1.6190775917085483	
8.86437540028237	-2.1878208330694062	2.6287947635928406	-0.7342651114520753	-0.28469393941164167	-1.623603220994929	
8.948469237878765	-2.2464907169601256	2.674672592398847	-0.7328674979758131	-0.27423301306524933	-1.6247916633099915	
9.030668089182607	-2.2989447031910286	2.7255328556692757	-0.7278242921613777	-0.2637886915491698	-1.621473774093615	
9.109438513519391	-2.34341121218259	2.7792423646195337	-0.7201402652399786	-0.2534510840482788	-1.6125335478992864	
9.184771726142891	-2.3788345267143005	2.8336362064805205	-0.7109911992839016	-0.24331819273510188	-1.5969866094718812	
9.258066059209433	-2.404943874494974	2.8866749914453345	-0.7015936102960273	-0.23348466810005022	-1.5740516711220425	
9.331870664154195	-2.422254301294221	2.9365904884243097	-0.693077363986774	-0.22403052433593362	-1.5432085277721161	
9.40951784369747	-2.4320002313058144	2.982007552124403	-0.6863739068821681	-0.2150109062088479	-1.5042379471082588	
9.494678999603344	-2.4360071213317576	3.0220318968861917	-0.682130557232585	-0.20644812794146913	-1.4572402253061045	
9.590888809299685	-2.436513222791663	3.0562954628295342	-0.6806585385064935	-0.19832720374884677	-1.4026308972144963	
9.701088433665989	-2.4359595017301503	3.084954743379005	-0.6819184356927581	-0.1905957611411659	-1.3411140866436677	
9.827238981309296	-2.436769869589279	3.108642221319961	-0.6855420657310963	-0.183168621674784	-1.273635965459516	
9.970050218957788	-2.441145490578253	3.128376424206141	-0.6908851093708938	-0.17593657056477624	-1.2013225079713756	
10.128856527323816	-2.450895607040402	3.145441061958059	-0.6971010299893082	-0.16877803613008352	-1.1254069595390388	
10.301653182070474	-2.4673228834574767	3.1612471810545615	-0.7032244355298656	-0.16157169432338622	-1.0471530837661098	
10.485283263138324	-2.4911740796869144	3.177193540979418	-0.7082514989693709	-0.1542075698250773	-0.9677802892680099	
10.675742368480261	-2.5226577077072094	3.194539111300431	-0.7112064740177195	-0.14659418184452847	-0.8883960873853509	
10.868549314035311	-2.561520897691954	3.2142984458980934	-0.7111863019125149	-0.13865971181211478	-0.8099404542655558	
11.05911640148924	-2.6071659940190677	3.2371654767372293	-0.707379830129736	-0.13034627948073124	-0.7331450953081294	
11.243054895391154	-2.658779044726716	3.2634648896831657	-0.6990637445176009	-0.12159806228435964	-0.6585084485991989	
11.41636748739342	-2.7154406451289237	3.2931261690400433	-0.6855819278538641	-0.1123457252434164	-0.5862859215649715	
11.575508754994104	-2.7761940960991245	3.325673290738837	-0.666318363737133	-0.10249120730439158	-0.5164936881158365	
11.71733009677394	-2.840059424513484	3.360224891443338	-0.640673881348913	-0.0918973895404405	-0.4489240611033151	
11.838968803044944	-2.9059940323878863	3.3955039787425343	-0.6080571817553244	-0.08038741028227352	-0.38316989177103883	
11.937739120082634	-2.9728288535620755	3.429867716304536	-0.5678904664314712	-0.06775413844995201	-0.3186577714075551	
12.01113724870186	-3.0391839077696834	3.4613636801739776	-0.5196419144432126	-0.053783593483874174	-0.2546851707892534	
12.056902488624194	-3.103446730042832	3.487840709213563	-0.4628544725266952	-0.0382786205934141	-0.1904688642986239	
