12.286584478210097	-3.298709846746206	3.461138560785602	-0.1526241893220191	0.0601241567871251	-0.0069287452471496	
12.240719477308485	-3.3290305555413044	3.4598184110703905	-0.07349017910106197	0.08751340360089144	0.08269645222948714	
12.165996823222274	-3.345960772998967	3.446574046358512	0.014068602333143488	0.1166884317397597	0.17526061549107957	
12.065773715075867	-3.3480254880470945	3.4209039669234467	0.10894070594113789	0.14743144747973597	0.2703943148022032	
11.944612866038431	-3.3343130597518895	3.382862884660916	0.20979959904784717	0.17948689264359502	0.3676029801190145	
11.808329247667524	-3.3046228094943166	3.333185836432348	0.3151098494088298	0.21257409174312786	0.46624441202640576	
11.663417683718036	-3.2593757929067464	3.2731771628292994	0.42322525632583424	0.2464211162287338	0.5655611359564016	
11.516567935865814	-3.1995488196164636	3.204630810001154	0.5324346961766349	0.28078666893169935	0.6647049979915871	
11.374041827895043	-3.1265396985754084	3.1296752810147437	0.6410120591380506	0.3154785420732081	0.7627797595846882	
11.241090984742273	-3.042021168500613	3.0505957831842334	0.7472495484442289	0.3503613477447475	0.8588899792609408	
11.121490915112059	-2.947795347772265	2.969645104119986	0.8494820489006492	0.3853528848540815	0.9521940173905733	
11.017261484576842	-2.845673750212493	2.8888730233493507	0.9461061055059717	0.4204106294219803	1.041954842457005	
10.928598112695305	-2.7373932211750103	2.8099917091053928	1.0355990537381896	0.45551138576239397	1.1275841892690637	
10.854011913896123	-2.6245715514311314	2.7342887892896037	1.1165426061858295	0.49062786273591236	1.2086756938665786	
10.79064895946182	-2.508699761918504	2.66259209867538	1.1876534075835747	0.5257062035787531	1.2850233438902874	
10.734737408760273	-2.3911621621436008	2.595281674079602	1.2478211101127266	0.5606480268565317	1.3566229397698693	
10.682102610847041	-2.273272715848475	2.532338575737968	1.2961527201618517	0.5952995003955446	1.4236556464127805	
10.62868062713665	-2.1563161496422056	2.473419407731916	1.3320171475147262	0.6294492664830352	1.4864533789978354	
10.5709610265994	-2.0415828744890487	2.417940262178387	1.3550853775106178	0.6628344592701744	1.5454513236522376	
10.506321381076512	-1.9303906561974398	2.3651622522106606	1.3653616351293876	0.6951532948805051	1.6011324277542551	
10.433228139467925	-1.8240879115232942	2.31427421663851	1.363200912319807	0.7260824344760404	1.6539690437879877	
10.351293229939627	-1.7240356986825378	2.2644690612756575	1.3493093633017077	0.7552969871889343	1.7043672493216826	
10.261191967601357	-1.6315681671951046	2.2150105528824438	1.3247254231454857	0.7824909650461995	1.7526188299251608	
10.16446149633451	-1.5479338190279401	2.1652873596079125	1.2907808219018102	0.8073962168466026	1.7988647709951078	
10.06320865622998	-1.4742257478051586	2.1148490255437995	1.249040501771458	0.8297974223847419	1.8430748969171957	
9.95978159026929	-1.4113120840699955	2.0634220978512894	1.20122792763609	0.8495417828803089	1.8850443020376648	
9.856447194091986	-1.3597759655680892	2.0109075360605138	1.1491415486302485	0.8665430194112415	1.9244057114534807	
9.755110214748882	-1.319871955757696	1.9573613459043049	1.0945687545304776	0.8807796410169212	1.9606563561771129	
9.657104075291087	-1.2915019747407925	1.9029611546048193	1.039204399669105	0.8922879661319226	1.9931964574576546	
9.563073772951203	-1.2742099440394066	1.8479615126958944	0.9845801539761729	0.9011507644451904	2.021375073180532	
9.472960013311186	-1.2671917271592288	1.7926404524735569	0.9320088271030307	0.9074825524542355	2.044538065521714	
9.386087635017528	-1.269320759411579	1.737241752373527	0.88254834301242	0.9114126492918937	2.0620713119265637	
9.301334552647003	-1.2791878780627748	1.6819213211699615	0.8369845537836774	0.9130677918823261	2.0734328304094385	
9.217352746334898	-1.2951554790648403	1.626707000328599	0.795829663030265	0.9125554674182714	2.078171596856341	
9.132813551774301	-1.3154246338569964	1.5714816280031068	0.759332804570382	0.9099490218225813	2.0759332172681653	
9.046649646835402	-1.3381125998301824	1.5159965264687896	0.7274982381608712	0.9052757358653573	2.0664545497258686	
8.95827010924383	-1.3613398979316875	1.4599170449955101	0.7001068668817158	0.898509189866142	2.0495506456715686	
8.867730896828418	-1.3833287436357378	1.4028953484127331	0.67673827531279	0.8895672690563163	2.0250980421711047	
8.775837856630297	-1.4025081858128812	1.3446580687834155	0.6567948265981199	0.8783172930978773	1.9930185640075782	
8.684171356376115	-1.417609119845537	1.285091713780901	0.6395287076376545	0.8645874542324335	1.9532682031806232	
8.595032423771679	-1.427729622144249	1.2243137284515986	0.624072913901968	0.8481825385346924	1.9058330158774581	
8.51131555480411	-1.4323569839902417	1.1627208204017963	0.6094757621132972	0.8289017956383673	1.850731554254808	
8.436322008994065	-1.4313459484296092	1.101009424653642	0.5947366734499385	0.8065569462837967	1.788022024704217	
8.373531778547983	-1.4248651668082872	1.0401659799598724	0.5788406825641133	0.7809887993082478	1.7178120394452814	
8.3263516097096	-1.4133302473238	0.9814266811743388	0.5607902416852357	0.7520815013360003	1.640269568404045	
8.297860102803654	-1.3973379433459376	0.9262064622554302	0.5396339497740501	0.7197730830900286	1.5556336510217865	
8.290575780093166	-1.377611542899546	0.8760043534895467	0.5144928123854506	0.6840615688749161	1.4642237386374288	
8.306266329028997	-1.3549592138063253	0.8322935439735347	0.48458571166494296	0.6450067167705822	1.3664465473147005	
8.34581623266324	-1.330243209321767	0.7964052807653472	0.44925514784491843	0.6027275689348652	1.2627989084652664	
8.409165125247595	-1.30435690648026	0.7694179163430895	0.40799362809605777	0.5573964225835765	1.153865425935373	
8.49532168544938	-1.2782064705295308	0.7520631084361459	0.3604702886883358	0.5092301539595916	1.0403102686462	
8.602449037680735	-1.2526947898411842	0.7446600078967127	0.3065570180795028	0.45848007173125416	0.9228631538693954	
8.728015900874206	-1.2287067653710264	0.7470909912113421	0.24635067876586705	0.4054214714892869	0.8023000704742489	
8.868988039289121	-1.2070954572323254	0.7588238541959942	0.18018884286788828	0.35034452799222915	0.6794214183206843	
9.022031318264192	-1.1886676408686856	0.778976429695042	0.10865742345575947	0.293547608789634	0.5550305994373357	
9.183700736982255	-1.1741671282093162	0.8064163997377068	0.03258749272558602	0.23533352662090673	0.42991597596876974	
9.35058993587137	-1.164254114998646	0.8398831948967463	-0.04696060804396916	0.17600876772490734	0.30483900376977713	
9.519422806628997	-1.1594789321911074	0.8781154723039687	-0.12872686572067135	0.11588506923805904	0.18053053816587658	
9.687081169049968	-1.1602487211171804	0.9199672794877214	-0.21129471166976235	0.0552821038767264	0.05769607199755427	
9.850578200205542	-1.1667886353599526	0.9644954479288321	-0.29314690814589406	-0.0054705472368118055	-0.06297080899742147	
10.007009113607237	-1.1791024964608199	1.0110060104415741	-0.3727290243590807	-0.06603388605975047	-0.18077010837584018	
10.153518669229001	-1.1969389266299466	1.0590593352462208	-0.44851487998559797	-0.126063382333222	-0.29497673682568554	
10.287318023404746	-1.2197704679409633	1.108439200544599	-0.5190689521632886	-0.18521636305946965	-0.4048261304123299	
10.405770011674557	-1.2467920384528752	1.1590964024412487	-0.5831007388531274	-0.2431621510096709	-0.5095086278649424	
10.50654346288243	-1.2769430231443741	1.211080608405335	-0.6395072631206355	-0.2995934952461669	-0.6081761161659266	
10.587820043155668	-1.308954669977088	1.2644743275652393	-0.6874020647424287	-0.3542374966318298	-0.6999631492715049	
10.64851535195828	-1.341422816297596	1.3193410206547171	-0.7261291535906799	-0.4068637164645303	-0.7840230062434517	
10.688462934704177	-1.3728985313134587	1.375695853054104	-0.7552635907775674	-0.45728745614665667	-0.8595753546040832	
10.708521848847319	-1.4019860439534455	1.4335004813552013	-0.7746036596991109	-0.5053674184830834	-0.9259606196309378	
10.710574766047202	-1.4274367920525621	1.4926793589259273	-0.7841585096972407	-0.5509975079510487	-0.9826952085128529	
10.6973991610988	-1.4482272486057113	1.5531520392835907	-0.7841356515116646	-0.5940935004152632	-1.0295211140503449	
10.672413385906525	-1.4636096855468697	1.6148734477202968	-0.7749321894600301	-0.6345762314953023	-1.0664437710126748	
10.63931841764627	-1.473129134035735	1.6778727545073369	-0.7571329228958327	-0.672353613162012	-1.0937536961710932	
10.601674881461376	-1.476603404101211	1.7422799838490173	-0.7315156186155694	-0.7073045072004327	-1.1120270832227557	
10.562481997622202	-1.474073387320671	1.808330785362474	-0.6990615521640883	-0.7392678038913807	-1.1221044532415985	
10.523815430229405	-1.4657389711459934	1.8763457093174627	-0.6609682879394995	-0.7680386393056111	-1.125051402210552	
10.486569561054235	-1.4518943364388786	1.9466841568505429	-0.6186590175619308	-0.7933728355356902	-1.12210455108867	
10.45033883739414	-1.4328755093905314	2.0196777215048534	-0.5737825888380681	-0.8149996021971548	-1.1146074505844485	
10.413456511731468	-1.4090299933301165	2.0955515984815594	-0.5281986043244964	-0.8326414401620983	-1.1039419121254577	
10.373190704542857	-1.3807147386774603	2.174344876750657	-0.4839429155257713	-0.8460393687126876	-1.0914601661638994	
10.32608629375156	-1.3483252426104537	2.2558431551597824	-0.44316894589612155	-0.8549806630909353	-1.078423561211343	
10.26840817465537	-1.3123522163655157	2.3395367654528023	-0.408064951509438	-0.8593250683220147	-1.0659542036355025	
10.196627023195722	-1.2734571153079761	2.424609965572422	-0.3807509606452638	-0.8590265841938629	-1.0550020749877531	
10.10789644634881	-1.2325547726081747	2.509964371218629	-0.3631600148622247	-0.8541483606561318	-1.0463287769520861	
10.000468434617037	-1.1908890229146905	2.5942762715253602	-0.35691135278202013	-0.8448689057540308	-1.040507437608829	
9.874000427907868	-1.1500860647388862	2.6760840820079244	-0.3631852339349979	-0.8314787420311271	-1.037936542623451	
9.729721464258494	-1.1121710325572192	2.753899721684313	-0.38260914169162286	-0.8143677641591486	-1.0388638836142803	
9.570430497525715	-1.079532261156426	2.8263353325382017	-0.4151688642870129	-0.7940040307735861	-1.0434166234471876	
9.400324183859107	-1.0548253662226346	2.89223026680439	-0.460159324879161	-0.7709064770308671	-1.0516323626994946	
9.224692790109101	-1.0408233677337533	2.9507647597512543	-0.51617835502799	-0.7456151492602735	-1.0634862940543461	
9.049519658105774	-1.0402231470484418	3.0015478140107286	-0.5811680160650148	-0.7186615076109053	-1.0789121415317429	
8.881029519832587	-1.0554262717115874	3.0446684613562285	-0.6525034473090735	-0.6905413171823602	-1.0978152416488245	
8.725232630570467	-1.0883168468444773	3.0807032758916773	-0.7271248700437329	-0.6616922167834058	-1.1200771150330793	
8.587505301763048	-1.140058535168857	3.110677962195794	-0.8017048204319793	-0.632477400001385	-1.1455517537605855	
8.47224335376012	-1.2109341316767606	3.1359831822590816	-0.8728411700520822	-0.6031767771055232	-1.1740547868364015	
8.382625421598075	-1.3002512772700148	3.1582524814969455	-0.9372588217872055	-0.5739866412573195	-1.2053481082305826	
8.320492946195465	-1.4063177805770322	3.1792179931545164	-0.9920043548829197	-0.5450267152138691	-1.2391225934988699	
8.286349882286336	-1.5264915812015876	3.2005557011396797	-1.0346221995073652	-0.5163534743705194	-1.274981503866514	
8.279476227128827	-1.6573046517313315	3.2237334782157947	-1.0633007186806915	-0.48797797272564497	-1.3124268946098652	
8.298139602641113	-1.7946537888204235	3.2498752456125772	-1.0769782224803084	-0.45988598286530613	-1.3508509663836061	
8.339880779597264	-1.9340455079190748	3.2796532734641204	-1.0754024561977709	-0.43205818172411015	-1.389533741652086	
8.401845909799828	-2.070879315721361	3.3132213675490827	-1.0591367278326977	-0.4044882266815191	-1.4276485653150561	
8.481125552115113	-2.200742329784341	3.3502011828417118	-1.0295077627913694	-0.37719640900564516	-1.4642765983406043	
8.575059880610851	-2.3196890415986595	3.389719220227075	-0.9885066132087986	-0.35023768745980904	-1.4984292223460727	
8.681482211343292	-2.4244862053888125	3.4304909866693785	-0.9386490473251227	-0.32370363457059387	-1.529077623424822	
8.798876076148098	-2.512802738803458	3.4709436413838186	-0.8828058091409405	-0.29771840992855314	-1.5551878782970707	
8.926429894539744	-2.583329155987183	3.5093642576788007	-0.824015714887139	-0.2724296097579253	-1.5757592105484826	
9.063985456847222	-2.635819787876659	3.5440588356557368	-0.7652951246721237	-0.24799546071503026	-1.5898628937634147	
9.21188657768267	-2.6710564278546522	3.5735068198661497	-0.7094566874900797	-0.22457018438094212	-1.5966790229943864	
9.370751474729195	-2.6907375953204014	3.5964923946533176	-0.6589538781821024	-0.2022898982775933	-1.5955270538132773	
9.541210181446754	-2.697317446709156	3.6122019907790746	-0.6157592878974216	-0.1812608551249754	-1.5858885651319532	
9.723641624232805	-2.6938073721095077	3.6202824151872766	-0.581280560279759	-0.16155101862481344	-1.5674211027244704	
9.917944577657746	-2.6835548091232018	3.620857000568442	-0.5563160016144915	-0.14318551329483212	-1.5399627105435951	
10.123371865466535	-2.670014744359264	3.6145009746360346	-0.541048979755315	-0.12614594480247282	-1.5035276783542486	
10.338448072678569	-2.656528905885292	3.602180772885324	-0.5350771328182522	-0.1103730375976625	-1.458294939312859	
10.560982580035065	-2.6461266767963623	3.5851631807416418	-0.5374718473378995	-0.09577165580904798	-1.4045906930401484	
10.788178053828489	-2.6413657429154953	3.5649027623071086	-0.5468631836698458	-0.08221689003108308	-1.342866647452275	
11.01680496449303	-2.644218042831793	3.5429210421511055	-0.5615373102231879	-0.06955928607032169	-1.273677027557114	
11.243409255399987	-2.656000961809036	3.520685414415286	-0.5795406559950873	-0.05762807233014667	-1.1976552645150258	
11.464513425490473	-2.6773514679247676	3.499495045895248	-0.598785382621291	-0.046231840604572874	-1.1154910458506744	
11.676771401575806	-2.708238451704686	3.480379283271801	-0.6171515119347196	-0.03515699552175018	-1.027908145211812	
11.877046931906547	-2.7480066241461207	3.464011699691545	-0.6325824220286105	-0.02416529511789339	-0.9356431733446887	
12.062401692817964	-2.7954455321550298	3.450642327372629	-0.64317150194946	-0.012992818586664142	-0.839425241998702	
12.230005248879882	-2.848878777531363	3.4400567974865837	-0.6472338068854525	-0.0013531428245921436	-0.7399575063546185	
12.377016089163181	-2.9062631296877526	3.4315637208772714	-0.6433673111213427	0.011051723128216288	-0.6379003119093952	
12.50047974132179	-2.965290623170747	3.42402635984875	-0.6304802603691125	0.024517089142248785	-0.5338609916672373	
12.59733042506025	-3.023505530908911	3.4159221905939816	-0.6078487302594336	0.03930330952462685	-0.4283795546782404	
12.664465830407377	-3.0784073855835072	3.4054887155188047	-0.5750528244058598	0.0556242382242923	-0.3219391921522844	
