12.372195479234367	-3.3875963627403816	3.351733584631551	-0.2941537399569421	0.0338304282934197	-0.22061390396493	
12.347828517425205	-3.4393504422325463	3.3869962789251615	-0.22167676207238887	0.05497989124978328	-0.15148575411142787	
12.284160851986346	-3.4823585649029436	3.4161974740378946	-0.14338967572563976	0.07854498279171483	-0.07879718629097124	
12.181423157083405	-3.5145649780060713	3.4367679967044085	-0.05983037597791521	0.10445205254835824	-0.0017702892425400154	
12.041767558387143	-3.53408255183874	3.446491423950022	0.028332673393056087	0.13247907260762803	0.08022690889189513	
11.86976855594626	-3.5393852913405213	3.4437206858408644	0.12030589734583243	0.16225076936048496	0.16761225923347742	
11.672400812593358	-3.529479948940213	3.427529847144307	0.2152186387612864	0.193282428235913	0.2605479944645208	
11.458878303991682	-3.5040237571338633	3.3978282394246597	0.31216568828702573	0.22502639175157993	0.35890422358379337	
11.240121656577772	-3.46336555287189	3.355396325379076	0.41025263673115464	0.2569347876633864	0.46224462785147774	
11.02795403334339	-3.408503767404005	3.301840804001341	0.5086274170078734	0.28852305317577986	0.5698331657013386	
10.834078760826536	-3.340969028226063	3.2394641762955025	0.6064931991911521	0.3194274634392985	0.6806644277990196	
10.66896734857711	-3.2626495878841233	3.1710578919447396	0.7030992429671475	0.3494473940054246	0.7935157192017523	
10.54080334699339	-3.1755842958808618	3.0996372686135243	0.7977118334628074	0.37856562353069734	0.9070173264889311	
10.454639162297456	-3.081754314848517	3.0281487226624093	0.8895720475535869	0.4069427391519001	1.019734638734365	
10.41187871368107	-2.9829054951590486	2.9591857242383286	0.9778504829074801	0.4348868003783359	1.1302540101221152	
10.410154504995534	-2.880427666724489	2.8947480292965087	1.0616099985633924	0.46280271809523876	1.2372646233867723	
10.443613138143718	-2.775308327213276	2.836074014242383	1.1397867231460876	0.4911289650622229	1.3396289243168487	
10.503566061025857	-2.6681647960320736	2.783565022504479	1.211196893803629	0.5202710396498728	1.4364355930718304	
10.57941390426559	-2.5593439741141735	2.736805662729346	1.274573029891171	0.5505411316951788	1.5270310769222202	
10.65972153847793	-2.4490660893933174	2.6946685850983716	1.3286282007453274	0.5821117862380351	1.6110280449006795	
10.733311367099459	-2.3375815824998947	2.6554806350178484	1.372142475642308	0.6149885249772774	1.6882914296687657	
10.79025480554971	-2.225310662397847	2.6172225397071003	1.4040620713466592	0.6490030293899298	1.7589048300961672	
10.822662275103038	-2.1129413492476616	2.5777368447640403	1.423598883883533	0.6838258799566495	1.8231212860969943	
10.825203788599763	-2.0014728255955014	2.534923507611794	1.4303171889872686	0.7189950510271059	1.881304387415537	
10.795341366113172	-1.8922033979660147	2.4869111132323494	1.4241972825285776	0.7539547530664296	1.9338662610887636	
10.733283549732676	-1.7866690956185818	2.4321974015288	1.4056683315531482	0.7880995093262353	1.9812082801864932	
10.641698674778894	-1.6865433326996475	2.3697551826432317	1.3756062370361868	0.8208187363367834	2.023669837413988	
10.525241406992208	-1.5935105351368166	2.299101194333793	1.3352960287133773	0.8515379829012947	2.061489353440909	
10.38995619098762	-1.509128032410925	2.220326140269149	1.2863618308948148	0.8797539334392257	2.0947801711438303	
10.24262363344468	-1.4346912014495197	2.1340846050788507	1.2306704943007005	0.9050610599608222	2.123522347538034	
10.090113406777352	-1.3711162988593086	2.0415445504416905	1.170217360308676	0.9271684092785396	2.147569765301794	
9.938800024669403	-1.3188525140731964	1.9442982422200992	1.1070038739098091	0.9459056526130251	2.1666705421016115	
9.794091372907832	-1.277831840775643	1.844239129403891	1.0429175618217028	0.9612179680761483	2.1804975780082176	
9.660103881878268	-1.2474591257246108	1.7434157687954275	0.9796244589568966	0.9731509070087755	2.1886843032288716	
9.539495488508086	-1.2266427494596355	1.6438760092201925	0.9184810406617893	0.9818273518136406	2.190860367064693	
9.43345299466046	-1.2138684648909641	1.5475151136757268	0.860470974961343	0.9874192052979338	2.186682650728006	
9.34181648229096	-1.2073171332298303	1.4559411185132884	0.8061705341075432	0.9901169281089601	2.17585872022062	
9.26331245808034	-1.205019129155705	1.3703689807375288	0.7557450387085985	0.9900999044052385	2.158162202998964	
9.195860793216445	-1.2050267598514568	1.2915523273633085	0.7089766550056376	0.9875099801604705	2.133441105281355	
9.136919281669888	-1.2055785717783019	1.2197579691910836	0.6653209178206714	0.9824297718888096	2.101620082407793	
9.083832823134973	-1.2052316104254295	1.154784329107116	0.623986043981722	0.9748668337454883	2.0626968266789287	
9.034159254014371	-1.202948146682777	1.0960218301240163	0.5840267692109832	0.9647444984559326	2.0167323944791957	
8.985945445169838	-1.1981338104002088	1.0425514469818713	0.5444432424216218	0.9519001784951712	1.9638359698613772	
8.937933366110283	-1.1906346065665467	0.9932726314757778	0.5042751309021879	0.9360910690571902	1.904146083380148	
8.88968325369728	-1.1807028773856871	0.9470503913109913	0.46268362081963876	0.9170070072639084	1.8378108414663086	
8.84160634792578	-1.1689408744623255	0.9028686518803083	0.41901573453048074	0.8942899492770259	1.7649700641189126	
8.794906802696428	-1.1562273832409922	0.8599753088993061	0.37284722088290845	0.8675590356344102	1.6857422453497066	
8.751440746829275	-1.143629909595338	0.818004361129794	0.32400199847107	0.8364396893678514	1.6002187988936614	
8.71350948561361	-1.1323048189692069	0.7770616344011805	0.27254772719704967	0.8005947268573076	1.5084671160750731	
8.683612056409622	-1.1233908581681584	0.7377625517406828	0.2187688237642896	0.7597551758607537	1.4105426570094983	
8.664187619742856	-1.1179055212590971	0.7012136845425054	0.16312031719644426	0.7137485111404803	1.3065089147883773	
8.65737912276552	-1.1166559627719883	0.6689343637509488	0.10616793454872066	0.6625221674511992	1.1964629385912229	
8.66484723861422	-1.1201755036913579	0.6427224247963245	0.04852197099040614	0.6061602806479631	1.0805630637093377	
8.6876507846855	-1.1286913649205041	0.6244786725885825	-0.00922647832785979	0.5448928790620248	0.9590554854444	
8.726196845482558	-1.142125770807563	0.6160092312954526	-0.06655964028556638	0.4790971767313242	0.8322967153047749	
8.7802524991937	-1.1601289321697854	0.6188289373599446	-0.12307156000203764	0.4092912155232611	0.7007696235722018	
8.849001158078657	-1.1821378111713867	0.6339894945883374	-0.17848718303872355	0.33612059069620337	0.5650917620724107	
8.93112168742606	-1.207450347769843	0.6619531091419607	-0.23266104611699237	0.2603392855641877	0.4260158075745398	
9.024868311505234	-1.235302553295487	0.7025263021685425	-0.28555761361026244	0.18278575239429495	0.2844230624491853	
9.128134202438016	-1.2649360613682885	0.7548605466964208	-0.33721796478602745	0.10435534533516164	0.14131173725185978	
9.238491202691145	-1.2956459355222676	0.8175173178932894	-0.387719288822587	0.025970065261669138	-0.002217973527441304	
9.353212108020672	-1.3268023414754366	0.8885875299903996	-0.4371341708039914	-0.051453603840777004	-0.14498057983639007	
9.469296151796435	-1.3578461875471552	0.9658461637819145	-0.4854960473936583	-0.12703776231566768	-0.28572311029271175	
9.583526541136093	-1.3882666154423908	1.0469182525139298	-0.5327745236227156	-0.19997608974485606	-0.42314455540799817	
9.69258734429855	-1.4175726449058947	1.1294357841975255	-0.5788612252249334	-0.26956546143895327	-0.5559187671691708	
9.793252779432134	-1.4452724382345095	1.2111707984195703	-0.6235643955582578	-0.3352343109478142	-0.6827230100580645	
9.882640806360108	-1.4708719251426052	1.290138737731231	-0.6666089287984208	-0.3965654753883754	-0.8022739969341474	
9.958502499072495	-1.4939006139428572	1.3646745852491722	-0.707638255254257	-0.4533111868344611	-0.9133721046486252	
10.019505578770135	-1.5139665558373028	1.4334896298910451	-0.7462153213054096	-0.5053981582562057	-1.0149527653837223	
10.065467126225856	-1.5308348916915018	1.4957173690703613	-0.7818215242778686	-0.5529213013096688	-1.10614212226023	
10.097495305000903	-1.5445165002806647	1.55095383504432	-0.8138544840922933	-0.5961254392271689	-1.1863124774063099	
10.118003681652203	-1.5553454498616297	1.5992905551142755	-0.8416279195155373	-0.6353750160533121	-1.2551308529672403	
10.130577225183085	-1.5640217252775097	1.6413339101568363	-0.8643782837188083	-0.6711137310501798	-1.3125938468409328	
10.139685439026023	-1.5716003488284735	1.6782018641648855	-0.881283193327507	-0.7038172321247237	-1.3590432392447962	
10.150253254126753	-1.5794160097869754	1.7114875490652914	-0.8914960436114516	-0.7339429368307786	-1.3951580363439282	
10.167122277839162	-1.5889445316048312	1.7431815829501505	-0.8941991465536763	-0.7618820853821879	-1.4219213083981443	
10.194456797811178	-1.601616217442091	1.775549790998209	-0.8886746571366879	-0.7879194884331799	-1.4405631419707092	
10.235166049832028	-1.61860808078479	1.8109697808028806	-0.8743888551885027	-0.8122059313679788	-1.45248388033804	
10.290421066222294	-1.6406487164928243	1.851737457990066	-0.8510817393279189	-0.8347467571661981	-1.4591641531799087	
10.35933736465985	-1.667869062893582	1.8998614646220233	-0.8188512695062132	-0.8554079891323976	-1.4620696763349437	
10.438875512858784	-1.6997253729740756	1.9568679093028019	-0.7782206359403513	-0.8739390262102551	-1.462559174268219	
10.52399095664869	-1.7350122102766472	2.0236416567096436	-0.7301759226127826	-0.8900089675621402	-1.4618042320359383	
10.608020828903415	-1.7719666755350445	2.100325092168422	-0.6761659792801421	-0.9032512555677505	-1.4607282343939378	
10.683270089849607	-1.8084537530816676	2.186286870524734	-0.618059849856646	-0.9133109404196514	-1.4599691129153027	
10.741737783549791	-1.842212981214532	2.2801639027188734	-0.5580610657459016	-0.9198888171049946	-1.4598686236759693	
10.775905603794298	-1.8711380123929762	2.379969607516207	-0.49858306457480245	-0.9227771569258174	-1.4604883118913543	
10.779501308526998	-1.8935550134212047	2.4832537683396416	-0.4420946171283129	-0.9218829529591713	-1.4616497050903332	
10.748150322002083	-1.9084635677895463	2.587295479016092	-0.3909480538099196	-0.9172364062396371	-1.4629938662900668	
10.67984182834232	-1.9157057711500378	2.6893103643845833	-0.3472058959360507	-0.908984539074118	-1.4640534762776032	
10.575160724098811	-1.9160370140220873	2.7866550502208662	-0.3124826957846769	-0.897371885134951	-1.4643293495645964	
10.437265709776073	-1.9110843555931423	2.877013603043242	-0.2878187315555088	-0.882711591792721	-1.4633629004071145	
10.271620223736944	-1.9031942879742174	2.9585496144886263	-0.27360181798663324	-0.8653511700956943	-1.460796010073103	
10.08552225190984	-1.8951928265435132	3.03001171537898	-0.2695453717541931	-0.8456376788270935	-1.456412066292005	
9.88748729121864	-1.8900875872880394	3.0907848702635894	-0.2747257878950368	-0.8238865378143793	-1.450155175549888	
9.686550454475817	-1.8907466218004816	3.1408857521594444	-0.2876761022582877	-0.8003576701172077	-1.442127577468086	
9.49156004019663	-1.899591046663001	3.1809069859744845	-0.30652683195781777	-0.7752416666200054	-1.4325679306815164	
9.31053303557485	-1.9183374624489131	3.211920304782588	-0.3291797966664428	-0.7486572439627408	-1.4218148463674256	
9.15013331399364	-1.9478206303581385	3.235352294870708	-0.35349715388281433	-0.7206596247799661	-1.4102608927513862	
9.015316835858851	-1.9879162715563894	3.2528479671243486	-0.37748643291889716	-0.6912578656001953	-1.398302520479365	
8.909165955621269	-2.0375696702834416	3.266135857742843	-0.39946359583503893	-0.6604379382598422	-1.386291077707428	
8.832915076067529	-2.094924057961035	3.2769035112364215	-0.41817855971920714	-0.6281878274637986	-1.3744896823785857	
8.78614773364088	-2.1575310396941867	3.2866873324697847	-0.432891215315964	-0.5945208610531503	-1.3630403203114563	
8.767122465817925	-2.222615104212848	3.296776897587751	-0.44339391590429467	-0.5594944462768641	-1.351943812281465	
8.77318280748025	-2.2873615873528412	3.3081344944476494	-0.44998096646527225	-0.5232225832210275	-1.3410540235869362	
8.80120286035453	-2.349194204707285	3.3213339260691996	-0.4533710309348787	-0.4858815681896418	-1.3300862735720684	
8.848021468046634	-2.4060113141682007	3.33652572548964	-0.4545931196214092	-0.4477091311144893	-1.3186385457814307	
8.910823079123825	-2.4563579232883606	3.3534373859943893	-0.4548500982065259	-0.4089977380637061	-1.3062229090273492	
8.987430313015352	-2.4995202076573477	3.3714156672166364	-0.455375106151669	-0.37008301128630516	-1.2923035713666968	
9.076481705816036	-2.53553895131743	3.389512958760132	-0.45729584821877955	-0.33132831632183385	-1.27633732795619	
9.17747874138704	-2.565147377794778	3.4066120060453424	-0.46151943312163773	-0.29310661978977154	-1.2578120597323232	
9.290696087752753	-2.589644744658476	3.4215749831058133	-0.46864804984334896	-0.2557808751932308	-1.2362791365284524	
9.41696676000446	-2.610725107268104	3.4333952118734543	-0.47893151455675176	-0.21968458505946042	-1.2113763741277994	
9.557369926873385	-2.630283058523257	3.441329514328032	-0.4922571068656687	-0.1851042347635591	-1.1828398404258558	
9.71285997466174	-2.65021619665613	3.4449922992499373	-0.5081739093694888	-0.15226531895180262	-1.1505040626588234	
9.883885845986768	-2.6722419913752846	3.4443978397836257	-0.5259455861442537	-0.121323469676926	-1.1142915963058122	
10.070053726335809	-2.6977434332548857	3.439944954289282	-0.5446232457129616	-0.0923616766773437	-1.0741942130334805	
10.269883188441355	-2.7276552615456695	3.432347579533862	-0.5631287747514512	-0.06539382460650174	-1.0302489470845295	
10.480696663552155	-2.762400420334909	3.4225240442318654	-0.5803387124598404	-0.04037381866022879	-0.9825127690808407	
10.698664586150715	-2.8018828873516846	3.4114648742549822	-0.5951593423454652	-0.017208538343332695	-0.931039666285813	
10.919005133460946	-2.8455368221017103	3.400101310750981	-0.6065853633343119	0.004228024659258521	-0.8758634144668986	
11.136311763043606	-2.892424586029727	3.389194829804182	-0.6137366928687938	0.02408249193177605	-0.8169885803473756	
11.344950488436446	-2.9413652391513567	3.379260517427987	-0.6158721798480608	0.042514428405866785	-0.7543908323628431	
11.539460046685006	-2.9910713933232844	3.3705265202491943	-0.6123833833572725	0.05969451509966662	-0.6880261852420062	
11.71488736689744	-3.0402716859012684	3.3629250189215654	-0.6027742218433356	0.07580791991078038	-0.6178470706359541	
11.867021767432279	-3.087800378983501	3.356102881952507	-0.586635480152335	0.0910605059735635	-0.5438236597163504	
11.992479388960694	-3.1326394643440243	3.3494492620650376	-0.5636199428157457	0.10568386635067914	-0.4659633672729054	
12.08874299096011	-3.1739197180449437	3.342116508330757	-0.5334325334525981	0.11993595899688347	-0.3843353616264994	
12.154014095645168	-3.2108756135427896	3.3330761739107406	-0.495823345376603	0.1340928884454935	-0.2990755020620438	
