3.1017973329018673	1.9225133879617193	12.28398651526902	-0.20068086457495465	-0.03220426778030938	-0.3132917054339891	-0.44558068425285624	-0.42052652610358154	-0.7994443896611617	
2.618712895934413	1.9406815320730515	12.235535457403174	-0.2281457997147882	0.0714785927654621	-0.43639201991867277	-0.44834364819308087	-0.4200820215665394	-0.7984135168802927	
2.1141816982042676	1.9823042228639447	12.169668113679556	-0.2579040283535722	0.16533233954131868	-0.5258998303731328	-0.4514226236443384	-0.4196614450428733	-0.7972373606284737	
1.650588357549787	2.0627325130990717	12.12946283265928	-0.2926090785956162	0.2566844341786617	-0.5855176514258422	-0.45506591248851935	-0.41930236343862487	-0.7953128050585099	
1.2455495005374115	2.222614856655771	12.106280176306202	-0.33720121611437165	0.35755794641318944	-0.604913489523259	-0.45961408889417316	-0.41932321973114517	-0.7924591860282854	
0.9793914892975211	2.519833337564852	12.037019278378873	-0.3920972480948331	0.45083205161449247	-0.6123869231592917	-0.46496358748098404	-0.41974860489151905	-0.7891352271729658	
0.8627644508155303	2.85722624429494	11.921008077312429	-0.4549848035107784	0.5076909966258805	-0.6612819153423788	-0.47071463239583566	-0.4204986576761117	-0.7856906822844546	
0.7547901655708696	3.041665808248891	11.81639485551965	-0.5261532019103903	0.5398323228211922	-0.7489597310027101	-0.4769335056406521	-0.42164076354313385	-0.7818288151863446	
0.6330223379529856	3.114464216506376	11.65794384198691	-0.6005751488847455	0.578409630565228	-0.8223386194501725	-0.48392427957804557	-0.4227980335825727	-0.777377992147528	
0.5147639182016978	3.1291222962161536	11.35960932429369	-0.663631639858926	0.6105748261217612	-0.868295716043159	-0.49122934611838975	-0.42403913530790976	-0.7725842364767823	
0.38983860147755717	3.1313967569077668	10.968177947312538	-0.7063273729288028	0.6309906335927815	-0.8662414754707237	-0.49868686110135835	-0.4258130541543669	-0.7671941715253376	
0.33227318233638603	3.171237270583237	10.548880608468771	-0.7254818348037054	0.6321686196819213	-0.8323710768813517	-0.5059615823028282	-0.42760479026718856	-0.7618203870458905	
0.3634423338775603	3.155189627797723	10.146289576749771	-0.7170544191587572	0.6143276633279271	-0.7999820197661842	-0.512723146878597	-0.4291055447651299	-0.756696798385688	
0.40762106683907934	2.9751975695547923	9.767535553867004	-0.6757909471786373	0.5785222813072936	-0.7725154727046798	-0.5192463331717849	-0.4299086832024027	-0.7516064693263519	
0.41244556212079875	2.6702493304987	9.418907486904569	-0.5995975694979127	0.5201251723685844	-0.7229804750391032	-0.5253432863856266	-0.42980262706475914	-0.7470526236077627	
0.39954685604829226	2.3301367619109836	9.1306685272708	-0.4921320526933375	0.4407182936832837	-0.6301862951209579	-0.5299966850036657	-0.42985740810890694	-0.7436252909743194	
0.3842654019035162	2.0043422222642002	8.86152459922732	-0.36221365329744953	0.34316337485085363	-0.4914797610417957	-0.5337692433031946	-0.4302481133474349	-0.7407518027261957	
0.3733413363266714	1.715597101788142	8.619080538696304	-0.22021957007252138	0.2298093937904972	-0.3053884320480854	-0.5356443194559203	-0.4304948285871001	-0.7393682264877395	
0.38142117376279744	1.5030620404179549	8.40823452713397	-0.07609386610248041	0.10603860192969687	-0.07802734702706926	-0.53597951321824	-0.43110905603492505	-0.7390000194799976	
0.43162072349316427	1.4046111185487642	8.253589916052237	0.06123645220109838	-0.021073511141113027	0.17572413783513158	-0.5345041145053596	-0.4323929725908279	-0.7395130211763848	
0.5365739760380306	1.4437003488912676	8.178914899050032	0.18602481544475893	-0.14310195731202477	0.4297546993115765	-0.5313525867668827	-0.4335773000571443	-0.7408808071467203	
0.6959292808424026	1.6272265556409153	8.178456174243577	0.2951933078207108	-0.2528229883473693	0.6522671013058199	-0.5270809814809003	-0.434537702664358	-0.7430253245114651	
0.89672225744301	1.933539362341065	8.231015493823145	0.3855309906521315	-0.3469909811522249	0.8154106251515727	-0.5213400062106439	-0.43581692319467946	-0.7461574873385192	
1.106951512027342	2.309417451137407	8.310195827480337	0.4538144431129626	-0.42336090016514205	0.8993381292724661	-0.514389002413354	-0.43642716286697253	-0.7498985655999719	
1.3122382606835008	2.706757048563883	8.367441314105603	0.4991563083940569	-0.47953926270625313	0.8988986949200642	-0.50708777807738	-0.43701178688046816	-0.7544761175598744	
1.5005625504777629	3.0862870723651206	8.37945813225441	0.5221884536839908	-0.5250010926174268	0.8120683483994406	-0.49971960499923374	-0.43684581768296726	-0.759021068352137	
1.6426851516420948	3.4059829527603145	8.36841267572526	0.5249428817808262	-0.5658433486505687	0.6443141788668656	-0.4928385620884629	-0.4359764171572627	-0.76334674221308	
1.725235545852631	3.628441230335277	8.351630012324527	0.5123397158138066	-0.6005531678641651	0.4099461073073885	-0.4871489962814021	-0.43420405151871116	-0.767543423418444	
1.7546329700368894	3.7245970661892343	8.320506503238763	0.491984566023713	-0.6286098770723487	0.1294953351096554	-0.4825607969568704	-0.43145316809792117	-0.7717821015726836	
1.7368158675283396	3.684846419864272	8.273839799369494	0.4705489625074131	-0.6531063710516516	-0.17528398312082746	-0.47888456954635633	-0.4279675804516427	-0.7760981212625429	
1.6762764856962227	3.525846340002576	8.233679849850231	0.4511258885409112	-0.6753799896882388	-0.4855650707244813	-0.4765625054512654	-0.4231976760909499	-0.7800071808652044	
1.5797197652997341	3.2635535285217347	8.208630804279716	0.4352701516798773	-0.6957697659595734	-0.7833738415530669	-0.4748026473942759	-0.4173961638334575	-0.783908074462125	
1.4588067014827006	2.9285318939725276	8.197652970159046	0.42161863579897324	-0.7140689789388199	-1.050708578113438	-0.47367652707929725	-0.4103310883575424	-0.7882423447278368	
1.3402211123306709	2.558813367825732	8.201728440289704	0.4084528752556256	-0.7293681368006304	-1.2762770620653392	-0.4729617610992026	-0.4023830129569588	-0.7925430912698764	
1.2375826234087308	2.1831961359241228	8.22908976145235	0.39382709896160223	-0.742160859779765	-1.458516814474075	-0.4725160103162032	-0.39359251309342247	-0.7969790133653191	
1.149108345679743	1.7963714284545227	8.272598266051524	0.375373360868857	-0.7517871703163796	-1.5954536281265959	-0.4719496867475757	-0.38422404634519636	-0.8012417986944652	
1.0937079567746504	1.4052170213278903	8.32946550322326	0.3518021783639196	-0.7574427895752135	-1.683987478653659	-0.4712499906793947	-0.3747140560102739	-0.8051481865816872	
1.0962872445960419	1.0453941477077204	8.417843634148717	0.323121558723917	-0.7597839382181183	-1.7294010339190362	-0.4709837942751419	-0.3651441958093265	-0.809502070667506	
1.1300519510001301	0.702667157083974	8.529232321790673	0.28866452817967164	-0.7568604801990017	-1.7420686484836707	-0.4706398282371511	-0.3560509949590421	-0.813727030032661	
1.1892916679513008	0.37465624460168934	8.644061844338069	0.2486323993554923	-0.7473728931908735	-1.72531224449386	-0.4701763732006038	-0.3473710367772769	-0.8176901004176015	
1.2814013976299952	0.07767714984817523	8.757286699668098	0.20366860200511552	-0.7304075646182213	-1.6833260880871088	-0.46978438054977506	-0.3389155829676754	-0.8215727452026667	
1.392786639179714	-0.18928463214682026	8.868410915557929	0.1558358476418911	-0.7071522455255133	-1.6239561018081676	-0.4695092193249997	-0.33168923652605736	-0.8254194289594982	
1.513177800246839	-0.4372817520447034	8.977425502307126	0.10693272244663624	-0.6776457142994673	-1.5525659299934178	-0.4692706037855917	-0.3255370351693934	-0.8289022429031799	
1.641986962574455	-0.6634468613734325	9.084464928688835	0.058842413455291405	-0.6434218238441894	-1.4722815652757233	-0.46918546955937673	-0.3198088099987245	-0.831845785610267	
1.781414937443853	-0.8595742789062475	9.187455253774356	0.01390116686973267	-0.6078951626265339	-1.3870999594106335	-0.4691911145997718	-0.314529926385139	-0.8345293518552658	
1.9381579842982501	-1.0309076737898868	9.288585355410818	-0.02615890113806195	-0.5719812541893218	-1.3004796351959245	-0.46877486126136225	-0.30946347894217746	-0.8370412742802447	
2.099056105166161	-1.1748099478986012	9.402278434083513	-0.05896200301743654	-0.5376917848479953	-1.2147178938776961	-0.46820090382053725	-0.30522648364830335	-0.8391081705779405	
2.241564936276977	-1.2802658267820555	9.525399716584372	-0.08364985015109684	-0.5019280089111771	-1.1296643586864419	-0.4675903693653331	-0.30103368994699004	-0.8413856989485956	
2.360378648737354	-1.3325548941562595	9.68069424095536	-0.09991246156113273	-0.4641681471604876	-1.0483180940936485	-0.46719796962831356	-0.297507673374821	-0.8433354610137584	
2.43516072786945	-1.3552481530932992	9.843669194285098	-0.1081094216921328	-0.42393762510565086	-0.9749797621575855	-0.4668413551215874	-0.29498135465006264	-0.8448412762683901	
2.4570659984192518	-1.3630622228951021	9.975513923757255	-0.11058784730925095	-0.38405934117424045	-0.9087557714729668	-0.4667151060547294	-0.2929457582889351	-0.8461075595182783	
2.436480164215601	-1.3469853828085392	10.08453610603271	-0.10926182781170801	-0.35031731211115574	-0.8468284180361774	-0.4667220958968499	-0.2909288994409442	-0.8473505598844329	
2.379310398715638	-1.3175720547892875	10.184438093536933	-0.10399945797588105	-0.32567532886150324	-0.7893500930841869	-0.46616812685354564	-0.28888514275215976	-0.8486448923168325	
2.2963962335639905	-1.2927423310935913	10.259297680553292	-0.09650487966136428	-0.30971352163624916	-0.7316786868913916	-0.46584258136569723	-0.28707987764603204	-0.8490821215356216	
2.1773887801947747	-1.2776734984508769	10.359151964822853	-0.0885701690146963	-0.29735560722164395	-0.6642383609155265	-0.4654432136188614	-0.2852748794723789	-0.849445056076815	
2.0367551594162667	-1.2638846109974065	10.44312182406748	-0.07969738351996482	-0.28874898570099244	-0.5894029475109909	-0.4650013878289511	-0.2835518176859907	-0.8498223765242492	
1.8999841718310477	-1.2701709535005925	10.538751070743007	-0.06917524373250598	-0.28743249157594325	-0.5056197226039293	-0.46423091936264355	-0.2822092149043882	-0.8506078577827344	
1.7916296677778287	-1.3171301290158686	10.668539805599009	-0.053691682559607996	-0.29004001401129625	-0.4052028079284784	-0.4628847887098911	-0.28146605129027275	-0.8515163824162022	
1.7270539614646823	-1.3908742004850927	10.802359367024717	-0.028730668320708207	-0.28996378421531477	-0.28389030095686074	-0.4613225343149259	-0.2809926575275836	-0.8521578773134929	
1.7075627696773015	-1.4531327710543505	10.935755803067872	0.007695594863256982	-0.28526025223426554	-0.14558081801674094	-0.4596593426592745	-0.28021580672637975	-0.8530247516210424	
1.7236509286683213	-1.4703777222177719	11.096808002354068	0.055277812792940806	-0.27398028544942127	0.0015168817718566145	-0.45719970017869443	-0.2793394331341359	-0.8543119239418775	
1.759777330813838	-1.411953548958396	11.270238959062278	0.1125750921108955	-0.24947996500794872	0.14935660270138534	-0.4541786809302805	-0.27906368703931633	-0.855553449805931	
1.8117455354950338	-1.2499897485239797	11.423661002816754	0.17700199156399377	-0.20954190338078857	0.2855329971525268	-0.4510634649654678	-0.27939546301655227	-0.8563293587301655	
1.8525015195314403	-0.9899617865692696	11.550713939364101	0.24511545728631248	-0.15464668093307588	0.39796166010716305	-0.448433404004089	-0.2797557825616665	-0.8570773677052387	
1.8552267897148673	-0.6385559798297934	11.641542881387243	0.31346776935868825	-0.08508327325905016	0.4817119141819652	-0.4465252267271493	-0.27954292336816056	-0.857924787411031	
1.7855199799411676	-0.20357704846612507	11.684217767158376	0.3790832201329776	-0.0037778125037889318	0.534065175416659	-0.44535175312583114	-0.2786913876076081	-0.8583233687595859	
1.6148408090593491	0.2965173820557286	11.681708077865183	0.4395189946098235	0.08558558720072608	0.552246459029045	-0.4449068548465921	-0.27756070390943943	-0.8581704160314202	
1.3385852729042687	0.8290683187187834	11.636999494407842	0.493036666177979	0.18159270174818132	0.5376783145853632	-0.44482392763923634	-0.27611786933290566	-0.8580293859332783	
0.9503968398166086	1.3348356983332288	11.534866151752658	0.53871517182172	0.28042581899479385	0.49851408391917396	-0.444715816169812	-0.2738243646544567	-0.8577600931529623	
0.5017121976407564	1.7718250270652551	11.362863440566688	0.5757868370101196	0.37855360448411507	0.4571712437320408	-0.4458894962069237	-0.27119317011212823	-0.8572203623047047	
0.05754069619469286	2.1241800562598256	11.114209458336841	0.6039739439326459	0.46836656596873694	0.43290132524164376	-0.44789255017475066	-0.26856248474959343	-0.856709298619383	
-0.3295526967108065	2.4005469080686175	10.815417019522082	0.6234772750205634	0.5387804484376384	0.4365821544867204	-0.45051782142703195	-0.2659553668539655	-0.855960796309155	
-0.6125991013898328	2.6040170697191045	10.497299614100237	0.6361896083498646	0.5759937379125043	0.4666099807424904	-0.45344080268617026	-0.2637756074936218	-0.85536156825569	
-0.7806161592614951	2.724063640040482	10.192425195916325	0.64486101387568	0.5711106908865634	0.5155542439522215	-0.45623860573812713	-0.2616189917765577	-0.8551013614628434	
-0.8680733088281335	2.763424133581162	9.939605691278684	0.6517436280695057	0.5254148567680776	0.58117532263205	-0.4587656667218489	-0.25902527401245395	-0.854781663425097	
-0.8858692409477524	2.7612190306851274	9.768757280000068	0.6580338935563247	0.4449690184258583	0.6643320695207493	-0.46053062535445977	-0.25727796881952875	-0.8549878455131268	
-0.7856038452642076	2.7840596512410016	9.727417250935668	0.6616450253603973	0.33738997314596036	0.7553574685722964	-0.46152011605388155	-0.25562231042583966	-0.8554589681269384	
-0.5513791873226696	2.8897647164064137	9.830676577199064	0.6591306137199868	0.2139408786252282	0.8264277002545077	-0.46099768262296276	-0.25428503678936465	-0.8564577817472812	
-0.2179443215289095	3.0542191556539082	10.07722493759321	0.6468807404227468	0.08543649151860247	0.8385544043435373	-0.4590240665096605	-0.25264625022060294	-0.857801755944282	
0.15804718307949778	3.2090008820818667	10.421810946214281	0.6211332041825354	-0.03308067324828721	0.7744472558474885	-0.45641028314797444	-0.25091033769003546	-0.859576094234317	
0.5438544999746272	3.3084857272237995	10.780546197286226	0.5783320661602008	-0.1269144940508795	0.6397047986209103	-0.4535182698965817	-0.24922759086929094	-0.8617343210353656	
0.9338023813061027	3.326857014127813	11.102070629320266	0.5141979737898056	-0.19113707309255054	0.44387505883499	-0.45043758020599056	-0.24709591527218142	-0.8638280257163194	
1.2941943900083412	3.22196604019128	11.3880303948508	0.42443738298485234	-0.22811222724634284	0.19891112272410116	-0.4475529364519157	-0.24477711430706892	-0.8656466275459705	
1.5448261276953432	2.960003566926236	11.613563983601614	0.3100896044910076	-0.23592794354909283	-0.06872941019057766	-0.44492159907211204	-0.24272257797716498	-0.8671007372047126	
1.6640874791811593	2.555411931487377	11.75284152117515	0.17862285441710118	-0.2112730117054653	-0.3246578638453017	-0.44350462554410697	-0.2408459303695184	-0.868222382120713	
1.657523614652785	2.024431283863838	11.794993894781147	0.03939944319317219	-0.1548201139299834	-0.5390959134804303	-0.44354570070355576	-0.23911527857509113	-0.8685748089184726	
1.5424987835080868	1.4015173430491303	11.72773776923236	-0.09643321098448283	-0.06696238122441145	-0.6848128511589313	-0.4448236000956346	-0.23765999970835858	-0.8678348481161151	
1.3537813690355647	0.7285410607340035	11.553462110893694	-0.21989106258730667	0.04690585877175381	-0.7402698929200858	-0.446616960741711	-0.23674726548945707	-0.8664876054111073	
1.1416583292480027	0.05382638325210826	11.291848967675667	-0.3262470245415348	0.17560735673936154	-0.6931991056712241	-0.4489517103252147	-0.23681904519763058	-0.8648371256634113	
0.9522014952055136	-0.5616525427952133	10.968691474749036	-0.4128695226681424	0.3065255279494412	-0.5450585271186146	-0.4521084457402256	-0.2382449480681741	-0.8626494424977776	
0.8134142881452582	-1.0638749789826654	10.613142717330359	-0.4777427382065321	0.4266654024609442	-0.31472201299747765	-0.4549408093455321	-0.241064425113026	-0.8601636553245304	
0.7450247121677966	-1.4214642319785427	10.242871792675485	-0.5209301311387237	0.5274657037073033	-0.02709896375058731	-0.4581260641877403	-0.24536904409497945	-0.8570917692024782	
0.7329806242339463	-1.634712123488399	9.879679151921287	-0.5453086846730653	0.6093714987829448	0.29800173263032403	-0.4613211762706438	-0.25095329026720536	-0.8534719596320344	
0.7795421934171362	-1.6764694756900616	9.516176835373669	-0.554767323534447	0.676758123698701	0.6445639123195155	-0.4641693228073255	-0.2577164906328027	-0.8491225115560438	
0.8906428691921495	-1.5426508280693507	9.156952093135551	-0.553181662224726	0.7313697688180685	0.9899250150935434	-0.4661081182006923	-0.26652767095185503	-0.8444796982641625	
1.055896103528181	-1.2597922834476292	8.810096482112986	-0.5444089390712985	0.7729493678693509	1.3092909473574277	-0.4675143916700182	-0.2772026545492187	-0.8398079460452965	
1.2546004683181076	-0.8598146928135592	8.479223335900786	-0.5317185618835134	0.8018837273846838	1.5829154260417493	-0.46885876074058763	-0.28825340712256337	-0.8347471501425482	
1.472633338473145	-0.38780936523664195	8.17775179521141	-0.5166042686375809	0.8184712353792883	1.7952368402195749	-0.46930044472689947	-0.29926185692595836	-0.8294525202252789	
1.7086743513594191	0.0992880169568797	7.902952352449598	-0.4987704690399871	0.8221472982512235	1.9369948434778548	-0.46916384534304323	-0.31060329069584425	-0.8245444504304001	
1.954230273568488	0.5704008792388376	7.661861838678551	-0.4774930416165249	0.8130466867920387	2.0082693791512964	-0.46860910924492877	-0.32226602976799074	-0.819853747244716	
2.1979354063663155	0.9925867398687813	7.449687736476164	-0.45129229680003274	0.7888809444590099	2.013162497177906	-0.4678580531714775	-0.33380536033323577	-0.8154460420106651	
2.4283069477589247	1.338007130076401	7.276099245472962	-0.4200130448923172	0.7493758896797788	1.9609732948884238	-0.46732377386876806	-0.3447324601149691	-0.8114960893282477	
2.6397192477430247	1.5950920511285829	7.139350331404195	-0.38413219175843843	0.6969044419297693	1.8641461397934969	-0.4667811468406625	-0.35490852284301394	-0.8079031762573335	
2.837172270226253	1.7633877413276449	7.0351168414401055	-0.344235770029477	0.6317192748853494	1.7349569681677428	-0.465905187841099	-0.36447382037637044	-0.8042550544650383	
3.01927256721991	1.843034309468508	6.9728040168318906	-0.3016683216692303	0.5526591463787647	1.5863692613303217	-0.4649087698528647	-0.3733829141441129	-0.8008109115222455	
3.1715668779300272	1.8390062868169965	6.949537173702056	-0.25805375116278195	0.4617567166967408	1.4336454991964926	-0.46369142859407	-0.38127106147234596	-0.7985184745732652	
3.313484861333667	1.7738391329038854	6.9764760924900395	-0.21444051621432997	0.35882937579865715	1.2888959460128186	-0.46200826186764726	-0.38802359037569933	-0.7963138291179411	
3.448378234188328	1.6581771029362942	7.057305236528038	-0.17223620989730515	0.24847971915135394	1.156732227240912	-0.4596833955440614	-0.3937581538924554	-0.7951265845409768	
3.582058539344162	1.4983267474920188	7.179930770977736	-0.13212843925221626	0.13405455644126715	1.0402875558130085	-0.45674785530935463	-0.3984808235470679	-0.7944671403761517	
3.7016281850525967	1.3057080905174936	7.3537204703412025	-0.09568196495136932	0.019164193936504554	0.9415079662753102	-0.45348948436749786	-0.4025755133478844	-0.7938182168035294	
3.787611505126992	1.0877912012392454	7.58936878964803	-0.06449619433916123	-0.0897271107882003	0.8597677823509079	-0.4496437449791625	-0.4062924917527146	-0.793693617079804	
3.8260620156642067	0.8605508817286213	7.883477793116921	-0.03949401456234815	-0.18528141776161736	0.7966419147882037	-0.4449690284183157	-0.40953409435769034	-0.7941845073193644	
3.8151705721782765	0.6650534768945229	8.232402396336688	-0.020447173439264246	-0.25971160558876544	0.7538597532919027	-0.44005484541926165	-0.41266688448500455	-0.7947700933686849	
3.789025106383956	0.5288478370926191	8.608985383108822	-0.004053508746843778	-0.3039539130890786	0.7212109149885524	-0.434797893330703	-0.41607887411000527	-0.7959718569871123	
3.7303250455145514	0.44094886949070033	8.985681895569975	0.00979129004949221	-0.32075793911567413	0.6967273010195838	-0.42947736840374134	-0.4186136313372344	-0.7974732088845299	
3.6409764474438426	0.4104088475827979	9.346825620731076	0.020076411410923027	-0.31587160404405956	0.685477864234333	-0.4238096958103774	-0.42117003938273867	-0.7986549863848235	
3.556877948689159	0.46363312834502657	9.682490740161356	0.027660189957020416	-0.2972359578135908	0.6876057028601118	-0.41842849427446716	-0.42361451211851225	-0.7994361252685008	
3.492468001880588	0.609858772338609	10.000830653413155	0.03270522259778559	-0.27184741244678723	0.6888181479874684	-0.4135594375341503	-0.42589106433528273	-0.7999843010668171	
3.424506617352424	0.8183661441215616	10.311504399571476	0.032671373291386564	-0.24395303654187098	0.6757226688026269	-0.40906783137433167	-0.4284498960943636	-0.8005426901555498	
3.3453926495787387	1.051924139105369	10.599617063976781	0.02513395632764141	-0.2168068978889537	0.6479695873672834	-0.4051542134050426	-0.4309250707472767	-0.8012405351601974	
3.2998770556650245	1.3144761293520666	10.846331514727538	0.010215578668723111	-0.19531973562991625	0.6033641782854644	-0.4013351795589161	-0.43319637613245376	-0.80177394673261	
3.3348078823585436	1.6025090437838563	11.061739105593183	-0.012541953148475206	-0.1875185987339711	0.5357842180968349	-0.39798699447515795	-0.4355014300576856	-0.8022868311765435	
3.4537805042886576	1.8949576787772444	11.269250480560812	-0.04167526733998668	-0.19052900879694515	0.4387306920104857	-0.39496067171262356	-0.43732454010789035	-0.8024414512224859	
3.5654338478960694	2.1662551740749993	11.45573571495717	-0.07528861786165553	-0.1996091556142244	0.3088997638154993	-0.3922965702655752	-0.4389616944292464	-0.8021556709515154	
3.590570429600414	2.3954607509523393	11.631497832617214	-0.11218540741768132	-0.21124532890012754	0.14839462497608127	-0.3904768717928642	-0.4402836484803403	-0.8018129764064648	
3.4906491167494162	2.5624766819501903	11.81243354403148	-0.15234176886922496	-0.21166477310939805	-0.02922732905555371	-0.3896557376283259	-0.4411469208036702	-0.801198704227791	
3.2475982008160185	2.6619603018213396	11.982478890643096	-0.19615805850222295	-0.18194493715993076	-0.20576945114176196	-0.38964231741884475	-0.4418868379113343	-0.7998986039280696	
2.8752115014267527	2.717906138978674	12.12038004284292	-0.24337737034238785	-0.113809969996996	-0.37101884891122355	-0.39058696624599154	-0.4423489168584269	-0.7985981277272836	
