20.046998613274624	8.214384615051967	13.680455188674706	0.0305999416878359	-2.4802726233343004	2.2562002620408608	
19.590349409615055	8.41167154709109	14.072494690809188	-0.16212601145692446	-1.863750930920628	2.077679414072405	
19.051270465281732	8.478014230519717	14.103556780242384	-0.3632498051294899	-1.2158866743237586	1.8677207234530018	
18.455341056518854	8.41219904594127	13.756373407970191	-0.5646863319960032	-0.5492427370044943	1.6347944469946576	
17.826720778252042	8.218889555668028	13.031374083241177	-0.7579554786303211	0.12141447924849369	1.3881119652983687	
17.186643365666942	7.910124758766523	11.953969217336143	-0.9347685959523115	0.7787111486718561	1.1373084316426958	
16.55247107574317	7.503423039348919	10.573083481396166	-1.0882734485058245	1.4035127849976725	0.8914894584933657	
15.937472607264771	7.020428463816072	8.96037406968705	-1.214088878721528	1.9754234711093	0.6585886508504099	
15.351133931439977	6.484703112237764	7.205678691149434	-1.3109917630120052	2.4737723040636532	0.44476198043115095	
14.799623892113315	5.91956441311929	5.410037626521681	-1.380819328721708	2.8789535615965463	0.2540219725546325	
14.286149505921017	5.346293081939266	3.6770067174097174	-1.4277502621708533	3.1741104589196794	0.08808573019125723	
13.811517079370443	4.7828808567336205	2.1029532912114317	-1.4573558222358591	3.3470913033770513	-0.05357950779543795	
13.375229257081834	4.243364419082731	0.7673467614021978	-1.475740178302805	3.392511580936589	-0.1735344384680811	
12.977050594156283	3.7376647508019674	-0.2756362340419465	-1.4888651042802967	3.3136108938129527	-0.275999169354186	
12.618284201800439	3.2717839893056624	-1.0026020456685738	-1.5018053471252992	3.123367687398207	-0.3663392334868705	
12.301456377287412	2.848287025802373	-1.4214834569926662	-1.5175675916936862	2.843995765827138	-0.45035694156152345	
12.028305584433618	2.467012457666034	-1.5674641168273618	-1.535597915419811	2.5047155635340443	-0.5333883635447828	
11.797339778512917	2.1260491281745373	-1.4955939280619537	-1.5505785189815213	2.1381950420667963	-0.6192684873183123	
11.602407365950766	1.8229300696213495	-1.2715359996896094	-1.5522084591534457	1.7763158197346067	-0.7093363660000125	
11.433262054801425	1.5558816378490687	-0.9618357267202325	-1.5264833179584558	1.44608406368168	-0.8017134538479205	
11.2781800863122	1.3248652698518584	-0.6247587268551841	-1.4586281906958525	1.1665124094998087	-0.8910953110260856	
11.12738496678967	1.131999571412583	-0.3034407255333346	-1.3370204670722414	0.9473808698303734	-0.9692464559954677	
10.975466191565287	0.9810747575004664	-0.023352427483783154	-1.1566707701441565	0.789924124081235	-1.026062342144056	
10.821967645972986	0.8762098311689099	0.20564086503676984	-0.9211852421226656	0.6888815045400272	-1.0510258965762085	
10.6702122124633	0.8200248703178168	0.384167809173402	-0.6427011929061156	0.635178536105138	-1.0348980349207393	
10.525026995814073	0.811904117329211	0.5176846904952448	-0.3398986183002803	0.6184601922085198	-0.9714511825933981	
10.390337766141009	0.8469596901758577	0.6124939387155027	-0.03471475702346774	0.6288643092882933	-0.8590207470705504	
10.26764711680889	0.9161682125550948	0.6739526880992885	0.25125817437850095	0.6577889337093623	-0.7014253112876369	
10.15589586076945	1.0075263224382807	0.7061237816522333	0.49976234710849354	0.6979630361257335	-0.5079630027321949	
10.052413171157314	1.1077685393452308	0.7122249734913237	0.6979041111341554	0.7432798242541976	-0.2924596710154462	
9.95432280894049	1.2041793698160266	0.6954091736200719	0.8390795863038725	0.7886677436429231	-0.07152401069245413	
9.859730386037846	1.2861000048220799	0.6594411304806072	0.9228191924506473	0.8300952094783918	0.13766887077274448	
9.768248006863656	1.3459111851233316	0.6089111202905232	0.9537398210058425	0.8646378607310521	0.31967528620347874	
9.680864348296257	1.3794163862574533	0.5489642785021346	0.9399212312914766	0.8904472585372512	0.46266616995458126	
9.599508562639702	1.3857385794338541	0.4848519347593285	0.8912385919471723	0.9066096986851563	0.5595334766648354	
9.52651147577529	1.3668480391348692	0.421489820535152	0.817941344139167	0.9129713226278987	0.6081630006242734	
9.464049904713448	1.3268249584523786	0.36310584082881536	0.7296064736728464	0.9099753067960482	0.6109509351854903	
9.413660018031127	1.2710020528644312	0.3130187976581407	0.6345036236875771	0.8985234571397662	0.5737746769224034	
9.375935478106719	1.2051498915495502	0.27355328608074625	0.5393173363527066	0.8798450181134478	0.5047069028029441	
9.35052642420048	1.13485491463548	0.24604570771789072	0.44914254998601405	0.8553605399261281	0.4127609140265798	
9.33636589878835	1.0651607358060449	0.23086025663293733	0.3676232122157046	0.8265610814334117	0.306901071308255	
9.33197286549636	1.0004270642498287	0.22740761825560626	0.2971525083804325	0.7949136785166726	0.19534206236116414	
9.335737488523671	0.9443428646441105	0.23420329278559462	0.23909727807688325	0.761794660089413	0.08510524453355804	
9.346144798280482	0.9000230033400289	0.2489984582349342	0.1940090047574434	0.728448648085778	-0.01821182266606715	
9.361940940009134	0.8701127818500773	0.2689938919019435	0.16177883589362146	0.6959684595785762	-0.11050584658464263	
9.382254041254212	0.8568251358295186	0.2911104019462053	0.14170536305064038	0.6652941944397354	-0.1891034740045611	
9.406674122558147	0.8618501248752386	0.3122411868524865	0.13248284046980177	0.6372273497646834	-0.2526164792043614	
9.435293083926933	0.8861388686124406	0.32944306228154036	0.13217132427155964	0.6124575227976222	-0.3007602698233132	
9.468699543399094	0.9296195180548112	0.3400572619109322	0.13821959083932822	0.591600772830125	-0.33415593612684347	
9.507930004220048	0.9909362301672767	0.34177071306442053	0.1475936216549793	0.5752457228560167	-0.35413406142669973	
9.554389949145614	1.0673154728497742	0.33264652173769715	0.15703575331436687	0.5640006808500713	-0.36255112424776376	
9.60977106963341	1.1546758378186601	0.3111550006207975	0.1634310109223459	0.5585317934236196	-0.3616162569972187	
9.675995096014736	1.2479938394887442	0.27623376398641136	0.1641825891963636	0.5595855411189571	-0.3537337743341996	
9.755177477147429	1.3418536172880806	0.22737016290662584	0.157501336723224	0.5679944853816734	-0.34136293904623066	
9.849581046722438	1.4310805124462833	0.16465124171030215	0.14254547534001077	0.5846635822654155	-0.32689817969861557	
9.961533909550145	1.5113346763770144	0.08870833395350068	0.11939242944509386	0.6105359207864698	-0.3125764186903302	
10.093301973685199	1.5795558793255078	0.0004931172033823226	0.08887906929575085	0.6465408635287186	-0.3004154842461737	
10.246940254016806	1.6341766918854659	-0.0991074248190626	0.05238433123253444	0.6935378427748964	-0.29218764512116685	
10.424165769859957	1.6751275733651312	-0.2096752898027749	0.01163230913894178	0.7522726967828766	-0.28942390299071385	
10.626274362388298	1.7037071993572228	-0.33154559104003695	-0.03147578661915652	0.8233471931721265	-0.2934382071604783	
10.854114399578371	1.7223378717142812	-0.4658965971743548	-0.07502974445793235	0.9071937867905535	-0.30536377440929957	
11.10812126835197	1.7342029506491115	-0.614635132253177	-0.11730128340669993	1.0040461616678957	-0.3261936871987359	
11.388406147093809	1.7427475166852284	-0.7801242151814298	-0.15696099379521428	1.1138981243425672	-0.3568191529260431	
11.694882091001075	1.7510487392488714	-0.9648318226002915	-0.19327288108120386	1.236455508547112	-0.3980608490912904	
12.027387827568296	1.761164222458448	-1.1709797809418163	-0.22618756241058094	1.3710936062199333	-0.4506860307252405	
12.385767903852141	1.7735744937919427	-1.4002048891524626	-0.25629837229978947	1.516826459553564	-0.5154027752477316	
12.76986595130846	1.7868216884121384	-1.653218545445038	-0.2846563945638608	1.6722919012917936	-0.592822780349101	
13.179384031492454	1.7974278981519802	-1.9294558991575137	-0.3124676387324357	1.8357522647283195	-0.6833863083355434	
13.613560920831636	1.800146945717513	-2.2267052802224807	-0.3407105892158575	2.0051079473708344	-0.7872457371671715	
14.070651367736499	1.7885906588225189	-2.5407395522207956	-0.3697342740185605	2.1779256093523123	-0.9041160693945979	
14.54727799262563	1.7561409998928932	-2.864981600140428	-0.398935561518921	2.351478645523243	-1.0331147628837007	
15.037756848200324	1.6969871660908111	-3.1902319313435505	-0.42660036055584244	2.5227944606554344	-1.1726062389285004	
15.533513630719506	1.607122847312415	-3.5045587418773154	-0.4499808133379347	2.6887086138429037	-1.3200709188376252	
16.022704922312432	1.4851211621578089	-3.793481705999481	-0.4656397889962201	2.845928228992304	-1.4720210823251658	
16.490135824188997	1.3325344006865572	-4.040596415197683	-0.47003877901167096	2.9911147929487782	-1.6239870833588668	
16.9175877048567	1.153787994607049	-4.2287899926097205	-0.4602600826655669	3.121009225766749	-1.7706174627780638	
17.284572298143043	0.9556166658510256	-4.341984842908947	-0.4346467593557854	3.2326176620065374	-1.9059231365502984	
17.56942822888692	0.7462357367485576	-4.367181885004629	-0.39320411656260446	3.323461480154715	-2.0236657172132033	
17.750703243579537	0.53437871685104	-4.296493341979579	-0.3376825066948008	3.3918779755530686	-2.117878233676405	
17.808722636630698	0.3283220086162669	-4.1287837071450815	-0.2713360583038452	3.4373437326446297	-2.183464936631891	
17.72723521978564	0.13498714001639378	-3.870567416214477	-0.1984322018977452	3.460788484573963	-2.2167936650249316	
17.4949450938433	-0.04078098054101456	-3.535807480280731	-0.12365702488029598	3.46483802731815	-2.2161294420618054	
17.1066412614336	-0.19664644727090688	-3.1445813673706313	-0.05161035262052041	3.4539041856336974	-2.1817462787790007	
16.563793136057228	-0.3328972298561794	-2.72100832202454	0.013536220440339515	3.434075637253907	-2.1156916810064916	
15.874485759327372	-0.4522033176596114	-2.290825785630596	0.06826526552356524	3.412749499169542	-2.0212423372901127	
15.052686005816142	-0.5590096589430316	-1.8790696211790419	0.10990162725102903	3.3979684319305856	-1.902160418342195	
14.11698585738382	-0.6586017044737378	-1.5082463921639448	0.13683127507203144	3.39745066576163	-1.761898691976798	
13.089100799701203	-0.755952916778078	-1.1972364968846456	0.14872560120351216	3.417343873265765	-1.602915414789883	
11.992519871618558	-0.8546171827746099	-0.9608743448314664	0.14662776637529767	3.4608776332986575	-1.4262316002703355	
10.851523331223152	-0.9558794736365237	-0.8098759282854668	0.13282907564660543	3.5270900826860765	-1.2312571294286567	
9.690542033529217	-1.0582848208723044	-0.7509294274061753	0.11055936656872578	3.6098163789136115	-1.015913252160644	
8.533750462386404	-1.1576093047583502	-0.7868323348355856	0.08358117428002547	3.697120122760614	-0.7770661153412779	
7.404713015922529	-1.2472705401571071	-0.9165517468149669	0.05579909741791603	3.771290597057895	-0.5112523255113879	
6.32590038677412	-1.3191389571834988	-1.1350351811267314	0.03097419937184699	3.8095103399208425	-0.21561825010631966	
5.318119619721564	-1.3645878146469035	-1.432697375539922	0.012589302666791853	3.785178301910635	0.11112834862423954	
4.400122001257373	-1.3755518035041658	-1.7949175740659733	0.0038148058065615815	3.6697860420136745	0.4679167263263332	
3.5886418814767906	-1.3454409287629663	-2.2021809856388157	0.007465137120285368	3.4353978436012236	0.8507585341779824	
2.8989390317795696	-1.2698065201338298	-2.6312519189348667	0.02583866936531183	3.057679938806694	1.252505959579791	
2.3456685928066463	-1.1467392441080877	-3.0573184278796868	0.06037120776642903	2.519291426105665	1.6629571496713682	
1.9435958107485836	-0.9770356130651662	-3.456493216921282	0.11112259699262358	1.81315202188225	2.069369770556244	
1.707497389335853	-0.7641744763024115	-3.807822390836599	0.17624982217626467	0.944698084921307	2.457409647951276	
1.650992368319116	-0.5141881847368271	-4.094576448776372	0.2516362181900894	-0.0672667612206252	2.812411045518043	
1.7845229680577954	-0.23544158443587562	-4.304944700780638	0.3308730022729279	-1.1913045731252438	3.120791638820948	
2.1130012151580924	0.06170099312847123	-4.432239391487441	0.40575151252784836	-2.3855875774705275	3.371399659237828	
2.633771148324635	0.3653795986937243	-4.474654963530946	0.46732163992696474	-3.6013616703743185	3.5565783736543635	
3.3355806200861515	0.6630234577504728	-4.434501991297261	0.5073912234849448	-4.787236599411175	3.6727729906612323	
4.199034673303119	0.9424222235644418	-4.316915077879251	0.5200075106988045	-5.8936122388267975	3.7206082675121226	
5.198230699144045	1.1929289687529137	-4.128314976091363	0.5024848469086334	-6.876619236928473	3.7046125095428795	
6.3031567937540425	1.4066343091502749	-3.874856794124566	0.45575285344606187	-7.701280913773062	3.632690980945863	
7.482320613656854	1.5793339919440867	-3.56108775586113	0.3839646526711128	-8.343687520983359	3.5154210369405847	
8.705073432744364	1.711121559949583	-3.1889693242891517	0.29348805118295346	-8.79212690426874	3.3652170395738263	
9.943218349754588	1.8064143323293143	-2.757331538766815	0.19157652037914424	-9.047144556713059	3.1953776451570155	
11.171804427758662	1.8732924071117847	-2.26173206916298	0.08521688622977294	-9.120420852468236	3.019064653301192	
12.369459666898107	1.9224232865363111	-1.6945802729605999	-0.019484874774518695	-9.032682826169909	2.8482974031064128	
13.518432430464157	1.9659065709448755	-1.0456487790117077	-0.11737589930944607	-8.81075718540347	2.6930312164972134	
14.604291045804315	2.016338556117182	-0.3032116083969919	-0.2040047743506317	-8.484132706386909	2.5604223575889846	
15.615206303570332	2.086235073141437	0.5440261744267914	-0.27539436931867045	-8.081600013398315	2.4543802806645685	
16.54094163322132	2.1876695644264856	1.5043300454811102	-0.3281719177563351	-7.628602823263774	2.375504014827353	
17.372093933625393	2.3317789552976684	2.580386116667305	-0.36006242317407827	-7.145740345017936	2.321448264386431	
18.099996291232774	2.527962656325786	3.7673197467426043	-0.3704346409135217	-6.648197736418262	2.287539126620996	
18.717159223854416	2.7828780354443086	5.051402065313994	-0.3606184913814511	-6.145792725720266	2.267494660113197	
19.21792082110034	3.0994615887097163	6.409470562290088	-0.3338607850021375	-5.643445516105196	2.254134710051517	
19.598961909145054	3.476223712376886	7.809042724467751	-0.294947916813352	-5.1419497188401	2.2400028671989123	
19.859517711845687	3.9070147114183085	9.20916002221642	-0.2496588944244882	-4.63899586172641	2.2178756893890643	
20.001420307957012	4.381324844050993	10.5620480003244	-0.2042473778871877	-4.13042097661762	2.1811689414202498	
20.029010719630918	4.884980392213023	11.815055844456438	-0.16510899435161147	-3.6113421778951174	2.1241629780405185	
19.949569289690878	5.400762358070856	12.913535258345046	-0.13837919676654395	-3.077624674211374	2.0423546787927043	
19.772655042247628	5.909616157402802	13.802883492345767	-0.1298267913711978	-2.526311994526872	1.932238470425012	
