17.01187073875476	17.158808968788502	11.245756509038754	0.3541656556836795	-1.1725529855755377	3.310232082791984	
16.45785384524776	17.226686110766007	11.19212446124783	-0.11064721687291096	-0.7921526264251563	2.685557968241355	
15.906184949515138	17.009115415926264	10.849094234940711	-0.5727292728351401	-0.4094100350322509	1.9856189130948547	
15.38025376059888	16.51934440705278	10.218974059869124	-1.0183752359861875	-0.030606406480633244	1.2313324473419593	
14.89830056975841	15.780659656812809	9.31852114587935	-1.4362684574734446	0.33606823662888813	0.44687385582229194	
14.471490387800158	14.82822421423319	8.184053649275405	-1.8183334051452689	0.6802813403204844	-0.3400882633760689	
14.104515528194288	13.705219159512847	6.869034114470789	-2.1592334964095072	0.9905870009926093	-1.1001460145716275	
13.795609061389039	12.460952652721685	5.44250961496146	-2.455827418441303	1.2552830252120202	-1.803165480042629	
13.537085863292264	11.148114808725857	3.9844919117746604	-2.7061087060635636	1.4636342839799892	-2.4197588008907207	
13.316309690510774	9.820110496061528	2.5791632140239105	-2.908225847037414	1.607107069763159	-2.9229012995308907	
13.117402047538445	8.528125072971203	1.3063842970162471	-3.0600135371803723	1.6805451593553378	-3.2898150465068476	
12.923826810322245	7.3179910540117	0.23260576071293662	-3.1591477474183445	1.6832495350490622	-3.504100651264299	
12.721544442045612	6.227269170489792	-0.5972572919677289	-3.2037136725835462	1.6198367653591048	-3.557882793461746	
12.50191083730568	5.283029694461885	-1.1653079879129946	-3.192742115953472	1.5006663251224062	-3.453554466121128	
12.263001714959602	4.500707519223331	-1.4819182037996248	-3.126194705436959	1.3415233487547515	-3.2045377364686423	
12.008186738869034	3.8843020990383765	-1.5814870055184782	-3.0042548569195984	1.1622250997242347	-2.8343827919242326	
11.74292114064738	3.4276794440912113	-1.5142283407149038	-2.826556853291766	0.9843279131411231	-2.3744361659655393	
11.471730547612284	3.11686300716275	-1.3361127745367931	-2.592111697472607	0.8282985606969072	-1.860565385051903	
11.196868403382004	2.9330782185870916	-1.099125190898238	-2.300384131198184	0.7106756054480313	-1.329476210583584	
10.919117100957424	2.8559823171438783	-0.8439483814905454	-1.9535039861966335	0.6418164794009346	-0.8151715108118	
10.639919370671144	2.866167598340888	-0.5967941129526708	-1.5590018465323692	0.6247561477931356	-0.3460051722509622	
10.363029700764386	2.9459442213377893	-0.3711012051762516	-1.1315950070280347	0.6555357590090992	0.057139938130257	
10.09463772593878	3.078562119735798	-0.17171682956582482	-0.692895890006563	0.724635007774758	0.38141796080172313	
9.842316688073911	3.2468814503980665	0.0010524062142635061	-0.2690347327159766	0.8190197753926111	0.6214995855803992	
9.613558800222327	3.432400967901037	0.1486693424565505	0.11313521465463597	0.9243752854940519	0.7782528684336447	
9.4146070071361	3.6152454063529267	0.2728892759796257	0.4302395817827306	1.027148074279715	0.8570434009483837	
9.249926257288989	3.7753063758709047	0.37490429476001313	0.66600940614189	1.1161526516856608	0.8661073119153468	
9.122193437447878	3.8942695781821732	0.4549311402986305	0.8134393513354921	1.183569095802161	0.8153451923128725	
9.032361660225485	3.9578567999978627	0.5125044866293976	0.8752526681915714	1.2253313405720865	0.7156547704766677	
8.979543844706544	3.9577118422521576	0.5472715596911373	0.8628806312820196	1.2409737362678275	0.5786055100107942	
8.960778236664128	3.8925288256883936	0.5598443191165462	0.7942779035006031	1.2330158520697763	0.41620789471087544	
8.970922708687011	3.768204876844645	0.5523315241042632	0.6910354392529787	1.2060341226553677	0.24056650385860665	
9.002976490262986	3.596976667165021	0.528446031286683	0.5752684556221768	1.1656166218176216	0.06329428451408624	
9.048906255290976	3.3955916041589043	0.4933118945213156	0.46676060549487264	1.1174058500059396	-0.1052283778054906	
9.100640236250074	3.182965683289233	0.4530813101839098	0.3807471904529489	1.0663684562880364	-0.25651700761161	
9.150956979360847	2.977743499714948	0.41435209332900413	0.32647671440667164	1.0163032612266152	-0.3844233179485848	
9.194139472467436	2.7960956087120743	0.3833944407433929	0.30668376801002994	0.9695964776786921	-0.4852954074323311	
9.22634389078073	2.650032217859808	0.36527703651941745	0.3180366929072678	0.9272268546590641	-0.5578714914826867	
9.245684065346083	2.546404355467071	0.36305658407272673	0.3525183171315746	0.8890036170594817	-0.6029685620361724	
9.252035791810668	2.4867849892310203	0.37728921217459127	0.39955077208313455	0.8539874415620491	-0.6230232073165384	
9.24669013487022	2.468149773125047	0.4059828592319454	0.44830212032231104	0.8209670037618139	-0.6215987440480366	
9.231966936932901	2.4841196509438683	0.44496808749164657	0.48971178307567886	0.7888982314602732	-0.602918868593279	
9.210820302564038	2.5265130725211473	0.4886340342456358	0.5178941559303113	0.7572374864620375	-0.5714521562143577	
9.186443015077122	2.586916271413812	0.5309036883779703	0.5306926639715571	0.7261097105271072	-0.5315657587463258	
9.161878551197157	2.6580055389378057	0.5662571825978769	0.5293214766620291	0.6962732518415206	-0.48725629634362755	
9.139723544065172	2.7343616818621346	0.5905191305914327	0.5172101562911967	0.668882923591057	-0.4419755972120369	
9.122018506300542	2.8126715882994557	0.6012320516319871	0.49851682865739627	0.6451587689733043	-0.39855452359180693	
9.110316616394865	2.891432870234981	0.5976526876813513	0.47674208714837407	0.6260778393346774	-0.3592033685184903	
9.105870182357815	2.9703396889349776	0.5804415696452814	0.4537349973684636	0.6121661760744858	-0.3255680126731184	
9.109863088810386	3.0495655630195984	0.5511425460271671	0.42927605698140164	0.6034333069498644	-0.29881908967211873	
9.123634677783501	3.129148465828524	0.5115709570366411	0.4012904273151129	0.5994545126657662	-0.2797535013116579	
9.148860376951687	3.2086390816368566	0.46328217713409303	0.3666170786271676	0.5995775144061763	-0.2688958791389814	
9.187658452848247	3.287057889687962	0.4072818294895868	0.32202611904399037	0.6031816669520804	-0.26658385691719166	
9.24260356402205	3.3630885322568007	0.3439885265311682	0.2651728405065758	0.6099184917464939	-0.2730319141246763	
9.316634628813405	3.435408166642334	0.27338054006075807	0.1952672031812398	0.6198801245894812	-0.2883754427340846	
9.412863017756045	3.5030362466606078	0.19521670578830141	0.11331948131862705	0.6336600321402458	-0.31269826721119803	
9.534308037557695	3.565577772975452	0.10920938121450452	0.02193162511826666	0.6522963264888726	-0.3460494282808268	
9.683622938735535	3.6232345073664884	0.015055636272907394	-0.07528857080725891	0.6771151546907496	-0.38845678087684193	
9.862898973142336	3.6765523118809122	-0.08767276175647987	-0.1744529193914478	0.7095349431357714	-0.439940399608061	
10.07359122365993	3.725988657620637	-0.19970798589946542	-0.2720516171702396	0.7508839789603349	-0.5005226606456467	
10.316580504013086	3.7714186645270145	-0.3222527383873728	-0.365428027425507	0.8022593821005457	-0.5702305806982753	
10.592359835095387	3.811707522368734	-0.45706042877204606	-0.4530064437423338	0.8644417797243807	-0.6490870047750974	
10.901308636892844	3.844455633376555	-0.6063727979378952	-0.5342696324472375	0.9378651163592009	-0.7370887266209865	
11.243976115009614	3.866005251229444	-0.7726872670855581	-0.6095197323821357	1.022635194601009	-0.834171158296867	
11.621245485387076	3.8717103668823856	-0.958392870671479	-0.679518874115656	1.118576055943544	-0.940161499378084	
12.034287120047921	3.856404895834447	-1.1653180361985955	-0.7450993223845713	1.2252799785043402	-1.0547213803586242	
12.484252583353474	3.81501273018094	-1.3942250675664076	-0.8067973306923325	1.3421464743593416	-1.1772804511612573	
12.971703091989209	3.7432343518160387	-1.6442971228803502	-0.8645558749845745	1.4683989182372552	-1.3069638402225527	
13.495796878435256	3.6382535468885817	-1.9126577577577228	-0.9175267932218263	1.6030708164413212	-1.4425168363587653	
14.05333274046356	3.4993760109111482	-2.193983691869431	-0.964009069029515	1.7449593182197658	-1.582239551972455	
14.637837699570271	3.328483563114224	-2.4802527443068776	-1.001546721209712	1.8925497547316483	-1.7239474332188558	
15.238835207331011	3.1302420425943067	-2.7606495340037696	-1.0271846803494065	2.0439171858123717	-1.8649650956387511	
15.84143420153476	2.911996461456745	-3.0217234252053213	-1.037876203920406	2.196619941695107	-2.002164976705629	
16.42635984072051	2.6833210692888567	-3.2479076311624535	-1.0310018636101959	2.34761009024621	-2.1320601636424383	
16.970514106556845	2.455229243038912	-3.422512602112142	-1.0049289329051714	2.4931964718459847	-2.250961274022124	
17.448159215353552	2.2390819849447383	-3.5292775216837815	-0.9594753277248727	2.629121151874169	-2.355210435105903	
17.83262026381247	2.045355207225915	-3.554298054047948	-0.8961098582926083	2.7507967661332735	-2.4414813796185033	
18.098290931259484	1.8824171687445934	-3.487988107729559	-0.8178328936153609	2.853704092300318	-2.5071114970645856	
18.22273655202789	1.7554427604986347	-3.326719341880133	-0.7287604976067273	2.9339195169757737	-2.5504080028692893	
18.188636846078346	1.665604390124909	-3.073839547397898	-0.6335066024526848	2.9887054700198874	-2.570860370784683	
17.985343728643766	1.6096628055470166	-2.7398991012191565	-0.5364943701350973	3.0170812980664437	-2.569204293322795	
17.609804937499856	1.5801276753989393	-2.3419321946037925	-0.4413320552515683	3.020258620401178	-2.5472974175884935	
17.066707334546116	1.5660489398778592	-1.9018372100571246	-0.35035701679419134	3.001836184910885	-2.507823579665336	
16.367918233169163	1.5542846071779188	-1.444246310327601	-0.26432669948708404	2.9677429551772025	-2.4538903971784123	
15.531247638675639	1.5310813564043517	-0.9942983902268212	-0.18220533486621981	2.9258947100121104	-2.388572157833946	
14.578701367787689	1.4837398890126232	-0.5757349399489387	-0.10103326764758828	2.8855368737581357	-2.314448921975823	
13.534532535887655	1.4021423842205432	-0.20958131371479063	-0.015934914969389626	2.856253734989498	-2.233171547048697	
12.423502155618854	1.2799339026916998	0.08655719857442781	0.07954966305886531	2.8466520691008106	-2.145069701925426	
11.269783819746095	1.1152365011954002	0.298782297870939	0.1926708276045191	2.8628928820502826	-2.0488439948283848	
10.096643430700627	0.910990227841831	0.41706518529293973	0.3303079583169891	2.9072907975959454	-1.9413698216254132	
8.926716567119433	0.6749115410084373	0.43538511563579907	0.4976204676403805	2.977205575946567	-1.8176590658987666	
7.78248899815841	0.419004304186833	0.35189235241715955	0.6967374773552815	3.0644203061859603	-1.6710199720315944	
6.686460778891013	0.1585642594837961	0.16918137784534554	0.9256942591790978	3.155109542643668	-1.4934450537673425	
5.660561769237706	-0.08931189505659609	-0.10518716473982365	1.1778374804350296	3.2304503285852966	-1.276259619077418	
4.724993284915518	-0.3074312258473044	-0.45802785294457016	1.4419022026749926	3.267815792925378	-1.010983970871922	
3.89711878452873	-0.48013307869655936	-0.870357191398352	1.7027473051869557	3.242401710446638	-0.690320980330078	
3.190867343409337	-0.5947151190753369	-1.3184008539855456	1.9427206641686094	3.1292900479391013	-0.30923158003463036	
2.6168114600689787	-0.6425347712041318	-1.7758962770723006	2.1435072653974805	2.90590646475289	0.13395082195803976	
2.1827664996297083	-0.6196904782264868	-2.2171585142710146	2.2882179639428926	2.554768316963253	0.6364423011061007	
1.8945193901633637	-0.5271818754469741	-2.6198650041208196	2.363381829131419	2.06622734788026	1.1901797745670668	
1.7562348362820637	-0.37056282660124673	-2.96673189798983	2.3604263333267443	1.4405534422343989	1.781615855706717	
1.7703300386222638	-0.15930308736361495	-3.2461885899932565	2.276553612115273	0.6890143309507676	2.3922551618648122	
1.9369113158382778	0.09408735639334308	-3.452359450895935	2.1150466617000196	-0.16625784490338216	2.9999461149143105	
2.253004752299544	0.37515986417821867	-3.584603659913698	1.8850896774754748	-1.0936476347623727	3.5807916834414693	
2.7118882049536834	0.6688630472125265	-3.6467819382606517	1.601222769714136	-2.054542323522694	4.111437433954766	
3.302874649587468	0.9611088734229216	-3.6462693468913177	1.2824927853083288	-3.006691739357737	4.571428921514227	
4.011778731963451	1.2404015189183766	-3.59266890521502	0.951297236509877	-3.907931782216296	4.94521330303619	
4.821892239168092	1.499341976220494	-3.496309864410961	0.6319612940805531	-4.719723297947267	5.2236136714569295	
5.715217486840797	1.735850294211602	-3.366626571174505	0.3490226232421474	-5.410221207573809	5.40471079737035	
6.673679840499816	1.95396905319494	-3.2105549235351374	0.12529347995413523	-5.956610308636426	5.494074933264454	
7.6800855422777135	2.164183942804141	-3.0310410503163023	-0.020180478963422975	-6.346522485125499	5.504316706660913	
8.718680942897862	2.3832172182241713	-2.8257258596665786	-0.07410453858429124	-6.578332133891507	5.453881556244768	
9.77524333915349	2.6331696091347085	-2.5861530125325594	-0.030549223427996364	-6.660126247725601	5.365087605928845	
10.83670743790912	2.939926548300787	-2.298030914464219	0.10798359428468872	-6.607718008608946	5.261706570840331	
11.890333446878376	3.3307068560735407	-1.9429127263497685	0.33029778235788265	-6.4420890244232	5.1663232459022765	
12.922590054329374	3.8309274988621116	-1.5010668365851536	0.617230908054192	-6.186727935277829	5.097772104129164	
13.918126105341448	4.460811693590966	-0.9548226361477504	0.9433799718436766	-5.865286028552691	5.068949422679452	
14.859389682295378	5.23233428175416	-0.29149112660295345	1.2796312076538199	-5.499784029706703	5.085301809979968	
15.727272630433818	6.147150432323007	0.49466605448989026	1.5960145761372488	-5.109419109045808	5.144337578699277	
16.502498164464207	7.195526537405408	1.4011542950637228	1.8644046658122684	-4.709798264249836	5.236031515332053	
17.167333513381834	8.356220934691718	2.4164832148935433	2.0609229068219035	-4.312467741482557	5.343941554823923	
17.707275741514554	9.597293108095482	3.519997529436485	2.1679073459117024	-3.924698501524386	5.446852080832444	
18.1124500544893	10.877771257235851	4.68242183908545	2.1753148827055013	-3.5495231375969514	5.52075543357669	
18.378538299495297	12.15010896347117	5.867145248235509	2.0813568062621903	-3.18606577071782	5.5410485464507	
18.507114156797	13.363357460640126	7.032011457219678	1.8920920590327512	-2.8302697176540885	5.484853713797762	
18.505288469086025	14.466015554575163	8.131023317199189	1.620119292299597	-2.475834378695066	5.332698688904498	
18.385700290322195	15.41020261155016	9.116362353926622	1.2827724728276158	-2.1156067187265393	5.071056162087624	
18.16481569912212	16.152486808745763	9.939891127793128	0.8997609210896955	-1.7425238235590204	4.691646700487462	
