21.214553876005763	-0.5975522786456983	15.484547105881942	-0.9435533362662212	-2.473706235004227	1.4905711586646155	
20.841939239017425	0.01871492139770302	15.66999649702212	-0.9202998686471711	-1.8633267286783928	1.4147648809066578	
20.38559929194934	0.6554015744898543	15.495896769350914	-0.8988894672958458	-1.2422967438931145	1.32588767517772	
19.868071430428294	1.287549580762606	14.958962839132253	-0.8800394380036628	-0.6245608158963274	1.2250143105727322	
19.311071811182394	1.8890194674460365	14.070601926315549	-0.8643867716751764	-0.02461352181319863	1.1131326972516038	
18.734349413999514	2.4325149475631163	12.864012177703515	-0.8524657336655356	0.5427063044335573	0.9910806900535372	
18.154623991112548	2.890929590000634	11.391013241236301	-0.8447218194542957	1.0631982405398963	0.859569677845412	
17.584978798961302	3.238417309063577	9.721148978959611	-0.8414039436240506	1.5240631719921434	0.7193324151348849	
17.03461457372879	3.4521792061334344	7.93753011296924	-0.8423628208194625	1.9147376120276374	0.5714038671068398	
16.5088403555084	3.5146872788202415	6.131191141729772	-0.8468432467525429	2.2276460088745194	0.4175008148015324	
16.009323150113016	3.4160290592156404	4.393876811454935	-0.8533520530600748	2.4588771193926773	0.26044665862848143	
15.534658066218395	3.155989001056615	2.809491743166968	-0.8596369870966586	2.608768100471191	0.10453677767044604	
15.081300697716246	2.7454194494990825	1.4449628297685244	-0.8627711729346301	2.6823581119087323	-0.044340030289281705	
14.644656670654177	2.20608744888062	0.34353208752830494	-0.8592899628809959	2.68934581300517	-0.17916878670881609	
14.219764409588707	1.5692490190795896	-0.4775588045234979	-0.8453436352792498	2.643313724681344	-0.292815903558726	
13.801550563572409	0.8733041552324334	-1.0253454700251559	-0.8169323232673942	2.5601820413302296	-0.3792536311926724	
13.38498134964979	0.16074039694737513	-1.3261311238679796	-0.7702885540393354	2.456065765551542	-0.43466773582266305	
12.965703581450391	-0.5254581873465934	-1.4184872719939279	-0.702475154230336	2.3449288223387397	-0.45808786035721144	
12.541638033701746	-1.1456009859651188	-1.3461696676005048	-0.6121025319632405	2.2369922638948756	-0.45120961751939415	
12.114570981634753	-1.6667195361309435	-1.1529216555344788	-0.49989305130119815	2.1383583370787207	-0.4177297045584601	
11.690729939332458	-2.0653659604433052	-0.8791154719589769	-0.3689346340945845	2.0514713965381537	-0.3625939293688185	
11.279991946477955	-2.3294641998061056	-0.5599076882570335	-0.22455384724479957	1.9760533500601039	-0.2913572041390685	
10.89381306214638	-2.4589437313900584	-0.22449874414874485	-0.07380179679081554	1.9101315493478568	-0.20977654691640168	
10.54282913513804	-2.464699634665892	0.10380348464384136	0.07537011569493796	1.8509034919644238	-0.12359720493854504	
10.235190565675605	-2.3665186610303697	0.4071963140057516	0.21499162676005612	1.7953491010674838	-0.03840396793341001	
9.975727080909852	-2.1905357803827026	0.6729127104034127	0.3379141200482228	1.7406617453560038	0.040541290695641226	
9.765843469524153	-1.9663755811813244	0.8926881143256009	0.4385733060979918	1.6845418323219972	0.10850805181993466	
9.603973325789815	-1.724087514940691	1.0622078332283207	0.5136423661041208	1.6253729185540036	0.1615795570668655	
9.486388037390318	-1.49107923738235	1.180520799093803	0.5623988408814531	1.5622699326976595	0.1969925137065151	
9.407996876456505	-1.2895925449804522	1.249532987229432	0.5866646193829641	1.495028576557668	0.21344587710190802	
9.363000804113739	-1.1349066089034168	1.2735621164024384	0.5903828721651424	1.4240213408187588	0.21129039009395714	
9.345404393764053	-1.0344151748119927	1.25887406335388	0.5788984717258249	1.3500598942411954	0.19251952129195293	
9.349397352658006	-0.9876821450377828	1.2131600910264564	0.5580427721039998	1.2742456629778975	0.16050890010978267	
9.36960832526076	-0.9877173489465896	1.1449108975000106	0.5331891509555713	1.1978271198409183	0.11948224930346814	
9.40122654285862	-1.0230876293841364	1.0627540689786643	0.5085459585149438	1.1220857185519197	0.07388777920991428	
9.440046874486773	-1.0802520448057022	0.9748183123728494	0.48677378657107134	1.0482492708554934	0.027848176944828256	
9.482470469490108	-1.145807178687186	0.8881755738710584	0.46893385878233945	0.9774280169230524	-0.015247308216673403	
9.525483933483391	-1.2083359834798186	0.8084215631388917	0.4547392106362521	0.9105714368551456	-0.05296307155390435	
9.566605249683407	-1.259524245500775	0.7394980019407703	0.4430290959094759	0.8484484478173121	-0.08382313969543201	
9.603800081277807	-1.2944498917823866	0.6837558259743182	0.4322639542082876	0.7916475700267225	-0.10717563370865231	
9.635410908825124	-1.3113631258186254	0.6421312819501289	0.42092142681776723	0.7405871691735693	-0.12302197265937735	
9.660117511511054	-1.311140185565758	0.6143830317040295	0.40777802138697694	0.6955344927796233	-0.1318432718541505	
9.676947802070227	-1.296565009000565	0.5993414870413675	0.39207321954806534	0.6566319081876837	-0.13444632636558346	
9.685342153074204	-1.2715384378645829	0.5951470779216592	0.37356338666121436	0.6239309190396182	-0.1318324060418965	
9.685254859186745	-1.2403448662316985	0.5994449514765778	0.35249063003985415	0.5974295377689068	-0.12509286429808059	
9.677283314138277	-1.207036205381684	0.6095303645957802	0.32951073900057887	0.5771092386938595	-0.11533011501164181	
9.662798720379378	-1.1749285388580932	0.6224804897650251	0.3055914248381144	0.5629721848343758	-0.10359751488544587	
9.644052062941958	-1.1462280748724234	0.6352986361893103	0.28188832317870965	0.5550778652140864	-0.09085622390057593	
9.624199377977105	-1.1218402693467604	0.6450902850078541	0.2596002311679189	0.5535746093594277	-0.07794915931209559	
9.607208343672918	-1.1014150974222188	0.6492283670547934	0.23982689780295835	0.5587153184201298	-0.06559223006942083	
9.597699763956445	-1.0835487658360978	0.6454722291994665	0.22345112491654784	0.5708571014634701	-0.05437489725219592	
9.600744696700938	-1.066099443744216	0.6320248216849755	0.21105222811216978	0.5904459176811667	-0.04476729197230364	
9.621635221987027	-1.0465768737517702	0.6075134433294916	0.20285682821497472	0.6179881569343544	-0.03713148756045908	
9.665635539314327	-1.0225696271189124	0.5708688860824188	0.19873656647078006	0.6540115187669406	-0.03173615313953227	
9.737736736444456	-0.9921278524876038	0.521106597603639	0.19826119570285117	0.6990240732734172	-0.02877386120052365	
9.842424017798455	-0.9540568075332082	0.4570663267829652	0.20078485531822376	0.7534798135732012	-0.028376772319328093	
9.983456840615975	-0.9081182673219588	0.37715229421217505	0.2055531632312864	0.8177528987749753	-0.030630049804385804	
10.16366876597995	-0.8551411845921181	0.2791192848361455	0.21181756728802986	0.8921216737015873	-0.03558128092470839	
10.38480863704622	-0.7970451159427523	0.1599715099807081	0.21894130919550206	0.9767622842411956	-0.04324375615057491	
10.647485385630258	-0.7367730776648412	0.016055436420188817	0.22647368653557465	1.071749388790201	-0.053593621883057815	
10.951196933828431	-0.6781900114976377	-0.1566858199842142	0.23419271248505857	1.1770536134242116	-0.06656314366660523	
11.294434743059945	-0.625955470442015	-0.3623303030473174	0.2421244439502741	1.2925311927787204	-0.08203341567558567	
11.67484715071433	-0.5853760511930363	-0.6044982201070779	0.25054719822395416	1.4179022873173768	-0.0998290650911958	
12.089436444494183	-0.5622302227526682	-0.8858032258617928	0.259991283419127	1.5527148375491697	-0.11971785666167918	
12.534744647089045	-0.5625401982195088	-1.2073329278058433	0.2712382315561533	1.696302072119448	-0.14141858223890696	
13.006960681773668	-0.5922878046203047	-1.568191012651722	0.2853220042475976	1.8477373708205083	-0.16461414194257437	
13.501933644249059	-0.6570651616129696	-1.9651149347198238	0.30351799799033974	2.005791775376541	-0.18896734510669022	
14.01507559658117	-0.7616643458098402	-2.39218812258683	0.3273066169260927	2.168898935701279	-0.2141369764212775	
14.54112777090743	-0.9096105860835483	-2.840668057983812	0.3582959682444559	2.335132738040388	-0.23979138293702196	
15.073819010389878	-1.1027229252422992	-3.299045237009897	0.39810359540681844	2.5022148667509545	-0.26561616896454787	
15.605466399827396	-1.3407223157901749	-3.753279202372765	0.44822402549455165	2.6675453400039957	-0.2913157069020629	
16.126573302259917	-1.6209104236067802	-4.187231411427532	0.5098927216879575	2.8282561087542604	-0.3166099657666368	
16.62548726519517	-1.9379632333133616	-4.583333260244528	0.5839543378710679	2.9812896124379753	-0.3412280817053173	
17.088195987412888	-2.28389814501897	-4.923564008825905	0.6707410323386374	3.1235073755971547	-0.36490040953912184	
17.49846006820737	-2.6483610683212935	-5.190756991462768	0.7699985272077338	3.2518298467123343	-0.38735132996567656	
17.83830260412878	-3.0191428434502248	-5.370076981855617	0.8808724048051124	3.3633955655251806	-0.40829208512760073	
18.08885443760612	-3.382858907929157	-5.450554484413967	1.0019531698871171	3.455739255661982	-0.427408812260643	
18.231533866353665	-3.725752479724654	-5.426531680923141	1.1313739443911712	3.526987049704328	-0.4443402694948108	
18.24952401774328	-4.034595853004931	-5.29886413335994	1.266945566820996	3.5760726923273385	-0.45863672633691077	
18.129243066473588	-4.297596357624364	-5.075371708046331	1.4063047942472344	3.602929338125633	-0.46969791566623365	
17.861482935534646	-4.5051738915121815	-4.770434598170835	1.5470449060212645	3.6086192476385817	-0.47669859625342476	
17.44214847880959	-4.650524812371193	-4.403804183712624	1.6868295148496517	3.5953657897487243	-0.4785162308532873	
16.87255198565424	-4.729864491528258	-3.9987193705680513	1.8234810236741388	3.5664412537624495	-0.4736804033221691	
16.159271693105705	-4.742244208529655	-3.579522304128001	1.9550182053277705	3.525853128768724	-0.4603685433249024	
15.31347497032628	-4.688854269176848	-3.169306709805798	2.079575808654956	3.4777645534308506	-0.43648856550861587	
14.3499678255949	-4.572164551522721	-2.7882710203953534	2.1951887545398283	3.425729096201938	-0.3998428693914888	
13.286221203341901	-4.395197383829289	-2.452814338900364	2.2994966632877585	3.371823153582234	-0.3483545785527517	
12.141550812939338	-4.161074952294823	-2.1752905535951923	2.389442535098395	3.3157649117100134	-0.2803370022486299	
10.936665787520223	-3.872948732585124	-1.9642530045795301	2.4610562172806234	3.2541131567580908	-0.1947866565586081	
9.693661782815544	-3.5343135411896167	-1.8250140771299983	2.509474859427002	3.1798291471769935	-0.09163160780866479	
8.43612796732792	-3.1495269964793327	-1.7600770729076667	2.5292463351051793	3.0823517188398277	0.0281122635978585	
7.189012296065827	-2.7243475200970133	-1.7690711959012348	2.514856135333277	2.948131921151478	0.16226516788706918	
5.978132021032101	-2.26634414764992	-1.8481210828737804	2.4614017790372564	2.7616139443886705	0.30749620923155263	
4.829362412336839	-1.785049947910658	-1.9887600532889051	2.365316246867543	2.5066491941601066	0.45943636633433216	
3.7677876941234767	-1.2917048977549885	-2.1773239336298342	2.2249137779032875	2.168305338840898	0.6129480612436935	
2.8171052776335337	-0.798714690292839	-2.395889444210628	2.0406087456559243	1.7348214092976775	0.7625299226827453	
1.9992049664957272	-0.3190313290467628	-2.6245327009680612	1.8149233062095407	1.1995683100007015	0.9027964333608153	
1.333764968648339	0.13448648544523134	-2.844288637105265	1.5523628039641169	0.5628248973865003	1.0289882401766182	
0.8376344872687256	0.5497269145081808	-3.0400319781038188	1.2592278971462354	-0.1668440174281717	1.137467050728834	
0.5237933017298582	0.9160180334836237	-3.202249798437302	0.9433188179179341	-0.9722276526467459	1.226096556511095	
0.4000044867051561	1.2247673809579616	-3.32733925888114	0.6135149899720057	-1.8284845092800013	1.2944118236084903	
0.4675279139947938	1.4699745776894246	-3.416923944638037	0.27930626982544454	-2.705210918944213	1.3435850334524833	
0.7203517252619769	1.648554560491809	-3.4764843173307924	-0.04970326107122673	-3.569339949899343	1.3761896640030133	
1.1453234395249867	1.7604402790426026	-3.5135735484526234	-0.36431407258903165	-4.38856206052177	1.3957906108515232	
1.723604917502201	1.8083809640956376	-3.5358956774444863	-0.6563038922755698	-5.134730831114375	1.4064175900017626	
2.4330473834155137	1.7974431544305751	-3.5496788623230864	-0.9190132848981855	-5.786395494454491	1.412068827958189	
3.250713554909686	1.7343535824731509	-3.558405383972993	-1.1478708543835832	-6.330302102381299	1.4163133456603518	
4.15522319036177	1.62673107887754	-3.5618090198634245	-1.3407559487568501	-6.761825997670381	1.4219970298011493	
5.128646183190071	1.4822793651936468	-3.5550606808422067	-1.4981078285549239	-7.084346383836824	1.431056356489283	
6.157603604432265	1.3080550161960784	-3.5282146645582277	-1.6226481853749506	-7.307504482945964	1.4444577883713894	
7.23322265076361	1.1100214304961635	-3.46623373065993	-1.7187581694465695	-7.444781641457558	1.4622646970920716	
8.350158278934867	0.8929176244220121	-3.349584028395542	-1.7917553840303504	-7.511138247988159	1.4837729788449645	
9.504939101244464	0.660387762331103	-3.155364703685946	-1.8471843718758438	-7.520979885945273	1.5076952321676997	
10.693949346044104	0.41530291193004404	-2.8588763083011783	-1.8902184730486982	-7.4866634416781155	1.5323703679295555	
11.911491726375113	0.1601844791107141	-2.4355341665156067	-1.9252527943300095	-7.417676310199665	1.5559758612134151	
13.148500306542086	-0.10239679401237803	-1.8629031298944423	-1.955726505063803	-7.320445290280193	1.576700798823906	
14.391937036435213	-0.3695136027127583	-1.122754432235069	-1.9840803143044137	-7.198431911659954	1.5928616251710392	
15.62476300059685	-0.6376648123045695	-0.2031444091340716	-2.0117862850702997	-7.052379656768709	1.6029692308769916	
16.82638675061691	-0.902645738421231	0.8995014642408758	-2.039405667676776	-6.880646009600956	1.6057560461953875	
17.973537714928685	-1.159507558749612	2.1784305497495895	-2.0666509482969824	-6.679642602637111	1.6001770069901124	
19.04151624043088	-1.4026260398520285	3.61534335923657	-2.0924604504568642	-6.4444290449420105	1.58540229697466	
20.005646844011252	-1.625853357650644	5.179906618464309	-2.1150736735771556	-6.169379576431919	1.5608222134132204	
20.84282411914964	-1.8227366145229065	6.830071352256918	-2.1321247176963753	-5.8488977016669175	1.5260639601775714	
21.533081278345705	-1.9867957507278313	8.513242248419033	-2.14077407965729	-5.478167173757564	1.4810214635062693	
22.06110355912697	-2.1118547005061177	10.168409586101257	-2.137911910582843	-5.053931253090163	1.4258962105179036	
22.416915904674646	-2.1922755097765037	11.728890837523112	-2.1203838960395465	-4.574952093247571	1.3612073181408044	
22.597883689709484	-2.223492957966153	13.12652305973019	-2.0854371123437283	-4.042996577928209	1.2878687034929697	
22.606678275723095	-2.2018066376012886	14.29372774133236	-2.0307319786129976	-3.462054794124584	1.2070693661689325	
