21.10073688096829	8.646040889139034	15.120784787027594	0.2300486552392812	-1.8937297336503145	2.425518345232514	
20.509241692060847	9.064656639412043	15.4989815499844	-0.09256661836499658	-1.156279192445855	2.2857217040248567	
19.870941371931863	9.346338690953223	15.488915522822138	-0.42870234501370996	-0.4493844229769245	2.0895665924746933	
19.21141790726225	9.483183243250343	15.07599251366448	-0.7663261578807103	0.2215898775908961	1.8447672595428923	
18.553076979537433	9.47330306443212	14.264934076344922	-1.0926618286149237	0.8497482704255062	1.5607838870866713	
17.91309998543255	9.322588089342565	13.087801356235339	-1.3945741284450317	1.4262119338035413	1.248924629324836	
17.302882405828218	9.042832412929133	11.60142374859874	-1.6598005466683208	1.940647982041341	0.9212190900070237	
16.727725318407334	8.650698140008608	9.886008112587675	-1.8779421523775288	2.3817464830465584	0.5897796120702846	
16.1872070910991	8.165937128263565	8.039564157473007	-2.0412951002647035	2.738152238998772	0.2661155277026858	
15.676075519188917	7.609731982907789	6.169804081870642	-2.1452681235210256	2.9996718068747246	-0.03928073775816533	
15.185772359620978	7.003327110397287	4.384214220137976	-2.1886817875283735	3.158710004589806	-0.31713217076974304	
14.70674188622213	6.366975083540874	2.7791244532391186	-2.17412076781379	3.2118907145730597	-0.5594522028423378	
14.23128058241837	5.719172970924455	1.4291869830090418	-2.108207320541077	3.161685512925767	-0.7596112815496403	
13.756232985719851	5.076063853969105	0.3788759038402355	-2.001350328886207	3.0177342638986966	-0.9125318653631428	
13.284108023845196	4.450912211636317	-0.3613937990809	-1.8661990525580618	2.797138801983869	-1.0150680413597184	
12.82164062253325	3.853761552090161	-0.812842135996004	-1.7148137462240487	2.5231810612946513	-1.0664372984331805	
12.376758328698399	3.291554850751532	-1.0207387466618287	-1.5556216438690742	2.222689282864896	-1.0684928640186793	
11.955631164440032	2.7689749580448186	-1.0433794318867877	-1.391378775096179	1.922544741892642	-1.0256389479175232	
11.561323163686632	2.2899642668836937	-0.9401418519401118	-1.219118002889127	1.6460659781665068	-0.94428801753478	
11.194801911865648	1.8594617560759827	-0.7615186243350841	-1.0325100710239492	1.410085292394473	-0.8318833074436829	
10.85734053092299	1.4842277364521204	-0.5444553226941001	-0.8258668308126242	1.2236674612581817	-0.6957447097725651	
10.552077645741203	1.1719524030929633	-0.3134183846976869	-0.5976575560139011	1.0886236600158352	-0.5422557923053897	
10.283754027805566	0.929111287683597	-0.08420698051851346	-0.3522311708234719	1.0011543037308999	-0.37668867218295005	
10.05693901822395	0.7585204291590533	0.13215000817160902	-0.09949140689076533	0.9539136419889286	-0.203672557551084	
9.873779695947999	0.6575733109279012	0.3270589383410885	0.14706397737765942	0.9378743023771337	-0.028075996531184845	
9.732663692382555	0.6178629373310363	0.49371607015781754	0.3731026947569277	0.9436670028532033	0.1441358696812098	
9.628714132168255	0.6263430727071316	0.6272032228787802	0.5660507231521117	0.9624537635798007	0.30560657195560786	
9.555373217434898	0.6673315883667251	0.7247017607330067	0.7168766621373575	0.9865200545818242	0.44801151319592625	
9.505991007228861	0.7247267360102422	0.7856136630585907	0.8209524840822708	1.0096651917993567	0.5630234494655286	
9.474821101020867	0.7839857451076113	0.8115033854016722	0.8780559814013152	1.0273810751514938	0.6435430543684868	
9.457295878514115	0.8335746390509565	0.8058266990073759	0.891733110766512	1.0368140780031434	0.6848789485284945	
9.449900711263068	0.8657751869107501	0.7734413698748631	0.8683165044966138	1.0365506725391267	0.6855579820942194	
9.449996366485985	0.8768547550706977	0.7200156858735226	0.815885775836141	1.0263308831119458	0.6474944576326296	
9.455652389008918	0.8668190324167201	0.6515524753579418	0.7433433610654675	1.0067964110303518	0.5756099043373043	
9.465433653647429	0.8388437556175335	0.5740971215847335	0.6595842480155316	0.9792683400534136	0.4770724400883082	
9.478149427309408	0.798457408134235	0.49358682509449675	0.5727529879371174	0.9455344351319523	0.36035115376897553	
9.492639029056134	0.75255786041519	0.41570691354029465	0.48960036674178914	0.9076306897764836	0.2342729521501306	
9.507687939142574	0.7083743553733222	0.34559207381452584	0.415029046714601	0.8676293024462484	0.1072157280426762	
9.522050776160187	0.672569733412616	0.28739973082025855	0.3519494750701756	0.8274723205086256	-0.013485868939132182	
9.534505869348399	0.6505720396070123	0.2439442041015783	0.3014149661752894	0.7888549158330042	-0.1219486475080768	
9.543938408931968	0.6461401489081783	0.2165463878026251	0.26295941747114937	0.7531490738515029	-0.21398091098399136	
9.5494748268886	0.6611501114748186	0.20514798464078446	0.23502636014611888	0.7213650478074003	-0.2871545733357242	
9.550681279446305	0.6955647489348109	0.20861192416760843	0.21537512104033768	0.6941525972764785	-0.3407130843771285	
9.547749139483852	0.7475878335522521	0.225018577015982	0.20140597614139047	0.6718500835949067	-0.37531208211904443	
9.541569910133806	0.8139814918202496	0.2518020042900701	0.19042488418510467	0.6545624939036431	-0.3926765946404904	
9.533717166446456	0.8905155532414133	0.2857938806201399	0.17990354507604392	0.6422457292719772	-0.39525280361001935	
9.526379329047097	0.9725200044658175	0.3233133886513285	0.16774291336173913	0.6347889956143796	-0.38588556574160193	
9.522274522172424	1.0554824734827093	0.36039864679901684	0.15250336084969715	0.6320906161833848	-0.36754395904835885	
9.524545027585765	1.1356197860958326	0.3931915864345096	0.13353510535303567	0.6341248062617659	-0.3431024795376491	
9.536610878991699	1.2102975050956943	0.41835203772869345	0.11093066023207031	0.6409880485434492	-0.315188590798012	
9.562018573387032	1.278204248455596	0.43335492273123627	0.08532186249286187	0.6529184816969098	-0.28609678397224086	
9.604313074410413	1.3392656057770191	0.4366042007800487	0.05758944937031987	0.6702933289024136	-0.2577556701938557	
9.666938351940555	1.394323771091358	0.4273295603841373	0.02856000779522823	0.6936115293140475	-0.2317377062918446	
9.753155771093692	1.4446571242329436	0.4052691535772955	-0.0012314106802357328	0.7234700905532865	-0.2093001634282095	
9.865956727763841	1.4914548021117238	0.3701840266438705	-0.031641319212637624	0.7605414381363386	-0.1914479599304592	
10.007955550888482	1.5354144859280474	0.32135250229264223	-0.06284361060379161	0.805555058206342	-0.17901034741430294	
10.181259501498067	1.576559491923183	0.2572128869627952	-0.09514359422816922	0.8592816245318783	-0.17271584835425613	
10.387336030377927	1.6142620961131358	0.1752398974232245	-0.12876582657841265	0.9225121775251417	-0.17325848782527453	
10.626910804231004	1.647411199158045	0.07208420801553261	-0.16369345244679165	0.9960254028278985	-0.18134832683093158	
10.899930693153745	1.6746258396645688	-0.05605215496532508	-0.19961635983493486	1.0805370141210247	-0.1977405990179629	
11.20562537225333	1.694399955002753	-0.2128864988086699	-0.23600920033279105	1.1766285423164793	-0.22323915765701485	
11.542655889424795	1.705105040568575	-0.4015310108590831	-0.27228516789860696	1.284665614430113	-0.2586749823982664	
11.90927969250743	1.7048817135001428	-0.6240774641000081	-0.3079284958050111	1.4047164082742731	-0.304866333909078	
12.303483435146882	1.691503669830602	-0.8813058279157647	-0.34254087421273516	1.536479495489016	-0.362563808247492	
12.723044377846488	1.662306034856444	-1.1724867903455167	-0.3757728826430045	1.6792277568407399	-0.43238137870876836	
13.165490329472231	1.6142656396591155	-1.4952044573031416	-0.4071513229151431	1.8317696248144235	-0.5147104129077326	
13.627937902085817	1.5442979276862776	-1.8451456419924972	-0.4358695499913883	1.9924330707551947	-0.6096158500756955	
14.106811256745573	1.4497334115706337	-2.2158553613969025	-0.4606409409683257	2.159070753588237	-0.7167205786056793	
14.597456803687368	1.328880642793472	-2.598498064588009	-0.47966424557101545	2.329079183281185	-0.8350821522058111	
15.093691199940736	1.1815717306259774	-2.981712281525492	-0.4907170624833999	2.499434373348783	-0.9630733995699743	
15.587340351821425	1.0095778237521613	-3.351647317869906	-0.4913716798979654	2.6667465111041277	-1.0982813046218511	
16.067840560100343	0.8167903572014668	-3.6922809518084336	-0.47931292252587876	2.827339783510363	-1.2374402052195297	
16.522059696810146	0.6090498286487215	-3.9861673834365376	-0.4527006660805465	2.9773724259706476	-1.37644194165465	
16.934428170507086	0.393675887805935	-4.215630955701162	-0.41048460010907994	3.1130011694823323	-1.5104438324923017	
17.287424543736797	0.17881350351701772	-4.36435610428542	-0.3526076786969007	3.230596585712625	-1.6340875681010294	
17.56245438899289	-0.02730719775064249	-4.419233683554329	-0.2800569183467675	3.327012258549157	-1.741833692380624	
17.74110899712798	-0.21710461801433656	-4.372232600104682	-0.19475355816617415	3.3999054389999865	-1.8283909203598783	
17.806743667872414	-0.38431085630369194	-4.221995970920895	-0.09931239769721062	3.4481058330184213	-1.889193049524071	
17.746072539308912	-0.5244888047056414	-3.9746570433524844	0.003251552972557399	3.4719763654153764	-1.920798748295398	
17.550448926673837	-0.6353965838740449	-3.6437664840184585	0.10977337589095075	3.473719466747859	-1.921118086908461	
17.21665627094835	-0.7171919861135019	-3.249327369245897	0.21713840104864443	3.4575705028591006	-1.889428830451693	
16.747111624802024	-0.7724218722873935	-2.816012168085034	0.3224630641995564	3.4298112666755847	-1.8261761469267914	
16.14948116101007	-0.8057158447010238	-2.370768329494722	0.42330119402597216	3.398543107560917	-1.7325865286013271	
15.435744470139257	-0.8230565110952814	-1.9401470887986372	0.5178988234645161	3.373139835556557	-1.6101590734891915	
14.620891839862281	-0.8306352841225626	-1.5479503871926656	0.6054071318603662	3.3633524383362126	-1.4601685488703484	
13.721629726235255	-0.8335644396053089	-1.213539112942575	0.6859194373140527	3.3781506914262507	-1.2832940182980879	
12.755281626464981	-0.8347291694865969	-0.9508770847011884	0.7602538270636546	3.4243891955014942	-1.079423551535749	
11.73902980459604	-0.8340370763541259	-0.76832398464366	0.8295051023146536	3.5054382441371623	-0.8476830100273447	
10.689567918268096	-0.8282330826359152	-0.6690877772751375	0.89448000693968	3.619929116322043	-0.5867357966321277	
9.623121830605276	-0.811368209705031	-0.6521828484306639	0.9552058344491124	3.760865372906649	-0.295399823723843	
8.55555242694708	-0.7758001761738558	-0.7134275338345866	1.0106455286406215	3.915304898616443	0.026507438942102602	
7.502237214876693	-0.7134914981148422	-0.845964612678242	1.058601944233455	4.064535626402436	0.37725708901058663	
6.4777408626478055	-0.6174212241095649	-1.0402003434627662	1.0957947239815105	4.184741660566746	0.7523911822723341	
5.495526325705098	-0.48288698194528346	-1.2834242398657303	1.1180812309327044	4.2481817911180695	1.1441620892302535	
4.5681133099837465	-0.3084847641740616	-1.559750823756039	1.1207656076410357	4.2249776372883145	1.5413655283867742	
3.707970378727576	-0.09653576113680389	-1.8512513650630102	1.0988949563850696	4.085634151434597	1.9297223798832874	
2.9287735732409446	0.14697559738602223	-2.140172547546672	1.0474942017538533	3.804015775660982	2.292723605288318	
2.2464257781541392	0.41274749139327815	-2.4113605883726486	0.9618402385591582	3.3603840565454544	2.6127755790063865	
1.6793774858990764	0.6887218203043294	-2.6541204573185655	0.8378735295196842	2.744061823700658	2.8725428069043475	
1.2479877236245558	0.9608417415721189	-2.863029696581486	0.672791935587614	1.9553118798623472	3.0563913753504703	
0.9728934014429668	1.2140357132773216	-3.037640639859907	0.465818352574199	1.0061193809135605	3.1518796763302666	
0.8727654743313564	1.4333797765630834	-3.181327657251248	0.21902229581497226	-0.08046755337979529	3.1511118997828302	
0.9621500668555377	1.6052784588631839	-3.299777567404345	-0.06189304265374971	-1.2720307367269055	3.0518061943984085	
1.2498884897111187	1.718643735616996	-3.3992986617125913	-0.3669831515588901	-2.5291103672047313	2.857975025840915	
1.7383913334031773	1.7660700407946686	-3.485039948085727	-0.6818865828155438	-3.8078638813056456	2.5801182827584785	
2.4237444552717182	1.744973115650762	-3.559252086075007	-0.9883441519686685	-5.062788329716699	2.2348889269086207	
3.2962761556999114	1.658531446609377	-3.6198356004102794	-1.2656413341346684	-6.249380564369204	1.8441929598466893	
4.340998719621211	1.5160060463563994	-3.6595967552174424	-1.492785982122141	-7.326588043801697	1.433706690047079	
5.537596217242449	1.3323839703760219	-3.666228101433824	-1.6508101242272923	-8.25899581554594	1.031020624821729	
6.860274059720111	1.127443591544206	-3.6229357273696703	-1.724821016464342	-9.018722330213945	0.6635125421415651	
8.27790606241159	0.9244124117247436	-3.509636516877969	-1.7055701218034436	-9.58692420776308	0.3561167207947694	
9.7548683621008	0.7483953342862595	-3.304637136996048	-1.590463824585729	-9.954831972649595	0.12917102956931248	
11.252795646309808	0.6246553236041318	-2.986665804957026	-1.3839450741428985	-10.124104018248666	-0.003387733171099059	
12.733010309217457	0.5768506054506627	-2.5367841389041588	-1.0971984275354663	-10.106264384945305	-0.03511753193845111	
14.159148956538719	0.6252765893305797	-1.9397189509486095	-0.7473637974266243	-9.921287753268881	0.032600896646160823	
15.499522817754107	0.7851669278009281	-1.1845756828943663	-0.3562969740456393	-9.59529804119273	0.19105127470234518	
16.728648421716482	1.0652024837212823	-0.2653216951889035	0.051082829795208756	-9.157592193176775	0.4254084819303528	
17.82747697681954	1.4664187702200526	0.8182309324941763	0.44884501321842174	-8.637413091095263	0.7164973514382592	
18.782254820088344	1.9819284274695215	2.058556282797309	0.8124223838958874	-8.0611924130978	1.0427889665736059	
19.583147497247776	2.5976085758500886	3.4385671121571777	1.1208800848612714	-7.450871615575575	1.3822350331672821	
20.223613976690363	3.2935045164665615	4.930753557099481	1.3586731785923818	-6.823194805472512	1.7138227095289904	
20.700591969381524	4.045682197063647	6.497574517800299	1.516592585591712	-6.189724764395172	2.0188507074773234	
21.015095196717205	4.828163274679246	8.092833298609333	1.5917611225006782	-5.557331761709515	2.281903200065229	
21.1725984668474	5.614599759781858	9.663539047769332	1.5867617732013148	-4.928978647117961	2.4915026479316884	
21.182799576535274	6.379492844458505	11.152179136190819	1.5081813237294301	-4.3048093704963755	2.6403485188006037	
21.0589016462831	7.0987891459055295	12.498849053990812	1.3651502639383464	-3.6832756620021696	2.7250244184775947	
20.8171641272644	7.750808181311717	13.64477095616969	1.1680941709105048	-3.0625361649924123	2.7458262440239025	
20.475760957531048	8.315878423782118	14.53355680751931	0.9278619671401728	-2.4411454543592885	2.705465787713872	
