4.136208192823734	2.0685708895321344	12.726076528087262	-0.05942530076788138	0.14388093347316394	-0.5181969435119957	-0.061147485977516965	-0.7195936705631782	-0.7106386371470281	
3.989910888762181	2.3684402153861672	12.692682257028176	-0.049907814904381356	0.17711949433334587	-0.5256273659621756	-0.06621833025281261	-0.7197535535329338	-0.7096850273554304	
3.6473317090274415	2.6008310665404517	12.591884946271628	-0.04688076401080029	0.20265232308047207	-0.4999039533835621	-0.070967536666306	-0.7199571201625281	-0.7088010085916646	
3.1404184068567425	2.713155435120535	12.430917558381628	-0.04804556540978837	0.21627833898338628	-0.4410439017976831	-0.07524855915970691	-0.7200807246511445	-0.70784707242461	
2.527631980968279	2.6796786940833837	12.22305885086005	-0.05112302894962611	0.21603668016112745	-0.3546570562857621	-0.07876013354497616	-0.7199249878228359	-0.7070614747213966	
1.8694365744973527	2.4948857210925235	11.999985777800747	-0.05433285100765497	0.20369298634854818	-0.2509579771062727	-0.08115661931837295	-0.7200412583878794	-0.7063567252678364	
1.1955196194514834	2.1643093005038594	11.793758936518536	-0.056478680862131585	0.1850284146475103	-0.13918133305174474	-0.08249446917549678	-0.7209905616906326	-0.7053409297969171	
0.5206218038528837	1.7235394795311565	11.601424314159472	-0.056440901761328606	0.16711194367174503	-0.026211918064791492	-0.08331854256925617	-0.7219017440716067	-0.7042546392290071	
-0.12016878197382475	1.2466603316102445	11.406908512781877	-0.053267893943049725	0.15109058088235303	0.07791123425588728	-0.08368406654188308	-0.722854466299619	-0.7031044558519625	
-0.6930988577447774	0.8060894189341113	11.207875432168219	-0.04628567655313483	0.1328238361663717	0.16244209827091413	-0.08323030261386573	-0.7237771820502698	-0.7021399787805653	
-1.1775506447563457	0.4518181065949055	11.013336215969927	-0.035247010934996235	0.10891062677079597	0.22005105837521696	-0.08253497289228556	-0.7242099831756508	-0.701359922212368	
-1.5677149853923074	0.21613208256059832	10.838510112718787	-0.020247109718363698	0.07969620568598441	0.2505762854249722	-0.08198078085456595	-0.7242748083379413	-0.7008419270050521	
-1.8670374234721705	0.12584055755369192	10.697536049323597	-0.0015968010885140586	0.0480562606519119	0.2584916940429479	-0.08117348231901235	-0.7243149694548532	-0.7005097089964002	
-2.072824945305906	0.19610973205944277	10.602693508804053	0.019852789591385606	0.017560444501951933	0.24797664425666793	-0.07999768640410937	-0.7240137167746529	-0.6999944521411379	
-2.1646141016480174	0.40901830709592585	10.573110461120265	0.042086297833549655	-0.006844715651086053	0.224099930940495	-0.07875605562638423	-0.7234572522056342	-0.6999511355113263	
-2.1386221852536274	0.7443830196404536	10.605300448198772	0.06269035138861787	-0.019037985339339935	0.19250905770899732	-0.07741227643049643	-0.722960756653903	-0.700487484498316	
-1.9946952366622366	1.1912824144223209	10.668047276041317	0.0792376526572126	-0.015550569402900217	0.15931791401652648	-0.0762298244543666	-0.7228764565282148	-0.700903013537144	
-1.7501794939715045	1.704142726027094	10.72102375695571	0.0881894645578281	-3.751999874848332e-05	0.1324521988295093	-0.07536685150137257	-0.7231022056682456	-0.7011889593368189	
-1.4333634117402798	2.2107929782789064	10.741744549418279	0.0848791981729889	0.0187058284070435	0.12327263945312589	-0.07468753899728968	-0.7232535965739901	-0.7014011160802941	
-1.067855730267258	2.6535103426240463	10.727953590186889	0.06622921220853444	0.03323703608613295	0.14086472918699935	-0.07398886913115621	-0.7232399685088085	-0.7010566031439349	
-0.6824695613109832	2.990062696481095	10.671678802957233	0.034083633262139236	0.04125067491918561	0.18178900033042206	-0.07299206652290857	-0.7234311008906169	-0.7006629389526031	
-0.30944676800928755	3.1863045659824816	10.560928474416928	-0.006213906612128377	0.04373078246088369	0.23673581564074753	-0.07149522012822228	-0.7243904282464517	-0.7003122769835112	
0.03163114854289177	3.2203821743629986	10.392066208702115	-0.049573036856905506	0.041353525503332524	0.2951393688893695	-0.06953771462461411	-0.7255309504755442	-0.6995973444269493	
0.3341875480988637	3.0949909883517592	10.18151006582022	-0.09188958298865986	0.03359405024107462	0.3463469246956212	-0.06724026350812003	-0.7264305443057874	-0.6986662787463194	
0.5922487437616609	2.840223581880954	9.95496645048494	-0.13037427262768897	0.020739696906939574	0.3811459720551605	-0.06457631525463044	-0.72728692143403	-0.6973405426909812	
0.7940798970347025	2.499795470176795	9.729933780145691	-0.16355342772689846	0.0036919669450744615	0.39480111598189477	-0.06163613986831114	-0.7284974896144027	-0.6951139057977275	
0.9263944805883916	2.115156636704569	9.513312268278789	-0.19029718412709548	-0.017651404123170993	0.3893696853547948	-0.05882995318238304	-0.7302240934798161	-0.6926699051523255	
0.9792733907859863	1.7296058943092052	9.308410737376176	-0.20926441032926613	-0.04091577494482207	0.3717820817168695	-0.056036011587475225	-0.7317565198669109	-0.6906876483457594	
0.9692110169362603	1.3891642043652526	9.100673999629183	-0.2208393850691616	-0.06245451982079251	0.34884515023189083	-0.05328390859694747	-0.7330003947337919	-0.6889191754846696	
0.9218619454103291	1.1286164726340788	8.879589725057285	-0.22589944463601994	-0.07877924457198177	0.32556300016805373	-0.05081311820281619	-0.7341591526385088	-0.6873202824862741	
0.8630302525789765	0.9639908600235295	8.637411601222107	-0.22538202524343717	-0.0878121621787874	0.3054934137847612	-0.04863250953792488	-0.7352734456046108	-0.6859114339623688	
0.8201751309934799	0.9027822367129626	8.372354721476965	-0.22065486019518782	-0.08956897072784539	0.2901214477098803	-0.04639579016184623	-0.7364058824605622	-0.6845685926598682	
0.8165243248842006	0.946163129475096	8.091722701575708	-0.2130000757225595	-0.08552346362815469	0.27838569436793303	-0.0439747024532035	-0.7376557859437568	-0.683398305221174	
0.8578380064704703	1.0707062751762173	7.79307303890617	-0.20253719419585026	-0.07740984858585503	0.26886161256708646	-0.04186845683945268	-0.7386132573464436	-0.6825360639071103	
0.944320781087314	1.2591164923773848	7.4913173768690005	-0.19016905506624543	-0.06875974616239619	0.260661433952753	-0.03977571365548184	-0.7394594074225429	-0.6814716633858628	
1.065834031464165	1.48260971993927	7.208740519102682	-0.17648570034187328	-0.06322457393768918	0.25206063779498666	-0.03785198810713213	-0.7403992929781157	-0.6803917782851494	
1.2014380942708165	1.7142186710979488	6.963853823282596	-0.16161039633600197	-0.060785363136114615	0.24313727956089962	-0.03596535265391731	-0.7413249294969206	-0.6794404733083115	
1.3373686693506703	1.938085804419804	6.769803975113111	-0.14545722518427154	-0.06049528406523551	0.2357604566361435	-0.03397931122834637	-0.7423749407404123	-0.678554288643205	
1.4723409208550922	2.142316937390989	6.635399821896582	-0.12797620335313098	-0.06285696320593039	0.23123149646283553	-0.032232249422383334	-0.7437100365668519	-0.6776363384905826	
1.5988055897447886	2.3146410408822993	6.563507749321621	-0.10948130289330195	-0.06638454451849816	0.22998966947659663	-0.030523810965385326	-0.7445751066961721	-0.6763682154328752	
1.712934741087285	2.4477133656587036	6.553079617337144	-0.09042386635936892	-0.07061036401781103	0.23247910080209414	-0.028484067299550338	-0.7450783572326242	-0.6756556868121791	
1.815747515951482	2.5385392409227485	6.603609483898889	-0.07050327396093635	-0.07568811637132714	0.23774141545762814	-0.026217782479473064	-0.7454041584587024	-0.6749584919066378	
1.9013162957361172	2.585974514706835	6.711992394145029	-0.04989371699081494	-0.08186433403893564	0.24371182007467782	-0.024229000619556254	-0.7457508004362501	-0.6741388989660676	
1.9662292896041793	2.600693889564547	6.871436842174891	-0.02884230631782129	-0.08841229018602656	0.24821099676082387	-0.02233041008587662	-0.7461745491918258	-0.6735576984010528	
2.0148813596619077	2.601037065624331	7.072637683226315	-0.007773390116569306	-0.09376682128481739	0.2498357917750897	-0.02008565798545839	-0.7463096091023018	-0.6733698946359978	
2.0483647106028298	2.5947633005994675	7.303274925570153	0.011935917678987683	-0.09647369002399811	0.2484118535132145	-0.018004531185729724	-0.7459092811443065	-0.6735919559240473	
2.067190360158063	2.585835749922003	7.547708068974443	0.02991550984433554	-0.09450085449056168	0.2447324530752759	-0.015946567043621004	-0.7458996368570274	-0.6733810244052923	
2.077645959132195	2.5819206941269646	7.797080338348037	0.04591593952594909	-0.08713502331215926	0.23998991233843497	-0.014111422958411949	-0.7459185561322162	-0.6731072438363483	
2.0924278206856415	2.583271866506616	8.050151997603042	0.059603475286120755	-0.07388355346491333	0.23643470087396132	-0.012145148968442121	-0.746039280810623	-0.6733434318236685	
2.1212563371555433	2.587012950611463	8.304623462296572	0.07152319287079989	-0.05430470901467973	0.23649110621495373	-0.010425499602157287	-0.7461092514187653	-0.6739424835562035	
2.1641267523243317	2.5914401611322395	8.559385362345832	0.08263203536724675	-0.028342536894114465	0.24173738344238516	-0.009338253693988456	-0.7456525132014016	-0.6744791465518181	
2.215336005939383	2.5970025143077238	8.819228395345089	0.09349265118653977	0.0036866798367049185	0.2521511034825605	-0.00793736777023996	-0.7450835325713383	-0.6748523285861487	
2.2693574485667036	2.612510533816276	9.083243820112635	0.1051143337799798	0.041040649052092516	0.26557561562166204	-0.006189845692236542	-0.7449989301276118	-0.6749717868937858	
2.3099704500427958	2.6462748282767254	9.343083454036204	0.11742740344968687	0.08203135071911549	0.2802360028098424	-0.0046423115773514614	-0.7443539552997886	-0.67522110803248	
2.3229320612806625	2.703218779139063	9.590464299544264	0.12993383146017312	0.12338116282700591	0.29437546413639193	-0.0032241158510737692	-0.7436905297984728	-0.6756481364320529	
2.2949521656261163	2.7875865965795996	9.820836069953883	0.14140117370590344	0.1605409966298792	0.3066067000174038	-0.0021859872454398715	-0.7431321474185638	-0.6760504061988203	
2.2217779716371804	2.906195263489247	10.03279517363841	0.15010800429182775	0.18909790155571943	0.31600027478340975	-0.0012877843013255953	-0.742449161781383	-0.6767447448993169	
2.1164539520614665	3.065783930004555	10.224447102542026	0.15444970680083248	0.20618878206093902	0.32155716026754244	0.00014208960058085553	-0.7420568907376089	-0.6779331359262507	
2.006951305019511	3.2662770131020005	10.39268801155997	0.15318954638745605	0.2114306469515602	0.32175486206568515	0.0012712077948268752	-0.7416341719907767	-0.6787161333457447	
1.9426342124518845	3.501673005829502	10.543022627360772	0.14602309255571538	0.20815696070290035	0.314492041512532	0.0024123771842537367	-0.7410655303037113	-0.6799090541626811	
1.9645176857032147	3.758093139962017	10.685143650512444	0.13197717010517465	0.20243723076311365	0.297416880753704	0.0031340101595677622	-0.7404366144070179	-0.6808918334040736	
2.0902911356233727	4.006081084247466	10.831067714520097	0.1098259421427457	0.20021257671424453	0.26973490764354463	0.0036993946608268814	-0.7394944959058237	-0.6814103082718304	
2.301784551663534	4.197573695118427	10.990320978694937	0.07912081593232916	0.20621823813485096	0.2334395191885224	0.004276927699972941	-0.738597236307634	-0.6817612413875704	
2.545523396724859	4.281692938064752	11.169258330458097	0.040491218753575066	0.22418157875134323	0.1947622741961879	0.004332102742961241	-0.7382520097653544	-0.6819202663365335	
2.7578040937614077	4.230997798137436	11.370396867474202	-0.00436334332008982	0.256911524346497	0.16567554750723892	0.00375474166925118	-0.7378522380651896	-0.6817179366466165	
2.8937990843441637	4.052411908565976	11.577746862653543	-0.05217499955904284	0.3055394378085251	0.1613756878487428	0.002603925967824463	-0.7376353763466039	-0.6809737282480376	
2.9080465920267886	3.784868765891007	11.754436822227204	-0.09929944519123451	0.365762968250134	0.18950122217776433	0.0015799752753005692	-0.7378536897831799	-0.6796257492392811	
2.764282308225448	3.464002133669105	11.87109177660035	-0.14117151198753317	0.4267863639971649	0.24959944530052644	0.0010701881808796634	-0.7383877483732095	-0.6780808433239358	
2.453618653661298	3.127215836595577	11.91782286933203	-0.1740343666143035	0.4772300175642811	0.3360859627663015	0.0009561876246672137	-0.7394722633639867	-0.676433052183922	
1.990079816652065	2.8147421380345046	11.898445208407411	-0.19593391771666915	0.5080995280397556	0.43796137686495235	0.0012003383731339894	-0.7413729801096223	-0.6747449603427019	
1.403737410058763	2.5561864521950155	11.823546957334473	-0.20658699676658634	0.5126286623186	0.5391925535571285	0.002020426164133866	-0.7435586835043656	-0.6733141803333196	
0.7529430870386906	2.372044421134887	11.710494631135273	-0.20746774412025976	0.48873336569097026	0.6238405913441378	0.00336436637869947	-0.7453835323552637	-0.6716229213911395	
0.10413941449521902	2.269567048624668	11.57965387709933	-0.19926383627137692	0.43838166729363987	0.6756112971489487	0.0054179829979724625	-0.7469640023429801	-0.6704214047288186	
-0.45931253762786317	2.21636608044895	11.456640751375689	-0.1829051843806776	0.36960557082173795	0.6823483016427416	0.007829635719939852	-0.7486505676383778	-0.6693053570481811	
-0.873504981306325	2.154253706592086	11.345405082995002	-0.1599657156185935	0.29416892406045997	0.6400277721958271	0.010411705113445434	-0.7502848495954788	-0.6682542268877855	
-1.1124779443415655	2.054087956466259	11.225519768684116	-0.1332518899162657	0.2226455479808347	0.5524241733527372	0.012790336394693564	-0.7515715092475582	-0.6673542838363266	
-1.1818017370450316	1.9343345833234893	11.088394904148869	-0.10588759339850834	0.1596470185975831	0.42679670750703963	0.014310860245858002	-0.7523341187614407	-0.6662183032189614	
-1.1133944231245343	1.815925310829371	10.964910027920833	-0.07909110945617032	0.10410063551778233	0.2714712032259732	0.015043621379443926	-0.7523113948655288	-0.6653147956382636	
-0.9562608885244788	1.7038669604473433	10.88807804259392	-0.053449997950874274	0.05763493326416753	0.10112151614672639	0.014831806356016662	-0.7522933097544573	-0.6646272619744856	
-0.7601828669190526	1.5904399335778387	10.877055733310579	-0.029788917962549538	0.019763484551185744	-0.0663408401709422	0.014000959385343867	-0.7521228944652733	-0.6643017137638796	
-0.5569342282694577	1.4657241442205986	10.928953207311592	-0.00880449578031874	-0.011417067480007414	-0.2115491787181055	0.01264826492630705	-0.7517315437536474	-0.663988784654591	
-0.35991272287630843	1.3379105459422278	11.021660481894694	0.009569906901392297	-0.03763189836614639	-0.3180887925943282	0.01089644221076443	-0.7514950625414273	-0.6634319069518746	
-0.16886717894720918	1.2309273903748086	11.121638707342122	0.026942581571760223	-0.0610193664016397	-0.37931795949422187	0.008928748826910833	-0.7517050516348034	-0.6628822515147645	
0.02027439597065729	1.1607725966206193	11.193895563520176	0.04599282633679398	-0.08371215618434065	-0.40001516638736495	0.006800342130828864	-0.7521243109200096	-0.6626092687023691	
0.19570427296911383	1.1321574869541027	11.213858271102433	0.06786762932158358	-0.10363324253346921	-0.3884121708320324	0.005318497603216667	-0.7519726085890929	-0.6629014164536149	
0.3596164241139112	1.1470421839280482	11.161920741545483	0.09286129585166203	-0.11697889846257341	-0.35606322543677693	0.00403166205424003	-0.7514713284607203	-0.6633629455370491	
0.5094349259440832	1.209358335009469	11.023379039785988	0.1202702052643266	-0.12368042452930773	-0.31533376925170326	0.002796359015404217	-0.7507270401994602	-0.6640512743541584	
0.6385536539316388	1.3218194832964976	10.800454886564971	0.14855321788394	-0.12782396379227162	-0.27739846397588336	0.00182192282714064	-0.7498541892823993	-0.6648918943370284	
0.735782050912308	1.48243090813468	10.506636523163598	0.17537651585032699	-0.13466926742200822	-0.25165205280758596	0.001228433238032952	-0.7490594507707657	-0.6657871898204532	
0.7878628949531505	1.6809145389840257	10.154633970354835	0.19803142663272943	-0.1471917402899451	-0.24512357637926951	0.0009892216693840146	-0.7482526857862244	-0.6669225854675868	
0.7974774424076587	1.8944989237807055	9.763120705114058	0.21476991111258995	-0.16415504856392532	-0.26112111557264617	0.0007336186997443464	-0.7472525386461215	-0.6679515981199347	
0.7668632702415201	2.095891170070842	9.355025706277292	0.22525762671139107	-0.1817695029296005	-0.2989764306417255	-5.484557209562541e-05	-0.7461767930206786	-0.6695533526748829	
0.7050554085180248	2.2659748981261623	8.954380459588576	0.23009352223265125	-0.19615081816922028	-0.3523315180085647	-0.0013687055007075293	-0.7449862904208523	-0.6712232854001889	
0.628914056762937	2.3850225335407313	8.579314344211843	0.23061583767455354	-0.2036917142683998	-0.410740478887273	-0.0028140366090945767	-0.7436389562867359	-0.6726989237802505	
0.5599783815410028	2.4365117330781008	8.242633729674647	0.22836512711435425	-0.20234629073844884	-0.4638956833080016	-0.004396518505162358	-0.7424248061662824	-0.6739401430397538	
0.5167448109946923	2.415542887989613	7.945516748789617	0.22473369837252583	-0.1916327651864389	-0.5040822912884888	-0.006447997862424302	-0.7413991651024666	-0.6748507459272612	
0.5096120365326301	2.3227815132939265	7.671950800072705	0.22101460295808809	-0.17175221973226368	-0.5260091212725876	-0.008726819321551125	-0.7399062419003349	-0.6761392738998497	
0.5529935250555441	2.157081027606024	7.419883865544738	0.21761944709918074	-0.14683777057992747	-0.5284424351427959	-0.011039169969240042	-0.7384277205020175	-0.6775456358418147	
0.6576352762973938	1.9245573834499539	7.192040776560803	0.21324334562295022	-0.12009683626908225	-0.5134329270178802	-0.013765390959058084	-0.7372344030132477	-0.6787188269737648	
0.8255331476501963	1.6455341202805513	7.003718207821886	0.20745843242740059	-0.09465344874747512	-0.48567140087052935	-0.01634354606153465	-0.7362309928990448	-0.6800996820077638	
1.045980984724042	1.346831302181172	6.861766044361113	0.2004616773087312	-0.07229205582119805	-0.44909450939090395	-0.018593065341686987	-0.7349610218544506	-0.6817156329143386	
1.3008130316493318	1.0535860308111165	6.7608686704007965	0.19192975081399094	-0.05347604248288605	-0.40690607663382256	-0.020771123372860627	-0.7332927959337016	-0.6832275173121597	
1.5716979152522979	0.788507758190913	6.700351977838662	0.18160556505427725	-0.03929159803675015	-0.36401158042324344	-0.022313667778696193	-0.7318429026659768	-0.6848269649849831	
1.8358776557764	0.5701155897224486	6.671913978942042	0.1700637059085056	-0.030600774422247543	-0.32448582718023483	-0.023724814942571157	-0.73056384203988	-0.6858514378391296	
2.0766344161617285	0.4079516399136056	6.672597306734254	0.15693474206408317	-0.029393898125570025	-0.2915767773043501	-0.025299916219259318	-0.7291818523452155	-0.6866462561116556	
2.28655202927247	0.3083206643988753	6.698478195573813	0.14136407402175116	-0.03619423367515323	-0.26631171245151747	-0.02658273035597842	-0.7280645965164324	-0.6871542188458697	
2.463400557879248	0.27081755861787454	6.750241209420269	0.12300020019015076	-0.049210123748604055	-0.2489941705555259	-0.027656221410803903	-0.7273379406117985	-0.6873790768591763	
2.6068291675291935	0.2867634926478119	6.831076656828753	0.1017354079309828	-0.06621841109627334	-0.23932193823364928	-0.028774739761060455	-0.726937117670173	-0.6874539142431324	
2.720023707097721	0.3468341369409556	6.9412130742047005	0.0770997434786103	-0.08579256737569653	-0.23548369072751954	-0.029656060648031224	-0.7268608479669482	-0.6872071893410542	
2.8102677451952234	0.4489076404978437	7.084668147548553	0.04890958066838746	-0.10614407211786002	-0.23536619861061847	-0.03063473667754252	-0.7264178498475077	-0.6867192448570284	
2.87796775893979	0.5912706490911142	7.267442232109978	0.018134827744982773	-0.12575785706832007	-0.2374910802394741	-0.0317234034307849	-0.7260218374829424	-0.6860341316608564	
2.9234445501284014	0.7705780685736939	7.490468349591627	-0.01377015641358243	-0.14166355575196	-0.24067574805168093	-0.03292411190211247	-0.7261291728587339	-0.6854344988400395	
2.9464880890043763	0.9792517879976385	7.745055015451623	-0.04452226286123589	-0.15130050921373778	-0.2431927719212677	-0.03391103094330628	-0.7265669737084827	-0.6849911429509336	
2.9453585136987477	1.2029541386802334	8.018101592942454	-0.07170981281751286	-0.15399552581227632	-0.2437391082431794	-0.0344459474802725	-0.7271721171543869	-0.684366768105935	
2.918164573656242	1.428379532871875	8.29999489857262	-0.09379680868847998	-0.1506491170005612	-0.24211020580090103	-0.0347931143374206	-0.7280591720507844	-0.6835169525856338	
2.8641212799454068	1.6518042903540147	8.586849978441753	-0.11002223118236248	-0.14305398422954788	-0.23845326370671768	-0.03522334757352384	-0.729083558492066	-0.683071778885141	
2.783760739993179	1.8635136866099944	8.878689131941123	-0.11998282919119456	-0.13382112375667685	-0.23354303235885532	-0.035662026138948116	-0.7303634341818404	-0.6828112341199759	
2.6793642420296218	2.0527603306512106	9.177112437052964	-0.12415559619820998	-0.1250231883986654	-0.22730625121093692	-0.0362579255430655	-0.7318722682437515	-0.6824948713100433	
2.549769553703505	2.2049162565963414	9.484800284943518	-0.1233228627164501	-0.11851207752410903	-0.21925700783724797	-0.03694621435395244	-0.7332225981453294	-0.6818730641508066	
2.418522676941476	2.304548294081339	9.81152252995411	-0.1182397537203368	-0.11579538171529655	-0.2087223139933384	-0.03752792691182709	-0.7343567204820485	-0.6810286987874968	
2.3339364882449085	2.3480835556663244	10.17232999753491	-0.10930627821528806	-0.11763415609435421	-0.19718910028089698	-0.03782140861747481	-0.7353107748095291	-0.6801028693072321	
2.3436507636015143	2.34386591335292	10.576764579309112	-0.09656384355944743	-0.12208186201896926	-0.190456864604884	-0.03780609222138843	-0.7357302659135491	-0.6790625036426442	
2.4964485232295694	2.2939317911112544	11.01898213958385	-0.08072545903256993	-0.12178284691136419	-0.19607633757424944	-0.03798954675334884	-0.7360104482152883	-0.6785269534616626	
2.791011767314001	2.227004346407526	11.462089452824879	-0.06340587864760641	-0.11116814820856995	-0.22224549710144362	-0.03824840719507833	-0.7363384057133925	-0.6778124139189813	
3.1681670413647187	2.1767416469430882	11.873468076780291	-0.04653674037572019	-0.0892835599306601	-0.27084863401442294	-0.03912536948342323	-0.736357856500907	-0.6776594549130129	
3.5482567469970068	2.181821376375248	12.220959443059463	-0.03256187809610499	-0.05831597895140545	-0.3374532984155696	-0.040961102056863936	-0.7361167889358354	-0.6778566963898089	
3.864083723172376	2.274752573052325	12.477818884982867	-0.02395969811439739	-0.02208443559751636	-0.4147133002884416	-0.043615626782370805	-0.7359948341303377	-0.6774849916894817	
4.063859764390427	2.470634991221915	12.63301233763763	-0.022679671624441965	0.01466751475012329	-0.49467274996834154	-0.04709422857130666	-0.7360675602890662	-0.6769991604732966	
