-0.8235773123675112	0.8157507601896701	13.792112945298495	-0.5149133072871286	0.13674484143564375	0.13793863529996853	0.49348492896019325	0.37816248803925656	-0.8644959372188986	
-1.13035221723628	1.394215777942355	13.59370287876212	-0.5507749506309088	0.2818626591940923	-0.024078703495280667	0.4913917663621974	0.37437719169530503	-0.8668953404713999	
-1.2514365700423302	1.7842955913170468	13.066281249069242	-0.5622929215991955	0.4786218682952736	-0.16333534328187732	0.4883416947655843	0.36977924162280357	-0.8706505433878521	
-1.1001122709671698	2.0012267546699127	12.291067584531987	-0.5462270301287555	0.6583328584074948	-0.2440853265576898	0.4844018278667359	0.36508950550018204	-0.8750126782374879	
-0.7352155677435893	2.0618560088676903	11.406561135108339	-0.5091409051939567	0.7621187247444874	-0.250862366163692	0.479593469360002	0.3606888212149202	-0.8798234866519044	
-0.33343862649227946	1.9746302678170835	10.547918585322227	-0.46349420976503974	0.7656151154342712	-0.20395128948769267	0.47442586371516243	0.35670345574920487	-0.8846365472192164	
-0.04368479298049071	1.7505618254933875	9.805316391844016	-0.4172675640794285	0.6813642380047753	-0.1312797151384709	0.46963555115976335	0.3532841007333646	-0.8885728275904252	
0.08417105393880475	1.4460405237850635	9.283582090655468	-0.37251015923410824	0.5316545324071177	-0.026049016518631632	0.46534389243840185	0.3505914094328968	-0.8917514915343476	
0.06065305193903777	1.1602398350985206	9.023948394187965	-0.3307648348198371	0.3553913403193569	0.09940173871827773	0.4625876048925278	0.3486065962705	-0.8941571581848652	
-0.08857915504967315	0.9199551369696387	8.983539075589588	-0.29685239598684077	0.19013699734589679	0.21491437773046437	0.460845301602417	0.34720119205564004	-0.8959118570576949	
-0.31139505440325155	0.7364164651977134	9.090070499944611	-0.27504875222570235	0.054484055655799106	0.30568970660694145	0.45975993778416896	0.3463379741992356	-0.8967419551306994	
-0.5294407899129528	0.6503156897816272	9.261985402903852	-0.26600322829095296	-0.046417831183197894	0.372552439957115	0.4593196533719693	0.34595398948458567	-0.8970264577583144	
-0.6776849302134964	0.6934164593268015	9.41973407977005	-0.2653479322263928	-0.11278252744654518	0.41559903984680474	0.4591355588542208	0.3458041988652962	-0.8974188848778919	
-0.7375841886954981	0.8430393857624812	9.512927815931524	-0.2641615415857717	-0.1525390989055383	0.43331222727134494	0.45901433936148683	0.3455541809101681	-0.8970500208510582	
-0.6931376203285847	1.0665680931199744	9.498514656024746	-0.2551622339756622	-0.1717918650012176	0.4234306291077061	0.45880012170256634	0.34496438095507964	-0.8967602394279542	
-0.5478829079446325	1.290584580355914	9.389618944098354	-0.2334305650623579	-0.18796734587793365	0.37717280870896963	0.45902757319395004	0.3446178056549481	-0.8962155362813216	
-0.3535993444391295	1.460359141543311	9.21105708221328	-0.1982953480415458	-0.21413502413898197	0.3013697607905816	0.4599960634584985	0.3444191218456398	-0.8955794540065497	
-0.16861023606990447	1.5675997397813044	8.982611621703832	-0.15374672100273254	-0.25173881022213745	0.20500344492421338	0.4618369872763098	0.34388851431884304	-0.8950955455024148	
-0.023413020572226263	1.6108296149202672	8.73087444431269	-0.10606220623407087	-0.2958563641612679	0.08457287678820517	0.464436472731146	0.343109680673233	-0.8943342152427246	
0.05864359085847427	1.5549294788044752	8.48605741500881	-0.060570875142505115	-0.3408404739852412	-0.057860623761199936	0.46706973331302204	0.3423081885890815	-0.893440628050233	
0.07535127540049773	1.3736728067900927	8.275852205747462	-0.02106949999805871	-0.3844544523993317	-0.20932345083698084	0.47044004107355303	0.341371198392194	-0.8923638261075652	
0.03430420181700332	1.0790687345810008	8.113699716821385	0.009691737298743768	-0.42403143563916307	-0.35609164794247156	0.47454925521414226	0.34016156583960255	-0.8908610043315698	
-0.05413396313595764	0.7032996038278279	8.008521144745622	0.030158496714558825	-0.45565759504892345	-0.4878363295117837	0.4793437597422993	0.3386305867569014	-0.8889488332829638	
-0.1799868367877935	0.2736675115985976	7.959985084161812	0.04019784142208337	-0.4747203541705648	-0.5963119290748192	0.48462159852657555	0.336565982287342	-0.8870245679439814	
-0.32461608605481973	-0.1855474500014217	7.954103424241182	0.04053318518977488	-0.47685198544253415	-0.6748083422912049	0.4900997952013544	0.33397966805045415	-0.8852093711095605	
-0.453519320638216	-0.6398703018401035	7.973510005295823	0.03202017326226921	-0.45931476182533243	-0.7202644429763754	0.4959819664295765	0.33156299638923353	-0.8831096340333003	
-0.5435153079914401	-1.068052831062231	7.999723106072278	0.01645754740914737	-0.4223636224959838	-0.7331197344309879	0.5014215556266814	0.32919003455066753	-0.8814759469795312	
-0.5750871164402646	-1.4472777480056715	8.009126776390051	-0.004077648513012557	-0.3699625523315615	-0.7147990339014315	0.5066115384353373	0.3269157574517944	-0.8798790307390574	
-0.5450729624628221	-1.763175504850168	7.9895872420566345	-0.02773999084408308	-0.3117295537814069	-0.6694876871557583	0.5111956684249708	0.32478067839409547	-0.878627623333945	
-0.4670777605568293	-2.0083223605230778	7.9465592313451445	-0.05211354933974242	-0.25833479999575043	-0.6024602445896836	0.5150813748416659	0.32243241245518417	-0.8779787122873379	
-0.3651277996377472	-2.1814624461163854	7.901516878115458	-0.07469915920074506	-0.21608535198679527	-0.5188574099564442	0.5186877726741352	0.3197530039888519	-0.8774000414181171	
-0.2687128231353353	-2.291544725684253	7.881453463071136	-0.09441483996913709	-0.18578820997584938	-0.42541507751715846	0.5213635094835405	0.3174788329345421	-0.876939899847455	
-0.19649379639484335	-2.3406964565688972	7.888338284857967	-0.1100111404449296	-0.163094649889111	-0.3291518155295736	0.5231944873591424	0.31565449240130555	-0.8763786183387943	
-0.14926274782846494	-2.340869651741066	7.920181314331173	-0.12092824116292614	-0.1449854587357609	-0.23543344167388527	0.5244794652927707	0.3140210673561837	-0.8758418172878093	
-0.1168000488459119	-2.30702489357483	7.972837403866166	-0.12726356800230312	-0.1291570104293812	-0.14937716960402303	0.5257044027552195	0.3125286134388246	-0.8754973189369216	
-0.09264130454067526	-2.2522524617987223	8.039888551529721	-0.12977722108910988	-0.1144527999175512	-0.07504969060561693	0.5268624291654855	0.3112797239040356	-0.8751930702135163	
-0.07885208466909001	-2.18571340132068	8.115395749743678	-0.1295390959382735	-0.10034216821330977	-0.014965377532080038	0.5275927745596476	0.3102540917190308	-0.874787612478052	
-0.0761032465081849	-2.1122122370655667	8.194584451660761	-0.12722586531126012	-0.08522349756220163	0.028783770920650285	0.5281056386984919	0.3093004280115857	-0.8744987574130628	
-0.077895447031247	-2.040932797879304	8.272635725269899	-0.12315403880908826	-0.06909590961131636	0.05565827353160092	0.5284587149603578	0.30847322991133497	-0.8741126541550376	
-0.08331437840010415	-1.9787886658026221	8.351325745163948	-0.11701384807614999	-0.05174790394849116	0.06774759374828271	0.5289833104008449	0.3080917330701142	-0.8737430259779043	
-0.09456648156663883	-1.9336156735352226	8.428343781304147	-0.10801539968335404	-0.032991257575943365	0.06749926455107026	0.5295519293232495	0.307746147945822	-0.8736011330771801	
-0.1109130724446993	-1.911493966484467	8.502390910031044	-0.0952821719312317	-0.012790335516603227	0.057878492763253124	0.5296833867943873	0.3071651395254502	-0.8735327775114976	
-0.12946520597613928	-1.9126631634097273	8.576607541837214	-0.07769994897083311	0.008945214791941162	0.042052645244048684	0.5293211934404701	0.30675196494959717	-0.8734724115237583	
-0.14907032338537812	-1.9340640198401902	8.65543584661695	-0.05376199650454558	0.03253982413194968	0.022051479592414297	0.5290622283584145	0.30670306243173107	-0.8737307308635929	
-0.1675666801146822	-1.9737611529504844	8.754409717816047	-0.022744455032869166	0.05867142619895991	0.0005080510928516715	0.5291152861007633	0.30700760722298037	-0.8735195233729991	
-0.18871307755200634	-2.0213449808806296	8.877038998485126	0.015386574148947672	0.0870305554117367	-0.021142332765697144	0.5284440014208565	0.30775132655841253	-0.8733719410189996	
-0.20689494883909948	-2.072860738848725	9.031852265052505	0.05915947169730058	0.1178847160310827	-0.04105551984198997	0.5276084950567579	0.3090394199613585	-0.8733273212482203	
-0.21434338761192756	-2.131151505248384	9.220703379096207	0.10558361968668678	0.14990022392983168	-0.05906915392525505	0.5269812314489964	0.3105220047659796	-0.8736611634727149	
-0.20587137718603446	-2.196231684359235	9.437595997389614	0.151109415914661	0.17909736118902353	-0.07678358060181634	0.5257666995422682	0.31180435508041837	-0.8747018463200713	
-0.17000551225937185	-2.263176861076979	9.68705742740228	0.19247172528155104	0.20135833950500542	-0.09554438904647944	0.5242133190236459	0.31312974127945753	-0.8755089949149952	
-0.09829857175079784	-2.3320786871702452	9.966936875861192	0.22646287928769954	0.21381816419908642	-0.11969367481426008	0.5230807955353267	0.3144117598341899	-0.876337532544008	
-0.006056595592919456	-2.416763207271739	10.258833806000007	0.2501432453645799	0.21556041043428467	-0.1533392468252667	0.5220137026788593	0.3156176233536794	-0.8765476961341959	
0.09191161050452545	-2.5356747080077877	10.527076497291379	0.26145780889015124	0.20518639913348405	-0.19776823913203634	0.5209356101515887	0.3165953302363123	-0.8764574224728824	
0.1821090065811911	-2.693811576601852	10.723158573847298	0.259900591816853	0.17952120015888404	-0.24993459364866502	0.5202231430173695	0.31742390154427524	-0.8761661179590524	
0.2520568054671376	-2.879937086041105	10.8069445609544	0.2472357879093925	0.13495147149448466	-0.3042105021999678	0.5201964671995871	0.31817602883890733	-0.875275508179509	
0.29871586248161797	-3.0753716421150767	10.774024500459657	0.22827614930817827	0.06922311123504597	-0.35366751052311496	0.5210287348222615	0.3183516649102096	-0.8743190051115566	
0.3186092619905018	-3.249453398575305	10.658234151508715	0.21056092589196929	-0.01890381354999167	-0.38626965738209407	0.5226283302916614	0.31781979912136504	-0.8732162674622128	
0.3115548428621485	-3.3660365664302705	10.51227774631895	0.19964274322394177	-0.12745317651586124	-0.39219750427883826	0.5245658340435411	0.3175241827606747	-0.8719671456410714	
0.2678929163102541	-3.3903443631484222	10.38052987941876	0.1987052531049722	-0.24863893741908838	-0.3669732697078324	0.527295939999354	0.3179346025865575	-0.8700043437327132	
0.17707347290849537	-3.292035809730839	10.297614478359877	0.20928278392386893	-0.37398748616816707	-0.3088952761486987	0.5311783854970944	0.31903967630981367	-0.8671656920016924	
0.02793245329562717	-3.0602650988836553	10.29488897216995	0.23146026691078364	-0.49769207482523886	-0.21907113071386566	0.5356259258048401	0.32053985950848707	-0.8638376399245232	
-0.1971940758118277	-2.712957513264434	10.39446635466165	0.2641366909074472	-0.615419094517954	-0.10324525646820343	0.5400669355351597	0.32203260784330945	-0.8600217426193406	
-0.5019116191311329	-2.2731906425828585	10.59791831883029	0.30655847684705195	-0.7257475065493616	0.03102292383173346	0.5449532724824765	0.32433398511193756	-0.8558192903446412	
-0.8826111885659119	-1.7794235258607916	10.903537561985408	0.35942177254516405	-0.8280015920169692	0.1699117528922574	0.5501041547235717	0.3277934623049887	-0.8506396338037943	
-1.2985535291678567	-1.2647947204786663	11.28209812584405	0.4183755678174333	-0.9034626673661045	0.30233830564619113	0.5551671400832805	0.3323777668290787	-0.8449019030342723	
-1.68264298869433	-0.739613893729338	11.6779806923788	0.4720416201325102	-0.940364303543755	0.42293344370717717	0.5602042369071134	0.3379548226268824	-0.8391852009159223	
-1.9934567922257662	-0.2126688301811849	12.041739380483698	0.5073644405029875	-0.9473798244505767	0.5233916451178068	0.5651979779910588	0.34418065888769395	-0.8332421989393185	
-2.2402629511823515	0.29425803789461913	12.34905758543677	0.5165085336922104	-0.9342821084972399	0.5882928688912983	0.5698111087743598	0.3505003474798212	-0.8268792895711419	
-2.4299373397851087	0.7917618003891406	12.574995275959942	0.49876823273656806	-0.9012194412060915	0.6080278681469795	0.574553401660451	0.35667310962701065	-0.8209992595656068	
-2.5519057113987755	1.2845285604512737	12.70796913367645	0.46242547681566765	-0.8422081079106493	0.5700392032084688	0.5788644723184917	0.3624661027186888	-0.815977554199451	
-2.6007933869157833	1.7460109286458627	12.76578658235936	0.4183783592455644	-0.7398532295759925	0.4713430439665884	0.5825692404127663	0.3676022937719999	-0.8116809804232363	
-2.569787746195684	2.1325015004990964	12.76119412852459	0.37835764462870936	-0.5827925497648172	0.31713124357751854	0.5853229072697328	0.3717144524558473	-0.8079652981721789	
-2.444400474710337	2.383514483109411	12.712866245754192	0.35254667959098673	-0.3835466604854469	0.11968775391688447	0.5870924277501371	0.3745801125975342	-0.8047007619126778	
-2.2234847214510367	2.4213922814452897	12.667279986839493	0.3451290048525417	-0.16840583998617498	-0.09827519189268896	0.5887431961617338	0.37642546211825506	-0.8022037063762213	
-1.9375541322015029	2.2043307404397505	12.614429912735213	0.35310431045039503	0.05145367197156195	-0.3099985733388143	0.5896400240097076	0.3776559649577628	-0.8019150526769037	
-1.5892378916941134	1.7610800442010675	12.445403856965788	0.3672533845934743	0.2571822793743721	-0.4926037629657224	0.5901657732225174	0.3782374127497705	-0.8021685271563456	
-1.1832576141641487	1.1364351650473352	12.143427064928108	0.3769083975478756	0.42311926513951886	-0.6378371086549346	0.5899226060151476	0.37816663899915176	-0.802879881683083	
-0.7717362467034524	0.36681650575953906	11.775182756119394	0.3757053399968252	0.5287619210415518	-0.7315417369908156	0.5890059255628599	0.3775912635933081	-0.804171609409327	
-0.4288967071062271	-0.48753855529295	11.416527361489	0.3615192936538245	0.5681115302550782	-0.7562121445947678	0.5879264079876841	0.3766902596530616	-0.8054252711025915	
-0.20411325583034412	-1.3408672962880352	11.115387934339317	0.3326619528691778	0.554767928038735	-0.7143494921529193	0.5862975341579666	0.3756897889958486	-0.8068167565851581	
-0.12872150873724975	-2.157351207708407	10.861685644356138	0.28765206772676116	0.5211817255650816	-0.6210130697318486	0.5844020745130786	0.37488909927551156	-0.8083902807759558	
-0.1441662348860864	-2.8818801565687697	10.650182812619159	0.22599015571965309	0.4938941552370485	-0.4864886971742211	0.5824809177139997	0.3741425375958722	-0.8102224655643627	
-0.17593116519678742	-3.4521662239893587	10.438922341057863	0.15141413372658788	0.48414063696886195	-0.32293809375682914	0.5796674319598859	0.37352662025292543	-0.8122612310183003	
-0.18033518327567852	-3.834528099235728	10.183847215734977	0.06890181844597773	0.4889478659181296	-0.14555079481327787	0.5760022685228302	0.37325511932447497	-0.8143321013623318	
-0.14685451510104128	-4.0142689655300705	9.864688255751188	-0.016554913901096018	0.5005640380298777	0.03515125716903699	0.5721771884299119	0.37350602047001424	-0.8165593699083775	
-0.08582122476589311	-3.9778153050349134	9.478898408939266	-0.09823539649421383	0.5151715296204491	0.21315369679826182	0.5677716842623037	0.3742460062103875	-0.8193522758986699	
-0.01716468255486621	-3.746497247811231	9.053511015419009	-0.16904618481796316	0.5324444993518157	0.3739741114662962	0.5626046760454874	0.37486626672655815	-0.822538651950553	
0.04813805412806889	-3.367926747276927	8.611100878803583	-0.22440233782368751	0.55629751772358	0.5098597739096102	0.5571567044671976	0.3752996794206313	-0.8260093239533938	
0.12330211198136731	-2.888744807498396	8.16646312923372	-0.2627000669343571	0.5828828010045305	0.618605524930655	0.5511191829847846	0.37607138922661454	-0.8296883338910855	
0.22687330628675484	-2.3462895089168927	7.739554765514489	-0.2850873932781609	0.6018427327829396	0.6985073037381583	0.5444285016291555	0.3770490659641837	-0.8332459845521359	
0.3600817120221029	-1.7779253414386023	7.354939293360369	-0.29437901940408734	0.6030889372199445	0.7477495745840859	0.5375644771533177	0.3780710575432556	-0.836491088248151	
0.5013664849341817	-1.226504430352917	7.032648887569161	-0.2933646556138757	0.5810972751758537	0.7662851495726488	0.5308469314259867	0.3795381226748965	-0.8396361916904675	
0.6185853849964799	-0.729781993961169	6.789787210582499	-0.28368078990584034	0.5361259790698939	0.7556627834879149	0.5247096341365051	0.3806013301511747	-0.8425238980986658	
0.6932611144655885	-0.32158780605259063	6.638950698371505	-0.2665849814351718	0.47257585536353697	0.7196138342767682	0.5190877439161038	0.3814915006676979	-0.8449483943699123	
0.7148461867963944	-0.028568487452669027	6.590290204054782	-0.24541016032751378	0.400169626516478	0.660027820860317	0.5143681998308911	0.38251358850623207	-0.8473118346339019	
0.6806187579556321	0.1350112727528903	6.63519072898713	-0.22226976490257644	0.3317250339132353	0.5805012342270982	0.5102334910909069	0.38364062728326503	-0.8496114919261373	
0.6026909908356148	0.17130072134712684	6.749359362858083	-0.1971531013333429	0.27744456749683244	0.48723447433077627	0.5062537907516401	0.3847033501022439	-0.8516193707847921	
0.5050520729087002	0.09453041896793014	6.905527339154352	-0.1699226785368944	0.24183814836668754	0.3863045196824298	0.5029878248491112	0.3855621146768224	-0.8535551816785598	
0.40790770624792577	-0.07855370648500243	7.069430830994348	-0.14020931695202013	0.22635694385123903	0.28419273715228466	0.5004773862705268	0.386244092611025	-0.8552068036823307	
0.33659584894925765	-0.3182971631090946	7.216724986576304	-0.10770085735654684	0.2278988568262588	0.189150032542433	0.4984527752550302	0.38707709846650024	-0.8564055132997427	
0.32119428738500855	-0.5983411139524515	7.333755470639501	-0.07303047546142519	0.23979210371177392	0.10741068923108424	0.4960039533227219	0.3876598025570995	-0.8578771288118465	
0.37213686897947795	-0.9081858871639226	7.42434249501588	-0.03799259156623618	0.25242410621277356	0.04208453555488607	0.493415018301066	0.3879962510899781	-0.8593963845783644	
0.4752597886113123	-1.243493463785708	7.502252314053955	-0.004593538034074478	0.25764155546597456	-0.004062077024676947	0.49126862662574544	0.3884640515627478	-0.8605859912104503	
0.6102310584968944	-1.5913767334479263	7.578505684898713	0.025399462328023578	0.25237072937690175	-0.029169026315212024	0.4891931311623446	0.38895830028832035	-0.8618827916065883	
0.7611675130210147	-1.9351683180746344	7.662984504591944	0.04976942757044888	0.2365710230198086	-0.03798597051617959	0.48771408867026	0.38938149986397647	-0.8623862652993455	
0.9067539195796793	-2.2646446373425317	7.761245877404067	0.06769509125587096	0.21437668099067406	-0.03593871109827345	0.48639955932279705	0.38960211125684124	-0.862668538996574	
1.0523301909088583	-2.562774821703933	7.8777042432504	0.07975541600284718	0.19063204716095944	-0.02708268840058936	0.4855174352987467	0.389852288592478	-0.8626519076065103	
1.2091736891012368	-2.818568886780924	8.020498918513523	0.0880933988631478	0.169555493988748	-0.01444974975986804	0.4845111179410973	0.3900849883577043	-0.8626327703664096	
1.3735513403543225	-3.029402315494398	8.196691162817952	0.0958293608439322	0.15476821211980327	0.002580741333544284	0.483139454877249	0.39017819624939626	-0.8629067209953656	
1.5305015395926411	-3.1902937418057387	8.406074290684733	0.1054889292960414	0.14865107592790872	0.02927206624410704	0.4823352801127767	0.3904726727123553	-0.863071403886371	
1.6694761212171005	-3.293444450264827	8.642828813765314	0.11780703472032257	0.15123648429126382	0.06940990451173615	0.4812110759510435	0.3912237857342014	-0.863465169683584	
1.7989563595679061	-3.3364045099517665	8.889312762122188	0.1328429674677213	0.16045488157276502	0.11993265421097289	0.479703469949167	0.39225692006068563	-0.8633741752900109	
1.89942627033127	-3.329436113932068	9.112831823771211	0.1503756453173558	0.16345814891525012	0.17313386196937922	0.47795823335651705	0.39373936772443985	-0.8628971642881857	
1.9439976978338622	-3.2860322610419304	9.311551808369527	0.16742194736951177	0.14051879437630865	0.22411629646554074	0.47610772982052113	0.3958676026503677	-0.8625035426913765	
1.9239113031137256	-3.2267006394774165	9.510947318001685	0.17789532684510093	0.08286572494673002	0.2704257753538556	0.4745803939815013	0.39840329315406936	-0.8622086444693776	
1.8524840365396382	-3.1789431315755006	9.73157417422655	0.17573079510596995	-0.0027276036613167708	0.30893171947620923	0.4738854736770677	0.40104265934447036	-0.861682349957435	
1.7627590270375049	-3.1561570839354203	9.994429258035447	0.15893592615251545	-0.11043860018849455	0.3363547730924905	0.4738748425602201	0.40402434124564984	-0.8607223476945144	
1.6905650288685858	-3.162567703356508	10.32503053802235	0.1306947559947634	-0.22495822013118394	0.3421845024720195	0.4743747873669776	0.40694066185746014	-0.8591806447682093	
1.6225305901233018	-3.2063144398514125	10.72270943646779	0.09409859335378705	-0.3265432019341766	0.31791020198620723	0.47564625849000997	0.40923878418080983	-0.8569973174486825	
1.5285095337024233	-3.2820078098996133	11.162844348563493	0.04971956387297785	-0.3990476275742548	0.26668189539224063	0.47773695820250117	0.4109367026601312	-0.8547903347039219	
1.394523485730974	-3.371869683013419	11.62439848992243	-0.0031385446962573947	-0.4358699449200669	0.19691235033166804	0.48025600365247395	0.41187847473017625	-0.8527984841516312	
1.2283055323065322	-3.4509618816460055	12.095934284889328	-0.06356806509135206	-0.4374898858825377	0.11756890491317368	0.4830565306822082	0.41161491927931154	-0.8508692487663543	
1.0510915648397035	-3.4751139634991324	12.551874032866362	-0.12732848741509367	-0.4040416168113827	0.047498755864590306	0.48642549611068153	0.41074952034943213	-0.8501147875492824	
0.8724076163901171	-3.396187349734176	12.97305216933906	-0.18886276785787232	-0.34130716371995984	0.008769568773410855	0.489094648288269	0.4094357088271425	-0.8497362522383886	
0.7261810149652478	-3.1616203798146274	13.364987641781532	-0.2467252502197905	-0.25404328038258744	0.01851607499220582	0.49065098969436866	0.4078647067205687	-0.8500277867105872	
0.599524295879141	-2.7545996892233084	13.72120067177373	-0.30088660736956613	-0.1635054885811147	0.05631897100098615	0.49112918754008705	0.40618291175332705	-0.8505390762469227	
0.45741062786025893	-2.2344464711734724	14.030393658201733	-0.34907348517914505	-0.08653241761070145	0.08232585998278423	0.4906307715226713	0.4041829552756764	-0.8509087337097263	
0.29864649029314283	-1.7225460052344619	14.298680573098892	-0.38667347169648125	-0.015321330188914795	0.06769486087027173	0.48951434805135285	0.4013306355294058	-0.8525056006799854	
