12.452857746825533	-4.383484729667681	4.613285730044296	0.7683508887754946	-0.0673424276173887	0.1502264071049914	
12.469264217213745	-4.371950067315545	4.553537320681821	0.7420627296599156	-0.021603256241534287	0.20605824715473636	
12.437871481348802	-4.34850579485983	4.480556918608246	0.7291675530165803	0.02183646885119088	0.2665436304525376	
12.365156316459137	-4.312580135488452	4.396102963123746	0.7298120533918242	0.06245598525425007	0.3314794297215451	
12.25947576064536	-4.26442995111758	4.302483823955603	0.7437181282306535	0.09990169376472201	0.400393602159353	
12.13090360734857	-4.205190651830218	4.202628634126908	0.7701001210904569	0.134051321594387	0.47249256529871875	
11.989974739711615	-4.136488289278188	4.099853247463965	0.8077485392937003	0.1650136901912629	0.546736309236837	
11.846785032531232	-4.060173168535178	3.997645646524871	0.8550221965030403	0.19313771405058663	0.6218890519076737	
11.709993282285227	-3.9780056087499	3.8993661930446786	0.9098620761928659	0.21899463683494097	0.6966045940356788	
11.586039138991838	-3.8914179005444884	3.8079435014843326	0.9698005110544344	0.2433417794427135	0.7695189612193829	
11.478646862479684	-3.8013763979971107	3.7256063740806735	1.0319895264634702	0.26706620550738686	0.8393450286659603	
11.388641213154116	-3.7083540212719006	3.6536870665449364	1.093255096010279	0.2911152653029256	0.904958979193519	
11.314069723005831	-3.6124036160511994	3.5925179592592844	1.1501864766950054	0.3164193034469795	0.9654721741511587	
11.250595056211337	-3.513311018750538	3.541431731545025	1.1992638296919327	0.3438133462911747	1.0202827693877874	
11.192097816358396	-3.410798950812649	3.4988613488827554	1.2370210699993374	0.3739648587002443	1.069103074236409	
11.131416752423545	-3.304750364915363	3.462523282211094	1.2602373577217696	0.40731322799889114	1.1119613196281382	
11.061145432816398	-3.1954147261522525	3.4296618279180526	1.2661404070734423	0.44402864714184437	1.1491753774882163	
10.974376450590118	-3.083563539307747	3.3973118924751042	1.252598928139458	0.4839936008156983	1.1813036260504637	
10.86533014309436	-2.9705792227555246	3.3625494145498838	1.2182896950401336	0.5268055146495789	1.209079941204564	
10.729828746489677	-2.8584663024237376	3.3227117733215774	1.1628247172388029	0.5717995238193225	1.2333381810524005	
10.565593395430517	-2.7497804484711277	3.275577482092418	1.0868269024564154	0.6180887049176652	1.254932719451478	
10.372363353324804	-2.647478486519989	3.219502997582831	0.991946725760832	0.6646182960772541	1.274661433870603	
10.151852139346408	-2.554699317621179	3.1535194306724423	0.8808147156707928	0.710230819522366	1.2931966583822823	
9.907549440965424	-2.4745031385653213	3.0773815795350568	0.756920114829987	0.7537384329983222	1.311031508994386	
9.6444245996916	-2.409613040994867	2.9915704558925422	0.6244334195529487	0.7939962523641654	1.3284442023627405	
9.36856395882167	-2.3621906336473293	2.8972450241046017	0.4879854656146606	0.8299726389961443	1.345480568181273	
9.086771308063433	-2.3336667126569806	2.7961413924472525	0.3524189496223556	0.8608114215422634	1.3619546798176594	
8.806162904195517	-2.3246346081091938	2.6904255899113823	0.22253135558661377	0.8858809833224485	1.3774665332307676	
8.533784700073456	-2.3348006878716054	2.582513001208852	0.10282589107352626	0.9048067824967574	1.3914346935808648	
8.276273759500823	-2.362986313403418	2.4748710062042614	-0.0027147375876667426	0.9174843521512149	1.4031419164701022	
8.039584680393045	-2.4071792641024814	2.3698286206703894	-0.09081328422734143	0.9240715192226675	1.4117890021601858	
7.828776073109398	-2.464623745147582	2.269409759892187	-0.15904004861582965	0.9249647561978158	1.416550020921838	
7.647849942096443	-2.531950296639975	2.1751986862658628	-0.20590970631499778	0.9207615051781042	1.4166247344812777	
7.499641709049925	-2.605342745361654	2.0882452999082144	-0.23093085630908067	0.91221072086031	1.411284053603329	
7.385762520183893	-2.6807350685212823	2.009015478479482	-0.23460782348383016	0.9001541940185469	1.39990533876482	
7.30659688604257	-2.7540289557115316	1.9373880143246398	-0.21839701548450605	0.8854611905459847	1.3819959814674914	
7.26137278099349	-2.8213192987294025	1.8727023447078113	-0.18461206668780242	0.8689599247335795	1.3572035253779813	
7.248303418558771	-2.8791095809648426	1.8138486590101803	-0.1362859074800906	0.8513720034397442	1.325313489320336	
7.26479070389136	-2.924508899028411	1.7593877588961238	-0.07699996493223693	0.8332536593383965	1.2862381440984196	
7.307683380587953	-2.9554015653504626	1.7076919606298127	-0.010684444487411505	0.8149474356323284	1.239998668447946	
7.373571340493324	-2.9705780743028987	1.6570960750263217	0.05860216232849373	0.7965478567140957	1.18670358149359	
7.459089215079777	-2.9698157436155137	1.6060473524554515	0.12690455600859057	0.7778837709406152	1.1265263635335525	
7.561196894536368	-2.9538972631098686	1.5532444230270104	0.190603321403651	0.7585192624678683	1.0596848834248	
7.6773916072185475	-2.924547227104188	1.4977500889283137	0.24662788125155768	0.7377766643135003	0.9864248550308684	
7.805822543248116	-2.8842961292585216	1.439070184182481	0.29263340385100717	0.7147778717698483	0.9070093722699091	
7.945299701274248	-2.836281839778347	1.3771957356309081	0.3271315376749818	0.6885010457444476	0.8217147790772019	
8.095198868842292	-2.7840027795386666	1.3126057929798225	0.3495648319548951	0.657849241439864	0.7308325686755014	
8.255276998471858	-2.7310435467517493	1.2462297883374833	0.36031842961702654	0.6217261054378681	0.6346765386238249	
8.425421141922353	-2.6807955665177703	1.1793693799999707	0.3606678953089286	0.5791134358359051	0.5335941810491539	
8.605359085795333	-2.63619693822803	1.113578310537613	0.35266192416861175	0.5291446526670784	0.427981110209937	
8.794373849192343	-2.5995240611683994	1.0505064584724555	0.33894611147760534	0.47116499751335944	0.3182965772280017	
8.991055793254159	-2.572248977527451	0.9917272610128848	0.322552220853143	0.40477393341416473	0.2050790887854543	
9.193118721916571	-2.5549703505941346	0.9385727563693372	0.3066689564064227	0.3298464278120318	0.08896112606396944	
9.397305485839192	-2.547421273336451	0.8920101287606995	0.29441458437743134	0.24653180242881742	-0.02931792678597392	
9.599403269664291	-2.548551044008919	0.8525954115766865	0.28863230814166396	0.15523189233864185	-0.14890139944599645	
9.79438032625918	-2.5566726922676333	0.8205328889616262	0.29172541385486567	0.05656365019262388	-0.26880789173966935	
9.976650894013998	-2.569667394460107	0.7958520437648585	0.3055502292584349	-0.04868725266864439	-0.3879285090129674	
10.140439510398211	-2.5852165367213877	0.7786664242781339	0.33137353816199316	-0.15961093176871824	-0.5050299384747047	
10.280203778063697	-2.6010269813569193	0.7694496066965448	0.3698828659046383	-0.2752076680585875	-0.6187641212320047	
10.391076758753515	-2.6150168337341344	0.7692580951389331	0.42123610094057384	-0.39440915243556984	-0.7276867659713006	
10.469285679725822	-2.625430270440688	0.77983762156	0.48513190172834586	-0.5160864773909242	-0.8302866650796588	
10.512508007949894	-2.630862176195677	0.803572633164107	0.5608807138732529	-0.6390478633924287	-0.9250273332689105	
10.520136991612242	-2.6301924616847483	0.8432704201729783	0.6474577235367425	-0.7620312031432945	-1.010402228736406	
10.49341609788528	-2.6224552692414087	0.901813988817469	0.7435273398477648	-0.883698371092421	-1.0850017639538136	
10.435445573055713	-2.60669583871352	0.981767079489606	0.8474347940780577	-1.002635764225634	-1.1475871902403756	
10.351064300836025	-2.5818587571644316	1.0850051062686323	0.9571726182077072	-1.1173630904327878	-1.1971662485244352	
10.246602564132338	-2.546736823465815	1.212430553890993	1.0703351423558067	-1.2263507248721581	-1.233063808267656	
10.129507322903368	-2.499994520814198	1.3638103528523575	1.1840764072935328	-1.3280445893654187	-1.254980142688498	
10.007849217428863	-2.4402654469832914	1.5377462643383744	1.295086793382508	-1.4208970108052181	-1.2630305457697126	
9.889729403406424	-2.3663128243349827	1.7317717325519926	1.3996044524822657	-1.503402244979448	-1.2577597388724535	
9.782645657691655	-2.2772271398596677	1.9425522982933054	1.4934758903342982	-1.5741343390169777	-1.2401244681573416	
9.692890062572578	-2.1726343260971226	2.166139374648728	1.5722642857239972	-1.6317863103060128	-1.2114496895206102	
9.62503867054381	-2.0528924032943956	2.3982464715423584	1.6314042004454916	-1.6752100997857429	-1.173361436313356	
9.581590457154027	-1.9192545050200862	2.634519422379338	1.6663958581910228	-1.7034564175305709	-1.127701664467404	
9.562795916646406	-1.7739775640374387	2.8707767913447593	1.6730276717089945	-1.7158133684700636	-1.0764317052553865	
9.566688211670796	-1.6203602569653393	3.1032042568694544	1.6476150915772116	-1.7118432492453775	-1.021530663095789	
9.589321790916268	-1.4626877526727329	3.3284879431030396	1.5872355093141801	-1.6914139815034377	-0.9648952553639077	
9.625169468398763	-1.306079689168959	3.543879001170218	1.4899336465691482	-1.6547219147984473	-0.9082498176533005	
9.667602558323557	-1.1562581155344633	3.7471985023605967	1.3548864302780583	-1.6023061232220543	-0.8530706301020679	
9.709404817922758	-1.0192499206366	3.936792126812131	1.1825143804383993	-1.535052205494916	-0.800528181191329	
9.743274588352156	-0.9010469928420428	4.111449027396474	0.9745307310319746	-1.4541846852733886	-0.7514505912536629	
9.762283319942123	-0.8072502194357072	4.270302994203082	0.733924398102641	-1.361247740548524	-0.7063099837751872	
9.760276565608056	-0.7427205684683085	4.412735721263601	0.464877564537751	-1.2580743279001054	-0.6652317901261356	
9.732198328992116	-0.7112764966885662	4.538299823733672	0.1726109351664536	-1.1467411388565694	-0.6280288510136257	
9.674336041980336	-0.715467940783475	4.646675096952889	-0.13682237382375403	-1.029512690381004	-0.5942536371392986	
9.584492203798956	-0.7564432445236989	4.7376576948726665	-0.45677826127316523	-0.9087761889070044	-0.5632629286987453	
9.46207995544255	-0.8339209776139789	4.811175686731455	-0.7802838553578807	-0.7869687529270278	-0.534289875039581	
9.308138690282883	-0.9462663603563862	4.867321105298634	-1.1003025255466303	-0.6664999077105642	-0.5065174143009605	
9.125267103370707	-1.0906596828121795	4.906387410643243	-1.4099853321146958	-0.5496724823734543	-0.47914762212858897	
8.917468098968843	-1.2633381943004753	4.928901774619888	-1.7028956036016691	-0.4386052548608035	-0.45146274766329936	
8.689902131002576	-1.4598818774078555	4.935641913674149	-1.9731889000617167	-0.33516461872478664	-0.42287292870712395	
8.448580936193713	-1.6754960968998842	4.9276352810111215	-2.215747694057352	-0.24090832495975875	-0.3929496569456076	
8.200019305300506	-1.90526949723138	4.906138771941343	-2.426274150325843	-0.157044082524919	-0.3614454028294117	
7.950869879194112	-2.14439174451747	4.872600319526991	-2.601344720795963	-0.08440551482867292	-0.3282999698041781	
7.707570680008869	-2.3883221661695453	4.828608479503204	-2.7384315930336016	-0.023446777072036795	-0.2936346642222532	
7.476034031860962	-2.6329063411822533	4.7758407660805045	-2.8358984015559963	0.02574482488450162	-0.257735848465423	
7.261410495221104	-2.8744362798716465	4.716024467048583	-2.89297146132201	0.06341758225362315	-0.22102824999444337	
7.067956370255154	-3.1096546427979526	4.650922441635447	-2.9096929946731485	0.0901094906095533	-0.18404023687479476	
6.8990014332602065	-3.335715807363887	4.582346761249406	-2.886870202036471	0.10659574379288406	-0.14736440081923133	
6.757006384815099	-3.550115625421331	4.512193645956056	-2.8260242098648876	0.11383407042773322	-0.11161533792452648	
6.643688185112211	-3.750606341646485	4.442485634499642	-2.729343678211765	0.11291294788011562	-0.0773873375633756	
6.560183751401643	-3.935116837533938	4.3754011712203775	-2.5996457194746583	0.10500665454636794	-0.04521485166902579	
6.507220394984934	-4.101701027561941	4.313269011219243	-2.440344202796992	0.09133928903492206	-0.015538256774988523	
6.485266371364122	-4.248536105495736	4.25850601248678	-2.25541450125488	0.07315768201879527	0.011321126699279102	
6.494639235438033	-4.373981908126736	4.213494966129468	-2.0493478623076586	0.05171169116481441	0.03517479972090108	
6.535569157801249	-4.476696424212322	4.180413479767136	-1.8270852916317437	0.028238499041758226	0.05596955046203014	
6.608222353090614	-4.555790624992873	4.161035234469136	-1.5939205733604926	0.003948007038242917	0.07377875176666171	
6.712692820883448	-4.610996241073419	4.156533159918876	-1.35536742117621	-0.019992709449924574	0.08878374813018944	
6.848971237087081	-4.64281491151064	4.1673161963802965	-1.1169910180577636	-0.0424770840304427	0.10124756076954186	
7.0168967491026635	-4.652613832696983	4.1929307511123355	-0.8842090107979061	-0.06247915296222109	0.11148361352825485	
7.216094875105638	-4.642628799167048	4.232057942258273	-0.6620814487084634	-0.07907404648004152	0.11982330953085042	
7.44589888080727	-4.615872291904041	4.282599875879413	-0.4551107759162371	-0.0914577094358905	0.1265869899843682	
7.70525321926675	-4.575954805537216	4.341840690170499	-0.2670682098748937	-0.09896445861211263	0.13206072747373648	
7.992601960524379	-4.526840310347884	4.406659125440921	-0.10086112979351032	-0.10108114786128075	0.13648087613916718	
8.305769624053621	-4.47256644263725	4.473763176306868	0.04154866256882041	-0.0974570970813342	0.14002747122342168	
8.641843401218154	-4.416962200027734	4.5399174522013315	0.15917352224706804	-0.0879096194174113	0.1428266284888633	
8.997073123761291	-4.363397778171217	4.602135176564803	0.251971889167931	-0.07242408957218384	0.14496174755150162	
9.366807313718354	-4.314601121527782	4.657809721359053	0.32076976730395373	-0.051148189905863596	0.146491749231598	
9.74546962569419	-4.27254928186942	4.704782731427274	0.36715282354159334	-0.024382362841476376	0.1474734234124869	
10.126587434781756	-4.238433039425473	4.741355843843876	0.3933393207562169	0.007433044413418445	0.1479854446495497	
10.502882491118624	-4.212684559097855	4.766260297709077	0.40204517796503414	0.043732944046362805	0.14815138597753733	
10.866434398576446	-4.1950513401062075	4.778604115592158	0.3963496504876357	0.08384403313704308	0.14815911286053576	
11.208928025839247	-4.184697070800426	4.777817899596688	0.3795660375914907	0.12700195291884955	0.1482742640704872	
11.521988440344495	-4.180316825228948	4.763613538291748	0.355118231392024	0.1723694876329298	0.14884461802583404	
11.797634329495926	-4.1802538213165095	4.73597340065279	0.3264162219921002	0.21905640281441763	0.15029283605243032	
12.028674387349835	-4.182608393540571	4.695145099755063	0.29675808927927827	0.26613863336095755	0.15310040937258437	
12.209500031186838	-4.185365295008494	4.64170621392192	0.26916436422222917	0.31268768785339396	0.1577737255200696	
12.336098467360417	-4.186492528779108	4.576516290377944	0.2463628008929134	0.3577887032776891	0.1648161002324633	
