12.000165354864292	-4.707800105929969	3.959448821750318	-0.1779454479936759	0.2602573823868361	-0.1503103020518518	
11.980539985175314	-4.799431393380926	3.8812742849968864	-0.14363595130007156	0.26497124027311014	-0.12547587108143246	
11.905248716801305	-4.872245503488312	3.7968713583458915	-0.08550027345768578	0.26475759708938723	-0.09382946618812783	
11.781796362816738	-4.923047437581325	3.708631160859911	-0.00462426575039065	0.2595854801437318	-0.055417822988630926	
11.619952347269294	-4.949747185320295	3.6191694138328105	0.09708761062994781	0.24963120535303715	-0.010557646781903034	
11.43161406568461	-4.951625802774629	3.531281215141526	0.21682872996983435	0.2353291782863966	0.040109954451624165	
11.229518047844525	-4.929136067550055	3.4477568536971805	0.35115186451803304	0.21734223044396195	0.09567799397246392	
11.026306894318902	-4.883759191884698	3.3712198317001705	0.4961057514853057	0.19654996352350534	0.155011328835161	
10.833455661074147	-4.8177217079251164	3.3039387989942335	0.647429593906962	0.17401216786593354	0.21681859828893496	
10.660367218639282	-4.733684129476932	3.2476550584175135	0.8007246901118816	0.15092291976721423	0.27973423379191786	
10.513696158679936	-4.634427321971896	3.2034472725166485	0.9516100150973246	0.1285528349049443	0.34240836951680836	
10.396958570037409	-4.5225920427787125	3.1716491194233383	1.0958502920905444	0.10818516217885582	0.4035932048402272	
10.310433167232327	-4.400499288138403	3.1518267740449026	1.2294594320928742	0.09104881562920655	0.4622187884766147	
10.251341686888969	-4.270067001522465	3.1428175984962645	1.3487842776102825	0.0782520879626439	0.5174519735806122	
10.214273345811257	-4.132825164349197	3.142824069424917	1.4505749732340318	0.07072126027174264	0.568733879572654	
10.191799543769413	-3.990017178734704	3.1495509271330997	1.5320494662387851	0.06914791724132482	0.6157935845415694	
10.175218542615266	-3.842764971979194	3.1603710037288506	1.590959687015967	0.07394792397000156	0.6586377973300267	
10.155360159908245	-3.6922622688102265	3.1725044217194722	1.625658579711633	0.08523740476234207	0.6975161853448959	
10.123359047403675	-3.539951832791062	3.183192700212944	1.635169112628171	0.1028257777369231	0.7328690020728049	
10.071343414447606	-3.3876536693016526	3.1898591155811777	1.6192499984957873	0.12622581994205093	0.7652626295177593	
9.992994880941671	-3.237621704633327	3.190247770887078	1.5784485435840867	0.15468059597620074	0.7953188005657137	
9.883946888436073	-3.092519970423066	3.1825343757792965	1.514130433665752	0.18720568896722103	0.823643704241228	
9.74200692256957	-2.955322715396134	3.1654035541522596	1.4284774719024358	0.22264400890019923	0.8507626129049372	
9.567207001283967	-2.8291513026297563	3.138090563751288	1.3244469044665255	0.25972985256335496	0.8770644301650242	
9.361683483508694	-2.7170670997970485	3.100383605611291	1.2056828979089809	0.2971581817555905	0.9027617363719551	
9.129434589809053	-2.6218452979236875	3.0525955242873635	1.0763870883712634	0.3336529996110522	0.9278685095464276	
8.87599283646899	-2.5457481320126063	2.995512703430645	0.9411529989417503	0.3680316384933543	0.9521954973073087	
8.60804046594523	-2.490317631152045	2.9303263232097607	0.8047700248635261	0.3992621924417078	0.975362452050891	
8.332996627424665	-2.456209252473605	2.858551117508918	0.6720065123301308	0.42651152925758784	0.9968248620009017	
8.058602890429515	-2.4430855172198367	2.7819367236270764	0.5473835204828422	0.44918183276339063	1.0159116594339668	
7.792529647015833	-2.449582749752937	2.7023768396417482	0.43495036246606406	0.46693447754122874	1.0318699499437638	
7.542030083304697	-2.473365964325096	2.6218213736979146	0.3380812808904141	0.479697958235105	1.043912695864214	
7.313663619575331	-2.5112610380437093	2.542197352088828	0.2593074298508298	0.4876611426635498	1.0512641235792823	
7.113093219145422	-2.5594493664185363	2.465338897585659	0.2001914756383896	0.491253539732668	1.0532001321575024	
6.944957719576087	-2.6137094880930873	2.3929250024259963	0.16125241579459781	0.4911137570915603	1.0490819053698592	
6.8128151875966605	-2.6696854612800918	2.3264229915395758	0.14194477047456064	0.48804809932566007	1.0383816319187515	
6.719148362431101	-2.723160636374293	2.2670349527277884	0.14069269589296704	0.4829815490976439	1.020700106771764	
6.665418859303205	-2.7703180109949024	2.215643889508061	0.15497575268890645	0.4769032625538349	0.9957768889087906	
6.652162919685158	-2.80796326225287	2.172761559283285	0.18146752607312733	0.470808922836548	0.9634927949327742	
6.679107094395557	-2.8336935849927984	2.1384803051776498	0.21621160428497846	0.46564388050940064	0.9238664784428278	
6.745287639960968	-2.8460075862118033	2.112433151151029	0.25482264636369767	0.4622491414316453	0.8770467092265942	
6.8491630978524	-2.8443530180312093	2.093769722648987	0.29270326441024475	0.46131209360454756	0.8233011543564502	
6.988709740751889	-2.8291136792816927	2.081155704740985	0.3252655911863055	0.4633238323072309	0.7630025497905359	
7.161492350122658	-2.8015407213048644	2.07280276020635	0.34814709887222206	0.46854459505067464	0.6966130637878923	
7.364706089890334	-2.7636369505906533	2.066534040252608	0.357413259282629	0.4769780014100979	0.6246676246021622	
7.595193426440577	-2.717999942429703	2.0598905721929275	0.34973523367410414	0.48835716018472186	0.5477565573209224	
7.849442881041316	-2.6676425521750797	2.050272854968588	0.3225348575810237	0.502142948736102	0.4665089496917891	
8.123578369939601	-2.615805073100016	2.035110085638018	0.27409664108551524	0.5175339602270047	0.38157777410529803	
8.41334622977199	-2.565768792251012	2.0120482988231907	0.20364458502029267	0.5334887552259339	0.2936275886453649	
8.714102935541252	-2.520681344897493	1.9791455881171967	0.11138325434606573	0.5487601546919327	0.20332569866726005	
9.020804464918776	-2.483403511677415	1.9350614162552964	-0.0014959502058485147	0.5619406768702382	0.11133737563376112	
9.327998266266908	-2.4563854837146972	1.879228857358594	-0.13283957532267762	0.5715177498235114	0.018325320621434042	
9.629826892099906	-2.4415846984834606	1.8119905264484921	-0.27959072107383165	0.5759371005105942	-0.07504694668467166	
9.920055458271404	-2.440430828259557	1.7346848568326743	-0.4378733801389769	0.5736698239513681	-0.16810890991617666	
10.192138620876255	-2.453833313068875	1.6496772607337435	-0.6030940629639565	0.5632798605124754	-0.26017554704793516	
10.439346130567436	-2.4822234252175606	1.5603265599695788	-0.7700587258802308	0.5434889670967007	-0.35053997885532634	
10.654962589349028	-2.5256159594032077	1.4708799819482963	-0.9331027329473931	0.5132360228054701	-0.43846776039645263	
10.83257058464514	-2.583670857709704	1.3862934129949693	-1.086233713702362	0.4717278739698804	-0.5231942087641459	
10.96642014896851	-2.655732657904767	1.311977689966054	-1.2232903114784774	0.41848021106150235	-0.6039260032775199	
11.051866085776542	-2.7408301952492677	1.2534768137575631	-1.3381226363021388	0.35334494575309616	-0.6798483177608889	
11.085829411852867	-2.83762887659717	1.216105779727768	-1.4247950248995358	0.27652336575062286	-0.7501376503266222	
11.067239111781909	-2.9443421306307678	1.2045781742829658	-1.477812796689282	0.1885674151221723	-0.8139797592374305	
10.997399733835119	-3.0586198691826647	1.2226563314754217	-1.4923713276019908	0.09036999075920105	-0.8705919568195172	
10.880229524349344	-3.177436263410114	1.272859701703796	-1.4646205088834994	-0.016853631444533803	-0.9192487873577109	
10.722318035235066	-3.2969995205420433	1.3562626043906039	-1.3919336120906685	-0.1315906154108481	-0.9593101051647088	
10.532763049489771	-3.4127017408634126	1.4724003160935824	-1.2731702090378887	-0.25205861919889666	-0.9902509727675808	
10.322740850604227	-3.519129821166204	1.6193016419232076	-1.108907507738889	-0.3762365761828214	-1.0116917397269187	
10.104822125502555	-3.6101510235594674	1.7936386789458945	-0.901614668342763	-0.5018973765804474	-1.0234261357107979	
9.892092577609473	-3.679082510020073	1.990963240233225	-0.6557594087806559	-0.6266430658321592	-1.025446187134833	
9.697151155222867	-3.7189608710686772	2.2060071344951178	-0.37782578992075067	-0.7479461102430106	-1.0179616166830452	
9.531089483862653	-3.7229200124999555	2.4330186700800978	-0.07622677683547259	-0.8631998511462388	-1.0014115247291997	
9.402565994333047	-3.684672946140628	2.666108456457758	0.2389001639087061	-0.9697806210770369	-0.9764664681745464	
9.317073818181722	-3.5990802911256354	2.899582266339862	0.556019663217502	-1.0651232238765707	-0.9440198535858824	
9.27650714626344	-3.462757832631914	3.12823979861735	0.8626540511558676	-1.1468091450205309	-0.90516654212034	
9.27908554221017	-3.274642611331111	3.347616763906151	1.1459446254405692	-1.2126619768698292	-0.8611687308954232	
9.31960592649815	-3.036454131131881	3.5541621249956687	1.3932836945780083	-1.2608447471566762	-0.8134111363003633	
9.389983604562207	-2.7529825209690517	3.745340616488644	1.5929853357560213	-1.2899521613215494	-0.7633464123340866	
9.480009817056075	-2.4321489066733517	3.9196510872245907	1.7349511970319174	-1.2990902309876313	-0.7124331737975048	
9.578234647205552	-2.08480508865484	4.076554863579811	1.8112834342694768	-1.2879364341063824	-0.6620700261070787	
9.672883236576636	-1.7242676971491324	4.216315523098714	1.8168032057644985	-1.256776156140437	-0.6135294968329799	
9.752721861817758	-1.3655952562946416	4.3397573455544824	1.7494184794349603	-1.2065092500676842	-0.5678976567812749	
9.807791043550294	-1.024675673874727	4.447974139161248	1.610292767949231	-1.1386241655843221	-0.5260269747163541	
9.829975218383623	-0.7172190574903626	4.542032816174838	1.403820432535483	-1.055145097605519	-0.4885060736141525	
9.813399064770199	-0.4577355375070261	4.622710714235033	1.1374052570807403	-0.958553582059918	-0.4556494882875756	
9.75464936165165	-0.258587023775627	4.690303977321749	0.8210582103621312	-0.8516884949293697	-0.4275083674631319	
9.652830954564097	-0.1291951486474812	4.744534797180624	0.4668451805346078	-0.7376297687246098	-0.4039005987596995	
9.509475057995456	-0.07546529775297696	4.784571296174457	0.0882260473740619	-0.6195716937953323	-0.38445636805648536	
9.328308665205032	-0.09948724973342972	4.809161465607811	-0.3006734393126115	-0.5006916090805504	-0.36867410643088716	
9.114905619408972	-0.19954942978158752	4.816856914355047	-0.685791575059995	-0.38402365694230317	-0.35597903496912026	
8.876262668436325	-0.3704212989652469	4.806282962930914	-1.0538071606568074	-0.27234448317374116	-0.34577712574177927	
8.620322879084544	-0.6038660845859314	4.776415102564894	-1.3927293495538742	-0.16807596720613685	-0.3375010677028947	
8.35547783463859	-0.889319686309143	4.726823976229706	-1.6923716828171287	-0.07320991287080998	-0.3306459462905252	
8.090082842825899	-1.214658364118919	4.657859511412591	-1.944692375338419	0.010741822453119118	-0.3247936949988659	
7.832016758920275	-1.5669790178805472	4.570757711698458	-2.143998832953982	0.08277090355928973	-0.3196265467378858	
7.588317172633798	-1.9333304164731417	4.467660493893181	-2.287014452807012	0.14236861511551988	-0.3149298521146945	
7.364924105888288	-2.3013367416233748	4.351549011812488	-2.372811645732083	0.18949519133779152	-0.31058508232338394	
7.166535678866112	-2.659692478326258	4.226111547542994	-2.4026511736791005	0.22453091975019468	-0.3065556072164509	
6.996572541773852	-2.9985314340290175	4.095560911062047	-2.3797449624761846	0.24821324600688807	-0.30286693744702636	
6.857239353721047	-3.3096772731094166	3.96441862435851	-2.3089623743582783	0.26156516135222735	-0.29958355419817334	
6.749664058911479	-3.586788881760916	3.83728304542881	-2.196499387229056	0.2658201182933614	-0.29678476086752964	
6.674091029103593	-3.8254191731275817	3.71859607693114	-2.0495285255609637	0.26234813174063704	-0.29454202531872636	
6.6301062980399585	-4.022998776370881	3.612421150704974	-1.8758413063293176	0.252586401928411	-0.29290017225834164	
6.616868614648305	-4.178748911468646	3.522249714824896	-1.6835002082449764	0.23797824963685354	-0.2918647744636013	
6.6333164429880265	-4.293548345561309	3.450842811198091	-1.4805177036045194	0.21992257034783202	-0.29139646922738305	
6.678334793620118	-4.369757959602454	3.400112973016021	-1.2745675985997	0.19973355585880465	-0.29141219514783806	
6.750869401858986	-4.411008681894084	3.3710509892199525	-1.0727358064007486	0.17861026282670922	-0.29179273569673875	
6.849983137361832	-4.421960277220304	3.3637003418764393	-0.881316139961843	0.15761506015215798	-0.29239526978739705	
6.97485748686662	-4.408040771777954	3.377179529404715	-0.7056529754537706	0.13765942029248035	-0.2930690728910214	
7.1247478208093264	-4.375176002250386	3.4097539102853447	-0.5500324426847991	0.11949579487878864	-0.29367209762312924	
7.298907054400499	-4.329524749900105	3.4589576417602133	-0.41762764015624587	0.1037152868147967	-0.2940854068123224	
7.496493386748771	-4.277235858007584	3.5217508720650392	-0.31048436332766727	0.09074887320952496	-0.29422305938703786	
7.716471069736607	-4.224229508279331	3.594704527015249	-0.2295420130399855	0.08087175793824357	-0.29403593130582567	
7.957509236458896	-4.176002923839123	3.6742010930688966	-0.17468427183841276	0.0742105601262136	-0.29350862201240285	
8.217881253632193	-4.137459046249482	3.756637029653983	-0.14481444512686342	0.07075308081393383	-0.29264939978950016	
8.4953655953099	-4.112756222562538	3.838611610079118	-0.13795057462103927	0.07036026435299221	-0.2914738549877707	
8.787150933893718	-4.105180390604742	3.9170869539712667	-0.15133824405624885	0.07278014743308375	-0.2899834539742511	
9.089756791300932	-4.117051665133521	3.989500969648041	-0.18158081158458805	0.07766378609939377	-0.2881415738685925	
9.398974948378283	-4.1496631937434385	4.053828692750245	-0.22477623553523107	0.08458163124279686	-0.28584989321509646	
9.709842489525451	-4.20325389318383	4.108592629019733	-0.2766586445470875	0.09304016273873685	-0.28292771440510495	
10.016659495289447	-4.2770146058453316	4.152826786381342	-0.3327415527279939	0.10249848294991251	-0.2790967238467476	
10.313064775959385	-4.369125198725977	4.186003651160393	-0.3884593918558693	0.11238455863098085	-0.2739732802616214	
10.592184484285701	-4.476819489934748	4.207937439377346	-0.4393054214726598	0.12211097314597198	-0.2670698217941214	
10.846871828400081	-4.596478405618107	4.2186796585465505	-0.4809658609719585	0.1310903614964006	-0.2578068319323388	
11.070038446495795	-4.72375729695555	4.218425552438662	-0.5094433647924103	0.13875026091718579	-0.24553586327920396	
11.255111410720737	-4.8537503236236486	4.207455147808846	-0.521184294286209	0.1445501399614933	-0.2295748679336434	
11.396437692541928	-4.981173414720687	4.186104308355116	-0.5131571587197445	0.14799437004323113	-0.20924440407623937	
11.490058907553497	-5.100631418887701	4.154808744833007	-0.4830347455038122	0.14866398797150432	-0.18393229622437826	
11.53373201765288	-5.20680567761948	4.114120833143288	-0.4291219092909692	0.1462172999356543	-0.1531154001953573	
