11.705108039902214	-4.639740327320887	4.36489950128238	-0.5014148800036335	0.056392519577195	-0.1208992035906741	
11.634281448664767	-4.7752455987225675	4.327629399702283	-0.49588089864290175	0.07165215579999726	-0.07267280631102213	
11.521355846651865	-4.901930125489199	4.2746109137652475	-0.4653800437760333	0.08312846237458849	-0.018841807961332165	
11.375814883152959	-5.016537880923511	4.206907462999588	-0.4078010180933082	0.09034738351826278	0.04072271396701617	
11.209220772877195	-5.11613977219061	4.126038646347982	-0.3215952577488789	0.09300103869328903	0.10590094389743335	
11.035069415849586	-5.19817775446749	4.034102466542635	-0.20598150778019308	0.09102563078981854	0.17625756763579947	
10.867423600172597	-5.260324976879198	3.9336894636397153	-0.06096340168352498	0.08462343946984956	0.25108639789383724	
10.71987046052937	-5.300363102863066	3.827821605456818	0.112557418658453	0.07429405743808795	0.3294380353826175	
10.604293731917414	-5.316039327613851	3.719821923771101	0.31269424552347896	0.06084012070667427	0.4101826883651167	
10.529801719943444	-5.3049690371658835	3.6131605368769337	0.5364853576373552	0.045352239381030196	0.4920861328627936	
10.501915475915247	-5.264619211956689	3.5112909403158055	0.7798321934564914	0.029168215366899987	0.5738949577278476	
10.522082938351389	-5.1923965200083355	3.4174972929872847	1.0374723303873936	0.01381172125923338	0.6544208082709597	
10.587554682478398	-5.085848781516698	3.3347610993303687	1.3030073226757493	0.0009133836748000746	0.7326171170764417	
10.691623496405533	-4.94297154381817	3.265650363875364	1.5690031160557256	-0.007880633413334422	0.8076420553706346	
10.824197613568815	-4.7625926583413305	3.212228682034943	1.8271766827609224	-0.011006240133630824	0.878902744235324	
10.972649833295355	-4.544794196448514	3.1759753714311616	2.068678776692804	-0.0070794406680934965	0.94607819270134	
11.12287475100135	-4.291294836670079	3.157712459091004	2.284477199750972	0.005014391578439799	1.0091170907233373	
11.260408517960842	-4.005717610973907	3.1575320184950986	2.465812773628801	0.026048233869812035	1.0682126531134875	
11.37150002352595	-3.693700829429575	3.174722239358178	2.6046979327014808	0.05640103627743981	1.123759306026667	
11.444052913184073	-3.362820129655344	3.207704701462527	2.694422989380418	0.09602840154999957	1.176295069091349	
11.468372225420875	-3.0223141196891308	3.2540019805574336	2.7300278486144167	0.1444578875171291	1.2264350719168808	
11.437679035293177	-2.682629771992077	3.3102569742846013	2.7086982990719033	0.2008088095697742	1.2748020297216152	
11.348382899947856	-2.3548193485171924	3.372323358909235	2.6300504887845855	0.2638356652455923	1.3219588349066498	
11.200088694182957	-2.049849512517941	3.435440894539528	2.49624434307519	0.3319952907175937	1.3683498427953649	
10.995402412821651	-1.7779078019690617	3.4944761655443277	2.3119329958142725	0.4035286010032981	1.4142546444455963	
10.739582920680645	-1.5477606008698548	3.544211181585174	2.0840555496121773	0.4765519177982022	1.45975559088523	
10.440080814564727	-1.3662112660122925	3.579658491920194	1.8214865204107116	0.5491528499505776	1.5047202153560677	
10.106007297914449	-1.237695719961213	3.59637854588923	1.5345673772937798	0.619485379081826	1.548798888071199	
9.747571049019827	-1.1640319109422088	3.590778053500595	1.2345509601522076	0.6858599214497902	1.5914369351765223	
9.375509938270424	-1.1443375481260738	3.560365512511449	0.9329866111245957	0.7468240042090731	1.6319008112182911	
9.000557403708209	-1.1751228028833038	3.5039323374960154	0.6410950595303084	0.8012268445193422	1.6693162319621084	
8.632974327201069	-1.2505178171570626	3.421653166022399	0.36917386328421853	0.8482670765950878	1.7027129390452018	
8.282157397842216	-1.3626339513848003	3.3150913690480484	0.12605867215294608	0.887521563478068	1.7310731759373397	
7.9563341230183	-1.502053831664433	3.187099746836777	-0.0813290500194294	0.9189530111286439	1.7533803948490763	
7.662347456843829	-1.6584347114770683	3.041615453144491	-0.2483186911526863	0.9428942785005983	1.7686649103272885	
7.4055234181743055	-1.821196220172075	2.883360094299137	-0.3726918486731035	0.9600078831733043	1.7760441783030405	
7.189629932882534	-1.980235907333741	2.717467110709007	-0.4547089952951722	0.9712174229454508	1.774754887749687	
7.0169206385367655	-2.1265835442764245	2.5490896022940017	-0.4969646294004083	0.9776166943688082	1.764175503170186	
6.888246677165872	-2.2529437122075997	2.3830305353600534	-0.5041034497916134	0.9803653221951054	1.743840429805046	
6.80322696345409	-2.354096257199322	2.223423798520437	-0.4824183323620696	0.980578913550016	1.7134462776991553	
6.760459766826638	-2.427139733272156	2.0734887563089957	-0.4393619703819706	0.9792229648831964	1.6728508492797602	
6.757756536030396	-2.4715775410805327	1.9353717181775862	-0.3830060999319456	0.9770185628912056	1.6220655898267748	
6.792381399453231	-2.4892511892673315	1.810080745644608	-0.32147709135840863	0.9743657129896032	1.5612422197611888	
6.861281511838226	-2.4841018474544714	1.697528017809238	-0.2624079592827591	0.9712936798476991	1.4906532169138447	
6.9612842075735255	-2.461793601595095	1.5966625528369194	-0.2124482432480908	0.9674396017941299	1.4106687921147745	
7.089248771263141	-2.4292187459441164	1.5056778947996259	-0.17685274854866956	0.9620554902692989	1.3217317573993337	
7.2421610115122075	-2.393914136249756	1.422276106489291	-0.1591719598862473	0.9540434457365767	1.2243320149478447	
7.417162413591912	-2.3634352444770164	1.3439612366574576	-0.16106288654814124	0.9420165628224225	1.1189831836841553	
7.611513240879467	-2.344742287273371	1.2683314519050006	-0.18222904951163374	0.9243810361060983	1.0062043031321548	
7.82249805790155	-2.3436591769424804	1.1933361830717037	-0.22049893406252985	0.8994346361567136	0.8865098070152491	
8.047298228903125	-2.3644774741325234	1.1174607066469198	-0.27204278881036126	0.8654727719395591	0.7604102999900194	
8.282862430358428	-2.4097222273824	1.039829909433128	-0.3316833719049828	0.8208930313894965	0.628424172569184	
8.525801813693224	-2.4800798346684365	0.9602420534674828	-0.39327629060907116	0.7642931516229743	0.49109898024908744	
8.77233368790667	-2.5744758795294573	0.8791560197664027	-0.45012967364837175	0.6945571395165119	0.34904116472345387	
9.018291400187918	-2.690278016295691	0.7976629261928353	-0.4954317725287871	0.6109253561218081	0.20295248678018735	
9.259208955187027	-2.8235877887379885	0.7174726394859559	-0.5226601839736127	0.5130471703793671	0.05367189892099597	
9.490477404565828	-2.9695833698681544	0.6409269272859718	-0.5259442421467122	0.4010127242080113	-0.09778081378169066	
9.7075445342734	-3.122848745597122	0.5710278004996259	-0.5003545233763036	0.27536537325467353	-0.25016540291283135	
9.90612683959811	-3.2776391555384428	0.5114498360176506	-0.44212073856223666	0.13710106203395744	-0.4019905819377795	
10.082413266132539	-3.428059867907022	0.4664940573997918	-0.3487834683436719	-0.012343388075458688	-0.5514994001408612	
10.233248924266741	-3.5681519370131416	0.44094863837728177	-0.2192912061590298	-0.17111124948684964	-0.6966769384159741	
10.356296655889976	-3.6919007754958924	0.43983738229660674	-0.05405911956357429	-0.3369553560251599	-0.835285291848266	
10.450182558967988	-3.793204657572401	0.46805517415699927	0.14499154163677325	-0.5072766956600531	-0.9649294304590628	
10.514619429972356	-3.865861646015492	0.5299269590131459	0.3744168831229318	-0.6791770532364455	-1.08315485348711	
10.55051253473952	-3.9036343109387577	0.6287587904098407	0.6292476527718841	-0.849523781565346	-1.1875688139075413	
10.560040125120027	-3.900432100911798	0.7664456452855285	0.9030116314056753	-1.0150265788085457	-1.2759770105646717	
10.546684087546193	-3.8506265444709955	0.9431968254932975	1.1878036345791327	-1.1723247817292792	-1.3465252221411321	
10.51517617689065	-3.7494871147144364	1.157421144361783	1.4744252694982831	-1.3180813902886415	-1.3978331037845164	
10.471321146667442	-3.5937041261550897	1.405783541457149	1.752613254725804	-1.44907976571091	-1.4291077840403545	
10.421656950729117	-3.3819427648366003	1.6834191261717018	2.011374631370498	-1.5623196096333507	-1.4402235077732013	
10.372948344241216	-3.1153285072634933	1.9842605445414845	2.239427200405278	-1.6551065139260999	-1.4317503353022143	
10.331569222290682	-2.797804873330723	2.3014002660644435	2.425714274333823	-1.7251358138451094	-1.4049342054426475	
10.302841206300549	-2.436306413286595	2.627447682840717	2.5599676698728655	-1.7705711442642231	-1.3616296835675095	
10.29041376219536	-2.0407044763075257	2.9548539624451915	2.633280930919026	-1.7901167219455973	-1.3041915828547113	
10.295772025995841	-1.6235054664831092	3.2761920219462417	2.6386494189846363	-1.7830812285184026	-1.2353359568537978	
10.31794027772006	-1.1993045526669044	3.5843935715140165	2.57144046522836	-1.74943149898077	-1.157983056456992	
10.353451292192629	-0.784005479962233	3.87294893408689	2.4297349118677087	-1.6898267960750006	-1.0750953043544438	
10.396594144741378	-0.39388568676499097	4.136074211315887	2.2144958321792814	-1.605626447003473	-0.9895282448458615	
10.439886588681212	-0.04459966157104558	4.368853764119851	1.929569444611337	-1.4988709839965777	-0.9039043733222352	
10.474720168401003	0.24979865529064263	4.567353001173919	1.5815140517618738	-1.3722325634627797	-0.8205147753520413	
10.492104432205675	0.477724823100764	4.7286925415101475	1.1792718936353228	-1.2289344774811148	-0.7412517257093522	
10.483431153792813	0.630745558700889	4.851076839981939	0.7337128349424737	-1.072642597347068	-0.6675726196245045	
10.441191531908409	0.7040191116533178	4.933777927249415	0.2570859853844364	-0.907333410896821	-0.6004930561569793	
10.359569784824206	0.6964188210686525	4.9770724996922535	-0.23758282864941876	-0.7371443874449644	-0.5406100070852138	
10.234874093628036	0.6103671040632617	4.982154084968125	-0.7370790695785783	-0.5662206949144022	-0.4881460681754058	
10.065799667061562	0.4514324012389321	4.951033286800915	-1.2285372271353043	-0.39856577432241586	-0.4430076750258502	
9.853517216421258	0.22774383679496385	4.886430803235103	-1.6999028689439166	-0.23790219212533376	-0.4048524833520008	
9.601590168564346	-0.05070135775214403	4.791666510432426	-2.1403009799942114	-0.08754888822624345	-0.37316087688048205	
9.315735355650729	-0.3727575348189868	4.670546159182684	-2.5403070069409908	0.04968131856450321	-0.3473071836108772	
9.003442488834132	-0.7268069016040127	4.527244722758303	-2.892126125487925	0.1715606362923035	-0.3266271038479058	
8.673475886637016	-1.1013250757463868	4.3661851995631515	-3.1896810856538336	0.27649325898010946	-0.31047673822965094	
8.33532000491444	-1.4853051281042264	4.1919154921467205	-3.4286451892682033	0.36353474515978557	-0.29828000181104225	
7.998602989415228	-1.868555377457829	4.008980148476901	-3.606436553387596	0.4323834435394954	-0.2895639143458392	
7.672540273964864	-2.241894708425128	3.8217892937446103	-3.7221830502658486	0.48334402423069867	-0.2839810551171543	
7.365442404021517	-2.5972759221588677	3.634492656348406	-3.776662167976616	0.517264818623754	-0.2813187638568561	
7.084323362853303	-2.9278709337284017	3.4508695663904594	-3.772217460936589	0.5354527613306623	-0.28149519530905487	
6.834649907416902	-3.2281367248426416	3.2742503969429224	-3.7126374983147343	0.5395683880963472	-0.28454170274051205	
6.620254932768226	-3.493871192905675	3.1074808499139417	-3.6029915339773053	0.531510369868755	-0.29057340779126306	
6.443392853447486	-3.722266075086999	2.9529261870450165	-3.4494300489032756	0.5133003811214223	-0.29975186446155405	
6.304916453093928	-3.911942143257164	2.812511114355023	-3.2589476632493835	0.48697408188390306	-0.3122429247492607	
6.20454166442859	-4.062951230622204	2.6877850033622472	-3.0391153324987252	0.45448478105880974	-0.32817381433805193	
6.141159714851686	-4.176732838187159	2.5799970226899087	-2.7977931237116453	0.41762489639292055	-0.3475935324347179	
6.11315689580845	-4.256021509638756	2.490162133445915	-2.5428350448831707	0.37796773253632315	-0.3704399494799622	
6.118708470033753	-4.304697787127544	2.4191001956170037	-2.28180263731013	0.33683317751688974	-0.39651781641597295	
6.1560150239871065	-4.327603619897949	2.3674358698807856	-2.021706004214676	0.29527512174994003	-0.42548874613795906	
6.22347292469074	-4.330334153812658	2.33556216286189	-1.768778233110183	0.2540861790533935	-0.4568724098583136	
6.31977763546044	-4.319008790428617	2.323580389772293	-1.5282899660647637	0.21381652627498987	-0.49005851851662025	
6.443964059288469	-4.300025291732609	2.3312346119805296	-1.3044103337271045	0.17480317720167612	-0.5243285104505544	
6.59539464267445	-4.279800309140978	2.3578595563070555	-1.100117657448121	0.1372060250133051	-0.5588852576536033	
6.77370904856815	-4.264500374400888	2.402358869306058	-0.9171634284373273	0.1010479133390872	-0.5928886836596076	
6.978747424321139	-4.259781997125272	2.4632269388306858	-0.7561012042417963	0.06625666361648788	-0.6254934069026488	
7.210454978813454	-4.270556247737821	2.538607602201261	-0.6163639795076451	0.03270543884409006	-0.655883297864848	
7.468759435431461	-4.300785928204186	2.626380853013103	-0.4963839015214896	0.00025059490696701596	-0.6832997231662559	
7.753409828847977	-4.35332082299401	2.724265531444401	-0.39374652313104436	-0.031234277620503136	-0.7070608808342118	
8.063770041515719	-4.429772794669823	2.8299241461441467	-0.3053696709281101	-0.06182965378633235	-0.7265708424707543	
8.398568480597547	-4.5304278827580164	2.941056390460096	-0.22769667395278106	-0.09154807099056031	-0.7413184566607417	
8.75562418226647	-4.654202893147154	3.0554679834239753	-0.15689655949072492	-0.12032071520772988	-0.750866985927011	
9.131592157726473	-4.798654205943231	3.171103581119469	-0.08905721438308088	-0.1479941510279896	-0.7548372638573809	
9.52176043377481	-4.960029494625699	3.2860435281628493	-0.020361147473735	-0.1743364221180749	-0.7528884699242985	
9.91993821119989	-5.133367464819587	3.398470128705365	0.05275949102833614	-0.199051938001401	-0.7446995208668175	
10.318471368007785	-5.3126475053599105	3.5066143198697963	0.13349243819282222	-0.22180376203836166	-0.7299540442200985	
10.708416647876513	-5.490991616790101	3.608698340877962	0.22454088637337863	-0.2422412184324077	-0.7083316514314186	
11.079896574110425	-5.660921417912615	3.702892364198732	0.3280436270813722	-0.2600302777208032	-0.6795077895917667	
11.42263668980386	-5.814669755781035	3.7873037422203635	0.44552612169312494	-0.27488261084104987	-0.6431635231144636	
11.726699006785534	-5.94455567215021	3.8600232019763547	0.5778680051220034	-0.28657995352072035	-0.5990088810513327	
11.983136104675427	-6.043304615016747	3.9191939489382914	0.7253217914366201	-0.2949863194409645	-0.5468065118728487	
12.185160911021345	-6.104597893810793	3.9632144319607847	0.8874560256547428	-0.30005919350977406	-0.4864313870698961	
12.328193565281572	-6.1231101931976015	3.990794969419947	1.0633060465542	-0.3018268242167925	-0.4178756667492118	
