11.893090033055	-4.679836182188731	4.237268889778063	0.2109137166394469	0.0992888781835552	0.0869314023351703	
11.88067620470123	-4.640607109238102	4.185665412063685	0.2525919300494682	0.1268665680682475	0.12177722780592518	
11.819779012517753	-4.583409480903559	4.128582947621187	0.29928355906959564	0.15271620038733769	0.1626073627263535	
11.718268291381683	-4.509317572693087	4.067712612390551	0.35029003580342766	0.1764318879468938	0.20950738583767037	
11.585704189019404	-4.420140828677102	4.004877207833476	0.4047200492250463	0.19775350095268138	0.262219759354427	
11.432931749245638	-4.31841870159296	3.9419474327456823	0.46147641222583985	0.21660767893887978	0.3200830957028154	
11.27093008247853	-4.207123668293627	3.8806793254031384	0.5193057146692063	0.23310122348706358	0.3820927513234046	
11.109962210774434	-4.089438520008154	3.822579480009875	0.5768211518425908	0.24751618303474812	0.4469472221728182	
10.958698909631737	-3.96848890509339	3.768772187689417	0.6325365748297096	0.26028416269029947	0.5131339757664584	
10.823549736403182	-3.84711628968909	3.719897089587018	0.6848988130097098	0.2719490289529985	0.579025869802472	
10.708222289180327	-3.727703292173453	3.676046152456516	0.7323249414430988	0.28311790309576756	0.6429856756295144	
10.613576700618658	-3.612079804332006	3.6367542980528995	0.7732462506469067	0.29440545953712927	0.703466468218875	
10.537758531232631	-3.501513927452408	3.6010436671201944	0.8061611122914737	0.3063776395619822	0.7590990953008007	
10.47657560414273	-3.396780989202707	3.5675166458609286	0.8296981113647693	0.3195000125200734	0.8087610126259218	
10.424062670779804	-3.298293931024387	3.5344861084912917	0.8426890741920903	0.3340953476105395	0.8516222887910609	
10.373163169879096	-3.206269474133728	3.5001267607865025	0.8442496948312235	0.3503135315070329	0.8871666485222085	
10.316455188732764	-3.1208995246673235	3.4626306317074422	0.8338632030827559	0.36811545790569994	0.9151875757497412	
10.246856356121045	-3.0424976709372573	3.4203520730196093	0.8114606648954144	0.3872712016088838	0.9357618650143131	
10.158253992088603	-2.9715964541696036	3.371930923254777	0.7774891912100128	0.40737234906494557	0.9492045514361798	
10.046005758800431	-2.908980112394853	3.3163838390373845	0.732955830582706	0.4278578709527824	0.9560108873686988	
9.90728377652293	-2.855651316718128	3.2531638755501953	0.6794414822730812	0.4480500797676677	0.9567938479765229	
9.741250726287788	-2.81273462115461	3.1821934310172737	0.6190782066520666	0.46719804490207234	0.9522229167715404	
9.54907062295408	-2.7813252335224594	3.1038760075885286	0.5544846625111796	0.48452582324188864	0.942969133532382	
9.333770783424459	-2.7623020470715853	3.019088216859957	0.48865711834307	0.4992831400862024	0.9296602023215452	
9.099979069774434	-2.7561342970788925	2.92914793479882	0.4248179428495582	0.5107961763309165	0.9128480769338808	
8.853563671437506	-2.762715332162741	2.835752134667513	0.36622922398222724	0.5185157100107721	0.8929899595715174	
8.601202535433636	-2.781253229700735	2.7408803927167593	0.3159849519930603	0.5220586874439642	0.8704425946960515	
8.349922082247474	-2.810236351885965	2.646670876194718	0.27680377033012077	0.5212378620836152	0.8454688249889556	
8.106653510420319	-2.847468085104854	2.55528730237622	0.25084134018552523	0.5160773774935723	0.818253353718352	
7.877840957664737	-2.890162706232034	2.4687938728854797	0.23953638985441944	0.5068137832078521	0.7889247784886387	
7.66912809416763	-2.9350955379686856	2.3890506275603083	0.24350128088636977	0.49388380486823324	0.7575805212753457	
7.4851379325193586	-2.978801353725241	2.3176345275307892	0.2624645879870898	0.47790113757954994	0.7243111762797788	
7.329350436814043	-3.0178114253628885	2.255786049474792	0.29527027573284614	0.45962456071657	0.6892211524313422	
7.204074726985304	-3.0489122460092086	2.2043784220065166	0.3399342708516453	0.43991938202922765	0.6524432806307647	
7.110510989192915	-3.06939976218269	2.1639073956090917	0.3937575801634907	0.4197138607173044	0.6141459593639877	
7.048889360996487	-3.07729413484047	2.134499198164523	0.4534884607256997	0.3999533187991356	0.5745325236622429	
7.018655146513967	-3.071491138620166	2.1159291838002288	0.51551597008735	0.3815549638145609	0.5338340878089879	
7.01867360351207	-3.051833995719986	2.1076448731712385	0.5760804029102033	0.3653653148881497	0.4922974578524744	
7.047427141106255	-3.0190992283387756	2.108787348056795	0.6314840111747225	0.35212176148399266	0.45016994392660825	
7.103182911018244	-2.9749012993936215	2.1182074249236744	0.6782860251333668	0.34241914708776106	0.40768291362921383	
7.184117122890517	-2.921530929239746	2.1344769089954374	0.7134685485146849	0.3366817441907925	0.36503576203912613	
7.288391758604705	-2.86174938494653	2.1558991044327067	0.7345646779227941	0.3351404471388261	0.32238163097096356	
7.414187770185589	-2.7985634471656025	2.180526926057198	0.7397431303155138	0.3378155824474905	0.2798160548410433	
7.559705852034699	-2.7350095962542076	2.206197791165072	0.7278478105562153	0.3445062565122851	0.2373695231012476	
7.723149707045808	-2.6739699861111346	2.2305908073672125	0.6984011956705968	0.35478576720596755	0.19500398772194436	
7.902703750461355	-2.6180318191433543	2.2513101112218705	0.6515792920037933	0.3680040030470762	0.15261340442149238	
8.096511144359324	-2.569394215024511	2.265994104560369	0.5881670142876684	0.3832977137301057	0.11002832120067894	
8.302650926724542	-2.529818323829177	2.272446277750966	0.5095020870997757	0.3996094739471019	0.0670245429127697	
8.519107015138061	-2.500610126539115	2.26877957572545	0.41741346500071147	0.41571592790365464	0.02333591768165064	
8.743718898482642	-2.4826221736035867	2.2535644858463417	0.3141578914412231	0.4302654375449978	-0.02132873348981973	
8.974106572046379	-2.4762637750959535	2.2259682486671934	0.20235419685336598	0.44182513217183383	-0.06726456377654833	
9.207572231505317	-2.4815141242480463	2.185871746936268	0.08491464978735057	0.4489355223450214	-0.11474628887145037	
9.440990992423075	-2.4979369199805928	2.133958147579005	-0.03502644880762519	0.450170029015026	-0.16400141098755372	
9.670712815897376	-2.524701210323547	2.0717659903723598	-0.1541884413411155	0.4441970556976302	-0.21518216238772678	
9.89250331712742	-2.5606129360070455	2.0016994172059293	-0.2692241064521226	0.4298415932581296	-0.2683374566856553	
10.101551154694592	-2.604159347673017	1.9269875519700876	-0.37680250347734445	0.40614310439878454	-0.32338615313960295	
10.292563705960852	-2.6535643894960623	1.8515851010288824	-0.4736933366696189	0.3724063472428889	-0.3800929536893941	
10.459962510099718	-2.706848228989641	1.7800084553038888	-0.5568519273374062	0.32824229982557457	-0.43804817773550264	
10.59817842279027	-2.761880591554979	1.7171048172001204	-0.623503795157487	0.27359513654722456	-0.49665399083954004	
10.702026696811116	-2.816416051586941	1.6677678093177022	-0.6712279972472807	0.2087523199313415	-0.5551202123288815	
10.76713491144809	-2.868105426546844	1.6366230841748155	-0.6980412935880997	0.13433840649346457	-0.6124720832039728	
10.79039137192747	-2.914487386921834	1.6277106376194022	-0.7024838470809619	0.051293136389443876	-0.6675731172308098	
10.770373593758633	-2.952973751364867	1.6441933495337129	-0.6837058313852781	-0.03916370288617048	-0.7191650343106711	
10.707711544184358	-2.9808495143820455	1.6881186274160989	-0.6415519643780404	-0.13557694818088586	-0.7659251539971107	
10.605338616900537	-2.9953109195164513	1.7602545484433192	-0.576638067826023	-0.23630600068333668	-0.8065395333202955	
10.468586796803462	-2.9935601691719667	1.8600139706918712	-0.4904120418338166	-0.3395757776236987	-0.8397882373299894	
10.305072324780232	-2.9729618587041955	1.9854807413973385	-0.38518535263550524	-0.4435253689072938	-0.8646361372486076	
10.124341877583072	-2.931243436948369	2.133537255369761	-0.2641240535639748	-0.5462511362180339	-0.8803197362395859	
9.93728280618991	-2.8667087855153572	2.300077029175802	-0.13119556471732816	-0.6458431706629018	-0.8864220981567382	
9.7553205722165	-2.7784305422513333	2.4802835964581975	0.008931942770064417	-0.7404162010902711	-0.8829280824675599	
9.5894670533093	-2.6663935686102866	2.668947561312234	0.15103480883935624	-0.8281372933117257	-0.870253460692262	
9.44931833547985	-2.531576380986482	2.860790229855996	0.2895169596498706	-0.9072537307192273	-0.8492436584476921	
9.34212379828307	-2.375973211478941	3.0507646663730155	0.41862144684547187	-0.976124734463395	-0.8211405967898682	
9.272048171229699	-2.202571028183954	3.2343135739568636	0.5326610773713663	-1.0332603179797888	-0.7875191493003691	
9.239751852019952	-2.015291818023618	3.4075686521491226	0.6262573707011279	-1.0773679090909216	-0.7501961992223477	
9.242354772277196	-1.8189080677524	3.5674845452348776	0.6945743266201245	-1.1074045418681062	-0.7111211720175076	
9.273768130235949	-1.6189305561897684	3.711909872335424	0.7335383693350513	-1.1226309061772775	-0.6722577418883582	
9.32534192410387	-1.4214582186199085	3.839595777246932	0.7400351580078612	-1.1226614372676804	-0.6354653869984257	
9.386734798559656	-1.2329822351207875	3.9501439390342346	0.7120735387491945	-1.1075043849937023	-0.6023896501790921	
9.446892706726306	-1.0601424925543392	4.04389857797641	0.6489069638856276	-1.0775864891772966	-0.5743689198309697	
9.495022498241438	-0.9094431650625859	4.12179079070605	0.5511033898535009	-1.0337584215639763	-0.5523639606517836	
9.521465747419938	-0.786941360250938	4.18514753289926	0.42055740908809597	-0.9772794229318476	-0.5369141081671652	
9.518391814551144	-0.6979348389741047	4.2354809538968	0.26043335267776174	-0.9097793367262264	-0.5281248543439339	
9.48026504983789	-0.6466799932464625	4.274282429065283	0.07504205213577093	-0.8332012134428973	-0.5256864576674033	
9.404089249994392	-0.6361628035815908	4.302843111440687	-0.1303396398099173	-0.7497287142078521	-0.5289197958477682	
9.289445182903936	-0.6679421033184016	4.322120154743364	-0.3496976721571182	-0.661701642076996	-0.5368451604239707	
9.138348501305323	-0.7420766735511976	4.332663839176717	-0.5765435952154445	-0.5715240066904089	-0.5482671493198095	
8.95496027630991	-0.8571389197726345	4.334613531522341	-0.804194746648651	-0.48156956543132146	-0.5618674617555532	
8.745184379593871	-1.0103090019341971	4.327761680921467	-1.0260550507337078	-0.39409010553309437	-0.5762971789814815	
8.516186960174094	-1.197535507015521	4.311676826397328	-1.2358825265802016	-0.31113118301621107	-0.5902614054676436	
8.275871873309333	-1.4137505216170247	4.285869097494264	-1.4280282374403224	-0.23446131731539926	-0.6025901139727854	
8.032360268714275	-1.6531158783222535	4.249971874042225	-1.5976353443515148	-0.16551857698463684	-0.6122915491192555	
7.793508679334756	-1.909284342165184	4.203914959538801	-1.7407943766177654	-0.1053758356059943	-0.6185881061512495	
7.56649261449462	-2.1756649931124743	4.148067739154995	-1.8546508369525716	-0.0547257543370596	-0.620935332706298	
7.357478707612164	-2.4456816553865917	4.0833356240084315	-1.9374633361122802	-0.01388516265935552	-0.6190254449463248	
7.171401276120468	-2.713014434631416	4.011200031555699	-1.9886124921114692	0.017182781505826895	-0.6127771867093798	
7.011850640889785	-2.971816535476416	3.9336995210338532	-2.0085630150157066	0.038831495871480416	-0.6023140990500981	
6.881071021847335	-3.216902596200919	3.8533559592766533	-1.998783625913142	0.05168270201283516	-0.5879333930459412	
6.780065019551663	-3.44390193815835	3.7730522324293627	-1.9616255982697812	0.05657006017334473	-0.5700670796210097	
6.708779897141043	-3.6493756848785037	3.695877172483044	-1.900171251319415	0.0544803571400504	-0.5492391206809959	
6.666348524089647	-3.8308975764277235	3.6249524668498476	-1.8180612234846085	0.04649598816383532	-0.5260216681609825	
6.6513593822329415	-3.987094640828394	3.563255648408539	-1.7193081252377813	0.03374139227252821	-0.5009931790203127	
6.662129785339341	-4.117644286081255	3.513453226383679	-1.6081060664973756	0.01733574515187125	-0.4747011891008812	
6.696960350278708	-4.223225577741346	3.4777565497468648	-1.488645812944288	-0.0016464947034075075	-0.44763204380951727	
6.754354043530639	-4.305424828056198	3.4578107562891223	-1.3649448106660391	-0.022206281462391193	-0.4201891745725611	
6.833188586243859	-4.366598157017957	3.454623979573847	-1.2406996016427418	-0.04344168292957269	-0.39268066156100917	
6.932830387310308	-4.409693667538409	3.468544729857864	-1.1191700994030636	-0.06456002192094909	-0.36531667257703043	
7.053184434576782	-4.4380474978563225	3.499283859953492	-1.0031003154364377	-0.0848813359542472	-0.3382154342682945	
7.194677639983642	-4.45516579965323	3.545973441073167	-0.8946763258425623	-0.10383451697415202	-0.31141578501210454	
7.358173853938713	-4.464506509586498	3.6072524089467985	-0.7955209241934417	-0.12094771808450973	-0.2848941527902744	
7.544823442463599	-4.4692782807756215	3.6813658285913418	-0.7067210687310798	-0.13583523506761025	-0.2585835798604377	
7.755856263470204	-4.472274987029113	3.766264665545359	-0.628880861886999	-0.1481834831198026	-0.2323926021161122	
7.992332524000024	-4.475761976754044	3.8596955316936348	-0.5621897185573168	-0.15773883260122573	-0.2062222105040483	
8.254868701151914	-4.481424467584984	3.959274129309948	-0.5064934505940749	-0.16429985464604946	-0.17997964234240132	
8.543363391599886	-4.490383364761334	4.06254010157268	-0.46135670574127047	-0.16771561254883816	-0.1535879927531888	
8.856744061377045	-4.503265993396351	4.16699313779332	-0.4261043486052793	-0.16789076135584002	-0.12699114855020452	
9.192749677580267	-4.520312164356404	4.270113425947799	-0.3998359934104062	-0.1647967798992043	-0.10015405553292477	
9.547763993561247	-4.54149131522933	4.369370495508606	-0.3814129230218548	-0.15848777872382805	-0.07305865701642181	
9.916714209945676	-4.566604258564864	4.462225642336714	-0.3694217990023269	-0.14911870191954757	-0.04569633447176021	
10.29305125885549	-4.5953462388467425	4.54613505846675	-0.3621249342299418	-0.13696323932167417	-0.01805814904630649	
10.668828355300441	-4.627315901558294	4.618563234926722	-0.357411017540847	-0.12242849950548824	0.009875518087343983	
11.034895430145768	-4.661965631636627	4.67701936083446	-0.3527630029502543	-0.10606326914068086	0.03814424067993559	
11.381230034622526	-4.698503720452644	4.719130993692003	-0.3452639574972204	-0.08855556803620244	0.06681382466153216	
11.697385594931806	-4.73577369152991	4.742758604938986	-0.3316503981683151	-0.07071798078353589	0.09597838983227822	
11.973093147656622	-4.772135532699292	4.746171296484581	-0.30843270450004956	-0.05345638238385471	0.1257563302746581	
12.198828336839462	-4.805402006398602	4.728206577143371	-0.2720450294497763	-0.03772986948999827	0.15628212523702878	
12.36674356545484	-4.832803546091567	4.688576243691748	-0.21912536134610444	-0.0244792734497495	0.1876859329619409	
12.470894106131569	-4.851128856831903	4.627868703562437	-0.1466656609196625	-0.0145810496130052	0.2200787686625104	
