12.29648127348329	-4.482429261960846	4.530523185491574	0.0997217650713951	0.670081861142996	0.6599479926113788	
12.316997460078854	-4.42002974820606	4.422349802194673	0.09136805419383137	0.7046493393712658	0.7316300419875514	
12.288832955954192	-4.351636648600573	4.310642988533935	0.0800923315634881	0.736303905491058	0.8084007046256421	
12.219716556835529	-4.280187928662077	4.194468251258441	0.06795917172405766	0.7643839550044019	0.8900353962142231	
12.11946084124839	-4.208622430747629	4.073325325174735	0.05738809536055135	0.7882643661720039	0.9760508208886017	
11.999577020758903	-4.139628658414185	3.947309143641413	0.05106550157025696	0.8074155473959632	1.0656638375516185	
11.87196279944599	-4.07533167455896	3.8171127780714085	0.05168344998557341	0.8214619577247055	1.157840632479256	
11.747893474916037	-4.017055091035954	3.683996610932391	0.061718871577847764	0.8302260291642388	1.251331516698187	
11.636956162711385	-3.965147415167634	3.5496799210446572	0.08318772078674802	0.8337550397708064	1.3447340805468322	
11.546222518222581	-3.918916555507086	3.4161929910674353	0.1174275342058642	0.8323266462951029	1.4365636272666358	
11.479702403804243	-3.87668856777697	3.285706758502644	0.16492159470579357	0.8264327849558316	1.5253303103554818	
11.43816164484939	-3.836001757408698	3.1603661936894802	0.22519355327793225	0.8167436594305154	1.6096145790793714	
11.419275194268144	-3.793913090474116	3.0421452522742456	0.2967830872193834	0.8040582020096455	1.6881346332392557	
11.418059116954305	-3.7473800422832166	2.932728741197691	0.37730934705625946	0.789246280958548	1.7598014273005194	
11.427502233029465	-3.693662966292926	2.8334208057805057	0.4636205755449669	0.7731878078714308	1.8237577567535275	
11.439309241787324	-3.6306852388271262	2.7450778319266225	0.5520175892152551	0.7567136139728547	1.8793996038372964	
11.444673441391426	-3.557296205450555	2.668064756834433	0.6385291909625145	0.7405525493488632	1.9263796966941569	
11.43501156573915	-3.4734046137053554	2.602235325655498	0.7192113087714097	0.7252886225356554	1.9645950135225279	
11.402608691176676	-3.3799771808723147	2.5469382926657023	0.7904402541554553	0.7113314149101913	1.9941606289847256	
11.34112407341268	-3.2789188805767147	2.501053112344128	0.8491681457146565	0.6989025462195497	2.0153725021605697	
11.245942291214709	-3.1728722001450804	2.4630549860734083	0.8931212246933949	0.6880369195177459	2.0286639827763024	
11.114373604783383	-3.064962899052565	2.4311124311551175	0.9209303395566866	0.6785970701175724	2.034559189007602	
10.945716665876343	-2.9585215045905144	2.4032144141279046	0.9321879506561596	0.6702987749095823	2.0336266788710327	
10.741200758684638	-2.8568127091457467	2.3773146941404377	0.9274327971367841	0.6627460334199136	2.026436638774742	
10.503823799346662	-2.7628015339832914	2.351474263795582	0.9080702081291658	0.655473053382983	2.0135242339365664	
10.238102542072653	-2.678972285409839	2.3239831418355563	0.8762417608893931	0.6479898520809741	1.9953610061427565	
9.94975112350444	-2.6072003639844272	2.2934491248718443	0.8346582416672759	0.6398272124791713	1.972335763563849	
9.645311461532204	-2.548669193432206	2.2588482781966777	0.7864097562881117	0.6305762014622435	1.9447461533905683	
9.331767346932239	-2.5038196220921733	2.2195421987536643	0.7347673973542814	0.6199195300865357	1.9128000313674154	
9.016159786874779	-2.4723311527650664	2.1752676410369705	0.6829831747031536	0.6076535669756155	1.8766251319997982	
8.705223490542537	-2.4531411604797992	2.12610435964787	0.6340959180461265	0.5937001816127141	1.8362847191178204	
8.405067233543551	-2.4445096769181314	2.0724271272505654	0.5907519350400706	0.5781078991360457	1.7917963228885092	
8.120922479476386	-2.444134499307065	2.014847667247356	0.5550501710920293	0.5610422324463262	1.7431505268897327	
7.856981590239158	-2.4493161491125766	1.9541518924408847	0.5284211492865032	0.5427656921028665	1.690327065896924	
7.616344008286013	-2.4571676073213387	1.8912369324389582	0.5115502668756968	0.5236084356983499	1.6333061475523036	
7.401079346796655	-2.4648533185061927	1.8270525670985887	0.5043560474589261	0.5039319920207883	1.5720737994203204	
7.212389807104802	-2.4698360139460678	1.7625502890531517	0.506022761057617	0.48408979767456006	1.5066214888678393	
7.050845992951177	-2.470109885462293	1.6986403443003468	0.515086761159779	0.46438795134748045	1.436941289693396	
6.916657202812549	-2.464396073236513	1.6361567158045696	0.5295709082293995	0.44504968918418303	1.3630185056007897	
6.8099322665362925	-2.452277440496876	1.5758304557235443	0.5471567531394628	0.42618656777749464	1.284823999994485	
6.730891435773146	-2.4342539907143728	1.518272886171708	0.5653802510498396	0.4077785211718707	1.2023084535674626	
6.680002179868402	-2.4117084939267754	1.4639709702894055	0.5818345221319973	0.3896639215670299	1.1154004469441718	
6.65802565253666	-2.386778471664469	1.413297318253168	0.5943614808151156	0.37154048351943453	1.0240099413629116	
6.665976064575173	-2.362145486970196	1.3665347270078705	0.60121146247821	0.3529770209243176	0.9280380198378865	
6.705010549918162	-2.3407683382692417	1.323910784705338	0.6011576946959492	0.3334342568388122	0.8273927551745122	
6.776269410283548	-2.3255864858515087	1.2856359105708923	0.5935571001395565	0.31229329908437714	0.7220104925234524	
6.880686695011625	-2.3192239409414386	1.251935957889957	0.5783539076871397	0.28888976527017657	0.6118810794136068	
7.018787632131184	-2.3237234422213384	1.2230702135012848	0.5560284106262092	0.2625511060770044	0.4970749350029842	
7.1904844244395285	-2.3403373408930865	1.1993279395962806	0.5274988542577257	0.23263437794666791	0.3777693791191685	
7.3948768705368675	-2.3693948819167865	1.1810015087045926	0.49398932068990575	0.19856174350132763	0.2542716000821161	
7.630068076130782	-2.4102626366279445	1.1683412511241402	0.4568794162405336	0.1598507813678968	0.12703517228109273	
7.893013176153107	-2.461404393323388	1.1615055793159075	0.4175568222240988	0.11613685958076905	-0.003332460974744109	
8.17941621252823	-2.5205290375076936	1.160523001118388	0.37729168866601687	0.06718690878846355	-0.13607178324532238	
8.483697133544723	-2.5848122945213876	1.165281012238038	0.33714639735628005	0.0129046154362624	-0.27028206091103335	
8.799048868634712	-2.651169700978461	1.1755516762222338	0.2979299121338944	-0.0466720058365526	-0.40493984256064625	
9.117598694082396	-2.7165521917819886	1.1910558107238003	0.2601998862540053	-0.11137902743131241	-0.5389228510350108	
9.430678460185606	-2.7782322181735424	1.211558940928252	0.22430937431249023	-0.1809390693272275	-0.6710365879977	
9.729196766414258	-2.834048875708641	1.236984976457956	0.19048936180519854	-0.2549758165588637	-0.8000410334122073	
10.004094810276964	-2.882579810778413	1.2675274151112266	0.15895383797641985	-0.3330292361308076	-0.9246755144410995	
10.246847900690433	-2.923215526123733	1.3037355720318946	0.13000847187590328	-0.4145700673714248	-1.0436805196805443	
10.449976078227682	-2.9561322447243548	1.3465600169190668	0.10414469543031361	-0.49901236843045277	-1.1558169243416236	
10.607531018249675	-2.9821693347799116	1.3973455252284714	0.08210349148622366	-0.5857236451520557	-1.2598843810099636	
10.715528220909055	-3.0026304702996884	1.4577659254956727	0.06489630195330644	-0.6740321678789667	-1.3547411348984175	
10.772296910798113	-3.0190376815123825	1.5297030428531566	0.05377576249153827	-0.7632312783414555	-1.4393274959434186	
10.778721129209693	-3.0328717674413532	1.6150807618153071	0.05015542090968772	-0.8525805856058617	-1.5126944899947148	
10.73834578991355	-3.0453292579280093	1.7156725760188802	0.055483607181068303	-0.941303894998677	-1.574038250364263	
10.65730330153122	-3.057121105561158	1.83290773519532	0.0710823097020788	-1.0285839710860256	-1.622738338814125	
10.544033589408102	-3.068329925896606	1.9677033714956458	0.09796894794863527	-1.1135547512469857	-1.658396314089897	
10.408800110844252	-3.078328977470371	2.12034011967449	0.13667756260764158	-1.195292205174667	-1.6808707875090847	
10.263016079863446	-3.0857638708891235	2.290393067511831	0.18709486443036843	-1.2728057989295665	-1.6903039962847775	
10.118424483041382	-3.088596410575486	2.4767233566476494	0.24832525296543637	-1.3450328844962849	-1.6871352651083589	
9.986198243958492	-3.0842099692086227	2.677528802433368	0.31859668982427647	-1.410838505583954	-1.6720978539338427	
9.87604347066813	-3.0695764888594415	2.8904449282643525	0.3952168226931255	-1.4690230906727073	-1.6461976038956212	
9.795393052175308	-3.0414860598814473	3.1126814794156097	0.47458569937306805	-1.51834040014495	-1.610674173736224	
9.748794413373584	-2.9968373660302445	3.3411762508724023	0.5522745789444887	-1.5575279587952948	-1.566946747189631	
9.737572123788231	-2.9329726229971884	3.572743166947113	0.6231719306324364	-1.5853503299889296	-1.5165496640841116	
9.759791420515578	-2.848032452474855	3.804198414355856	0.6816932119802904	-1.6006541466981552	-1.461063557380567	
9.81052245122692	-2.741296548672916	4.032457050945133	0.7220510545919768	-1.602432197904366	-1.4020464099720005	
9.882365853979453	-2.6134700834562152	4.254598367171796	0.7385757343516364	-1.5898920335154598	-1.340968785704076	
9.966169222433647	-2.4668771382579746	4.4679029268722354	0.7260694789907447	-1.5625233361022974	-1.279156754418915	
10.051844802783867	-2.3055303974241097	4.669866401773474	0.6801723313274597	-1.5201579577660331	-1.2177452606793135	
10.129196981608136	-2.1350599438351567	4.858195905765272	0.597715306926593	-1.4630175770347655	-1.1576438059432204	
10.188674125732758	-1.9624905286613603	5.030793696537352	0.47702521797680003	-1.3917425628934084	-1.099517579443231	
10.221977775153896	-1.7958881862032159	5.185735738485264	0.31815110887558434	-1.307399400674875	-1.043785545256988	
10.222508222895524	-1.6439077517474847	5.321253374003675	0.1229958146357747	-1.211466690755375	-0.9906354222758333	
10.185644789751036	-1.5152702745801792	5.435725992822422	-0.10466179758191493	-1.1057993394379146	-0.94005494357399	
10.108871029274995	-1.4182020441474006	5.527692796654275	-0.3592596204362645	-0.9925721321755356	-0.8918765364241714	
9.991761798485504	-1.3598684126106886	5.5958904492523995	-0.6336582610302588	-0.8742050699186167	-0.8458307323219223	
9.835852211993757	-1.3458396808390123	5.639320220823673	-0.919451040280525	-0.7532740239562977	-0.8016025839738432	
9.644411136510318	-1.3796294265260727	5.657343763776425	-1.207363059698595	-0.6324109619899757	-0.7588855701634136	
9.422136916577365	-1.462366437837912	5.649796911424979	-1.4877195626562496	-0.5141992628349056	-0.717427851014237	
9.174813172110273	-1.5926426900632937	5.617105669127924	-1.7509454868369265	-0.4010715843756918	-0.6770668619723194	
8.908957220289352	-1.7665541766368598	5.560388388471616	-1.9880630339997554	-0.2952157046430065	-0.6377505884638887	
8.631484778507236	-1.9779361687497505	5.481527682327903	-2.191155239224325	-0.19849347081277202	-0.5995449049979376	
8.349409278530377	-2.218769780451969	5.383198172316565	-2.353764283343149	-0.11237746048514091	-0.5626276508111614	
8.069585390192374	-2.4797187202240045	5.268839765786503	-2.4711982331859477	-0.03790888259634879	-0.5272713219931761	
7.798498754594137	-2.7507445346036663	5.142571064391234	-2.540727399475402	0.024321291714182736	-0.49381713016635825	
7.542098446521473	-3.021747611074551	5.009042956568336	-2.5616615513863796	0.07416803988801518	-0.4626435063137606	
7.305672484838499	-3.283177186236282	4.873237452257535	-2.53529554825881	0.11190424064336855	-0.434132284800018	
7.093764806625943	-3.5265565500703824	4.740230804558007	-2.464739882639643	0.1381741913259675	-0.40863618292145354	
6.9101330501890095	-3.744895507728198	4.61493983886409	-2.354658124570239	0.15393405887582978	-0.3864500768362595	
6.757749074236792	-3.9329756755933727	4.50187009912823	-2.2109331240732186	0.1603838098084057	-0.36778809745181307	
6.6388419804598335	-4.0875066253736945	4.404884667168322	-2.0402885878338473	0.1588953618529971	-0.35276803378431615	
6.554980198616192	-4.20715853796996	4.3270116544412485	-1.8498929099129888	0.15094108229790723	-0.3414037993079992	
6.507185113290308	-4.292480058190183	4.270306480287483	-1.6469706379472968	0.13802605644962543	-0.33360588205183295	
6.496064494821935	-4.345710768884159	4.235780932229894	-1.4384434168015523	0.12162677962828339	-0.32918883913619634	
6.521950051325913	-4.370492652948378	4.2234112383876585	-1.2306252520909726	0.10313930547324948	-0.3278844625676278	
6.585015413443866	-4.371510207351135	4.232216497165829	-1.0289905464882267	0.08383910994182903	-0.3293574200790932	
6.685354108332691	-4.354087902493	4.260391520538718	-0.8380224353723602	0.0648531887709591	-0.33322039516335566	
6.823000557509989	-4.323776576358289	4.30547485746559	-0.6611445875862318	0.04714422675449023	-0.339046355868106	
6.99788423616523	-4.285963714825541	4.364530617717352	-0.5007326273122407	0.031505572910614794	-0.34637647876848193	
7.209718113176062	-4.245539866653629	4.434325617864802	-0.35819463227132287	0.01856478143864477	-0.35472346669912386	
7.4578342290213975	-4.206646438994122	4.511489192636547	-0.23410431575034452	0.00879286389383117	-0.36357104851724287	
7.740988051254495	-4.172519923583452	4.592650516506396	-0.12836675572065762	0.002516374302603638	-0.3723710660485644	
8.05716437837476	-4.145442276726497	4.674553757849928	-0.04039607672967402	-6.92308126778606e-05	-0.38053999573921815	
8.403410831187228	-4.126782887810383	4.75415612426025	0.03072123923358818	0.0011132686543198047	-0.3874563035127598	
8.775714446993073	-4.117108330134529	4.8287153987388605	0.08609367819331404	0.00603523328167453	-0.3924596103865237	
9.16892784297408	-4.116331015600248	4.895868204216403	0.12693258061156626	0.014574671500581567	-0.3948521940313258	
9.576743139405474	-4.123864708223198	4.953693407718143	0.15450380986838727	0.02652929084745721	-0.3939029279042371	
9.991709735726891	-4.1387582558094085	5.000749226270257	0.17011897473327203	0.04162995870169974	-0.3888536184816189	
10.405296237908253	-4.15978822973473	5.036070861213546	0.17515568871391096	0.059553648310274085	-0.3789278613321006	
10.80800907759364	-4.185505547715291	5.059119362925898	0.17109231924665336	0.07993425496256076	-0.36334314586749866	
11.189601592832812	-4.2142498687447025	5.06968262528548	0.15954039296290848	0.10236952598879326	-0.34132777139483544	
11.539388034733788	-4.244156064335428	5.0677499564232225	0.14226202984871797	0.1264230522079198	-0.3121430012202191	
11.84673898691078	-4.273190335068013	5.053391153004235	0.12116627554854625	0.1516213344261265	-0.27511644401739366	
12.101596854669339	-4.29921603671848	5.026666223900094	0.09828492088209673	0.17745033891924114	-0.22967281611536622	
12.29545124083075	-4.320163338506335	4.9876049148205865	0.07573246242344564	0.20334877860941256	-0.1754022547570857	
12.421658897512817	-4.3341446698683495	4.936234421384423	0.0556600825946506	0.2287157603048719	-0.112071363527609	
