11.59217094587208	-4.272738875769635	4.085725208637344	0.437365870138685	0.2380705731489328	0.3193352471077917	
11.574779521651417	-4.238239463746475	4.015606025539375	0.5008925154875892	0.23978793316916291	0.3453412223427033	
11.505815194771156	-4.189487801767818	3.9350301262030154	0.5656782576700224	0.23969694244540993	0.37665068465009033	
11.3928371347025	-4.12868011597713	3.8444339393101585	0.6331581565301597	0.23729375397492963	0.412875460198243	
11.2460033192447	-4.058323921720819	3.745372906411025	0.7049106714384913	0.2321476331058005	0.4533079049119844	
11.07756127536317	-3.98109040208406	3.6405874582529	0.7824965472854563	0.22397782251331594	0.49691604826187036	
10.90065107486314	-3.8995518439971324	3.5337805928972346	0.8672342239418734	0.21272396830601478	0.5424151738084215	
10.728237533003545	-3.8159299246612886	3.429360907025867	0.9599880591129719	0.19860328461850396	0.5883409898509643	
10.571972389783504	-3.7318463526158205	3.332069041869492	1.0609513667886574	0.1821469989737678	0.6331529281328875	
10.441227545775835	-3.6481342909307193	3.246563069356532	1.1694532826331812	0.16421036666997807	0.6753474863168681	
10.342357932659715	-3.564743910462151	3.1769871086258017	1.2838070894953937	0.14595240757690825	0.7135763417885105	
10.27827582191727	-3.4807742215409956	3.1265667399855164	1.401225536805709	0.1287843939586477	0.7467568816704592	
10.248361809197899	-3.3946439125737005	3.0972670781814386	1.517826875892615	0.11428923535094516	0.7741641136574825	
10.248700331291474	-3.3043899933453322	3.0895463669310694	1.6287510460663468	0.1041167718986773	0.795493692758478	
10.272596264019686	-3.208056061129877	3.1022346121983495	1.7283964752134704	0.09986250816226477	0.8108880765138654	
10.311302841241988	-3.1041099739828746	3.132558080024889	1.8107702853939138	0.10294018501333436	0.8209222669273745	
10.354880797965386	-2.9918269969753366	3.1763150401409277	1.8699263855911796	0.11445977721915049	0.8265511660210711	
10.3931127186123	-2.8715830955522406	3.2281940937983316	1.9004521259544702	0.13512295429778115	0.8290242761683438	
10.416395542705617	-2.745017461781741	3.2822073843185486	1.8979536743568013	0.1651471422318899	0.8297769511423323	
10.416535523401482	-2.615040527182775	3.332193435125439	1.8594873079733645	0.20422667647017118	0.8303092641194744	
10.38737632901867	-2.4856815506281196	3.37233250234497	1.7838883148185563	0.251535543078915	0.8320638370587136	
10.325206815905823	-2.3617883816715963	3.3976151397164376	1.671960163518306	0.30577149863467273	0.8363130800369483	
10.228920638358607	-2.2486104259150834	3.404213231462664	1.5265021436787483	0.36523676602036415	0.8440647920240562	
10.099930134367794	-2.151310980137975	3.389719612222289	1.352171402612361	0.427946838671935	0.8559933118016013	
9.941864294308761	-2.074463073480321	3.35324308684766	1.1551926717475745	0.49175677627850367	0.8724012192464037	
9.760098815954468	-2.021583552929377	3.2953646393196445	0.9429430294649683	0.5544940059780571	0.8932136817943062	
9.561175187430578	-1.9947609866788498	3.2179724387176356	0.7234496610173223	0.6140869440209719	0.9180043178614704	
9.352175300411714	-1.9944232387874195	3.124006154604905	0.5048495992515092	0.6686797688040214	0.9460464103666838	
9.140113388402101	-2.019274165684407	3.0171436960785813	0.2948597638894114	0.7167254375596936	0.976381394785962	
8.931401067577161	-2.066406024057866	2.901465500145422	0.10030330630949191	0.7570505226057421	1.0078961563154434	
8.731428888179366	-2.131569512277256	2.781130634674783	-0.07326901279983145	0.7888880870400933	1.0394012776693704	
8.54429124646247	-2.209564090175937	2.660093851222087	-0.22183520039740032	0.8118783016253951	1.0697035060326878	
8.37266513104909	-2.294698796549966	2.5418848608086355	-0.3430225825661938	0.8260399956933688	1.0976670413713197	
8.217838184784336	-2.381267913974502	2.429462135773349	-0.43609309443642835	0.8317191123357399	1.1222598376270359	
8.079867444233221	-2.4639872566955834	2.325144351254477	-0.501807173716805	0.8295217570090563	1.1425828674490555	
7.957837755777353	-2.5383467081551903	2.230613345812668	-0.5421911778100573	0.8202401134747125	1.1578819841660293	
7.850181010974334	-2.600851823216658	2.146973636133989	-0.5602406168701413	0.8047789604693923	1.1675435082871175	
7.755016068932055	-2.649144946009598	2.074847495905938	-0.5595932243685259	0.7840889552040656	1.1710757949556962	
7.670471325604979	-2.6820124978432807	2.014481552604554	-0.5442055221800302	0.7591110005545251	1.168080293629332	
7.594960886021372	-2.6992987926089533	1.9658431404353585	-0.5180606785094605	0.7307335860559372	1.158216546409466	
7.527396855805798	-2.7017509392543424	1.9286923518716355	-0.484926272380217	0.6997630573436476	1.1411657130412884	
7.467329717804436	-2.690822649431982	1.90262370918395	-0.44817308068502837	0.6669056510048896	1.1165973871653474	
7.4150162258041385	-2.6684655349956685	1.887078729472098	-0.4106582815887854	0.6327594052188795	1.0841441875511388	
7.371419314435629	-2.636934382118633	1.881335834135131	-0.37466952161193495	0.597813608164044	1.043387762250312	
7.338148524917838	-2.5986271117480206	1.884487256347852	-0.3419206668998081	0.5624531399577102	0.9938584914435806	
7.317353185105128	-2.55597089760953	1.8954147121173248	-0.3135863927415509	0.5269649537735863	0.9350495763678739	
7.311582953021258	-2.5113551813013157	1.9127768597463612	-0.290361545070741	0.49154423607901054	0.8664446460291404	
7.32362907233873	-2.467102924810539	1.935021187273887	-0.27253230877905704	0.45629862538766564	0.7875566976849776	
7.3563537426814	-2.425465344157122	1.9604301348543252	-0.2600489024726683	0.42125011830421943	0.6979752823850123	
7.412507418066743	-2.3886230816989102	1.9872058959653154	-0.2525931105491166	0.38633572769982727	0.5974180169696228	
7.494528834499617	-2.3586779708931123	2.0135904847918336	-0.24963623956715808	0.3514086496541958	0.4857824733098026	
7.604322151187229	-2.3376245953722647	2.03801168581356	-0.2504861238214587	0.31624201146890807	0.36319505210220737	
7.743012368006032	-2.327297933931125	2.0592416850037685	-0.25432357032646596	0.28053709216515993	0.23005405661719028	
7.910691043537251	-2.329300391839061	2.076553607508101	-0.26022970232754833	0.24393739422937594	0.08706495438401758	
8.106175886216809	-2.3449164142238383	2.0898605343636705	-0.26720652681510665	0.2060492408271874	-0.06473350656184594	
8.326816720125331	-2.3750245628127855	2.099820504102498	-0.27419373937923747	0.16646868813693624	-0.22395317382360547	
8.568384306813476	-2.4200156799410477	2.1078898447811274	-0.2800852648384805	0.12481356714211637	-0.3888509869742662	
8.82507631400794	-2.4797228835857172	2.1163076531369893	-0.28374924388344763	0.08075855029764642	-0.5573348200377193	
9.089665905843384	-2.55336647524047	2.1279981150223772	-0.2840550617877754	0.034070430137457475	-0.7269817777713788	
9.35380335901577	-2.6395158128554455	2.146385161444568	-0.27991052491053225	-0.015359534621656889	-0.8950705091502775	
9.608462851866868	-2.7360721954261904	2.17512423869784	-0.2703111677847992	-0.0674894681262958	-1.0586297828993347	
9.844503753658689	-2.8402800104778168	2.217769639002866	-0.2544013980137734	-0.12211005578953285	-1.214505497381957	
10.053298525210325	-2.9487748173342125	2.2774073304569895	-0.23154465306979014	-0.1788392897959704	-1.3594474151583475	
10.227374312808022	-3.057680072577222	2.3562906231896363	-0.20139669216449269	-0.23713054356118415	-1.4902164642544202	
10.361015007048632	-3.1627634978951886	2.455521860704461	-0.16397322644570395	-0.2962945915419733	-1.6037115252794776	
10.45077292802599	-3.259657682592007	2.5748245574302557	-0.11970112893752646	-0.35553433525749784	-1.697111802811923	
10.495838467288646	-3.3441350768838025	2.71244501680588	-0.06944256976770563	-0.41398860217085937	-1.7680272731343014	
10.498213600745148	-3.4124084412083793	2.8652088621344527	-0.014484449042743378	-0.47077915144739146	-1.8146460523526453	
10.462639893314973	-3.461412754715226	3.0287370178560726	0.04350871816021871	-0.5250538531950392	-1.8358649069248154	
10.396251660084042	-3.489021692109177	3.19780132727604	0.10257309480660684	-0.5760194888578328	-1.8313884743822106	
10.307960584499584	-3.4941629970023276	3.366777546216041	0.1605428941493279	-0.6229597268586193	-1.8017846305734753	
10.207620373946593	-3.4768179272817115	3.5301382420694267	0.21515039382942558	-0.6652370238547635	-1.7484878308528466	
10.105061026282092	-3.4379123685072006	3.6829209996366044	0.26411154096404826	-0.7022806642360508	-1.6737467110629731	
10.009115828073211	-3.379132287508405	3.821113010660421	0.3051843703424506	-0.7335666119536884	-1.5805206988156244	
9.926767115122153	-3.3027092584423547	3.9419129902433174	0.336197024866465	-0.7585965878618758	-1.4723351591419778	
9.862519936297808	-3.2112225883721863	4.043853380430166	0.3550527605576765	-0.7768836148768068	-1.353107086541164	
9.818074803639412	-3.107455549916426	4.126786531951709	0.359728123757849	-0.787949576143057	-1.2269548241616093	
9.792320589393178	-2.994326774278268	4.191752292368871	0.34828477219359877	-0.7913377531455441	-1.0980049935839231	
9.78162035730711	-2.8748985590826286	4.240749766094462	0.3189138442612374	-0.7866406423061977	-0.9702086483453957	
9.78032769424056	-2.752444887460012	4.276436353741597	0.27002482034490377	-0.7735409626474661	-0.8471770768678184	
9.78145395168357	-2.6305457603348392	4.301778470327839	0.20038021042477905	-0.7518616798787806	-0.7320457564972794	
9.77740559090004	-2.5131639252383406	4.319684542960633	0.1092655379784512	-0.7216190654367204	-0.6273725927994666	
9.760719321195864	-2.404659307976657	4.332659590774592	-0.003326168951252817	-0.6830715864729384	-0.535073702073209	
9.724734080084929	-2.3097079879782028	4.342525107693967	-0.13652312531453747	-0.6367569471960497	-0.45639774840078257	
9.664147429669452	-2.2331154522533385	4.350243067044769	-0.2884469166892975	-0.5835102251256493	-0.3919382639654783	
9.575421133503612	-2.179538612273472	4.355864528076851	-0.45615075095281266	-0.5244591791197919	-0.3416798189034825	
9.457016740579412	-2.1531460962655835	4.358605723339479	-0.6356393924734765	-0.4609954338292806	-0.30507311388414726	
9.309458348143254	-2.1572560371277723	4.357037783163731	-0.8219773173826328	-0.39472315067925107	-0.2811317069602554	
9.135234697679211	-2.193996755271505	4.349361822507031	-1.0094825976985347	-0.3273890075595543	-0.26854108104130087	
8.938563280223912	-2.264037692951767	4.333730823225062	-1.1919952231723507	-0.260798716386256	-0.26576999928321504	
8.725045965019666	-2.3664322514012106	4.3085752573893465	-1.3632002819201956	-0.1967262030334931	-0.2711749147172352	
8.50125047334239	-2.498598586142059	4.272891493890937	-1.5169798226327569	-0.13682211637591063	-0.2830902607142267	
8.27425422397773	-2.65644139097862	4.226459668617623	-1.6477639072998607	-0.0825283945264756	-0.29990003750436284	
8.051184439252616	-2.834594360112729	4.169968412302197	-1.7508523023175666	-0.0350050527163669	-0.32008864159549205	
7.838780810238458	-3.02674738049235	4.105035327342105	-1.822683323863446	0.004925767250445381	-0.3422711331819899	
7.643001753010354	-3.22601885234343	4.034121679798593	-1.8610304105453008	0.036813929423373026	-0.3652047247123519	
7.46869379337121	-3.4253357994966365	3.9603533380348694	-1.8651151425409205	0.06059091405123965	-0.3877851083009169	
7.3193433841775555	-3.6177965232088667	3.8872705857646395	-1.8356328577135557	0.07655421951886383	-0.40903255804418154	
7.196932995771689	-3.7970021426498466	3.8185367820690517	-1.7746910961198945	0.08532761060852766	-0.42807323590603646	
7.101921922003958	-3.9573506125350972	3.757641049905952	-1.6856665387380567	0.08780074641718676	-0.44412110165126867	
7.033365535365647	-4.09428958893126	3.7076296733454033	-1.57299084709488	0.08505400204480829	-0.4564649735616626	
6.989173331328397	-4.204522904097667	3.6708941217144284	-1.4418799400010165	0.0782759701580443	-0.4644638743419016	
6.966486809888818	-4.286161229878479	3.6490321303471944	-1.2980246741400234	0.06868171267819839	-0.46755218337323917	
6.962137478911444	-4.338803309112354	3.6427854437965768	-1.1472635735016015	0.05743913747627152	-0.4652545862261608	
6.973129761852558	-4.36353300563588	3.6520470363242534	-0.9952599891660455	0.04560914249525835	-0.457209491510519	
6.997088709226158	-4.362822112283346	3.675923696442326	-0.8472061979645809	0.034102884727989106	-0.4431985191282295	
7.03261786417896	-4.340338379187556	3.712837881865033	-0.7075752015740052	0.023657299846752588	-0.42317873548797585	
7.079523474155646	-4.300670864005274	3.760654876531092	-0.5799384412287321	0.014828208578591845	-0.39731323614656505	
7.138882987405919	-4.248999655214413	3.816824179367508	-0.46685864865345905	0.007998159709036771	-0.36599576718334204	
7.212954836490417	-4.190741388193301	3.878530453669975	-0.36986005691041385	0.0033954133145457747	-0.32986502241275006	
7.3049449370602275	-4.131204796861888	3.942851684579159	-0.2894710770316585	0.0011200679642937874	-0.2898047460290577	
7.4186602622367035	-4.075288414226751	4.006921100500891	-0.22532791079405423	0.0011733795082966307	-0.24692662747695543	
7.558087609762263	-4.0272447111106855	4.068085796385783	-0.1763225886004289	0.0034867573819487856	-0.20253421453118753	
7.726935817023176	-3.990522362611011	4.124051037207028	-0.14077638033884204	0.007947645930898384	-0.15806777318100299	
7.928174847965839	-3.967684178663418	4.172997160997729	-0.1166198842618593	0.014420419607468161	-0.11503201591225415	
8.163599049214945	-3.9603865842499033	4.21365689645055	-0.10156404322125832	0.022761422028889564	-0.07491049852260706	
8.433436698143641	-3.9693999557439588	4.245344317967481	-0.09325090241569278	0.032828170882726534	-0.03907188521834557	
8.7360238457298	-3.9946479895416283	4.267931279806516	-0.08937803978327115	0.044483306700428535	-0.008673997192229065	
9.067563253794546	-4.035249976269348	4.281770833214474	-0.0877948227047623	0.05759393005890915	0.015427496790643699	
9.4219909525726	-4.089558488687686	4.287572693028295	-0.0865716946519028	0.07202672189726896	0.032758513930453585	
9.79097596606901	-4.1551973429911095	4.286240790827125	-0.08404564865312841	0.08763890806764693	0.04328751501403029	
10.164083882558833	-4.229116172124504	4.278687726250891	-0.07884449873855698	0.10426504062398441	0.04746155694088028	
10.529138028513005	-4.307683926610332	4.265646698476177	-0.0698910647309806	0.1216997159555043	0.04621185057107045	
10.872783378677203	-4.386836171092745	4.247506774164547	-0.05638718633380019	0.13967759147653844	0.040925557067751785	
11.181295948486172	-4.462294341144387	4.224197052887665	-0.03777607022319343	0.15785165848737173	0.0333809538635466	
11.441470756859747	-4.529815771742649	4.195148434292339	-0.013685413614155189	0.17577689844222721	0.02565219044296702	
11.641869754044215	-4.585534521900617	4.159336271478569	0.016150515561619356	0.192894424497917	0.019976425922143205	
11.773559749769976	-4.626171836572498	4.115432100553947	0.0519707350393954	0.2085415536917936	0.0186174674020772	
