12.19221907911675	-5.170455947441211	4.163600117692756	0.4301101926914566	0.1026627365883537	-0.3099266893057002	
12.197365580537157	-5.1328898851663105	4.139123901093671	0.5145154800592393	0.10394267398870184	-0.2534530462927742	
12.147008287790754	-5.0741385158696195	4.109153413397561	0.5994256744726789	0.1052353484706855	-0.1845254724359537	
12.047989224617249	-4.99617327800663	4.072515567485941	0.6840706469618194	0.10652589918123355	-0.10351346087773775	
11.909490552901001	-4.9018403356840405	4.028523992990595	0.7678211024844418	0.10783527443627759	-0.011269447234761264	
11.742597557180797	-4.794740824859644	3.977112013355049	0.8502225948487087	0.10924280600562675	0.0908283514148537	
11.559039036996934	-4.678805124276512	3.9188032986284047	0.9309751634772456	0.11089973833007921	0.20097386510329757	
11.370198097778855	-4.557947571177791	3.8546454698972665	1.0098935303953818	0.11303581772745108	0.3170078279702517	
11.186086927625466	-4.435690184719168	3.7860687956713392	1.0868370587325487	0.11595443256046427	0.4365344607809075	
11.01456027533205	-4.314856875136997	3.7147142506753728	1.1616242861468997	0.12001683521123871	0.5570454447813089	
10.860797714882654	-4.197358149009929	3.642252864009693	1.233942316727525	0.12561687638235006	0.6760507137920738	
10.727105527950362	-4.084099670628179	3.5702245727309228	1.3032651101812505	0.1331497673843479	0.7912050519247134	
10.613033360584884	-3.9750299685551815	3.4999169462283386	1.3687953651493183	0.1429794362081765	0.900421322626166	
10.515744627386939	-3.869315451323711	3.4322924305617555	1.4294411075607405	0.1554087195365792	1.0019620690142554	
10.430568060717707	-3.765613434727036	3.3679616017558023	1.483833844819666	0.17065503322472184	1.0945034651079113	
10.351656076679433	-3.662400815679255	3.3071935407849025	1.5303903176803269	0.1888329154710435	1.1771673005076217	
10.272678496800392	-3.5583102009883154	3.2499507023225753	1.5674143791523891	0.20994371373849424	1.2495196026642166	
10.187488740026453	-3.452427668236496	3.1959357845221716	1.5932307611482552	0.23387185242338376	1.3115377717325565	
10.090710703702499	-3.344513127267434	3.1446422800624103	1.6063386421821653	0.2603867590979135	1.3635511487099081	
9.978207561536355	-3.2351137635001104	3.095406817014867	1.6055698427879097	0.2891497706237338	1.4061622944271384	
9.847407908706312	-3.1255545519582504	3.0474664016339936	1.5902342765847757	0.3197261365339013	1.4401574106007942	
9.69747001708809	-3.017808144097903	3.000023123137848	1.5602314007994598	0.35160321761467905	1.4664146134971614	
9.529288939459473	-2.9142762243306337	2.9523126216112123	1.5161121885538267	0.38421504922016614	1.4858193047308719	
9.345362183058448	-2.8175250169523394	2.9036683090762434	1.4590835215762024	0.4169724547801278	1.4991929854619652	
9.14953668149482	-2.7300162483739396	2.85357213258485	1.3909543722752633	0.4492963196242485	1.5072399958428024	
8.946667901556092	-2.653865204964114	2.8016857862441116	1.3140306115170242	0.4806504638826011	1.5105145220067935	
8.7422276285071	-2.5906444695621524	2.747861771014129	1.2309700295046213	0.5105704897022102	1.5094078600734324	
8.541900103287034	-2.5412425195889377	2.6921383118892406	1.1446112587630133	0.5386859532086206	1.5041538799697263	
8.351204375603707	-2.505783104850735	2.63472378344597	1.0577906558040102	0.5647346789945996	1.4948491916685607	
8.175172042727198	-2.4836113406406835	2.5759752644746823	0.9731605695931581	0.5885691987993023	1.481483835893297	
8.018101978092457	-2.473352876970431	2.516373716365206	0.8930239962859562	0.6101551540787072	1.4639782827891445	
7.8834013072967135	-2.473038734647836	2.4564976474191473	0.8191987826533458	0.6295621632203362	1.4422218536721747	
7.773512861662918	-2.480279828307437	2.396994782008426	0.7529198110737116	0.6469477793844699	1.4161087595274302	
7.689923954700596	-2.4924702477637166	2.3385489869227425	0.6947844505023613	0.6625355240978515	1.3855689048667958	
7.633242393551261	-2.5069964086986323	2.281838541640611	0.6447427215064323	0.6765884460158758	1.3505915711737888	
7.603317884555323	-2.521431445589556	2.227482709727394	0.6021303678738352	0.6893796886918903	1.3112410682192077	
7.599383799366776	-2.533698948126115	2.1759769419303323	0.5657405266049943	0.7011613216354721	1.2676641584843171	
7.6201972441025765	-2.542196393671323	2.1276219673862737	0.533927888512554	0.712132445088885	1.2200895010624642	
7.664163389648974	-2.5458756284414465	2.0824565844628644	0.5047383447479323	0.7224074327590764	1.1688196340727262	
7.729440468914182	-2.544280547686395	2.040208681241228	0.47605712676063644	0.7319859295283615	1.114216091627785	
7.814027828067118	-2.5375471173323967	2.000278628019665	0.44576585224395626	0.7407264859150096	1.0566792737596813	
7.915844016007766	-2.526370340337469	1.9617660859151638	0.41190049149248825	0.7483259032076636	0.9966250774829641	
8.032800880604155	-2.511939316034294	1.9235466384885098	0.37280213355108727	0.7543069585248698	0.934460535257092	
8.162874743280662	-2.4958396391218973	1.8843967305577567	0.32725143917941457	0.7580173055204793	0.8705608253002263	
8.304168755400262	-2.4799218932487697	1.843155980210949	0.27457704733423455	0.7586421117988377	0.8052497509727663	
8.4549533130793	-2.4661379475638463	1.7989067672909549	0.21472824344288133	0.7552321923650719	0.7387852367544961	
8.613667277288009	-2.456353106826738	1.7511448017766347	0.14830363993946147	0.7467479590072535	0.6713506231591018	
8.778864890881946	-2.452149013961378	1.6999140432730495	0.07653097318211727	0.7321177178783298	0.6030516429108679	
8.949103578484014	-2.454639706835701	1.6458819585494326	0.0011954514837897185	0.7103066353196247	0.5339185036441348	
9.122786403853356	-2.4643252877467843	1.5903433946218146	-0.07547699607544278	0.6803901981562945	0.4639117807529018	
9.297986827366868	-2.4810036078578523	1.5351537670655377	-0.1509704076228979	0.6416258757485797	0.39293100251201046	
9.472290302709183	-2.503756968365152	1.4825996494853908	-0.22264975026073275	0.5935166687403999	0.3208256198524701	
9.642687066045841	-2.5310230697710585	1.4352228500958362	-0.28793533431712204	0.5358606972339598	0.24740883829018565	
9.805543723626247	-2.5607481424976832	1.395620634249757	-0.3444630639679825	0.4687820837290776	0.1724755999184265	
9.956669916452446	-2.5906062810074384	1.366249467189028	-0.3902144443968823	0.39274005802823925	0.09582641830234152	
10.091482760163192	-2.618254990801448	1.3492606769963982	-0.42360439686145207	0.30851542072722316	0.01729842971115826	
10.205259580363213	-2.6415872767124524	1.3463911529248112	-0.44352173993531613	0.21717610640017368	-0.06319609422173977	
10.293460071672351	-2.658936231931348	1.3589216548336964	-0.44932354594996543	0.12002518163592454	-0.14562595789231347	
10.35208976546454	-2.669195969295588	1.3876952030967626	-0.44079467543401235	0.018537882782596826	-0.22979669444148543	
10.378076208241614	-2.671843265677127	1.4331700324524936	-0.41808988441990963	-0.0857053657274727	-0.31531141396823015	
10.369626499633931	-2.6668634073908386	1.4954759910265807	-0.3816756252846373	-0.191084503806665	-0.4015433614359978	
10.326533599321696	-2.654603578191117	1.5744470726068005	-0.3322862434211286	-0.2959997368817865	-0.4876262767816952	
10.250401254315662	-2.63559172249568	1.6696164718400168	-0.2709031979028552	-0.39892322023926796	-0.5724673063661009	
10.144761001065477	-2.610363133714435	1.780178981476912	-0.19875820716896228	-0.4984412103431748	-0.6547849653145305	
10.015056994691243	-2.5793294121781214	1.9049418405846557	-0.1173540575569907	-0.5932859628619783	-0.7331716358270773	
9.868476115841101	-2.542708022475935	2.042292902399325	-0.028492389325465484	-0.6823569276930617	-0.8061768327727957	
9.713600068430303	-2.5005135944773267	2.1902136053232115	0.06570463095069379	-0.7647303792748907	-0.8724040743415922	
9.559881103594611	-2.45259829660007	2.34635027348561	0.16278968910906813	-0.8396576524652676	-0.9306103886662603	
9.416972186277585	-2.398723686913024	2.5081398794771683	0.26000891785852165	-0.9065537842826487	-0.9797974361632782	
9.293965363808272	-2.3386498238828146	2.6729749483208263	0.3543467224921383	-0.9649788366377648	-1.019284177913125	
9.198615329374837	-2.2722316532200555	2.8383842131882457	0.44259602883026855	-1.014615046424606	-1.0487532841506886	
9.136634902139487	-2.1995164704797805	3.0022031749074483	0.5214503811620372	-1.0552433046535086	-1.0682670318457175	
9.111145769805956	-2.120838052441157	3.1627107187021224	0.587612747160754	-1.0867223698592154	-1.078252435437238	
9.122351882392621	-2.036902429359436	3.318713151175186	0.63791549405037	-1.108973678684204	-1.0794590435145663	
9.167474452255368	-1.9488582909051302	3.469564496676014	0.6694468278844778	-1.121973720546826	-1.0728956224974107	
9.240962529207025	-1.8583411870628808	3.6151182451627757	0.6796787345547197	-1.1257546393753532	-1.0597527856561049	
9.334949434951405	-1.7674810071600926	3.7556158057971087	0.6665905111243392	-1.1204123839984501	-1.0413199656661405	
9.439889090734221	-1.6788681606874223	3.891525750370081	0.6287837486649467	-1.1061207748024504	-1.018904205328046	
9.545304379955654	-1.595477694096398	4.023350731145541	0.5655832551874894	-1.0831492338088813	-0.9937562303193622	
9.640575719586977	-1.520555518431789	4.151423146804985	0.47711802304663625	-1.0518818170920792	-0.9670084785210019	
9.7157049738452	-1.457473568666173	4.275713597049575	0.3643761146789031	-1.012835126350361	-0.9396285737183303	
9.762001216455202	-1.409561561066546	4.395678053122567	0.22922725149785786	-0.9666725012861801	-0.9123903452087383	
9.772646784688362	-1.3799236172482414	4.510169130684037	0.07440711076543138	-0.9142115959404624	-0.8858629076551751	
9.743114681179717	-1.3712492312192839	4.61743180023313	-0.09654142022529501	-0.8564223360050346	-0.8604165171584944	
9.671411533251554	-1.3856320313963084	4.715195706001377	-0.27937477411421807	-0.7944122151032009	-0.836242766574326	
9.558128582741306	-1.424413976030015	4.80085965580015	-0.4693023485995637	-0.7293976452330985	-0.8133850330802681	
9.406307002185963	-1.4880693873704518	4.871745438476552	-0.6611790973671485	-0.662663080730878	-0.7917741255277476	
9.221128815816607	-1.5761428846059689	4.9253879940572265	-0.8497269793560805	-0.5955113121638016	-0.7712654268267618	
9.009463650799054	-1.6872496182349306	4.95982151361935	-1.0297705424209787	-0.5292098625450005	-0.7516744438842549	
8.77931810458452	-1.8191373196829426	4.973822124618334	-1.1964701100182145	-0.46493873496906907	-0.7328082785405557	
8.539244003325479	-1.9688013391930244	4.967076257471381	-1.3455366154796784	-0.4037441372057108	-0.7144909744042364	
8.297762008413784	-2.1326393255504863	4.940256863107517	-1.4734144105582723	-0.3465016505220224	-0.6965812141882591	
8.062848266885897	-2.3066319724118194	4.8950047373609165	-1.5774221159510076	-0.2938908863875276	-0.6789816652526031	
7.84152109527038	-2.4865388260838484	4.833823856836057	-1.6558429930729894	-0.246382922930774	-0.6616401369577471	
7.639555677262601	-2.6680978184554065	4.759911357979536	-1.7079583344199172	-0.20424089859684497	-0.6445436132266726	
7.461332881750042	-2.847218523692994	4.676950714747031	-1.7340262675226852	-0.16753186151114602	-0.6277070032615043	
7.309816863078888	-3.0201605191661285	4.588890124410388	-1.7352083635828006	-0.13614780829967338	-0.6111583885824788	
7.186643038206287	-3.183685499325632	4.499724041496777	-1.7134506236389295	-0.10983313039504314	-0.5949226685552972	
7.092287574248565	-3.3351705195594743	4.413290557892864	-1.6713294657011337	-0.08821545217042069	-0.5790055999651779	
7.026285123227809	-3.4726720593436844	4.333092657287185	-1.6118765927019396	-0.07083699545635999	-0.5633802057423335	
6.98746365717711	-3.5949373247485825	4.262148029045996	-1.5383981573623589	-0.05718406023268577	-0.547977302877884	
6.974172333596415	-3.7013689941766454	4.202869810566482	-1.4543025884694847	-0.0467129513292759	-0.5326814157393293	
6.984488503856398	-3.791957395368714	4.156980790016848	-1.3629478998509208	-0.03887165662831415	-0.5173327958679461	
7.01639754021234	-3.867198127567215	4.125465322143442	-1.2675157433347601	-0.033117341462599856	-0.501735545717175	
7.067945247718986	-3.9280125028222725	4.108559111058387	-1.170913075163542	-0.028930436501273124	-0.4856708748977924	
7.1373668440754505	-3.9756772084432916	4.1057790577604845	-1.0756986513161026	-0.025826287038859547	-0.4689142490330809	
7.223195339926147	-4.011761461943233	4.115993901906886	-0.9840310710701977	-0.023364932181419544	-0.45125479208544345	
7.3243494552258035	-4.0380640150984135	4.13753351145984	-0.8976359357031133	-0.021159034731248975	-0.4325150071005797	
7.440196502187506	-4.056541078770966	4.168330244389879	-0.81779139043368	-0.01887948906881329	-0.4125687416288989	
7.570580107852166	-4.0692199166509875	4.206080465264476	-0.7453328050786145	-0.016258057947734977	-0.39135543717844223	
7.715798849222668	-4.078099472712849	4.248410094000998	-0.680677619198601	-0.013086688442348966	-0.36888917792591874	
7.876521545652458	-4.085045963343303	4.293027152378951	-0.6238709365706808	-0.009213719036202054	-0.34526168483250674	
8.053632377348407	-4.0916970375648285	4.337845689926802	-0.5746504315196767	-0.004537806538318262	-0.32063907290315613	
8.248013867458363	-4.099387918542232	4.381073007733049	-0.5325239419728169	0.0009989134264789539	-0.29525337803560364	
8.46028491565548	-4.109110596809745	4.421259450573571	-0.49685211242845073	0.007417258459460447	-0.26938981900265463	
8.690519535419861	-4.12151270572359	4.457315155764512	-0.46692625229742113	0.014706209993034213	-0.24337071287031878	
8.937975862721379	-4.136935946644454	4.488501343317468	-0.4420311109435145	0.022826641067310346	-0.21753668346721566	
9.200864317900816	-4.155486026453681	4.5144040361071065	-0.42148382500152165	0.03171386911504057	-0.19222540132931315	
9.476179319103249	-4.1771183256710795	4.534895821317334	-0.40464373186654656	0.041279716191099686	-0.16774777627264434	
9.759611764572789	-4.2017178009012515	4.550087416349042	-0.3908926241020473	0.0514147703566912	-0.14436146093220512	
10.045554065765575	-4.229150222376526	4.56026638793266	-0.3795905124816333	0.061991168936648126	-0.12224195504591996	
10.327208760323897	-4.259267326686231	4.565818475677921	-0.37001805267330035	0.0728655588539511	-0.10145321692634786	
10.596806938801933	-4.291862502254363	4.567130877982353	-0.3613202062593745	0.08388112099003932	-0.08192056552719859	
10.845936909498704	-4.326591249444079	4.564484843519347	-0.3524649363150752	0.09486767047397245	-0.06341014049639812	
11.066027490160765	-4.362879192106435	4.55795073330988	-0.3422281594292277	0.1056390874066292	-0.04551856521674658	
11.248859925842236	-4.3998584849938664	4.547317722708914	-0.3292094263900786	0.11598990692929144	-0.02767943639142676	
11.387395992726733	-4.436332168940795	4.532054554324452	-0.3118815453273311	0.1256902792130236	-0.009182202248216101	
11.476155855652689	-4.470841533946097	4.511374118152768	-0.2886613459311923	0.1344882996553712	0.0107798334137254	
