11.841943974499795	-4.171651809150305	4.407024467468788	0.0046687454128082	0.4744864979996275	0.3766321132878868	
11.839474644632125	-4.194195110510714	4.289389776835308	0.005089552588103844	0.510173826111842	0.4328266129596274	
11.807281128660215	-4.206402272480695	4.170664729851754	0.020703062398354986	0.540604310942572	0.49208034300849235	
11.754910278298432	-4.208736202965082	4.0527021702747	0.05086896436634943	0.5656704259744212	0.5537699416892232	
11.692609087557672	-4.202144746912025	3.9375073201235926	0.09468875961823915	0.5854513711972869	0.6170648431494984	
11.630593079908596	-4.187911971181218	3.8272067609981755	0.1509661266279582	0.6002609492355161	0.6809315938251402	
11.577826501701466	-4.1672734822930515	3.723905484244529	0.2182351172185961	0.6106279605913405	0.7442325997251357	
11.541147868642819	-4.141166123109339	3.629525603048612	0.29472843486072886	0.617283595177397	0.8058041207511518	
11.524547117256045	-4.110010585200406	3.5456198544717212	0.3783556136769889	0.6211215703891675	0.8645543241240907	
11.528778070279582	-4.073607291435005	3.47320180496247	0.46668400876943017	0.6231446995305778	0.9195563605782826	
11.551333218555248	-4.031152895365206	3.4126227353280956	0.5569455047283565	0.6243981751232469	0.9701307093973643	
11.586774083193712	-3.9813779951323127	3.363518767848616	0.6460799615594034	0.6258978676555221	1.0159050723744938	
11.627341720630394	-3.9227805360327612	3.3248307693480084	0.7308206922239893	0.6285604861867348	1.056846454504127	
11.663769134573904	-3.8539222242079454	3.294890986583541	0.8078228372379893	0.6331415040253089	1.0932614703405346	
11.686197599932061	-3.773746190607002	3.271560694569382	0.8738286211900598	0.6401860209938235	1.125764111270184	
11.685095272994037	-3.6818698828434573	3.252398284995395	0.9258578227169918	0.649996103677706	1.1552136704791487	
11.652087963028197	-3.5788086473069214	3.234837423436095	0.9614079665094337	0.6626160780229273	1.1826287403790547	
11.580631769696573	-3.4660897610123746	3.2163595808607877	0.9786460044040101	0.6778357694480727	1.2090853626560876	
11.466462081495123	-3.34622452642604	3.1946477126620314	0.9765645255841167	0.6952114176295677	1.2356110635651105	
11.307812942484937	-3.2225487690825396	3.16771433506109	0.9550869251900506	0.7140997909751275	1.263086789820671	
11.105420438628839	-3.0989599152002127	3.1340008042331564	0.9151094647148769	0.7337030994891413	1.2921645328824929	
10.86233826778493	-2.9795922833978885	3.0924436627372236	0.858474064014442	0.753122141772433	1.3232068175133733	
10.583606985957456	-2.8684749505159903	3.0425052770335053	0.7878733535592198	0.771414515340369	1.3562521828748753	
10.275824050102004	-2.769209046330171	2.984168873225409	0.7066960645521237	0.7876541842072402	1.391008554919375	
9.946660260596165	-2.6846881705236956	2.917901665022816	0.6188250452483769	0.8009887220498543	1.4268737568407552	
9.604359148255933	-2.616884633312883	2.844588713135704	0.5284008236151287	0.8106897762481052	1.4629816155926993	
9.25726218266116	-2.5667180620025984	2.7654457525271363	0.43957269347559724	0.8161926901875092	1.4982661132660247	
8.913384910311867	-2.53401119491642	2.6819200293141963	0.3562552622488642	0.8171234632190614	1.531534843346999	
8.580060783164878	-2.5175355907936243	2.5955874198727393	0.28190570415920185	0.8133114804833723	1.5615447059839314	
8.26366755507554	-2.5151401032673157	2.5080562397000694	0.21933632561505567	0.8047876080315403	1.5870729913859287	
7.969445389043072	-2.523946282009152	2.420887677030628	0.17057381949536493	0.7917686277649767	1.6069783334752374	
7.701407926993286	-2.5405896093532077	2.3355397636885193	0.13677154142321507	0.7746303940951083	1.620247895740924	
7.462343016450795	-2.561486565515345	2.253337012551218	0.11817841669851817	0.7538726910472678	1.6260287682972903	
7.253897790667315	-2.58310545016522	2.1754628577522936	0.11416834517220656	0.7300794009652793	1.6236422142663334	
7.07672204944428	-2.6022202721111762	2.1029659290772535	0.12331866821619455	0.7038785976236538	1.6125834639456518	
6.930652830233569	-2.6161337335019033	2.036771981387559	0.14353102765230458	0.6759050062239409	1.5925097342402699	
6.8149224797307815	-2.6228546317115113	1.9776947910548772	0.17218568596626416	0.646766960022978	1.563219623530142	
6.728372793903844	-2.621217200710427	1.9264408119366918	0.20631826126810526	0.6170194819052275	1.5246274380734235	
6.669659137401804	-2.6109339920240915	1.8836037359491433	0.24280674959730006	0.5871444951853356	1.4767360798529523	
6.637430469605218	-2.592579489389858	1.8496459844061406	0.2785571820161709	0.5575383635612002	1.419611951443803	
6.63047104654105	-2.567500650226943	1.8248668462320137	0.31067471034605865	0.5285069364898165	1.3533647368167727	
6.64779213464332	-2.5376658821068214	1.8093595401384612	0.3366065976088318	0.500266738424416	1.27813468575055	
6.688671397590609	-2.5054687498304036	1.8029616090452976	0.3542505103931579	0.47295018461258115	1.19408834937736	
6.752641455944057	-2.473503182706062	1.8052054644819084	0.362023470606922	0.44661297550464796	1.101422568558986	
6.839433126961799	-2.4443316539337596	1.8152769927564045	0.3588899499150613	0.42124178103040044	1.0003757120406485	
6.948882455435695	-2.420268971178671	1.831990619334909	0.344351256164198	0.39676067495556844	0.8912444057336644	
7.080812963673596	-2.403202078860262	1.8537886826964516	0.31840221292025794	0.37303531463726763	0.774403637891355	
7.23490559574681	-2.394463421710166	1.8787734619706267	0.2814627311787204	0.34987472310884954	0.6503278211859627	
7.410572003230138	-2.3947726972950454	1.9047786895906103	0.2342941859477341	0.3270315846332533	0.5196096633988934	
7.606841773430947	-2.4042442002592006	1.9294794659539845	0.1779150308953803	0.30420214075640256	0.3829754046256127	
7.822269263107691	-2.4224523098365465	1.9505387194354593	0.11352417001064577	0.2810275380728431	0.24129519129706964	
8.054861033220318	-2.448541552125737	1.9657831264034216	0.042438956893981715	0.25709849422408776	0.09558801057214011	
8.302019499833776	-2.4813632652950055	1.9733959063034312	-0.03394818277900825	0.23196487926671172	-0.05297876599746225	
8.560494769284661	-2.519619506914568	1.9721089329322854	-0.11419377019016355	0.20515117024818177	-0.20309473236779535	
8.826336296263896	-2.5619965469877553	1.961374049448756	-0.19681011605578588	0.17617786183852294	-0.35331595350287137	
9.09485019335175	-2.6072721448879017	1.941484118242453	-0.28026007383548485	0.1445873941137442	-0.5020790956776988	
9.36057939614087	-2.6543860328199145	1.9136231133926533	-0.362946656426023	0.10997133062639308	-0.6477200331549707	
9.617339714462094	-2.7024734574551856	1.8798355522764065	-0.44320471536037515	0.07199547308186997	-0.7884980237041886	
9.858354774443615	-2.7508671380201526	1.8429121437254157	-0.5193011245858199	0.03041984122240484	-0.9226274599362957	
10.07652655675182	-2.7990764530949974	1.8062002681361498	-0.5894484440587764	-0.014888599352461439	-1.0483189229828394	
10.264858994282779	-2.8467532087446177	1.7733579441244298	-0.6518351711338235	-0.06395110601528232	-1.1638305877801534	
10.417024378914297	-2.8936513723362314	1.7480764553267836	-0.7046738611854736	-0.11667915726979994	-1.2675301747523606	
10.528025883960032	-2.939584920552511	1.7337996916502458	-0.7462666959803934	-0.17288116557269181	-1.3579660396342421	
10.594855166139972	-2.9843867294447435	1.7334736545081504	-0.7750842054004048	-0.2322710052182221	-1.433941949423426	
10.61704425431153	-3.0278707596965613	1.749347400911126	-0.7898521566649742	-0.2944746539830169	-1.4945904128476437	
10.597011975257882	-3.0697981486530157	1.7828376345462058	-0.7896410205123273	-0.3590330726429437	-1.5394378062451928	
10.540122170392696	-3.109846998794853	1.8344627179553068	-0.7739519330118363	-0.4254006622883019	-1.5684540837701066	
10.454406462913987	-3.1475850587820107	1.9038449086059828	-0.7427932269788609	-0.4929402301142446	-1.582080592192513	
10.34995235465815	-3.1824453398699606	1.9897742100222298	-0.6967421950376537	-0.5609168849819748	-1.5812312921082312	
10.238006089153403	-3.2137074738051217	2.0903244233710976	-0.6369879321230716	-0.6284942650634809	-1.5672652312134343	
10.129893887470566	-3.240493664225878	2.2030151080507294	-0.5653461617094241	-0.6947377149271556	-1.5419279741277618	
10.035925334525693	-3.2617893176492103	2.325003372456092	-0.48424380880672896	-0.7586270724304536	-1.5072686060020322	
9.964415262052015	-3.276496887779671	2.4532936843987754	-0.39667140634927434	-0.8190802501206307	-1.465539410933802	
9.920936297074846	-3.2835270185493965	2.584953572755626	-0.3061009077424178	-0.8749873618041751	-1.4190854845422465	
9.907879040732627	-3.281923980982603	2.7173193713609316	-0.21636908172940972	-0.9252533835330059	-1.3702326101104116	
9.924351293343083	-3.2710149262171826	2.848174169975541	-0.13152887208692013	-0.9688460581990884	-1.3211812615064464	
9.966400126658225	-3.2505666289740356	2.97588082803514	-0.05567299516956434	-1.0048452932763818	-1.2739128891120184	
10.027515681336224	-3.2209262487644272	3.099452160656777	0.0072636981328651476	-1.0324897119646343	-1.2301139432198784	
10.099335414335114	-3.1831176403919397	3.2185442965219346	0.05370850067457331	-1.0512152267681196	-1.1911228829303957	
10.172438621151105	-3.1388781132216583	3.333375863090207	0.08064819384066096	-1.0606835031200263	-1.1578995265430327	
10.237155338315661	-3.090626567580551	3.444579594137238	0.08580614307002793	-1.0607984788712768	-1.1310164903742181	
10.284320266080986	-3.041363416298881	3.5530025478635445	0.06778582191184503	-1.051710199326281	-1.1106714208501103	
10.30591783169254	-2.9945116021629627	3.659479393254609	0.026169668002630188	-1.0338063915919828	-1.096717702937629	
10.295583712364573	-2.9537153611680638	3.7646082147637117	-0.03843393485641221	-1.0076932790996347	-1.088710408484042	
10.248948950963861	-2.922617674988341	3.8685584177678844	-0.12439772602143445	-0.9741679024793986	-1.0859636724129846	
10.163810324377547	-2.904642859537876	3.9709428001759175	-0.22914096402030515	-0.9341836584558387	-1.0876160863756226	
10.040148361640114	-2.9028074420291525	4.070771618293661	-0.3492394782884372	-0.8888132038390744	-1.0926971163351848	
9.880017657969843	-2.919567505023286	4.166492978146407	-0.48056878247061235	-0.8392109912884282	-1.100189777140753	
9.687328232330287	-2.956703427353754	4.256114389380718	-0.6184710528422632	-0.7865766780306668	-1.1090854611655683	
9.467538025863941	-3.0152381626772096	4.337389049398917	-0.7579371144957927	-0.7321201047496213	-1.1184275658187879	
9.22727598018824	-3.095383431243661	4.408042509831975	-0.8937966161651177	-0.6770279988780391	-1.1273422193045959	
8.97391551443378	-3.1965079988983565	4.466013139012984	-1.0209120693769473	-0.6224322645797409	-1.1350565140735083	
8.715119447702147	-3.3171291054959955	4.50967983460442	-1.1343732456910198	-0.5693802860157188	-1.1409059988516563	
8.458395270654023	-3.4549315705413153	4.538051165185352	-1.2296841722381167	-0.5188086766923332	-1.144334412771467	
8.210698112269741	-3.6068139450870045	4.5509058584802	-1.302938886221856	-0.471520854557645	-1.1448895508739336	
7.978109272776559	-3.7689667923197674	4.548880240345151	-1.3509815162271075	-0.4281688971731057	-1.1422173001707345	
7.765613116413806	-3.9369861300111064	4.533502049694232	-1.3715453998228033	-0.3892397252941736	-1.1360548797901242	
7.576984791057152	-4.106024159593039	4.507171270131106	-1.363365641993733	-0.3550453301829501	-1.1262233117963576	
7.4147888335451375	-4.27097825835193	4.4730875084617585	-1.3262594764928344	-0.32571659122477387	-1.1126184724118167	
7.280476641079254	-4.426718198265314	4.435120257595614	-1.2611685820042764	-0.3012003377125411	-1.0951998798516163	
7.174564694440194	-4.568343494118491	4.397614491665576	-1.1701480967874942	-0.28126125158228854	-1.0739767018998188	
7.096852251355275	-4.691454083710113	4.365137831756379	-1.0563022038829595	-0.2654888052536146	-1.0489925901578714	
7.046647276063767	-4.792418206309574	4.3421760258582855	-0.9236640132798335	-0.25331081606210687	-1.0203114737588506	
7.022977277107258	-4.868616821909032	4.332792066491466	-0.7770192665087811	-0.24401546734203172	-0.9880067870458378	
7.024769206601466	-4.918640515701062	4.3402755317701835	-0.6216791230347977	-0.23678276941386353	-0.9521562948921143	
7.050991361953836	-4.9424134935505535	4.366818459085447	-0.46321276525729305	-0.23072505354689465	-0.9128436351229656	
7.1007576027138315	-4.9412235895602725	4.413257833739863	-0.3071552224889115	-0.22493442347471526	-0.8701662918178444	
7.1733965432509645	-4.917639300712062	4.478932624095254	-0.15871203984571883	-0.21853319658100948	-0.8242480250058607	
7.268486985169466	-4.875321391560736	4.5616879057443676	-0.022490900610866556	-0.2107210753176018	-0.7752521417389342	
7.385859312883798	-4.81876487221013	4.658019862850674	0.09772094014192623	-0.20081445985336915	-0.7233920772316067	
7.525556580353322	-4.7530010994649805	4.763345884901909	0.19912120150510979	-0.1882751457637068	-0.6689364064844792	
7.687748188584475	-4.683285382294422	4.87236875341123	0.2799925998519608	-0.17272722037546484	-0.612206522952339	
7.872592708837864	-4.614786330085916	4.979495301354275	0.33973686771639805	-0.1539623565678039	-0.5535664997959509	
8.080053106763135	-4.55228665687061	5.079266564884282	0.37884507845150345	-0.13193462770581446	-0.49340579705158205	
8.309674502970514	-4.499903775067788	5.166758078351093	0.3988081548886293	-0.1067462750952198	-0.432116189994539	
8.56034923839146	-4.460851701595906	5.237902931510144	0.40196887484695926	-0.07862541112134223	-0.370065353488291	
8.830095536798975	-4.437259961895173	5.289709420092029	0.39133386491918226	-0.04789902385913665	-0.3075702524870592	
9.115875773056349	-4.4300620113627485	5.320363650913075	0.3703588123159767	-0.014963720680381102	-0.24487317410938603	
9.41348218619842	-4.4389627458652425	5.32921830287048	0.34272151870957474	0.019743270912489428	-0.18212324730364107	
9.717516335493801	-4.462488100373833	5.316681335861967	0.31209873565565444	0.055770327591897956	-0.11936588972038588	
10.02148377005054	-4.498113516293397	5.284028405475872	0.2819617180745617	0.09267279452352942	-0.0565418507835153	
10.318019046544517	-4.542463292789536	5.23316930024717	0.2554020617174955	0.13002816251660554	0.006503406939849517	
10.59925375157462	-4.591574508723078	5.16639943924134	0.23499929106702472	0.16744442259271353	0.06999944170519037	
10.85729989346562	-4.6412013010201765	5.086174168822184	0.22274013945592713	0.2045620303617017	0.13422163249299832	
11.084865038526745	-4.6871568971975845	4.994929573194184	0.21998086077295242	0.24105196369087648	0.19945241160096114	
11.275785978206848	-4.725604099572491	4.894972068304277	0.2274744491165913	0.27661069519727444	0.26594467353631956	
11.425900193396213	-4.7534611211014255	4.788411006326659	0.24538838618843384	0.31095936625638554	0.333862871725284	
11.5330795170495	-4.768449204102075	4.6771887943779085	0.2734608434039264	0.3438390586123855	0.4032684438221029	
