11.844008949554292	-4.704149912205286	4.668630475798132	0.7990837098171191	0.0207150126966816	-0.3472663916813777	
11.864579362551885	-4.71652523373172	4.60577128569545	0.8004067253040614	0.05169533037974337	-0.27957555850529237	
11.865848317008627	-4.720940486086723	4.530595746360651	0.8174349427714749	0.08074405271431741	-0.2054511651246063	
11.854796184060184	-4.715242698527408	4.445911485762419	0.8507060159581058	0.10770605946625997	-0.12554138790363584	
11.838053453053574	-4.697308763250969	4.355004046039885	0.8999854079568894	0.13263600606622178	-0.040643757549994906	
11.821176518149041	-4.665044421213111	4.261542269985856	0.9640008866323555	0.15585425480665882	0.04828584515885071	
11.807897504734042	-4.616394730060877	4.1691495682512745	1.0405126945763947	0.17789650420016156	0.14020931846121928	
11.799667583489633	-4.5494192339612365	4.081099257876856	1.1262993365046499	0.19947932852073164	0.23405473305314523	
11.795453383475962	-4.462430296604362	4.000009241282914	1.2172508001804847	0.2214333181832737	0.3287775165551134	
11.79187180680606	-4.354193232497829	3.927643597790177	1.3085272930708844	0.24462516928356515	0.4234132244988584	
11.783607185272677	-4.224158212474574	3.8648279205047853	1.3947880511591133	0.2698753849838416	0.5171190649749965	
11.764023264203468	-4.0726908967536595	3.811463642667391	1.4704741578240252	0.29787963362220415	0.609201435056465	
11.725891992405531	-3.901263598168463	3.7666207973600456	1.5301317419680913	0.32913984777176875	0.699127757817832	
11.662150017888147	-3.71257113819106	3.7286821173427294	1.5687549210765817	0.36391027107652585	0.7865223416170894	
11.56660548398669	-3.5105455253300724	3.6955132128878105	1.582127133199304	0.4021617048942274	0.8711473055418737	
11.434524694990133	-3.300245416346415	3.6646437208590736	1.5671318207477007	0.4435680101249689	0.9528699104991804	
11.263031020211189	-3.0876217466344165	3.633446754585122	1.5219903457171948	0.48751773078891075	1.0316206941191008	
11.051320769340945	-2.879199223060435	3.5993091969597417	1.4464184206459	0.5331459616916363	1.1073488862466245	
10.800704232112894	-2.68170142805983	3.559792981277101	1.341689741958405	0.5793845937079595	1.1799791135507474	
10.514489057703146	-2.501653728572927	3.512782790134584	1.2106026460854933	0.6250273033240338	1.2493734621235315	
10.197734151914089	-2.3449955915154774	3.456614239628849	1.057354326428429	0.6688046015816482	1.3153021276313825	
9.856905309727182	-2.2167241044553743	3.3901764711511584	0.8873304280054335	0.7094644171483756	1.3774249318955625	
9.499463306004285	-2.1206019153934395	3.3129744116261213	0.7068149402296081	0.7458507355727271	1.4352867395172286	
9.133447905778214	-2.0589319293377786	3.2251523238580306	0.5226575425666289	0.7769737906001734	1.4883253996252044	
8.767083030022855	-2.0324014217963624	3.127478603757352	0.34191288673745607	0.8020691794724311	1.5358907999002818	
8.408421554573982	-2.04000862221898	3.0212907712922865	0.17146714522670176	0.8206431819614524	1.5772733816896018	
8.065043400106767	-2.0790853247127035	2.9084025595234726	0.017670345750459025	0.832502168756109	1.611739710552803	
7.743811257236798	-2.1454237743998865	2.7909782267567196	-0.11401048131372025	0.8377652583888635	1.6385726373073317	
7.450696159275927	-2.233522766645837	2.6713821266762934	-0.21928525892033948	0.8368557393901843	1.6571125234460857	
7.190673400227577	-2.3369206741924495	2.5520254654059196	-0.2952565614252311	0.8304728814831898	1.666794924975007	
6.967673248779	-2.448577301288491	2.4352249434625373	-0.3405558785719538	0.8195486614608859	1.6671824639975201	
6.784576548864652	-2.5612804425714195	2.323080344220908	-0.3553948078933239	0.8051920207509886	1.6579888484777299	
6.643241369658839	-2.6680506361539886	2.217374482624797	-0.3415321254202914	0.7886247018606283	1.6390936377842409	
6.544543854856975	-2.7625250218468578	2.1194932346222615	-0.30216450396088873	0.7711123907808694	1.6105475704365282	
6.488423734797813	-2.83930291555865	2.030362655253722	-0.24174217646680918	0.7538936526243066	1.5725680387727456	
6.473934497251843	-2.89422306792618	1.9504044189947918	-0.16571765819878095	0.7381109783752071	1.5255249278661946	
6.499293460726597	-2.9245710435848675	1.8795049818954865	-0.08025749115451629	0.7247456714648777	1.4699206172938448	
6.561945003276393	-2.92920961989067	1.8170028780226088	0.008075070614812215	0.714557368274583	1.4063653161274559	
6.658647913193404	-2.9086265793352526	1.7617000197889015	0.09265338064346194	0.7080300093064691	1.3355492369911555	
6.785594769275618	-2.8648994058127526	1.7119030152977988	0.16712346838805164	0.7053261480733775	1.2582131381657689	
6.938567945294887	-2.8015787072436855	1.665501455175616	0.2257334068868046	0.7062514132101513	1.1751184732196687	
7.1131282491593035	-2.7234797084309568	1.6200920268721055	0.2636296522269225	0.7102370380975511	1.0870190692179924	
7.304809134619023	-2.6364112524747294	1.5731407351161402	0.27710673744963554	0.716340164204044	0.9946367880525985	
7.509294609481381	-2.5468546891391206	1.5221771957766645	0.2638044494296598	0.7232630368279902	0.8986421243751014	
7.722559695487427	-2.461604994881973	1.4650102798298998	0.2228436489894342	0.7293923026281344	0.799640615923462	
7.940957108749521	-2.3873914048383797	1.3999495713947454	0.15489512694431976	0.732857743468745	0.6981655225575584	
8.161243801259879	-2.3304925321901537	1.3260178647189655	0.06218235169693589	0.7316087544640595	0.594676546424311	
8.380547925444363	-2.296372823437396	1.2431275459683022	-0.051596829490592855	0.7235070794726082	0.4895648216396835	
8.596296892326395	-2.2893748319735074	1.1521978196690543	-0.18142050613773705	0.7064278386508182	0.38316306332925404	
8.806133457272722	-2.3124793412875064	1.055207610743502	-0.3211457840972731	0.6783630578014729	0.27575963213792026	
9.00783889851371	-2.3671468719225786	0.9551747336912477	-0.4637595472491512	0.6375234146518791	0.16761644147983307	
9.19927856435272	-2.453247848735174	0.8560573390788511	-0.6016656647958075	0.5824330270422609	0.05899065827632767	
9.378378974679404	-2.569078507909867	0.7625789283223441	-0.7269973847178548	0.5120134040398797	-0.049839560926262044	
9.543139637233448	-2.711460841731593	0.6799783343564793	-0.8319465491124124	0.4256512876276099	-0.1585449679503419	
9.691676059487424	-2.8759207162316907	0.6137045758999085	-0.9090882542996737	0.3232409244098104	-0.26671257202958687	
9.822289607878947	-3.0569063112734867	0.5690953015271817	-0.9516870237674904	0.2052037540772529	-0.3738121915536869	
9.933562164230842	-3.2480339358543877	0.551066010725508	-0.9539787574451553	0.07248519436490206	-0.4791649505264479	
10.02447342903826	-3.442344289566175	0.5638371711554276	-0.9114212876502126	-0.07346962830651414	-0.5819174830922392	
10.094536154622773	-3.632550481826385	0.6107175259728094	-0.8209100479954711	-0.23075702837014406	-0.6810260117402629	
10.143940988978176	-3.811259380278844	0.6939470790748196	-0.6809621746511222	-0.39706737725644786	-0.7752548118909693	
10.17368068753218	-3.971144010169836	0.8146061649740756	-0.49184908202167305	-0.5697475604951091	-0.8631963512642722	
10.185631160090292	-4.105054011604204	0.9725644897898933	-0.2556901993894819	-0.7458644283274586	-0.9433139944143702	
10.182570833053214	-4.206076751599377	1.1664518681234206	0.023488840778073353	-0.9222682551777139	-1.0140076802175049	
10.168122471732936	-4.26757476429287	1.3936485503462608	0.3397415544942656	-1.095657605621507	-1.0737013773919482	
10.146610146936293	-4.283236339272624	1.6503034725728454	0.6852387308132063	-1.2626469772871074	-1.1209480724979388	
10.122830774511037	-4.247185189923293	1.9313982398117882	1.0503688052013718	-1.4198392526588168	-1.1545468733491242	
10.101743207213943	-4.154189741844754	2.2308954130512255	1.423932583553981	-1.5639038786894484	-1.173660114684707	
10.088104073222114	-3.999982802126707	2.5419837555815628	1.7934389111410414	-1.691657044734462	-1.1779135186037586	
10.086078550303041	-3.781675915325349	2.8574020220236864	2.145489828708599	-1.800141963670667	-1.1674701254086022	
10.098851866558501	-3.498225886447997	3.169815386792277	2.4662541754385217	-1.8867072197069226	-1.1430679151199883	
10.12827230694914	-3.150896991970791	3.4722020634302058	2.74201406351321	-1.94908118195875	-1.1060143321299587	
10.174553851987826	-2.743662567329303	3.7582053329986898	2.959764904291386	-1.9854422913976424	-1.0581355142343394	
10.23607396407524	-2.283481603563598	4.022407666401789	3.10784583812101	-1.9944848633294892	-1.0016795212721907	
10.309322696790389	-1.780366707588349	4.260482368602046	3.176537813019653	-1.9754743325323754	-0.9391798133361338	
10.389007441038801	-1.247252957983593	4.469229990885916	3.1585993295540344	-1.9282961663026585	-0.8732989118753535	
10.468327296589084	-0.6996569700206797	4.646516549885483	3.049709586380891	-1.8534955022961146	-0.8066642833984489	
10.539412075305211	-0.15512853996357023	4.791139846729585	2.8487873628629865	-1.7523030375209345	-0.741710156539707	
10.593897473724988	0.36748932175051385	4.902657207544402	2.558161735494097	-1.626642175523006	-0.6805381992333943	
10.62359174540146	0.8489746218162477	4.981208408340177	2.183581411104472	-1.4791124002696823	-0.6248067478326843	
10.621148620625027	1.2707618453600602	5.027358610787042	1.7340120801458487	-1.3129352436203028	-0.5756640267921451	
10.580650788971614	1.6159889367460767	5.041984429342779	1.2212633138777595	-1.1318672263908816	-0.5337264995449326	
10.498056431613195	1.8704753632699265	5.026204030735404	0.6594780976434105	-0.940083450671574	-0.49909801889903144	
10.37147795026474	2.0235479691046008	4.981346372728309	0.0645120949186107	-0.7420361384560403	-0.4714259427136281	
10.20128341305548	2.068642201810177	4.908953293830469	-0.5467559038629229	-0.5422964858723648	-0.4499872706020069	
9.990035433571103	2.003640641856928	4.810807743719553	-1.1571419329271304	-0.3453883537402175	-0.4337961820934898	
9.742274636643602	1.830889930242972	4.688978372335801	-1.7498617316453005	-0.15562409217929035	-0.42172484355967427	
9.464188416632016	1.556908612771567	4.545867963868259	-2.3091611828452727	0.02304270657139524	-0.41262230563907176	
9.163220647072635	1.1918829489612324	4.3842554905515225	-2.820852782529089	0.18714313295819546	-0.40542027771264055	
8.84764492031974	0.7489996530085115	4.207318946874374	-3.2727497671303207	0.3337941754785752	-0.39921978315284784	
8.526127213572286	0.24367880760436816	4.0186278788396095	-3.6549922457278687	0.4607725407163016	-0.39335366748721184	
8.207298944849285	-0.3072334650838999	3.8220975313634367	-3.9602702387081155	0.5665607566259732	-0.38742286415763677	
7.899355435992534	-0.8862707269387085	3.621898285738691	-4.183946253859158	0.6503639920923809	-0.38130569038194523	
7.609709645407202	-1.4760983002553354	3.42232260425411	-4.324055416497268	0.7120899114833252	-0.37513937559151395	
7.344713396697892	-2.0601715630763198	3.227628253458287	-4.381222942554087	0.7523016609682597	-0.3692820417813468	
7.10945319322602	-2.6232979407046284	3.0418756720841706	-4.358503738519877	0.7721456551590231	-0.3642596984262143	
6.907629695669337	-3.1520952835274914	2.86877950498399	-4.2611508601795665	0.7732580023147604	-0.36070309481114404	
6.741524797155358	-3.635344573873418	2.711591375335877	-4.0963238101845825	0.7576557356985061	-0.35927959747838745	
6.612052895411026	-4.06424670733984	2.5730229634332313	-3.872748295394895	0.7276195909258775	-0.36062449009152864	
6.518903657268548	-4.432560309764986	2.4552175376248173	-3.600325429767066	0.6855744262296735	-0.36527781183455793	
6.460747790981271	-4.736643567486179	2.3597573019101143	-3.28972403141915	0.6339789964688608	-0.37363246996240806	
6.435484646476195	-4.975419130839917	2.287690660406094	-2.9519685260854778	0.5752289853339578	-0.38589560744512597	
6.440517203861167	-5.150261983570203	2.2395692101371716	-2.5980300938352863	0.5115755651698761	-0.40206524044272013	
6.473036026573551	-5.26481353487026	2.2154863906531475	-2.2384338309526255	0.44506140299705976	-0.42192334231799034	
6.5302956334802875	-5.324727274838009	2.215112720409468	-1.8828909181871174	0.3774740313843207	-0.4450451047705057	
6.60986463560404	-5.33733272953761	2.237729554655913	-1.5399746658627447	0.31031825968077786	-0.47082482801911624	
6.70982205466104	-5.311227463202484	2.282262592538001	-1.2168684333211264	0.24480827530504032	-0.49851502510171275	
6.8288864598150285	-5.255825332316096	2.3473124958458707	-0.9191860556550244	0.18187477662222057	-0.5272722871980946	
6.9664659865729455	-5.18087066052469	2.4311844091282895	-0.6508735466368445	0.12218572817197978	-0.5562061152707026	
7.122621883513869	-5.095942342404906	2.53191699712646	-0.4141964240198506	0.06617825106288121	-0.5844263133353326	
7.297946468605634	-5.009974945705056	2.64731193880965	-0.20980989668630176	0.01409836890281413	-0.611085087939361	
7.493361737799457	-4.930824314081632	2.774966330003078	-0.036908230886593375	-0.033954538029458775	-0.6354107955211037	
7.709859279106701	-4.864928439264334	2.912312224623168	0.10654786232882434	-0.07798210095322557	-0.6567296133772366	
7.9482181416262305	-4.817074683962803	3.0566629788087565	0.22356616463407114	-0.118046059105774	-0.6744754458626175	
8.208724636648448	-4.790276368833582	3.205268546854817	0.31783688699191465	-0.15423377339650046	-0.6881892453537382	
8.490916757486954	-4.785758599294586	3.3553797416218623	0.3934439658863563	-0.18663151622762827	-0.6975092055998567	
8.793371225391157	-4.80304480109972	3.504319180077984	0.4545922714804301	-0.21530620918931215	-0.7021538743232458	
9.113541896254247	-4.840128090883676	3.649555219799594	0.5053646468334287	-0.24029544002361264	-0.7019004718106143	
9.447671140717945	-4.89372316553641	3.788768977935627	0.5495253587439225	-0.2616055544943983	-0.6965605856661549	
9.790774074239321	-4.959558176546878	3.919904016064227	0.5903807259677383	-0.2792163316551969	-0.6859570412827308	
10.136693162246178	-5.032679401367806	4.041193164052772	0.6306928950535452	-0.2930905452122206	-0.6699044926324176	
10.478232518466529	-5.107753672778418	4.151158967929347	0.6726428830125161	-0.3031872041611656	-0.6481958642930152	
10.80738354496101	-5.179354678445031	4.248589259636041	0.7178365000086402	-0.3094772498625702	-0.6205969188482945	
11.115652812507024	-5.24222586171352	4.3324944416096995	0.7673438792915114	-0.31196050630838196	-0.5868507049507307	
11.394501194282308	-5.291515580889364	4.402056611834322	0.8217668365412211	-0.31068204469490346	-0.5466932128286082	
11.635921607745482	-5.32299945502651	4.456592910650748	0.8813234880754878	-0.3057461607450309	-0.49988311011594744	
11.832924020829724	-5.333214440489295	4.49552998623521	0.9459409842875764	-0.29732253634617856	-0.4462302362197612	
11.980484113615647	-5.319752101879288	4.518459651722701	1.0153389354135298	-0.28565470590763903	-0.3856611127478911	
12.075465006192218	-5.281102068269473	4.525134217332758	1.08912657569623	-0.2710414030241872	-0.3182207832658872	
