12.441322489020722	-3.67412466230151	4.602719226960464	-0.1149030815037643	0.2610081315891429	0.258005155047888	
12.445087594792778	-3.675755694282872	4.553422872578567	-0.06461620298225118	0.2725815497846857	0.30729837604360427	
12.396711647728038	-3.6660107769536987	4.500906402892915	-0.006174145624320844	0.2816367815070384	0.3632917928178397	
12.30341286546866	-3.645078528072203	4.446087056664919	0.06026312898142276	0.2881554502501032	0.425615654805011	
12.174215783950123	-3.613617529919808	4.390085002658899	0.13422241474572735	0.2922659876762289	0.493587870832132	
12.019755595940207	-3.5727451070186422	4.334187952917363	0.21482119531418198	0.29429061130576506	0.5661560489221887	
11.851044869236922	-3.523770955193499	4.279676254899156	0.300790903980408	0.2947295937702834	0.6419859403229483	
11.678623708519972	-3.4680242333284275	4.227671734933233	0.39045832769076494	0.2942521481483383	0.7195161435872055	
11.51162197957261	-3.406668732988592	4.178971741587936	0.4817593316790927	0.29366155292431695	0.7970505400872566	
11.357025920648567	-3.3405814023472127	4.133916797154451	0.5722696658688751	0.2938443024724824	0.8728575416132534	
11.219202951798835	-3.2703068295628834	4.0923161847763705	0.6592660754443171	0.29570508743972623	0.9452720719676818	
11.099705023198311	-3.1960913931279156	4.05344184066179	0.7398164559657832	0.3000955707467472	1.0127897384286446	
10.997345021426012	-3.117988949938022	4.016092015286559	0.8109002696972863	0.3077432853579006	1.0741466062419038	
10.908515957640223	-3.036019913709895	3.978715199091446	0.8695560228041124	0.31918734570033924	1.1283785659661798	
10.827704585926254	-2.9503583351464244	3.9395755495226625	0.9130488510621096	0.33472692974171364	1.174855924313019	
10.748140761603132	-2.8615190704422386	3.8969358123760642	0.9390505055654063	0.3543864547846639	1.2132917474037161	
10.662521947114143	-2.770510172965432	3.8492287532181733	0.9458149135180091	0.3779031207276897	1.2437211909050225	
10.563720980604966	-2.6789216486378664	3.795190100494379	0.9323316635449591	0.4047366758675333	1.2664571399714808	
10.445420909834656	-2.588937555916123	3.7339448460783897	0.8984476640959302	0.43409789222292405	1.2820297570962573	
10.302638778953908	-2.5032636863863957	3.6650479640641214	0.8449451047231749	0.464993348653353	1.2911158488563939	
10.132108145807909	-2.4249734927330477	3.5884872450163114	0.7735664112791258	0.4962828071420192	1.2944650967358389	
9.932505287992518	-2.3572853338371336	3.504659725224088	0.6869805847336907	0.5267450530894515	1.292829766566216	
9.70451657714108	-2.303291648568753	3.414332222611833	0.5886876839508679	0.5551485084049335	1.2869031758051874	
9.450737522482722	-2.2656779596260774	3.3185892483882236	0.482857461748364	0.5803212965942406	1.2772726889659825	
9.175449373580783	-2.246469951381537	3.2187730923772886	0.37412245165371105	0.6012154948868159	1.2643892434959505	
8.884304734731913	-2.2468310120489337	3.116414554311079	0.2673387146032151	0.6169629483731925	1.2485528681258296	
8.583951701875629	-2.2669254389116804	3.0131546834152014	0.16732905809957913	0.6269198616058349	1.2299134582535451	
8.281628532777937	-2.3058548582321987	2.910661658530344	0.07862517727455401	0.630697985154656	1.2084852835707898	
7.984757540106729	-2.3616684988771905	2.810549634993205	0.005222398545220111	0.6281816507538914	1.1841729003112826	
7.700562153860491	-2.431451764600313	2.714308363391257	-0.049638236554285016	0.6195294140073038	1.1568059909799013	
7.4357384381967275	-2.511492573973154	2.623253198472262	-0.08363922499928383	0.6051595632906629	1.126178628375687	
7.196194762629385	-2.5975043564672378	2.5384972169005318	-0.09550445238684067	0.5857237656839822	1.0920877640905844	
6.9868648513381855	-2.684892013767489	2.4609442131730352	-0.08506007831855279	0.5620701598585379	1.0543679624334013	
6.8115964023695375	-2.769039705907579	2.3912988297559945	-0.05323570926413682	0.5351981555212456	1.012919801868873	
6.6731109850354065	-2.8455967188553117	2.3300873734771237	-0.002007063408692977	0.5062076882095069	0.967730205599816	
6.5730233275616	-2.9107413466037935	2.2776804604130985	0.0657142554466912	0.476245548657046	0.918883979173175	
6.511915365668761	-2.961398235024865	2.2343086575244753	0.14624370277146753	0.44645127095599985	0.8665653206728876	
6.489447344173738	-2.995391597254457	2.2000631849363312	0.2353227257614909	0.4179062270487731	0.8110499167862906	
6.504490591462816	-3.0115332670351584	2.174879792193138	0.32833754791850184	0.39158718748044596	0.7526894387776265	
6.555278603586769	-3.0096424969822295	2.1585098368700972	0.42054819772851704	0.36832533018974367	0.6918897973754764	
6.639571042311845	-2.9904987993975563	2.150485703747789	0.5073152287294679	0.3487719598274973	0.6290851525239086	
6.754823686571499	-2.9557338456524955	2.1500892777289926	0.5843123406411732	0.33337206662261	0.5647099399728255	
6.898354679702946	-2.907671415486702	2.1563318951362023	0.6477157101037385	0.32234666051508587	0.49917109555872763	
7.067489317932156	-2.8491249495345277	2.167955519679991	0.6943529906243582	0.31568744355980594	0.4328236629229448	
7.259660439996486	-2.7831793355177292	2.1834554644591035	0.721807542753886	0.313162440378815	0.3659522955018658	
7.47245038336637	-2.7129722103918983	2.2011233641270733	0.7284780585958366	0.3143316348122287	0.2987600381466212	
7.703566528905531	-2.6414893692701273	2.219108245141175	0.713593717814607	0.3185714562535158	0.2313654534660233	
7.9507523646169656	-2.571389286676205	2.235492581358292	0.6771882295196614	0.3251059818002577	0.1638084267106305	
8.211646294162525	-2.5048690604448254	2.2483808857055614	0.6200396192230656	0.3330422221522551	0.0960642209621009	
8.483610142660053	-2.4435836789324963	2.2559997361540116	0.5435815651525402	0.3414072785553559	0.028065140105270774	
8.763563318746325	-2.388628726185138	2.2568047194596192	0.44979450432621715	0.3491845810268601	-0.04027205005512072	
9.047850222544273	-2.340576694828597	2.2495915269417988	0.34109405452461367	0.35534661894275127	-0.10901568473394445	
9.332160788874406	-2.299556812871264	2.2336069064601034	0.22022341447545896	0.35888396513538445	-0.178187492889014	
9.61151741679053	-2.2653640841740748	2.2086522062887908	0.09015644018426316	0.35883054813879334	-0.2477316407904573	
9.880334298546968	-2.237580825684009	2.175170521940764	-0.045983802098927266	0.3542855335572023	-0.3174866065604264	
10.132550041424302	-2.215694412516334	2.134309357525544	-0.1849888600796011	0.3444327585402646	-0.3871616146796083	
10.361836178549476	-2.199196374440514	2.08794343292541	-0.3236120121131203	0.3285578747451913	-0.4563209607478849	
10.56187186994914	-2.1876491070999595	2.038649373809708	-0.45860176634871197	0.30606350873397425	-0.5243788827667507	
10.726676909306809	-2.1807151186931666	1.9896321959527294	-0.5867288865654027	0.2764836285786946	-0.5906058156145342	
10.850996419803224	-2.1781476963425717	1.9445991227171509	-0.7048152767523916	0.2394973639948575	-0.6541475631389787	
10.930721336592248	-2.1797453268391713	1.907581214376254	-0.809772798651991	0.19494253285411015	-0.714057786147486	
10.963319757350842	-2.1852761940539494	1.8827079532455464	-0.8986594105575552	0.1428290749828552	-0.7693430863998856	
10.948247186727862	-2.1943817202045546	1.873943271227523	-0.9687595726266942	0.08335272197869938	-0.8190193328832575	
10.887259311305828	-2.206474960964521	1.8848064167738003	-1.0176887707854152	0.016906564674163283	-0.862175274204049	
10.784578420100111	-2.2206503100087196	1.9181075176538487	-1.0435184692794732	-0.05590931324785449	-0.8980375295106859	
10.646872259984294	-2.235617420596261	1.975719650764198	-1.0449148683630032	-0.13428090814853727	-0.9260325213017881	
10.48300881589415	-2.2496720615247066	2.058408772847108	-1.0212804620618874	-0.21717768535908766	-0.9458403464590167	
10.303574395811186	-2.2607145526940102	2.165738484637087	-0.9728849331975219	-0.30335592529502087	-0.9574356230315666	
10.120168469782968	-2.2663233101738336	2.296059001069335	-0.9009720014266919	-0.3913697416019318	-0.9611113814970026	
9.94451166754075	-2.26388972622655	2.4465878378065518	-0.8078249528881963	-0.47959270086059036	-0.9574817968129055	
9.78747046915521	-2.2508110727284856	2.6135830514828178	-0.6967668452226683	-0.5662533750347086	-0.9474596695059401	
9.6581223343151	-2.224726864013738	2.7925788366613946	-0.5720955752536491	-0.6494841438080774	-0.9322133287822386	
9.562961307885567	-2.183783925548882	2.978664523779978	-0.43894803085062967	-0.7273838320860366	-0.913105584568902	
9.505336516763391	-2.1269077910310163	3.1667843542479273	-0.3030936712549865	-0.7980926309275274	-0.8916190729571958	
9.485189057269972	-2.054052214189911	3.3520354253525313	-0.1706643209614223	-0.8598757442866085	-0.8692734289804018	
9.49911175320795	-1.9663980310124463	3.52994645094678	-0.047830570367102795	-0.9112114358407192	-0.8475394448600828	
9.540746207783908	-1.8664578467271302	3.6967180780944813	0.05955772102984587	-0.950875233668734	-0.8277562525449498	
9.601448407296854	-1.7580534004158077	3.8494057028911675	0.14633093015127094	-0.9780099243353142	-0.8110591481077314	
9.67110885407079	-1.646161870463918	3.986041173248413	0.20833153033022522	-0.9921765804815874	-0.798321174339335	
9.739042863768773	-1.5366304893668796	4.1056850272106455	0.24269025245895223	-0.9933813536557936	-0.7901113402629838	
9.79486108191162	-1.4357791327986602	4.208402195390281	0.2480191245614097	-0.9820750684048735	-0.7866716248059428	
9.82924389729458	-1.349927211709812	4.2951575603423064	0.22450031956767985	-0.9591253365717551	-0.7879137153487925	
9.834569415551258	-1.2848895874408408	4.367631903609081	0.1738593645945426	-0.9257633569571107	-0.793435239286007	
9.805338257758033	-1.2455087333528296	4.427963688405084	0.0992068083414685	-0.8835069898922103	-0.8025572729800693	
9.738392428462108	-1.2352815531886725	4.478453187963179	0.004778764323743719	-0.8340710598382729	-0.8143772360036997	
9.632951584388922	-1.256109086779644	4.521264403145936	-0.10439239792962171	-0.7792725879044058	-0.8278323606699346	
9.490487135669023	-1.3081886081439336	4.558161219723181	-0.22284717410512858	-0.7209373954790071	-0.841769562932749	
9.314464984342056	-1.390053018193768	4.590312929878993	-0.3450731291789849	-0.6608145840361798	-0.8550168441725416	
9.109993943540971	-1.4987469719292594	4.618194986062133	-0.46585251019503154	-0.6005038010711645	-0.8664518786118539	
8.883411675304771	-1.6301220660054805	4.641601371459815	-0.5805566641810093	-0.5413988156102909	-0.8750640466361903	
8.641840693110476	-1.7792194618514527	4.65977009474693	-0.6853566866351591	-0.48465192410198615	-0.8800041932432924	
8.392758625322987	-1.9406801642211298	4.671587385361806	-0.7773469623167564	-0.43115691750834784	-0.8806203270815082	
8.143596781035919	-2.10914654590965	4.675835766968564	-0.8545857686866947	-0.38154859596782414	-0.8764785988074656	
7.901381556771301	-2.2796197031538155	4.67144722499781	-0.9160611384097271	-0.33621653897411896	-0.8673694803241364	
7.672431106047728	-2.44774359544412	4.657724060913074	-0.9615956088782165	-0.29533026849890903	-0.853300147137726	
7.462114334618688	-2.609999353596201	4.634498751715825	-0.9917075204350152	-0.2588725570859195	-0.8344751925327275	
7.274686942706326	-2.763796752998641	4.602209758526161	-1.0074434322620178	-0.22667893674750889	-0.8112669351806777	
7.113216874502619	-2.907466073649975	4.561887978935699	-1.0102038820783112	-0.19847963077991734	-0.7841788424182535	
6.979590783740636	-3.0401769906644383	4.5150736297320915	-1.001581747662704	-0.1739400945818038	-0.753806541132631	
6.874600308201699	-3.1618046874075088	4.463683818730972	-0.9832214674920801	-0.1526984775168931	-0.7207986032453372	
6.798101059139641	-3.2727669158568076	4.409854599452113	-0.9567061901495455	-0.13439792385097715	-0.6858196653515	
6.749231930537849	-3.373855959566046	4.355780402396615	-0.9234762467087358	-0.11871197487392159	-0.6495181057565357	
6.726678608191498	-3.4660864124150956	4.303568749918804	-0.8847783665138093	-0.10536192124406822	-0.6124998280383415	
6.728959518865369	-3.5505737357681326	4.255125667293223	-0.8416448746755023	-0.09412469706869434	-0.5753099963131157	
6.754695846027905	-3.6284515588210495	4.212078629019086	-0.7948963920431169	-0.08483168681315668	-0.5384230161181969	
6.802838719888715	-3.700821452333284	4.175732936068663	-0.7451609768646476	-0.07735988006095226	-0.5022395843505959	
6.8728313096998015	-3.768725323039716	4.147055781525172	-0.6929050622236123	-0.07161690228094073	-0.4670895706246219	
6.9646892028483744	-3.8331299439727795	4.126680878471422	-0.6384720492307654	-0.06752197943567602	-0.43323906805757495	
7.078992037033985	-3.8949137902944613	4.114926308768173	-0.5821252342117704	-0.06498515072751114	-0.4008996775735257	
7.216786673033377	-3.9548486784557344	4.111820133366827	-0.5240928722090479	-0.06388709553420384	-0.3702380785480784	
7.379412249949302	-4.013574261681731	4.117131786837917	-0.46461265993396617	-0.06406269081645517	-0.34138400156121995	
7.568276737376743	-4.071567089224375	4.130403564037495	-0.4039726528657978	-0.06529011300883959	-0.31443436545700526	
7.784606726846273	-4.129110107110628	4.1509807571312525	-0.3425467906264911	-0.06728643010978703	-0.2894525881144806	
8.029191042245646	-4.186269777166796	4.178039143017309	-0.28082225668772604	-0.0697101712799799	-0.2664626160686017	
8.302135877343067	-4.242886969742608	4.210609218623034	-0.21941549119884093	-0.07217071172572274	-0.24543790171031143	
8.6026417919234	-4.298584630215731	4.247597644969275	-0.15907388621021182	-0.07424374849886883	-0.22628601914993843	
8.928815122669073	-4.352792561288073	4.287808087842084	-0.10065956035447458	-0.07549185459289368	-0.208830628677295	
9.27752708564099	-4.404783503699188	4.329962433318033	-0.045114453507389796	-0.07548776375649953	-0.1927935833811633	
9.644315506194747	-4.453710852292604	4.372720800155555	0.006590020227297617	-0.07383818677904241	-0.1777788861617512	
10.0233368753981	-4.498642263704549	4.414698382712941	0.053515442798916985	-0.07020677993251856	-0.16326086713082394	
10.40737926509829	-4.538585511191022	4.454476403373361	0.09482590390717285	-0.06433515293659993	-0.1485788445428981	
10.78795273436169	-4.57250681905297	4.49060600261098	0.1298590331722144	-0.056061387017679834	-0.13294048977750633	
11.155478440452784	-4.599346018589668	4.521606870617875	0.15819381378747	-0.045336200171266855	-0.11543579814409963	
11.499603751368046	-4.618036255971085	4.545967104605463	0.1797062889511239	-0.03223514950562244	-0.09506374293979987	
11.809686988828563	-4.627544899043703	4.562161283630875	0.19461551413719602	-0.016968342701981203	-0.07077403716286296	
12.07528367668174	-4.626917905164349	4.568677249329789	0.2034950865614849	0.00012043986237116332	-0.04151005641157356	
12.287085711596	-4.615404370116976	4.564120305962273	0.20732254069862532	0.018544870122147138	-0.006288581434990326	
12.437149050845225	-4.592477550428808	4.547250150055567	0.2073951709571201	0.037711078711151	0.0357744725431417	
