18.122075955012228	4.670505025682728	13.91746307115288	0.3651421333353793	-2.8350990022425826	1.2210131606664294	
17.66436019973202	5.246235548700356	14.024462060489466	0.2603675940973612	-2.337394805577881	1.1133641820673175	
17.17318239279774	5.753522719137942	13.80796545325794	0.1366084808577513	-1.8398114896343205	0.9963627198118096	
16.66891282021609	6.171245106920246	13.267130301309653	-0.0024759343424604185	-1.3510339538905807	0.8737586603829891	
16.17005911125979	6.481689835435627	12.41635184014287	-0.15269300219577592	-0.8792396935761518	0.7494417716773467	
15.692105977681061	6.672233326085916	11.290164952761135	-0.309322399789132	-0.4316894783708008	0.627336903047449	
15.247029026965443	6.73551813999298	9.940037049064967	-0.4674672573569673	-0.014463113010197757	0.511151731897242	
14.842741110502482	6.6697772609923005	8.432391300191753	-0.6222567439584555	0.3677757632355357	0.4041837033558424	
14.482831493201969	6.4785412511141995	6.8437721763218935	-0.7690785544603931	0.7118967892941661	0.30911884283714686	
14.166626597693035	6.169899628238786	5.254545020979992	-0.9037547194396897	1.016273013761038	0.22788143323669321	
13.889603774050673	5.75550974535358	3.7418709310879277	-1.022667562174475	1.2806263149701638	0.16154172421140373	
13.644188488452922	5.249595227731778	2.372955991663641	-1.122841094733223	1.5057849349418004	0.11028648853183065	
13.420912280460522	4.668163846942765	1.199642552382497	-1.2019830913966054	1.6934011484859937	0.07345405958160195	
13.209820154397862	4.028600384145236	0.2551647313772601	-1.258496009436826	1.8456822148374061	0.04962917339819942	
13.00192783079975	3.349643410018183	-0.4465489540130074	-1.2914631578871643	1.9651757361339954	0.03679331558755117	
12.790371457370382	2.6514988617918385	-0.9090827954515988	-1.3006083216504898	2.0546213724732834	0.03252793773379896	
12.571002558980746	1.9557562032070355	-1.1504274185102221	-1.2862512039952865	2.1168554975406924	0.034241452362207096	
12.342426619208814	1.2848877737462843	-1.1993219377457665	-1.2492716292316952	2.1547427737585365	0.03940019333552192	
12.105593726059162	0.6612813851086895	-1.091497074813827	-1.191088507495044	2.1711200982123278	0.04574123134743279	
11.863124657653634	0.10590203716661417	-0.8661342680113128	-1.1136554381452126	2.168746201409301	0.05144475838606309	
11.618573575218742	-0.3632323033607913	-0.5626965805381762	-1.0194695368801034	2.150254149624262	0.05524856337455817	
11.375805893915487	-0.7324443776833396	-0.2183023767235948	-0.9115728777408424	2.118109121712516	0.05648312609661384	
11.13859863426222	-0.9934675770750486	0.13424556350284714	-0.7935302277144668	2.074573784699151	0.05503709840908266	
10.910432308454915	-1.1441107559222565	0.4678221023019264	-0.6693630625189981	2.0216846782255082	0.05126938300919331	
10.694403936503274	-1.1884395402868098	0.7617489278014092	-0.5434267007752958	1.9612427870773042	0.045883097023673304	
10.493181667131974	-1.1364370117183058	1.0020096639649727	-0.4202301985372232	1.894818619386021	0.039779480272601794	
10.308936676669324	-1.0031427855591968	1.1809829563603378	-0.3042086331233598	1.8237690638066335	0.033908697755076524	
10.143250236856018	-0.8072843795680985	1.2967060370886094	-0.19947804902311714	1.7492643990468377	0.029137416035985804	
9.997036376142058	-0.5696624330858371	1.3518861060300453	-0.10960970980795325	1.6723189185350875	0.026150506669851893	
9.870523878452753	-0.3114764353626927	1.3527937948743936	-0.03744045052198454	1.5938233969426643	0.025389919366864255	
9.763323901440815	-0.052741724709582646	1.3081260920359148	0.015069076533173667	1.5145794762859757	0.027030679984362798	
9.674582945285342	0.18906568849790126	1.2279260571118007	0.04692281447390575	1.4353353233076462	0.030990479858264152	
9.60319544517867	0.4000510581149325	1.1226183419650877	0.058125964943691696	1.3568211392001075	0.03696649450176198	
9.548023820443731	0.5705010455305923	1.0022170043272909	0.04965730888454307	1.2797802242855418	0.04449322514736796	
9.508064920021441	0.6950545594169175	0.8757506672265705	0.023391162816749893	1.204989947348631	0.05300717384222765	
9.482539159599288	0.7725112479910662	0.750884851849554	-0.01802113564211014	1.1332707279486214	0.06190950444994758	
9.470896112786608	0.8053205896822693	0.6337216133179431	-0.07130579484936239	1.0654823089437302	0.07062106811582475	
9.472742015983135	0.7988197902021286	0.5287507854018598	-0.13274800511712098	1.0025074627303723	0.07862556954207549	
9.487703089658364	0.7603005753357727	0.4389193749219785	-0.1983911350118206	0.9452234731247616	0.08549932665697582	
9.515253538721245	0.6979975548174844	0.3658060108031495	-0.2642432458648476	0.8944633203263843	0.09092639096802815	
9.55455506873956	0.6201611320668269	0.3098487693484076	-0.3264718943211503	0.8509717357443805	0.09470217683309409	
9.604341339319689	0.5342953351146732	0.2705927396794382	-0.3815814547556115	0.8153605760210784	0.09672985596559272	
9.662869303586387	0.4466097730013336	0.2469416788426967	-0.4265672389978376	0.788068333419283	0.09701191296038571	
9.72794802710775	0.36171852003769056	0.23739808800627624	-0.45903954332822855	0.7693284223433903	0.09563880509236865	
9.797045846872397	0.2825916052731578	0.24028214928003627	-0.47731340564913205	0.7591495918065513	0.09277599071247067	
9.867471493592598	0.2107650244101461	0.2539219744619944	-0.4804476076263319	0.7573147142655033	0.08864889079302987	
9.936600327476892	0.14673128523821655	0.27680189597905475	-0.46823421503263746	0.7633972155310327	0.08352666828959131	
10.002118481017089	0.09041819840303884	0.3076644839855832	-0.441148958523172	0.7767917403935999	0.07770506304416883	
10.06225898232571	0.04168116701997323	0.3455597499055866	-0.40026886942934575	0.7967569258808151	0.0714881993313078	
10.116003410807028	0.0007340608075176907	0.38983565551076227	-0.3471680047424022	0.8224666840688768	0.06516967066634285	
10.163230092642072	-0.03154183193008755	0.4400674290346502	-0.2838030002839376	0.8530663810568586	0.059012901725329504	
10.204781394755688	-0.05347066516703104	0.49592754872859335	-0.2123951207020219	0.8877294867429681	0.05323144260494001	
10.242452529603371	-0.06264771026952654	0.5570185363894261	-0.13532057845363873	0.9257084683110286	0.047970055056366215	
10.278923781933173	-0.05616177968592592	0.6226913046597664	-0.055011163619393615	0.9663778967667273	0.043286591942281516	
10.317648847628952	-0.03093441299798179	0.691869395904992	0.026137350685426324	1.0092683617174603	0.03913545768885162	
10.3627131097377	0.01587590558889427	0.7628979626292336	0.10585085344184704	1.054090134163304	0.03535372436795513	
10.418671355050762	0.08645642954396351	0.8334284170593059	0.18206059740333252	1.1007467839626917	0.031650841498013796	
10.490363070346525	0.18198067324723521	0.9003546288614424	0.25298544221221264	1.1493365688138764	0.027605349057418706	
10.582711424787174	0.30237260717510855	0.9598016291340832	0.3172116249006595	1.2001432411149355	0.02267031393562058	
10.700505114536508	0.44621380779564557	1.0071581652834838	0.37377069836364546	1.2536197479406965	0.016187488078934706	
10.84816089409446	0.6108015014425184	1.0371569477637514	0.4222091946291819	1.310365570003127	0.007411050136351675	
11.02947162411086	0.792341638281414	1.0440081932355427	0.4626405309697793	1.3710985934410576	-0.004459354745783821	
11.247345271366626	0.9862397229658812	1.0215978540003403	0.4957691574706259	1.4366216830943692	-0.020236854852330212	
11.503563559759018	1.1874429894098215	0.9637701234476901	0.5228675802720236	1.5077824955342272	-0.040698362022311224	
11.798595307775756	1.3907695944334713	0.8646914317399014	0.5457008707932538	1.5854277625994895	-0.06653316599787845	
12.131473173118167	1.591196423564655	0.7192892609772749	0.566406219701421	1.6703528387754496	-0.09829197081981333	
12.499743442140083	1.7840955411620167	0.5237521189725455	0.5873311986073158	1.7632468004576014	-0.13633873339219618	
12.899484707432364	1.9654017620734638	0.2760627440762354	0.6108397978787116	1.864634039263586	-0.18080725981905696	
13.325376128288438	2.131688297341278	-0.023463099471401953	0.6390958067004249	1.9748119452302801	-0.23156251937275274	
13.770803619930943	2.280112073147566	-0.3717076195988073	0.6738416308611825	2.093787442984704	-0.28816967921066194	
14.227977288437396	2.408230878062397	-0.7624357019793597	0.7162041726969451	2.221216999129272	-0.3498734295275106	
14.688038032591946	2.513749892641316	-1.1861600301000337	0.766545396356037	2.356350156354592	-0.41558706294773157	
15.141161561743607	2.5942646910645935	-1.6302410824659928	0.8243745637592145	2.4979802120130077	-0.483895599124374	
15.57666950846184	2.647073515925636	-2.079261630682329	0.8883344158575052	2.6444053924043773	-0.5530766634961847	
15.9831603217871	2.6691234221847546	-2.5157035973428914	0.9562661709954546	2.7934021975626147	-0.6211421104968657	
16.348682424225466	2.657142956032383	-2.92096412177751	1.0253622401170024	2.942219460193106	-0.6859057824834931	
16.660954936870784	2.6079571175980814	-3.2766395261942964	1.0923929303950932	3.0875993786210767	-0.7450748259851788	
16.907630330762867	2.5189305385044216	-3.565969665916077	1.153980057726382	3.22582362307032	-0.7963573268652939	
17.07659989408462	2.3884741022786216	-3.7753345401461003	1.2068988470311088	3.3527894496682107	-0.8375807368719252	
17.15633721837678	2.2165373517622613	-3.8956466603839974	1.2483805544136812	3.46411720431322	-0.8668121966779595	
17.13628037741065	2.0050134879961585	-3.923475485780116	1.2763869445296248	3.555288874571363	-0.882472245599031	
17.00724576889431	1.757965079139605	-3.861643963266792	1.2898125451717721	3.6218153552009356	-0.8834284459707387	
16.761853910972352	1.481611288056517	-3.719086813908236	1.2885683542772486	3.6594148844076004	-0.8690549978483981	
16.39498665532807	1.1841132855080398	-3.5100501719957684	1.2735451929718231	3.6641864955202745	-0.8392614576122036	
15.904274544559486	0.8751820415298793	-3.2527282990144055	1.2464607117071995	3.632765730112929	-0.7944914860560659	
15.290592467995136	0.5655489248639651	-2.967516671525488	1.2096108340548715	3.5624512319378123	-0.7356945152993744	
14.558528649924632	0.26634366210170224	-2.675090324105139	1.1655587614631269	3.4512982834069788	-0.6642744153863027	
13.716723362791324	-0.011577060299811412	-2.394531743801235	1.1168039193551438	3.2981747280154523	-0.5820136905426861	
12.777950411319745	-0.25827838691217475	-2.141805985929237	1.0654947258926046	3.102780202709311	-0.49097584870213967	
11.758944450597625	-0.46533860431578267	-1.9287147053017204	1.0132259941975486	2.865648383160561	-0.39339628441170515	
10.67996295478619	-0.6263524490580945	-1.7623845024297622	0.9609424308291256	2.588135670015239	-0.2915673095081655	
9.564117104224065	-0.7372978371276335	-1.6452904355494486	0.9089580770419396	2.2723979291840872	-0.18772693975434537	
8.436533686497592	-0.7967186355062129	-1.575735251374587	0.8570841479115504	1.9213559965831395	-0.08396046356978283	
7.323402999634843	-0.8056611262390894	-1.5486721661419112	0.8048424419167354	1.5386424190071564	0.017877089350648336	
6.2509952189934355	-0.7673648951796304	-1.556702583661426	0.7517084257803133	1.1285218558411656	0.11621245769930919	
5.244692045750351	-0.6868368604305335	-1.5911203123839557	0.6973265596234001	0.6957884958131602	0.20978779777634285	
4.328046102051656	-0.5703949474668152	-1.6430063240587363	0.6416683944790451	0.24563116830875747	0.2976808073668282	
3.521920322332496	-0.42524916879380226	-1.7043260323006546	0.5851176638669431	-0.216534746626668	0.37931277519080636	
2.8437713082762235	-0.2591508147658264	-1.7689243649039375	0.5284831009780554	-0.6852615555763408	0.4544447654959615	
2.307175579159038	-0.08009180163139655	-1.8332192269948622	0.4729496256771058	-1.1552721626840365	0.5231587309047989	
1.9216987967567336	0.10398547779097926	-1.896368380260433	0.4199888522150353	-1.6216364214272363	0.5858213067417791	
1.693034715258557	0.2855052161982152	-1.9599136235474368	0.37125634288075515	-2.0799014682270043	0.6430369879228237	
1.6233572878068803	0.45761729212358876	-2.0269711776466797	0.3284864904529263	-2.526168690669691	0.6955926986012562	
1.7118007483744677	0.6145780870059567	-2.10109233506028	0.29339150631199507	-2.957115988966568	0.7443980672354509	
1.9549659848104752	0.7521129571764952	-2.18494892961923	0.26756575238273805	-3.3699720639827735	0.7904265328359601	
2.3473708183513513	0.867697150728512	-2.2790182988674506	0.25239293995474665	-3.762451617560963	0.83466183840345	
2.8817923792040467	0.9606779423590892	-2.380514917389733	0.2489584318405864	-4.132663944083556	0.8780545370167154	
3.5494653268031233	1.0322483175832105	-2.4826761708961724	0.2579648701384907	-4.4790156055884465	0.9214880883437477	
4.34016291455318	1.0852843804746861	-2.5744573343916355	0.2796534968396866	-4.800112252081112	0.9657506348407586	
5.242184081631688	1.124075041320503	-2.640664187777529	0.3137364504994058	-5.09466342918289	1.0115085703368172	
6.242269507635176	1.1539876261240587	-2.662512631937656	0.35934526144983203	-5.361392157891533	1.0592775843502487	
7.325479371029716	1.181117921085486	-2.61860304948961	0.41500384820473857	-5.598949275365262	1.1093876865937082	
8.475096352393901	1.2119839404033317	-2.486232731956776	0.4786383994411108	-5.805837512499399	1.1619441101898647	
9.672577731490476	1.2533015474225797	-2.24287786665099	0.5476145399731536	-5.980349586689951	1.2167846093433672	
10.897597527068106	1.311815953570305	-1.8677709464202819	0.6187993680028593	-6.120526534634119	1.2734376533033671	
12.128214055165289	1.3941410175095423	-1.3434998096741597	0.6886457387465985	-6.224145335261814	1.3310874994616995	
13.34119227277122	1.5065447823610794	-0.65758171224361	0.753297552353325	-6.2887450152796545	1.3885521391640583	
14.512518652849437	1.654621998072941	0.19602207840319538	0.8087211052415831	-6.311701925402983	1.4442820118698054	
15.618113700511564	1.842863082162036	1.2156276464609623	0.8508658296569193	-6.2903580626693545	1.4963903889444168	
16.634687202277217	2.0741779073738593	2.3908034233419957	0.8758480609302892	-6.222191920365101	1.5427126525697028	
17.540692918560566	2.349449958431321	3.7016873075371235	0.8801515203548684	-6.1050230267443775	1.5808954216511912	
18.317328888496554	2.6671929655062545	5.118756483052694	0.8608318803523817	-5.93723952280435	1.6085151385235958	
18.949523064945634	3.023362013432641	6.603127021563581	0.8157092482096147	-5.71803543760648	1.6232222391405584	
19.426839496247286	3.4113573352024282	8.107484822977673	0.7435304379462847	-5.4476428697231345	1.6229061089978334	
19.74422027846161	3.822258849875609	9.577862559504641	0.6440821197821491	-5.127542809204265	1.605876406476418	
19.902157645840234	4.245243963899818	10.955731224480587	0.5181913636886911	-4.760542633275904	1.5709825671619408	
19.90741141062767	4.66809607044493	12.1814893118281	0.3678204169580665	-4.351029530238083	1.5178571737604034	
19.77139398013025	5.077881504830748	13.196560731464784	0.1957598506422614	-3.904601927794807	1.4467894957293677	
