19.008983431591474	3.254731147515093	13.46976527796794	-0.4303663893298073	-3.232943638459222	1.0899188109335816	
18.578477568002825	3.4019997826442103	13.87797348393226	-0.47636489247520647	-2.7347606047791237	0.9936710132141838	
18.086483878054807	3.5422119207369187	14.00062621086141	-0.5220176489863263	-2.2272774411848633	0.8897960225532084	
17.553423418930436	3.6736221012217944	13.822445385940542	-0.5682842979293637	-1.719623640459284	0.781639383871571	
16.999278870567448	3.7938989964688896	13.33921290292875	-0.6163228571068238	-1.220880053694694	0.672706388469417	
16.44282041347883	3.899749806637001	12.563225884146865	-0.6674478366744895	-0.7397843179437038	0.5666001549003785	
15.900728093791749	3.986845688132901	11.522042841348243	-0.722860225407912	-0.28427389469540254	0.4667642474611554	
15.386897533257622	4.049722369848234	10.258756969116396	-0.7834326960712149	0.13888586199951392	0.37629850627049655	
14.911923851239333	4.081890349025977	8.829869720869906	-0.8494774814304833	0.5244113072867619	0.29777095964225736	
14.48279252361682	4.076142830948533	7.301864681646103	-0.9205679362006675	0.8686832407007249	0.23307372037882476	
14.102736065945178	4.0250514798094725	5.746649295291474	-0.9954278592666941	1.1698052792892215	0.18331973028828835	
13.771290899942287	3.9216310408127777	4.236071755320011	-1.0719077499729655	1.427527848090019	0.14878643825736448	
13.484587625667128	3.7601483332270833	2.8359556338415737	-1.1470626988682489	1.643045858995149	0.12890949149382863	
13.235997286976161	3.5370102347532235	1.6005699284871246	-1.2173534304326403	1.8186760117869736	0.1223442796608775	
13.017103199038056	3.2515857312251937	0.5689790752355303	-1.2789362590238316	1.9574927688068817	0.12709293697296214	
12.818806599302459	2.9069096707856747	-0.23656271809568916	-1.3279794938308516	2.0630025127240055	0.14066966497967348	
12.63242850328788	2.5101752318121244	-0.8103012571508297	-1.3609739026482361	2.138871637966052	0.1602981912816736	
12.450647860435371	2.0729209469283743	-1.1611268214010988	-1.3750103569130816	2.1887197953981796	0.18312915096637997	
12.268106596252737	1.610748203417405	-1.3096436226215566	-1.3680068656391762	2.2159746546472214	0.20646463033798834	
12.081548077017816	1.1424035265130401	-1.284752928063994	-1.3388572590451318	2.2237838272288935	0.22795370783182856	
11.88964310852807	0.688429079930594	-1.1205076980090098	-1.2875247528448974	2.2149657271994228	0.24573978370541974	
11.692639574321552	0.26952233806918224	-0.8532698450432312	-1.2150828820713546	2.191989575350775	0.258554436507364	
11.491945847160979	-0.09522719006064087	-0.5192285486130513	-1.123700043704426	2.156979801503298	0.26575315866824156	
11.289744429533567	-0.3900693657299612	-0.15228988838221585	-1.0165605623570204	2.1117404854307487	0.26729265263739027	
11.088694117569414	-0.6039617931128192	0.2175060805844748	-0.8976895351761666	2.057802461026379	0.26364287686960575	
10.891735459154233	-0.7314318502155694	0.565026341764103	-0.7717114862658838	1.9964806483042061	0.2556666683054505	
10.701942122124962	-0.7729344820891478	0.8706514998416479	-0.6435618146527222	1.928936298210882	0.24448494270315527	
10.522373570793055	-0.7346797871724773	1.1204842016408212	-0.5181696989319571	1.856239918623791	0.2313380201631667	
10.355895853946116	-0.6279520000998635	1.3062274386469532	-0.40013446439967554	1.7794289284919835	0.21745295694750127	
10.204975530169841	-0.4678866151279573	1.4246873143888095	-0.29343915930502035	1.6995525049719056	0.2039292976726256	
10.071501628397975	-0.27196845031246275	1.477036905501945	-0.2012483650969511	1.6176966504360102	0.19165805218310772	
9.95666800102737	-0.058494218048329646	1.4680037724842385	-0.1257862766538589	1.5349914422530986	0.18127193206929293	
9.860935935078725	0.1548994068063123	1.4050095115757848	-0.06829339725595962	1.452603311618816	0.17312523232521848	
9.784082523779166	0.35254106443429345	1.2973181098760558	-0.029051838145255433	1.3717152482802026	0.16730037314629198	
9.725333035739425	0.521751438622946	1.1552218453205247	-0.007474926126004108	1.2934983998236067	0.1636401487010578	
9.683540306781724	0.6534318533954463	0.9893306405476294	-0.002245712293231693	1.2190820023166469	0.16180009703699177	
9.657353426906017	0.7422955690895227	0.8100004868210031	-0.011462117752428542	1.1495256671194964	0.16130646196326126	
9.645355781365458	0.7867822522030034	0.6268768543233052	-0.03278388772351641	1.0857950013432536	0.1616159016136172	
9.646156465707945	0.7886989458670254	0.44854741303859447	-0.06357418737512552	1.0287407511705247	0.1621725579378199	
9.658425303350894	0.7526268524561951	0.28229556069957346	-0.10103267570048774	0.9790803665954367	0.16245927982852507	
9.680872432212675	0.6851275045184015	0.1339872558599461	-0.14231535142197596	0.9373842634411699	0.1620369200883909	
9.712197423768094	0.5939345759811073	0.008050369578941393	-0.18463360219597652	0.9040635036803888	0.16057044119311864	
9.75103191382764	0.4871894290625055	-0.0924761898055511	-0.2253376641917286	0.8793586964023509	0.15784377944175249	
9.79589449302816	0.37277214207263953	-0.1658373675479985	-0.26198661954428526	0.8633312632180634	0.153764435420011	
9.845174445422748	0.25777269540842845	-0.21142194909179285	-0.29240862999638817	0.8558576228535885	0.1483595537689717	
9.897160572345761	0.1481756664668288	-0.22958449651116603	-0.31474634044586464	0.8566327422195679	0.1417629071676562	
9.950111952272255	0.04876830841010942	-0.22146229445313392	-0.3274892787074692	0.865182920984824	0.1341971044098694	
10.002362180354588	-0.03678458620909277	-0.18880053674564387	-0.3294992899984139	0.8808860747643538	0.1259534492529123	
10.052450971943816	-0.10573580386733951	-0.13378806300378548	-0.32002960594594543	0.9029999573823447	0.11736929821069633	
10.099278780286193	-0.15596635577220908	-0.0589173407600715	-0.2987414851978259	0.9306974747973953	0.10880282432401844	
10.142270709565283	-0.18566515708500037	0.03311263266855796	-0.26571566258189483	0.9631093178560037	0.10060443478182517	
10.181520068872384	-0.1930744432991839	0.139428512709728	-0.22145487728704624	0.9993696772920314	0.09308705889862359	
10.217907603439551	-0.1763607832295873	0.25695061986640666	-0.16688203918573458	1.038662040623808	0.08649655661131964	
10.253186781666193	-0.13362826715969625	0.38231213759632443	-0.10332676461264112	1.0802646783685481	0.08098312681327552	
10.290029670269336	-0.06308326762221379	0.5117456844790067	-0.03249546887627021	1.123595034926093	0.07657476392487235	
10.332022892448988	0.03664957211689314	0.6409623979891658	0.043583977342808854	1.168251941768645	0.07315448279085379	
10.383588113790072	0.166129228848902	0.7650788812568112	0.12265267313591363	1.2140474292072927	0.07044776875585727	
10.449848148744534	0.32470171237705203	0.8786132677857169	0.20233482093392888	1.2610285246951778	0.06801904482200741	
10.536433685396952	0.5101691723786741	0.9755605636034544	0.28027296553563696	1.309487117950013	0.06527806487339387	
10.649228660888374	0.7185825713515713	1.0495471618084256	0.3542781731239858	1.3599559626704387	0.06149700468202945	
10.794048246383753	0.9442076485985591	1.094057901925482	0.4224898664427484	1.4131895356372317	0.05583909594973154	
10.976267462369654	1.179745706474495	1.1027082614418469	0.4835193688558768	1.4701243581515655	0.04740108006984735	
11.200444291601473	1.4167485192123643	1.0695173911407778	0.5365594122792573	1.5318267660573905	0.03526406325284639	
11.46995423089971	1.6461697769367603	0.9891799678093522	0.5814551487224748	1.5994319908201127	0.01855061978603123	
11.786656279957866	1.859012844675227	0.8573436607292592	0.6187281300135946	1.6740762461577028	-0.0035137673909110567	
12.150596453946417	2.0470344762056345	0.6709161727373529	0.6495485516127105	1.756822670551936	-0.03153598747505563	
12.55979811598309	2.2034173306817193	0.42839908741986304	0.6756364414294136	1.8485838609507863	-0.06589382366042133	
13.010163571919955	2.3232681714458123	0.13022024360213222	0.6991003605637279	1.9500475067701737	-0.10668623271881049	
13.495450196946964	2.403890352337922	-0.22094008437213616	0.7222371605205804	2.0616037976449286	-0.15369442719858847	
14.007324647892082	2.4447906578736136	-0.6198681995040866	0.7473052841724944	2.183275861210304	-0.20635629993433657	
14.535483308132568	2.447415757587671	-1.058608763406379	0.776289456715963	2.314652984333281	-0.2637547517836573	
15.06785060124933	2.414637288828843	-1.5263972842842903	0.8106826082639709	2.4548307438184334	-0.32462463585867923	
15.59087406019016	2.350120438928935	-2.009838634537922	0.8513336575709821	2.6023726525994215	-0.387385351046553	
16.089873627771137	2.257762595788674	-2.4932956254560708	0.8983653243167106	2.7552861551578656	-0.45019020691683304	
16.54945951870781	2.1412652515512183	-2.9595147998295976	0.951161367825396	2.9110165514719233	-0.5109935574373446	
16.95401758409694	2.0038842853041707	-3.3904971851446	1.0084200905490521	3.0664605393873865	-0.5676347452179684	
17.288266073079125	1.8483796544332218	-3.7686384561209962	1.068269736725241	3.218001527418949	-0.6179394461817708	
17.537831757729034	1.6771501066398518	-4.078053168597874	1.1284431108260042	3.3615802871776537	-0.6598317418494749	
17.68978474113508	1.4924538989184306	-4.305921530760207	1.1864726986124254	3.492788173677384	-0.6914444269094131	
17.733111880551853	1.2966423665940539	-4.443754228112178	1.2398909118417447	3.606982513852904	-0.7112224126963368	
17.659106077499505	1.0923585445237014	-4.488436568886369	1.286420952550023	3.6994238624905678	-0.718012301398446	
17.461675647611763	0.8826704967927976	-4.442925448783313	1.3241450396337677	3.7654353058016046	-0.7111339592818978	
17.137524711143527	0.6711236784061174	-4.316269500419771	1.35162135797753	3.800575433151817	-0.6904158775705673	
16.68624744386861	0.46174368716274117	-4.122927059886046	1.367935607415887	3.8008032085921006	-0.6561931641201856	
16.11040495590295	0.2590145326548859	-3.8815602095727466	1.3726978350871442	3.7626277325856354	-0.6092781282544203	
15.415587995019504	0.0678228908863825	-3.613403621367076	1.3659899269521278	3.6832354671323055	-0.5509049807898085	
14.610485494856286	-0.10664985404234485	-3.3403459965319082	1.3482744745970765	3.5605941298695356	-0.4826537999522459	
13.706916617698122	-0.2591158427571679	-3.082889224894661	1.320275721238542	3.3935250326011634	-0.40635425999702024	
12.719762497370562	-0.3844325657497227	-2.8583518052702424	1.2828589884797321	3.181738252110698	-0.32397898064277575	
11.666822425197669	-0.47789568543268107	-2.6794939923236183	1.2369312296398078	2.9258549213385803	-0.23753823798550813	
10.568542750849813	-0.5355696253938796	-2.5536698459164064	1.1833693452845429	2.627413867100853	-0.1489776182105393	
9.447594025694691	-0.5546479110965734	-2.482585526487199	1.1229840953501005	2.2888619461409023	-0.06008318552947199	
8.328260077444135	-0.5338214252607483	-2.462726826713098	1.056527132692218	1.9135206990229257	0.027600227580403206	
7.2356424396957495	-0.47353646541272343	-2.4864381462687204	0.9847390157842385	1.5055051923170737	0.11282163826278752	
6.194791267117155	-0.37610366864093325	-2.543258810004335	0.9084154885458816	1.069615512037985	0.19464997573503587	
5.229787732757467	-0.24564385285372353	-2.6213824902700398	0.8284739095666359	0.6111976260165966	0.2724765476417376	
4.362820654649864	-0.08787641689621409	-2.7091317019968573	0.7460070769429372	0.13597357326018766	0.3459958428288043	
3.6132930138961563	0.09022259764788036	-2.7963535082276425	0.6623169804461863	-0.350157624222692	0.41516801956729815	
2.9971404032584448	0.28086217158506194	-2.8754768034493714	0.5789215103987204	-0.8413339793755235	0.4801635177520161	
2.5264438326473733	0.47588899889502967	-2.9420151996902146	0.4975411649807706	-1.3319217273949335	0.5413053823608382	
2.209311200695587	0.6672353977720223	-2.9945218389461674	0.4200707801087442	-1.8166714765773113	0.5990165555961553	
2.0500154550895044	0.8473600217507107	-3.0340313930682563	0.34853620853282885	-2.290832006556524	0.6537750873427289	
2.0493276164358227	1.009679218261576	-3.063072775952518	0.2850350899300755	-2.750220655278742	0.7060804694817319	
2.205009155974032	1.14894686344825	-3.0843871468698216	0.23165867894907322	-3.191241923836757	0.7564338320470615	
2.5123237103941407	1.2615169525369208	-3.099666873080441	0.19040071259368138	-3.610861442672703	0.8053326794203903	
2.9644452471035256	1.3455025479938927	-3.1085016361761637	0.16305796683899168	-4.006558364821864	0.8532748597859376	
3.5527580032538744	1.4008386540984281	-3.107614088642998	0.15112620765255053	-4.376260645874068	0.900765551428325	
4.26703164113391	1.4292760106627735	-3.0904378237434207	0.15569419025567885	-4.718269660489768	0.9483207196689044	
5.095481724158272	1.4343317912315128	-3.0470893163447417	0.17733971729544554	-5.0311754486903615	0.9964585215607423	
6.024771366839556	1.4212049986559627	-2.964760596701153	0.21604430118015608	-5.313765789053106	1.0456723819159768	
7.039971616045558	1.396705291398408	-2.828355973564292	0.27111736303667827	-5.564940927198211	1.096386580767621	
8.124527735195723	1.3691644107523058	-2.621320095047822	0.34113049671188866	-5.783633981841768	1.1488974210383358	
9.26026345753507	1.3482906008577118	-2.3266116719051944	0.42386299808475886	-5.96874055853219	1.2033042332498058	
10.427455093646177	1.3448981308426062	-1.927811613201666	0.5162601320029002	-6.1190621505193965	1.2594342880156522	
11.60505078958893	1.3704083373386202	-1.4102944434583122	0.6144385486332598	-6.233275428394243	1.3167799543003542	
12.771021296962864	1.4361438054984255	-0.7623917670436835	0.7137427510451418	-6.309931685283061	1.37445611908842	
13.902844059583655	1.5524593018206592	0.02345560745356577	0.8088642153685153	-6.347485704425132	1.4311823439132094	
14.978117290206205	1.7277810858838216	0.9495942026176258	0.8940331045987602	-6.3443542206910575	1.485295664281502	
15.97530377633548	1.9676274806473597	2.012103136577375	0.963288001094926	-6.29900571276691	1.5347981489146991	
16.874553699400366	2.2738119682934808	3.199987032816842	1.0108161170889156	-6.2100802826290495	1.577450033581245	
17.658505005774742	2.643978786835835	4.494716401671205	1.0313088844599037	-6.076527340376438	1.6108971086169006	
18.313046815385437	3.0714491366827747	5.870070191620375	1.0203054592255185	-5.8977578516256	1.6328203785794668	
18.827994655528535	3.545388252991141	7.292346218061864	0.9744988650418598	-5.673801171018624	1.6410977702872767	
19.197670626477077	4.051277796572135	8.720975866478826	0.8919967467857032	-5.405465956800312	1.6339715178843377	
19.4213314538062	4.571733369715791	10.109724170492186	0.7725203113917578	-5.094498067613367	1.610212095503903	
19.503025436425126	5.0874874707657725	11.408289722467435	0.6173962949635142	-4.7436232822953555	1.569193311615706	
19.452002788503737	5.5787875462985115	12.564967112562838	0.429760975910163	-4.356763778069893	1.5110829040925837	
19.281008912473453	6.026110205868738	13.528225932993156	0.2139904214399445	-3.938693646298212	1.4366302068275734	
