18.72830533705461	3.872735301017496	14.486558500515526	-0.4807886452804358	-2.9540177050174345	1.0095054991047914	
18.254774025686192	4.044346953848854	14.645781148420175	-0.5494851873155592	-2.4418057507927013	0.9095008242662822	
17.731702776014952	4.172486412916795	14.464795702882881	-0.6182157956657945	-1.928600235199203	0.8062765905018496	
17.181605309002492	4.248328974488987	13.941841416822928	-0.6847163973918304	-1.4237363148013713	0.7028238657725734	
16.62573408436538	4.266305262661076	13.090921911371408	-0.7466553173295358	-0.936073435954616	0.6021668372439033	
16.08295452655525	4.225266851751252	11.946874212549783	-0.8017675802876945	-0.47355439921308096	0.5072357175854157	
15.568963491772735	4.127875038921988	10.562108800406142	-0.8480901871100539	-0.0428759263040668	0.42065365686819695	
15.09564499162438	3.9800619521893923	9.004722015617398	-0.884115246776223	0.35079060555420805	0.34457078169457583	
14.670653210792448	3.789847453619047	7.353697906959398	-0.908898130011158	0.7039608091269226	0.28051582610673587	
14.297258661979559	3.565918000629978	5.692571894750547	-0.922075398103549	1.0148377846713517	0.2293107173526462	
13.974441379166564	3.3162450962366723	4.102240930779001	-0.9238112015792966	1.28316872270445	0.19104629381936009	
13.697287063184097	3.0470183169833147	2.653893900701321	-0.9146936750597408	1.5099876519944953	0.1651142158958786	
13.457737813502265	2.7621448100795054	1.4031650316084916	-0.8956033688466348	1.697289587937812	0.1502876310960008	
13.245684394211668	2.463470923656686	0.3864324613277064	-0.8675756147482308	1.8476935843556315	0.1448391669223071	
13.050308674681276	2.151739462264374	-0.3802020486682712	-0.8316726536970244	1.9641469338926125	0.1466875498272051	
12.861427180278469	1.8280046146982447	-0.8991597444679852	-0.7888819527843408	2.049702809542572	0.15356742411014004	
12.670545850492507	1.49497633418347	-1.1880816460816515	-0.7400572492681486	2.10737488180629	0.16320513702765382	
12.471525821669873	1.1579244296940316	-1.2758790254739987	-0.685908963783711	2.140048119963171	0.17349064188943533	
12.260849808752939	0.8249398695061534	-1.1987112791996308	-0.6270429808678543	2.150432368509448	0.18263187918122492	
12.037548461423851	0.506522159877259	-0.9962823185791297	-0.5640383018051263	2.141049336904225	0.18927669872949665	
11.80288412432828	0.21460891972737	-0.7086247439741213	-0.4975489754989163	2.1142450850038856	0.19258960353217494	
11.559873959982074	-0.0387206959407658	-0.37350877481756517	-0.4284092305820897	2.072219216416866	0.19226542378849856	
11.312786878672616	-0.24258200892354087	-0.024541162544658265	-0.357720693342218	2.0170561685429185	0.1884884961252001	
11.066668810929464	-0.3885135942747888	0.31013378220006216	-0.28690430366791353	1.9507525987543894	0.18185000911122087	
10.826911205009432	-0.47147988448943223	0.6085781722182004	-0.217700341217932	1.8752392147651558	0.1732352370919683	
10.59886084667033	-0.49054515263053683	0.8553047443677522	-0.15210630158471122	1.7923964888860577	0.16369426983874327	
10.38745492752908	-0.44913964701042375	1.041090936323273	-0.09225019618365114	1.7040636795309987	0.15430803022383902	
10.19689639600806	-0.3547977449632175	1.1623520458191325	-0.04021278972456497	1.612040491558562	0.1460640210111381	
10.030400972396077	-0.21846480348865932	1.2202585549643505	0.00216718774039226	1.5180811391565705	0.13975655138427642	
9.89003596332999	-0.05349910108942923	1.2197169696892285	0.03348000211920152	1.4238822297139044	0.13591641042352065	
9.776667815790006	0.12551417077650287	1.1682965074924418	0.05290278623839276	1.33106638695761	0.13477344560228433	
9.690020837565033	0.30400623729319776	1.0751906965901084	0.060310680398137195	1.2411636085636548	0.13625252971997778	
9.628833919871273	0.46861779453458285	0.9502799522620341	0.05632907167295488	1.155591778320094	0.140000214078225	
9.591094940718115	0.6081966268666927	0.8033515293575588	0.042305629593185456	1.0756394567097465	0.14543990446974464	
9.574290653795122	0.7144985590562085	0.6435227457801412	0.02021090813179238	1.0024507875822137	0.15184222023747473	
9.575633083671283	0.7825746227812842	0.47884682050410354	-0.007517863601394427	0.9370111476617133	0.1584009267187634	
9.592243170753187	0.8108301570381626	0.31608174382189863	-0.038175538542052426	0.8801331601583939	0.16430751191551618	
9.621283575737714	0.8007710321841773	0.16060037466181507	-0.06900975443378703	0.8324430039921614	0.16881776863846476	
9.66004646550425	0.756481621164931	0.016414206112553745	-0.09744256151913987	0.7943672739652787	0.1713058701244131	
9.706006467654452	0.6838891140983699	-0.1136974057272204	-0.1212623013599666	0.766125420674013	0.17130009498834697	
9.756852341718835	0.5899773028922233	-0.22799605859625371	-0.13876069884486544	0.7477293470622853	0.16849963765250622	
9.81050986740587	0.48205912221608604	-0.3255634137946998	-0.14881059970068206	0.7389909021926467	0.16277612928453983	
9.865163007854182	0.36717433929351256	-0.40607010623265744	-0.15088269372619967	0.7395388221919593	0.15416272472895148	
9.919277602407789	0.2516598847731846	-0.4695575633267714	-0.14500558204407057	0.7488451630751513	0.1428343729721377	
9.971629654120411	0.1409066290478739	-0.5162541419927718	-0.13167928573966256	0.7662602365145053	0.12908304206448293	
10.021331513141073	0.03930235036437388	-0.5464458257753534	-0.11175287505456592	0.7910546071455545	0.11328986182287842	
10.067854468817277	-0.04969722314448263	-0.5604148522195405	-0.08629419141391222	0.8224615114561151	0.09589766692611801	
10.11105155457431	-0.12344065108883902	-0.5584380610217509	-0.05647042356357642	0.8597152894167043	0.07738445615356958	
10.151182629312709	-0.1799432408213767	-0.5408320328642608	-0.023449050331784075	0.9020832644142333	0.058236783736011606	
10.188943342203265	-0.2177750552560952	-0.508031128238253	0.01167505835044615	0.9488893079548761	0.038922375104923274	
10.225498529529949	-0.2359936737597008	-0.4606870192309488	0.04792687895855376	0.9995291310050672	0.01986099743468226	
10.262508987454224	-0.23411346095344776	-0.3997761000348143	0.08447615795232478	1.0534776667834487	0.0013945700872693132	
10.302144207924625	-0.212089743071855	-0.3267022908834222	0.12064861460590091	1.1102914244104356	-0.016240935995103973	
10.347076221018824	-0.17029349181114256	-0.2433890237359289	0.1559323079423072	1.1696092628011328	-0.032940233849109095	
10.400444667273492	-0.1094574340335432	-0.15235072187474913	0.1899830727720998	1.2311532720350435	-0.04874776101249976	
10.465785282526197	-0.030586393246553066	-0.05673468017845091	0.22263066200805626	1.2947308309617458	-0.06386893553239593	
10.546914869854291	0.0651647942157297	0.03967248474916186	0.2538853964084908	1.3602383589787128	-0.07867228341301313	
10.64776653580762	0.1766286313887028	0.13248565310891458	0.28393968594884084	1.4276649377403479	-0.0936789196408103	
10.772188941452669	0.3027400044284076	0.2168031539318986	0.31315943800233653	1.4970941296033649	-0.10953968011327654	
10.923723965858535	0.4425982174356233	0.28731734989594304	0.34206289945826424	1.5687031794257291	-0.12700204433504955	
11.105375825993372	0.5954534280055188	0.33845031829639644	0.37128465728973037	1.6427583494800044	-0.14686770518609588	
11.31938751392055	0.7606028668752992	0.36451258112315665	0.4015252213739932	1.7196057827385118	-0.1699427801617948	
11.567036645022577	0.9371901770248736	0.35989217973966636	0.4334878208985904	1.7996573984787987	-0.1969822764233739	
11.848479962234798	1.1239205209062044	0.3192920325232972	0.46780626204660847	1.8833699563216468	-0.22863178740911086	
12.162666453306382	1.3187448314070664	0.23803314626881628	0.5049725157749333	1.9712163200432038	-0.26537150475596255	
12.507308775941196	1.5185747166192753	0.11244243768231754	0.5452694258974902	2.0636475287900504	-0.30746443671930224	
12.878905070486	1.719096996203646	-0.0596806324310498	0.5887135138724774	2.1610442263246994	-0.3549118917587737	
13.27279378824075	1.9147495983933536	-0.27855201320260514	0.6350124213607553	2.263657729076317	-0.4074195226647096	
13.683218027281123	2.0988984663644885	-0.5418930573980084	0.6835394896709435	2.3715413872312747	-0.4643759629279983	
14.10339114694962	2.264227140415863	-0.8445313783841888	0.7333321468760399	2.4844777511400347	-0.5248499138651119	
14.525554813733484	2.403258745649601	-1.1782218777472104	0.7831173104063397	2.601910568335016	-0.5876072369634752	
14.941024748756268	2.508917648049831	-1.5317239289831939	0.8313619940002006	2.7228847893639694	-0.6511444781849833	
15.340239941658293	2.5750776683626277	-1.8911850326379513	0.8763504236077425	2.8459995663911197	-0.7137398477292465	
15.712830962894929	2.5970548899266537	-2.2408498464042337	0.9162846402341822	2.969378057094097	-0.77352121913534	
16.047723870829316	2.5720205091777886	-2.564092878565712	0.9494031732578868	3.090655560187974	-0.8285503790431137	
16.333303396049523	2.4992773208516206	-2.8447468888821845	0.974108129404471	3.206993304907125	-0.8769213465589948	
16.557634991903438	2.380336816147872	-3.068565659502499	0.9890845890078487	3.315121329687588	-0.9168616234523529	
16.708730571061924	2.218800349459982	-3.2246560159748743	0.9934057989240975	3.411406391794072	-0.9468267329093878	
16.774857830672882	2.020053326653861	-3.306707528093709	0.9866179218185032	3.491946656500335	-0.9655798297270877	
16.744900560471145	1.7908187078182696	-3.313835848501578	0.9687967952257506	3.5526908423441155	-0.9722491845490974	
16.60879664490257	1.5386409501596245	-3.2508939683742444	0.9405701989138282	3.589578055215215	-0.9663606492729931	
16.35808058807707	1.2713792091882226	-3.1280894097531	0.903092920551568	3.598691902338115	-0.9478418730977431	
15.986511685813447	0.9967974145714956	-2.959927981943669	0.8579713648813171	3.576412279242841	-0.9170015020443593	
15.490764538603205	0.7222809615336464	-2.763726035129478	0.8071511432531866	3.5195558202164317	-0.8744957072803128	
14.87111757456052	0.4546714623617612	-2.5578659398637495	0.7527754136249885	3.4254992067097314	-0.8212866613492064	
14.13205791654749	0.20020092533645137	-2.359995889868309	0.6970261549091173	3.2922818281994886	-0.7585968554374619	
13.282727091649878	-0.03550909792815489	-2.1853510520438397	0.641960750076908	3.118690553829481	-0.6878609067862146	
12.337081294088541	-0.2474286490059429	-2.045391045957085	0.5893586353280229	2.904325420595494	-0.6106712965342062	
11.313664517678784	-0.431137752774773	-1.9469827361218228	0.540600531753969	2.6496413826817937	-0.5287163420679364	
10.235056504082031	-0.5829227909045852	-1.8921582773306502	0.49659145181223574	2.3559736325005747	-0.4437137320943762	
9.127025035781012	-0.6999396625121145	-1.878438282028524	0.4577377902558092	2.0255396014368534	-0.35734283022633645	
8.017455514428832	-0.7804020317561768	-1.8996305123518409	0.42398302438685875	1.6614129584662618	-0.2711809821622873	
6.935141224638611	-0.8237388717658947	-1.9469483643328744	0.39489721848054693	1.267468273201588	-0.18664741955314498	
5.90850038832765	-0.8306581545939746	-2.010290400307498	0.3698081872937907	0.8482891463780651	-0.1049566997224679	
4.964328537297799	-0.8030881464715592	-2.079517740536193	0.34794716843924534	0.40903479108648194	-0.027083241111531087	
4.126655285746747	-0.744035823482467	-2.145636230174356	0.32858346057603727	-0.04472602012904679	0.04626605857992441	
3.415776740649152	-0.6573837819195854	-2.201808314254939	0.3111371699698956	-0.5072113358416517	0.11466947741391448	
2.847552227551931	-0.5476435320524373	-2.2440623374676103	0.2952608257748081	-0.9726387471768428	0.17799633366393952	
2.433022306270935	-0.41967485625386713	-2.271567942005443	0.28088370214685565	-1.4354356903581764	0.2364000994603334	
2.178397436569974	-0.27837112994868973	-2.2863636499270132	0.2682114746108154	-1.8904258507621454	0.29029667263471837	
2.0854129090908646	-0.12833840369687755	-2.292567155911205	0.25767780865897366	-2.332967386927718	0.34032778092069554	
2.151876836560392	0.026380433950705235	-2.2952940018908596	0.24985948823196516	-2.759045041780451	0.3873179471717259	
2.3723217023016065	0.1824819474806107	-2.2994618514712384	0.24536490964551208	-3.1653208901906313	0.4322291337920701	
2.7386688216540205	0.3374331711530756	-2.30865519265719	0.24470988507863398	-3.549148877186485	0.47611706773353857	
3.240829405406642	0.4893408901402928	-2.3241889377897627	0.24819696157110288	-3.9085597687775953	0.5200910463150418	
3.8672034450585597	0.6366831536958771	-2.344476385859415	0.25581829298038544	-4.242216727926003	0.5652747922061515	
4.605059185360239	0.7779978629796706	-2.364779805514943	0.2672063845260058	-4.549336740910094	0.612763687574628	
5.440782850999404	0.9116475587059882	-2.3772608269808164	0.28163488260471736	-4.829587547787445	0.6635734677616147	
6.3600295986492865	1.0357367150612078	-2.3712688704725275	0.2980648653176601	-5.082959169666466	0.7185774058312433	
7.347798891321794	1.148224868092488	-2.3338055149502743	0.3152263253603004	-5.3096139640299	0.7784330575445837	
8.388456980823747	1.2472380306411348	-2.2501051407560144	0.3317203005358515	-5.509722270697754	0.8435020096795947	
9.465733401130542	1.3315337419298878	-2.1043022955999637	0.34612630043758297	-5.683293441430125	0.913769810102166	
10.562730453386274	1.4009893987158644	-1.8801653639682179	0.35709652815205106	-5.83002540371263	0.9887827276530812	
11.661971202393723	1.4569914890779334	-1.5618832936426448	0.3634269069067237	-5.9491887609562655	1.0676065728348056	
12.745515426585309	1.5026431226331418	-1.1349390589073207	0.36410476480405113	-6.039556045836201	1.1488142498635807	
13.795164658114597	1.542738677297791	-0.5870853466831365	0.35833535617612944	-6.099385494150955	1.230506835087214	
14.792770798208384	1.583492752619804	0.09056872607372235	0.34555224078630775	-6.126464508338849	1.3103699208640747	
15.720661563305008	1.6320373549443281	0.9023715861242122	0.32541698489544646	-6.118217729993348	1.3857674191027343	
16.562159090978575	1.6957598695521567	1.8469994395335887	0.2978104703608121	-6.071877335852639	1.4538708653591947	
17.30216186557118	1.781602978474478	2.916451715893106	0.2628209211401274	-5.984695442958021	1.511809710099	
17.92775935427563	1.8953973032526001	4.095276150472696	0.22072727912146212	-5.854187118037302	1.5568352807497658	
18.42884047133034	2.041284388963846	5.360132789835399	0.17197612240128754	-5.678391126756605	1.586488878972342	
18.798652167711303	2.221269383447947	6.679771485291533	0.11715118140128956	-5.456133340876772	1.5987626929973102	
19.03425529070472	2.4349296361713306	8.015509845441937	0.05693531012874076	-5.187276689849594	1.5922412411157878	
19.13681524545589	2.6793025018141896	9.322397081167551	-0.007932453358243644	-4.87293983674893	1.5662106608050947	
19.111506784619905	2.9490257391188544	10.550748484863378	-0.07669482357791269	-4.515574949126059	1.520683619321005	
18.96777179746365	3.236341403569728	11.648696593832568	-0.14860877111685525	-4.11921196583007	1.4565040171322272	
18.71812381658587	3.531840206856512	12.564180135648876	-0.2229523970893585	-3.689085049935799	1.3751393525040747	
