18.61522477378721	4.936512599861226	14.453519572597328	0.2349711554513475	-3.4286013301964564	1.037203255935455	
18.359048940068686	5.060399093803867	14.699146894921121	0.07835710357918388	-2.9625625140022893	0.9568783920748871	
18.048834849337208	5.151308115658475	14.650455645522818	-0.08591454480518369	-2.485754005111061	0.8694893371567438	
17.700155454160463	5.205895788908855	14.301396490233138	-0.25404615140049747	-2.005740485066281	0.7775811292213614	
17.32814617410624	5.222285769377697	13.657048144926373	-0.42221129302671107	-1.530004398970933	0.6838245060718882	
16.946844696218996	5.200725331091394	12.740026511731063	-0.5866395390228984	-1.0657277555729907	0.5910040670570402	
16.568447707018787	5.142802310302771	11.587864467741733	-0.743827269997179	-0.6194555926647283	0.5018126857069722	
16.202722132966237	5.050825472196069	10.252132761257606	-0.8906621811633163	-0.19683591663167033	0.4187077346778449	
15.85661863711148	4.926942144297929	8.794948199017833	-1.024493605992285	0.19755096897329197	0.3437725625823553	
15.534021630664189	4.772332837043195	7.284575760695858	-1.143152070584936	0.5602755143003487	0.2786067159277545	
15.235657532314692	4.5865888423795615	5.79030853528682	-1.244928860001961	0.8890529237316257	0.22424677614013655	
14.959183180916902	4.3673904177995215	4.376666692428234	-1.3285316693399112	1.1826544028185346	0.18111305337718037	
14.699646423639727	4.110820782725688	3.0980249881479214	-1.3930274580767648	1.4407191908430246	0.1490063196387006	
14.450271171580958	3.8123492045707756	1.9951114601280628	-1.4378060093715563	1.6635457645750067	0.1271453285198032	
14.203412910228026	3.468229717987433	1.0932685047339703	-1.4625727498993202	1.8519136148244597	0.11422883774768935	
13.951618659096127	3.0771247966757325	0.4023556393410897	-1.4673637932769699	2.0069396231968955	0.10852831081664845	
13.688690783697067	2.6417114716138084	-0.08186447053496756	-1.452579574061712	2.129979985640207	0.10802011332468589	
13.410445144905106	2.169565157635721	-0.37496563959202966	-1.4190065997629497	2.222573017364105	0.11056331008031767	
13.115072050304251	1.6732004391069375	-0.5009721506418247	-1.367824717664637	2.2864171243169826	0.11408471343229495	
12.803188447452818	1.169436838053556	-0.48954741615226854	-1.3006040659234248	2.3233679505432434	0.11675833315328933	
12.47762646433852	0.6781567434017635	-0.373283744485802	-1.2192978008728024	2.3354457011314285	0.11717070766413312	
12.142984195711533	0.22048699235209057	-0.1851138271389716	-1.1262400986257963	2.324840486859045	0.1144499689447366	
11.805050875572888	-0.18324825016050184	0.04384089249607574	-1.0241484113432893	2.29389778228845	0.10831249694584227	
11.470291673694486	-0.5154344638866754	0.28587452764235555	-0.9161278178808054	2.2450892253203683	0.09904469812415015	
11.145389664996937	-0.7628546324585683	0.517843679207236	-0.8056545768517129	2.1809720620440727	0.0874259697928018	
10.836842886846124	-0.9180867765488658	0.7218930015450347	-0.69651757915737	2.1041411059930377	0.07459662260628457	
10.550609501052007	-0.9802361152823708	0.8855987675260195	-0.592677817361463	2.017180525943144	0.06187407202753802	
10.291814878916954	-0.9548124109460296	1.00161409171758	-0.4980580680114209	1.9226264958340125	0.05056780035557237	
10.06450342033101	-0.8530446135221398	1.0671210216619662	-0.4162966461731783	1.8229391248934206	0.041821807444208374	
9.871441545501986	-0.6906822614685632	1.083127854281942	-0.35048173228812823	1.7204802610415826	0.036489867039551614	
9.71398129743472	-0.48633471827475827	1.0536807288327883	-0.3028787931779123	1.6174927590953387	0.03505160127721842	
9.592073183017483	-0.2595080415868124	0.9849984170110817	-0.27473318606404934	1.5160813061480862	0.03759505572291666	
9.504393164922067	-0.028851703427162836	0.884724073910324	-0.2661746949833564	1.41819101537947	0.04384784953454896	
9.44854136328736	0.18928762291905443	0.7612870137840667	-0.2762074276594582	1.3255825539499184	0.05323618874837489	
9.421298320689726	0.3819707017074524	0.623346747427725	-0.3027839677982272	1.239804121267015	0.06496458397572684	
9.41892015466778	0.5403325291908304	0.47930899829864665	-0.34297022157424956	1.162160967351693	0.07811024256188458	
9.437424427089196	0.6596001263876787	0.33695641649373487	-0.3931962717172139	1.0936953185392484	0.09171750187105698	
9.47281235848212	0.7387304688341867	0.20318283059111036	-0.4495143313555978	1.035171601140043	0.10487598344667516	
9.521239231379022	0.7797798415331073	0.08380105485193697	-0.5078547444182163	0.9870680962769538	0.11678465457369869	
9.57913754750396	0.7870797138950922	-0.01659284940204165	-0.5642724268636563	0.9495741685328247	0.1268023613246086	
9.643289538565453	0.7662838746945988	-0.0946784277347881	-0.6151642940708815	0.9225995669939611	0.1344792698947403	
9.710856396548659	0.7235122824278306	-0.14838316580489927	-0.6574207703781805	0.9057983966497727	0.13956423641400198	
9.779398633353004	0.6647064019234344	-0.17682573821797018	-0.6885255345973968	0.8985982454327062	0.1419983411425173	
9.846897170163382	0.5951775558912872	-0.1802274860481469	-0.7066102147571722	0.900237223674623	0.1418962478167288	
9.911787832671102	0.5193630534992718	-0.1598003407969137	-0.710470338226694	0.909809519620545	0.1395173895072487	
9.972995775196841	0.4408432805245237	-0.11758399611977846	-0.6995232114939065	0.926322819980827	0.13522563120877834	
10.029964011338675	0.36254584452048016	-0.05627091431027835	-0.6737351954952618	0.9487566189458507	0.12944755716152193	
10.082676954727143	0.28703870164953577	0.02096040103544	-0.6335421595611402	0.976117737931309	0.12263279775467194	
10.131674395344922	0.21686953272498102	0.11060478934934596	-0.5797673922924476	1.0074928026747758	0.11521591721219945	
10.17805557394866	0.15490254350562438	0.2089752487894538	-0.5135463041337599	1.0420964546062095	0.10757972473684137	
10.22345549818325	0.10453899605114793	0.3123176556968635	-0.43626243038745816	1.0793044029199004	0.10002485310846407	
10.270018341937197	0.06977515030208761	0.41687758438039	-0.34950749401271974	1.1186733835706284	0.09274550105785356	
10.320369365916024	0.055108280010343416	0.5189250250616824	-0.25505490517258694	1.1599512402163994	0.08580966424286601	
10.377586535877805	0.06528581470419861	0.6147364588906853	-0.15483957615781158	1.2030791013254734	0.07914294395101955	
10.445164894806336	0.1048853936693757	0.7005315210135925	-0.05093109598374196	1.2481846292030332	0.07251823165628954	
10.526962400630499	0.17782082258675339	0.7723897963404693	0.054512232866086974	1.2955657356734815	0.06555648999737244	
10.627134380545346	0.28686053709381426	0.8261794862580677	0.15930597672740415	1.3456734225450389	0.05773366910828512	
10.75004431128323	0.43319481863673664	0.8575171935370216	0.2613196105070288	1.39909210548955	0.04839510091619447	
10.900137806035149	0.6160759084425024	0.861779195846246	0.3585763498513022	1.456517257326468	0.03677808515197117	
11.081762253424353	0.8326596991033332	0.8341989658589495	0.4493611657313756	1.5187260650076746	0.02204697515062824	
11.298949267155043	1.078087484531885	0.7700401266781031	0.5323120129541754	1.586543676989958	0.003335772581177297	
11.555168988158565	1.3457300852770209	0.6648221119048322	0.6064900987545494	1.660806694113173	-0.02020519539903753	
11.853059491177289	1.6275859905519126	0.5145945508824479	0.6714228270618361	1.7423223372308378	-0.04935783931625039	
12.194123194670565	1.9148238533502902	0.3162730264509594	0.7271118247659646	1.8318207187796602	-0.08477800870481594	
12.578462735145665	2.1984081350320817	0.06798526546088758	0.7739775214313855	1.9299046391567694	-0.12693879547982947	
13.004567051608372	2.469635297662641	-0.230589666297319	0.8127611127584528	2.0369991612099976	-0.1760788111810032	
13.469141859622146	2.720539030259178	-0.5778868494317814	0.8443959206582747	2.1532990832470147	-0.23215444755910009	
13.966985491460878	2.944138460601782	-0.9701283545712457	0.8698527018084924	2.2787123291403604	-0.29479609368121135	
14.490928334922284	3.1344778712938774	-1.4010350893187715	0.8899678286110675	2.412798512166441	-0.36327212552565624	
15.03189657529818	3.2864570314540082	-1.8617261160498872	0.9052998573633095	2.554718980558561	-0.43647854556145127	
15.57901810615764	3.3956122825940374	-2.3407654789323833	0.9160367260721021	2.7031915342428245	-0.5129446562188201	
16.119780731919214	3.45792158107239	-2.8243916062009906	0.9219567900267693	2.856452764440276	-0.5908576428631902	
16.640242725750213	3.469701706473924	-3.2969646727384987	0.9224499446609193	3.01222649304001	-0.668107728576202	
17.1253413342643	3.427676747084912	-3.7417357324737672	0.9166177136839886	3.1677145692169093	-0.7423648828319296	
17.559275318397976	3.3292242790037525	-4.141850479218338	0.9034300526123553	3.319618146970362	-0.8111781331344525	
17.925920384622614	3.172745804228804	-4.48147124366212	0.8819031333526571	3.4641760562332977	-0.8720841725848649	
18.209295120443954	2.9581123397651186	-4.746990779403814	0.8512865988703338	3.597226353946044	-0.9227252714569019	
18.394104505335243	2.6871593389089434	-4.928333275314182	0.8112501237674427	3.7142955222132277	-0.9609779046756046	
18.466326728637274	2.364045023036928	-5.0200307884454025	0.762019590233928	3.810728185330041	-0.9850715200232026	
18.413792712181657	1.9953851740533082	-5.021879792403834	0.7044397308829976	3.881836373561498	-0.9936817102986363	
18.22677291286635	1.5901818893032769	-4.939191240645655	0.6399742328538288	3.923062392545094	-0.9860010433305186	
17.898577377281924	1.1595351390714075	-4.782590406466996	0.5706438069178171	3.9301558932744243	-0.9617865109899517	
17.426178220282456	0.7161129710787928	-4.567273371860196	0.4988976007780357	3.8993655012975132	-0.9213799688622916	
16.81065009091336	0.27342051996244005	-4.31166408951208	0.4274282425234658	3.8276022909004888	-0.8656793559479566	
16.057476326114816	-0.15493268559577647	-4.035891485842048	0.3589837630235192	3.7125729901940776	-0.7960873339717693	
15.176693761054327	-0.5559307933301791	-3.760168739317807	0.2961849789383208	3.552885097304843	-0.7144389260279478	
14.182865629710035	-0.9177915495701442	-3.5031253347061977	0.24135262874115326	3.3481291086342018	-0.6229091837474471	
13.094759115247568	-1.2304744262793141	-3.280253896162387	0.1963595907847088	3.0989203720335694	-0.5238962229360059	
11.93470582482585	-1.485956554540512	-3.1028558095512806	0.16253820210662218	2.8068826910082634	-0.4198970861504606	
10.727855736511986	-1.6783600851161702	-2.9774555363208046	0.1406302506626163	2.47460975499093	-0.3133948489788473	
9.501318292342924	-1.8039555914173602	-2.905663862715933	0.1307790051107945	2.105596041487114	-0.20675520563373698	
8.283205641677236	-1.8610786685708693	-2.884471872262641	0.13256090688697927	1.7041379175193376	-0.10213130224627548	
7.101609722674342	-1.8499475058268229	-2.9070826426437835	0.14506984921523977	1.2751781497902903	-0.001386688127637932	
5.983656466492142	-1.7724971577013164	-2.9640228573052516	0.16702143852226664	0.8241229520107598	0.09396037689885982	
4.954627996430064	-1.6322825763001714	-3.044360934085328	0.1968578690855365	0.3566494731442089	0.18277828885555397	
4.037141259446852	-1.4344253174123713	-3.1369905689103312	0.2328552396033844	-0.12149749966484318	0.2643472338667986	
3.250380482960776	-1.1855763817599834	-3.2318869106827885	0.27323555388209936	-0.6047159033602739	0.33836504181750576	
2.609616354175141	-0.8937616005500786	-3.320972676994786	0.31627908999737187	-1.0877251081160586	0.4049148132842828	
2.125961163574622	-0.5681166424490763	-3.398451798785822	0.36042394323731974	-1.5656917931623398	0.46441543511971894	
1.8063146255164082	-0.21851360972097	-3.4607071623169716	0.40435249975984605	-2.0343119115849086	0.5175615998727606	
1.6534770022976053	0.14491986750074282	-3.5058120351923647	0.4470631239430396	-2.4898537211159457	0.5652565357665119	
1.666453101720502	0.5123705649786812	-3.532700351508497	0.4879157573419078	-2.9291584786034437	0.6085397973828661	
1.840936904697351	0.874857136624786	-3.5402347415060658	0.5266311826294207	-3.349596619519884	0.648519939693778	
2.1697614685810964	1.2246340185584192	-3.526397759635981	0.5632593030149443	-3.749014453256964	0.6863200325166038	
2.643329537932177	1.555486018694238	-3.4876431677411603	0.598118357278359	-4.12567233514542	0.7230309252089661	
3.2499993716672924	1.862923306417828	-3.418442879650472	0.6317058442278557	-4.478178615015036	0.7596686161008198	
3.976456324019277	2.1442288642714127	-3.3111528649060697	0.6645802354239366	-4.805412816637823	0.7971340408655155	
4.808031533409692	2.398376855057401	-3.1561959285037804	0.697237705921319	-5.106446998034864	0.836175193367678	
5.7289538778089835	2.625887909689422	-2.942438984136828	0.7299964063557086	-5.38047045367334	0.8773472801188378	
6.722571638433738	2.82861454439341	-2.657747603423559	0.7628923001825813	-5.626713163931746	0.9209707433768913	
7.771558522075409	3.009454226609103	-2.289720281522053	0.79559206268188	-5.844365327072217	0.967084555075386	
8.858139291842246	3.171970015735892	-1.8265469014886637	0.8273551504308922	-6.032500276730555	1.015410520149813	
9.96431727283488	3.3200027422621017	-1.2578564234282512	0.857044667221312	-6.190011508363247	1.0653307890215646	
11.07211305708548	3.4572939547561425	-0.5755515814923573	0.883178266789234	-6.3155654130664285	1.1158797259213709	
12.16382519645919	3.587127081621747	0.22535463533331532	0.9040182127159062	-6.4075736266573955	1.1657543297582673	
13.222322869087431	3.712011718911564	1.1458932561672277	0.9177027849667914	-6.464196514393625	1.2133527820649481	
14.231328327813186	3.833498563081234	2.1824787596272146	0.9223980887479553	-6.483395653487071	1.2568515977320653	
15.175693816361198	3.9521126125674577	3.326340356209932	0.9164390051449375	-6.463022873346816	1.2943017886011143	
16.04168208076684	4.06738893242366	4.563060581928729	0.8984539587841772	-6.400944514806134	1.3237413547671482	
16.81727432121292	4.17800150226946	5.872202066689554	0.8674698176967752	-6.2952052740247595	1.3433230736649393	
17.49248307907344	4.281990181833971	7.227205519498231	0.8229775489930887	-6.144228164641283	1.3514473000005427	
18.059622412835296	4.377032138582853	8.59570706299229	0.7649458189546425	-5.947014667433055	1.346871197686041	
18.513564395415102	4.4607041889522385	9.940101693938997	0.6938049370699211	-5.703332096576912	1.3287920973332856	
18.8519812353607	4.530741535798519	11.218508824900585	0.6104040701847313	-5.413890633332027	1.2969077274184395	
19.075574657005266	4.585286883095869	12.386226034744663	0.5159459476849021	-5.080508300579565	1.251454060265913	
19.18798826235385	4.62304115277779	13.397436482250336	0.411893674549794	-4.706136620773909	1.193175362616047	
19.1961533468102	4.643494847556487	14.208775549319693	0.2998808161756124	-4.295072988450336	1.1233618363554116	
19.109055161264184	4.646669629654961	14.779393175058564	0.1816175319704006	-3.8524751248639055	1.0436392884876775	
