19.34728565014798	4.565374978393741	14.846492183620516	-0.1492088975668529	-3.447597341230258	0.9245355416321832	
19.056237012370836	4.367514420689433	14.969172519942179	-0.19349352824333382	-2.922856023705571	0.8248516090763593	
18.704612477098763	4.141112407677003	14.753522843922433	-0.22726529266621337	-2.3872726728363975	0.7213921118746982	
18.311823352038584	3.896541161932289	14.203382094949257	-0.25176144751793217	-1.8506209285471142	0.617178266323345	
17.896135860055654	3.6450428339115284	13.337690675724424	-0.26887265463821325	-1.3224845095899185	0.5151944574544159	
17.473515506052863	3.398412154967319	12.195888183780664	-0.28128290398524525	-0.8118923237431973	0.41826177088563155	
17.056779785627516	3.1676439109699284	10.833650481882643	-0.29212782687326644	-0.32690213547278146	0.328865717853547	
16.65493643865019	2.9617082383711306	9.320461917108066	-0.3047515316997436	0.12571255209551668	0.2490206854374869	
16.272870686006314	2.786137283890067	7.734085032438547	-0.3223333358613973	0.5406685700542352	0.1801648677371846	
15.911420924861671	2.6418731119806997	6.153963606793591	-0.3475056669843678	0.914222332944134	0.12311162413988067	
15.567805149320613	2.524616812232606	4.654377648371618	-0.3820004461182882	1.244101360486177	0.07804543031779426	
15.23642105775682	2.424963875298783	3.298214586916982	-0.426368984828616	1.5293452560834317	0.04455640775249629	
14.909982555507028	2.3295252442220415	2.1323070760140004	-0.47982247040623793	1.7700978898003707	0.021703899259427884	
14.580911091026893	2.2231176939464175	1.185059924184512	-0.5402359485899124	1.9673955898739492	0.008101610861553773	
14.242709480897181	2.091612159712792	0.4669249142524973	-0.6043620475962104	2.122973854104139	0.0020284332236109046	
13.891011205086976	1.9245715883125634	-0.02742764570821704	-0.6681856447873866	2.2391147590604645	0.0015551751671994201	
13.524205114824815	1.717175987811468	-0.3160797842992742	-0.7273588473463968	2.3185215055632535	0.004686844007142092	
13.143599151525715	1.4711456208087885	-0.42649877422962035	-0.777656083438539	2.3642136301932326	0.009513821294640668	
12.753158193874139	1.1945926242301224	-0.3922068990657048	-0.8153939220231144	2.379442042614338	0.014362017620827594	
12.358874164004954	0.9008492154527427	-0.24961266755920752	-0.8377587057613872	2.3676202768860977	0.017921810687675815	
11.967963218554521	0.6066604469795414	-0.035248192145083894	-0.8430093719536214	2.3322649742498345	0.019331658791021552	
11.588086706739592	0.3301573501343725	0.21651457143688055	-0.8305857232634556	2.2769358687215306	0.018215193059347077	
11.226677458320186	0.08878794429879823	0.47528260661117966	-0.8011308104790151	2.2051694949023215	0.014669346044426646	
10.890425570628283	-0.10261523625097005	0.7159618826216846	-0.7564308261232088	2.1204078491264644	0.009205276463945864	
10.584928053129277	-0.23348381848725713	0.9195637626929597	-0.6992670888655829	2.0259268123211616	0.0026460488324705545	
10.314493889212148	-0.2985584238549841	1.0733539879269638	-0.6331646190823816	1.9247781915657456	-0.0040098086193844544	
10.082036301015082	-0.29826706027523064	1.170532503849833	-0.562086393349434	1.819749313162752	-0.009730195449840467	
9.889019717383771	-0.23848002557017403	1.2095754806265209	-0.4901016706998931	1.7133390019685917	-0.013582955304515679	
9.735462140701298	-0.1296950362402043	1.1933318299524864	-0.42105581956748417	1.607749098350399	-0.014848606586482266	
9.619999001329706	0.014234489544267582	1.127988537189666	-0.3582665578522408	1.5048879599498903	-0.013102202666914885	
9.540043189334916	0.17770384417389165	1.0219780685903814	-0.3042806300233156	1.4063855066292468	-0.008250672640257842	
9.492039082087208	0.344992833308166	0.884968956823324	-0.26072762899212704	1.3136157890549984	-0.0005204934307476705	
9.471761984217204	0.5017103249837956	0.7270208886614722	-0.22826182074231294	1.227718714704506	0.009589310018720371	
9.474638679294191	0.6359567785825313	0.5578924399948592	-0.20659056222673491	1.1496202021139377	0.021379410287797676	
9.496055327729442	0.7391231445069332	0.3865044099272153	-0.19458222625437813	1.080048913950446	0.03403640352449908	
9.531622244214935	0.8062829218033841	0.22054962583558707	-0.19044329655172976	1.0195478422336954	0.04672226775022397	
9.577357278668329	0.8360910537331817	0.06628076441848046	-0.19195090371850201	0.968483467445584	0.05865341315232032	
9.629785676653553	0.830341571210628	-0.07155261636278853	-0.19669027364242256	0.927050600871221	0.06915938538231099	
9.685979348503373	0.7933086320696101	-0.18965131054968254	-0.20227519025755872	0.8952749752186199	0.07772185606362926	
9.743552571923074	0.7309644569981149	-0.28601960921583175	-0.20653556252774172	0.8730163528569928	0.08399461067818201	
9.800632391592904	0.650176019657961	-0.35975615268358824	-0.20766070287206187	0.859973881653631	0.08780673669401708	
9.85581231362762	0.5579769966474115	-0.4108076324732324	-0.2042858740720533	0.855697709465671	0.08914948243140888	
9.908097167821067	0.4610321563150974	-0.4397320467071177	-0.19551600435466732	0.8596087589594856	0.08815021111658819	
9.956852079655935	0.3653123776186964	-0.4475104781946398	-0.18090616579706034	0.871023540546715	0.08504099150659969	
10.001756876371903	0.27595194449707344	-0.43540720013460177	-0.16040911480483186	0.889183703050573	0.08012406426760227	
10.042771673822658	0.19725663313940245	-0.4048784273552456	-0.13430148991939983	0.9132886563796175	0.07373678006795814	
10.080122265164416	0.1328190319655959	-0.3575249257450338	-0.10310086472018778	0.9425296380228838	0.06621768808490809	
10.11430824098276	0.08569365419796603	-0.29507727007367535	-0.06748537690081914	0.9761219914118152	0.057876192738177484	
10.14613520383165	0.05855240670142422	-0.21940306709011898	-0.02823328750578824	1.0133321353601503	0.0489676336159601	
10.17676323821154	0.05377948241430595	-0.13252783248780367	0.013815815018174764	1.0534992356708373	0.03967294384218038	
10.207761352797025	0.07348302091369047	-0.03666730524391583	0.057780988837296945	1.096051801963242	0.030082625183269433	
10.241159655246538	0.11940721981998911	0.06572540011405359	0.10274628517433888	1.140520445670559	0.02018437387289966	
10.279484065515236	0.1927442426690483	0.17189383585066276	0.14776282943415245	1.18654754578029	0.009855084098519852	
10.325755874510413	0.29388836886198877	0.2787019954809651	0.19185759228203325	1.2338940283098787	-0.001141045476206198	
10.383457975816311	0.42217562311510287	0.38255945029694655	0.23405505055013792	1.2824462148405742	-0.013149811385186802	
10.45646052566816	0.5756561575307744	0.47936810759062953	0.27341473918760417	1.3322225786619735	-0.026618672040850326	
10.548901863304215	0.750943982797361	0.5645096084266026	0.3090850193664118	1.3833801571597255	-0.04208216381004573	
10.665018837873713	0.9431850297380455	0.6328910292170534	0.34037263800458795	1.436220368135502	-0.060140210749239385	
10.808929472858996	1.146213122294468	0.6790691779822629	0.36681718019072196	1.4911895082101598	-0.08142789407695578	
10.984394332112988	1.3528694243388104	0.6974362998079898	0.3882577738340503	1.5488734316815678	-0.10657957786987175	
11.19457337536915	1.5554481959602637	0.6824547490182928	0.40488343926382403	1.6099853383895053	-0.13618860113286876	
11.44179578787343	1.7462316802690125	0.6289335819412414	0.41725742408161887	1.6753446815122879	-0.17076375874693653	
11.727354007248506	1.9180659785280463	0.5323450612744822	0.4263083105789856	1.7458458331480449	-0.21068348252296348	
12.05133892481924	2.064909904309382	0.38917901535733157	0.43327697687981737	1.8224137690706477	-0.25614994333058444	
12.412538343988041	2.1822376732098974	0.19730235505436183	0.4396180648710993	1.9059480587348312	-0.30714978070945964	
12.808366992310791	2.2672578052933723	-0.04367599451182559	0.44687387651076554	1.9972581127854447	-0.36342121932290716	
13.234819166030034	2.318931582126197	-0.332053893233211	0.45653187640425613	2.0969905426487445	-0.4244297073791368	
13.686433648588594	2.3377983363410233	-0.6637260381113185	0.469880099603772	2.20555021739384	-0.4893539762515277	
14.156256519657045	2.3256434737458505	-1.031941953606098	0.4878728149073555	2.3230138848418878	-0.5570835582667685	
14.635832001364765	2.285069161088497	-1.4272470873142842	0.5110297805671131	2.4490456666939933	-0.6262360073263059	
15.115223256648852	2.2190934155393682	-1.8376388651960565	0.5393768850840786	2.582818604226783	-0.69519134470115	
15.583075702032145	2.1308306645680997	-2.2489521012720406	0.5724234719463345	2.7229434656809817	-0.76214187767375	
16.02674693682292	2.023271239019965	-2.6455021312490095	0.6091761970191077	2.867411375178653	-0.8251575200264248	
16.432517119858232	1.8991629418428655	-3.010993657799247	0.6481868806895615	3.013554457785616	-0.8822651241090257	
16.785905254280586	1.7609812500076483	-3.32970126183646	0.6876372655183223	3.158036583775883	-0.9315404325748194	
17.072091280106914	1.6109551694124404	-3.5877794052168333	0.72545884544479	3.29689221812605	-0.9712018312455736	
17.27640994866334	1.4511028696775985	-3.774542257210638	0.7594718726020891	3.42560431082358	-0.9996971835602673	
17.384909275648123	1.283259320349135	-3.883579525212921	0.78753897326864	3.539225339969208	-1.0157780903049598	
17.38495562566423	1.109094779073936	-3.9135635202831685	0.80772468391746	3.6325406101083884	-1.0185560334096337	
17.265882169431112	0.9301394293332846	-3.8686283926028997	0.818453369839465	3.7002727990762456	-1.0075383234250481	
17.019611631087454	0.7478492233736725	-3.7580962136127694	0.8186411273623314	3.7373166317914066	-0.9826349101400632	
16.641212991037097	0.5637236559092276	-3.5956354907422545	0.8077827744019892	3.7389723470903036	-0.9441434349767089	
16.12939540694698	0.3794536338551255	-3.398020847019134	0.7859910405040169	3.701162865350714	-0.8927214895053365	
15.486905667967854	0.19706920272858777	-3.183607637443606	0.7539836266035521	3.62062135004948	-0.8293485839823573	
14.720808929850731	0.019059112000301623	-2.9706617253416976	0.7130199950026911	3.4950420185758606	-0.7552815026101324	
13.842590674127704	-0.15156037138772718	-2.775687616629371	0.6647885812121958	3.32318569233265	-0.672003090849559	
12.867972497634316	-0.3112449674092188	-2.612034471583402	0.6112554722363476	3.104922055152589	-0.5811646492407484	
11.816529362779443	-0.45598257484665905	-2.4889025351678105	0.5545047329423334	2.8412366852558177	-0.4845289928123287	
10.711107945791282	-0.5814176174922973	-2.410803287221921	0.49658456991886196	2.534206030543669	-0.38391441722751896	
9.577069324931204	-0.6830363834114009	-2.3775089163073444	0.4393750139750361	2.18694261057734	-0.28114144672326913	
8.441386445395631	-0.7564065750114952	-2.3844744437988763	0.38448866242825186	1.8035141817419094	-0.17798313613242556	
7.331625023009853	-0.7974489270677821	-2.42372976674998	0.3332169517760583	1.388819484687698	-0.07612014652117678	
6.274915219029416	-0.8027158440181641	-2.4850253707706798	0.2865121753124251	0.9484322076123689	0.022900441984680945	
5.296934368950131	-0.7696817993915407	-2.5571090011579805	0.24498516615300903	0.48841742955943823	0.11770577879134923	
4.42092641504856	-0.6970368123108674	-2.6290708480490466	0.20891077716235315	0.015116632910964947	0.2071359218600009	
3.666804115376737	-0.5849645436682704	-2.691646831366817	0.17823809448206557	-0.4650929740358314	0.29027780771585737	
3.050425962141708	-0.435357427506834	-2.7382886909744184	0.15261274889227164	-0.9460517767079596	0.3664888090535539	
2.5832389449252475	-0.2518725893721991	-2.7656716298158135	0.1314258145912694	-1.4220395171165683	0.4354008193947626	
2.27223327845443	-0.03983235092379636	-2.7736153916554707	0.1138857849912744	-1.8879420745505544	0.4969110978499227	
2.120171531037297	0.19402524493501155	-2.764499428295495	0.09911115756162726	-2.339359355333028	0.5511628766809958	
2.126029354078951	0.4419166625187398	-2.7422980181535888	0.0862356138718435	-2.7726545801949443	0.5985200599730383	
2.2855500736508985	0.6954560625773069	-2.711394496189805	0.074515494700412	-3.1849548944526838	0.6395419746541422	
2.591852773093795	0.9461096323372213	-2.675391333678706	0.06342049976398956	-3.5741029494943994	0.674960259329529	
3.035966886953191	1.1855866854735688	-2.636168362490486	0.05269104628994631	-3.9385804464400036	0.7056603127788296	
3.6072511419821303	1.406169935735018	-2.5932512995908445	0.042362119925797706	-4.277419165670099	0.732663910798762	
4.293714277867083	1.6010082510876247	-2.5435033392425908	0.03275397366594974	-4.590098749653492	0.7571059034475972	
5.082244560146463	1.7643998297776138	-2.4811200660456745	0.024432884444973605	-4.876432585853285	0.7801986946651895	
5.958766912004176	1.8920949012397628	-2.3978949099150966	0.018145192089544293	-5.136438844390746	0.8031769190598977	
6.9083617437885	1.9815897033197076	-2.2837070059429467	0.01473246474108639	-5.370199953863047	0.8272216631073569	
7.915353808430993	2.0324095208216004	-2.1270796716530493	0.015043437836892787	-5.577723997043392	0.8533721273808154	
8.963399097921517	2.0463447041722076	-1.915762363071134	0.019847915284071992	-5.7588132388947955	0.8824321227735218	
10.035589517291735	2.027594091357556	-1.6373070917715395	0.029757236024086572	-5.9129493192624585	0.914880915520522	
11.114593314562638	1.9827758016700268	-1.279641567831264	0.045152704934048105	-6.039204097238409	0.9507964188639747	
12.182856214241637	1.9207119941849773	-0.8316623015519184	0.0661276723670775	-6.136197625617531	0.9898092450865404	
13.222858559192197	1.8519929470813024	-0.28386955226924526	0.09244642174336842	-6.202113353285215	1.0310960974709864	
14.217421139035942	1.7883821591969038	0.3709099806613852	0.12351750073175555	-6.2347642870909175	1.0734068385116795	
15.15005541873497	1.7420955712204877	1.1367075185449125	0.15838507610890515	-6.23170851746538	1.1151245572370283	
16.005354081069953	1.7250025351565095	2.013511879443234	0.19574089325140065	-6.190408757939871	1.1543541923350684	
16.769425266123736	1.7477860701243295	2.9963146551068136	0.23396136591737055	-6.108432198726051	1.1890360324189548	
17.430323799569127	1.8191652483526117	4.074316702311669	0.2711749302156762	-5.983669649592891	1.2170737919384254	
17.978481954602252	1.9452188622792392	5.23033207408522	0.30534603541032024	-5.814553483128059	1.2364598158852256	
18.40712937605996	2.1288225879567446	6.440476323836416	0.33437072713456845	-5.600265920000003	1.245393293036831	
18.71267039796302	2.3692297087709733	7.674217326162273	0.35617622386482284	-5.340923400166551	1.242385225790362	
18.89501073501489	2.661799479677687	8.894853034406577	0.3688217510570476	-5.037733268238713	1.2263501834467088	
18.95776772970798	2.997948103418591	10.060645911774998	0.3706048911703414	-4.6931055009782945	1.1966841246750528	
18.908118325750337	3.365473825048488	11.126309935691797	0.36012765237588445	-4.310631591360668	1.1532833069393664	
18.756957292299195	3.7488403766914127	12.045707046259086	0.33648612115189147	-3.89519753821771	1.0966598184989118	
18.517685811695177	4.130459231259067	12.773337721206508	0.2991852729522801	-3.4525880168929337	1.027781490876096	
