-12.87005652519595	4.583913047529693	3.269211767609888	-0.957366882563084	-0.2211387623831559	0.8242908629491933	
-12.879539117546193	4.583675763009963	3.194601813702889	-1.1156625810469645	-0.28925064703328884	0.9308355234313012	
-12.860247358038912	4.569315309718001	3.107240292241086	-1.2852385892407734	-0.35977077177115985	1.0329838924508712	
-12.81703272996617	4.536728001971161	3.0051527340536466	-1.465017611166372	-0.432389009655617	1.129889957718616	
-12.756076543443545	4.482400623203248	2.8874457035114034	-1.6532429916378328	-0.5067598697683098	1.2206041014938585	
-12.684665817126621	4.403766129395049	2.7545626750189776	-1.8474450757830547	-0.5825236515472445	1.3040321340592498	
-12.610527693334033	4.299402334733994	2.6082143698046587	-2.044547438138483	-0.6593392176639582	1.378932273368925	
-12.541189984128438	4.169122693183367	2.4512159971566185	-2.240922008715234	-0.7369090845564416	1.443943934540698	
-12.483273217340784	4.013944708760807	2.2871865419257325	-2.4324688976246436	-0.8149999489534393	1.497659178418638	
-12.44186475152659	3.8359708631888574	2.1202011759208212	-2.6146892368049106	-0.8934544270285307	1.5387312623576817	
-12.420021415816189	3.638207972010198	1.9544336077937665	-2.782765244264821	-0.9721941668204769	1.5660115817222193	
-12.418458056369714	3.424354326654136	1.7938271549199276	-2.931651781500307	-1.051213971480626	1.5786994961518563	
-12.435448927217049	3.198579378834509	1.6418149732916638	-3.0561898961395415	-1.1305671032409137	1.5764864581090614	
-12.466953939313516	2.965316483273141	1.5011025002507554	-3.151252821743065	-1.2103419240459503	1.5596734815448912	
-12.506956661581393	2.7290853538049054	1.3735193849467011	-3.211932981209621	-1.2906307159545947	1.529242211646083	
-12.547977547779382	2.494353906473016	1.259941307252951	-3.2337744578314656	-1.371492491368049	1.486866534899893	
-12.581717731048808	2.265442838697841	1.160280836906367	-3.2130468104148373	-1.4529129862867607	1.4348585539378544	
-12.599779357630675	2.0464704619731373	1.073547082462573	-3.147042327234135	-1.5347670214982856	1.376053636392613	
-12.594401994352085	1.8413235306831999	0.9979765035674224	-3.0343631077526876	-1.6167900522450582	1.3136502749235088	
-12.55914539950438	1.6536260390746007	0.9312358011946799	-2.875152692899294	-1.6985654815927766	1.2510272303939938	
-12.489440412948701	1.4866761690826966	0.870686692796774	-2.6712266143381447	-1.7795309641618002	1.1915596571121858	
-12.382934038993918	1.3433406681372453	0.813683870166567	-2.4260710387892823	-1.859001293692824	1.138448569920507	
-12.239581796253386	1.225925899560512	0.7578622793675627	-2.1447051330292974	-1.9362005150624415	1.094569140236601	
-12.061485504230497	1.1360628155703656	0.7013693011461086	-1.8334297686248218	-2.0102945764170497	1.062338495287464	
-11.85251920328648	1.0746386046108933	0.6430107257072272	-1.4995004941087111	-2.0804183846353923	1.0436066830852844	
-11.61782828207888	1.041782843567983	0.5823046171949537	-1.1507705418018392	-2.1456952424208144	1.039576768494622	
-11.3632890895746	1.0368974705016987	0.5194570187738626	-0.7953386069142246	-2.2052504025620916	1.0507609251669043	
-11.095001499640086	1.0587146485362844	0.45528249751189964	-0.4412248578595196	-2.258222136780859	1.0769772954898096	
-10.818865255042903	1.1053686405007936	0.391092626603476	-0.09608893833138794	-2.303773749170574	1.1173874963989632	
-10.540266459468382	1.1744725178254793	0.32856858766781916	0.23300423958492864	-2.34110886150909	1.1705694401280282	
-10.263878221099894	1.2631958697846415	0.26962582601002444	0.539770265639872	-2.36949059027202	1.2346160352284992	
-9.993562574578815	1.3683450423530823	0.21627397678277954	0.818844463822853	-2.3882635272899377	1.3072483661160503	
-9.732351537054827	1.4864507135672764	0.17047554758407235	1.0658772055717713	-2.3968762497595586	1.385932387618938	
-9.482482693934704	1.6138663044464712	0.1340101016563765	1.2775883005407451	-2.394901730569918	1.4679904406204802	
-9.245467810503209	1.7468754730893024	0.10835466835292838	1.4517826527091873	-2.3820531839288224	1.5507019555276829	
-9.022177745368541	1.8818009165049576	0.09459385823909469	1.5873296130363643	-2.3581934627319963	1.6313898355221728	
-8.812931063188211	2.0151058352029843	0.09337002283242299	1.684112934049972	-2.323337558587602	1.707491239817131	
-8.617581062808993	2.1434831778423082	0.10487902366004449	1.7429566165074342	-2.277648309248226	1.776613052295148	
-8.435599969987699	2.2639316562977805	0.1289101785539997	1.765532439480889	-2.221426019087677	1.836572994871678	
-8.266162770862955	2.373819515929791	0.16492158265862247	1.75425450260596	-2.155093104286878	1.8854279691982296	
-8.108235946300125	2.47093635778702	0.21213583429528207	1.7121652563693261	-2.079175179778213	1.9214915831118995	
-7.960677046984809	2.553531275278423	0.26963744511162474	1.6428167167848047	-1.9942802043073398	1.9433428522272818	
-7.822348805017955	2.6203341861375025	0.3364528518382405	1.5501500324702333	-1.9010773042847224	1.9498277690909416	
-7.692246659585667	2.6705579266011594	0.4115974167670482	1.4383763029429704	-1.800276653463993	1.9400549750072085	
-7.569633004200437	2.7038817707279184	0.49408073218187565	1.3118613570937405	-1.692611324100416	1.9133864748398046	
-7.454165713427502	2.7204204923797723	0.5828711707121371	1.1750170625370624	-1.578821474726568	1.8694237329063823	
-7.346006625945135	2.720688344254756	0.6768314256978138	1.032202102843242	-1.4596408241996717	1.8079903576455532	
-7.245897425966165	2.7055684262775364	0.7746440935882412	0.8876337504323681	-1.335784947112784	1.7291128592621925	
-7.1551919545516425	2.6762948472975463	0.8747487668266313	0.7453111011672784	-1.2079408427730847	1.6330009824561562	
-7.07583630514912	2.6344497562939866	0.9753103048760416	0.6089489720379009	-1.076757271309104	1.5200292967323041	
-7.010291097584733	2.581971292701541	1.0742332018535639	0.4819201647324275	-0.9428354283048106	1.3907215256063576	
-6.96139501433408	2.5211641846984922	1.1692306172142366	0.36720256799044165	-0.8067197247684526	1.245738753316094	
-6.932174954226616	2.4547028818976666	1.2579494666791031	0.2673269900003748	-0.6688888329782734	1.0858723512592166	
-6.925614944440741	2.385617532195276	1.3381454604516902	0.18432190265382453	-0.5297477135833868	0.9120423038161584	
-6.944401924847744	2.317255200349098	1.4078950889594986	0.11965229222458221	-0.38962186342403565	0.72530153232144	
-6.990671402490385	2.2532108715917767	1.4658261848293008	0.07415189048697753	-0.248755426765212	0.5268465134391028	
-7.065781672888004	2.1972242878134494	1.5113426644753618	0.04795232268399575	-0.10731507959807081	0.31803347976829055	
-7.170143200976563	2.1530405077479866	1.544818001198088	0.04041414536720676	0.034598860429638154	0.10039877311816517	
-7.303126014106522	2.124232640012064	1.5677282919911066	0.05006932980259198	0.1769328984839787	-0.12431960185272536	
-7.46306062655984	2.1139887720328043	1.5826921246044507	0.07458784878225128	0.3196520342784926	-0.3541633200531113	
-7.64733720025961	2.1248708213192637	1.5933843405587333	0.11078288731161036	0.46270360507011815	-0.5869428030472535	
-7.852595755895616	2.1585599795064643	1.6042979637050088	0.15466917458822682	0.6059759454378293	-0.8202390086409942	
-8.07498924500515	2.215610399762809	1.620346853269448	0.20158623589674293	0.749256136303363	-1.051422491306779	
-8.310491914410774	2.295238751095621	1.6463317174447554	0.24639271420878225	0.8921920719893957	-1.2776932456390377	
-8.55521699956822	2.395180999611438	1.6863288865525077	0.2837297077842441	1.0342638246921725	-1.4961432117284392	
-8.805700293916011	2.5116466810382647	1.7430926928182564	0.3083419474490435	1.1747676678121448	-1.703841128568727	
-9.059099439320144	2.6393963858019207	1.8175814028848456	0.3154358360577552	1.312814203606699	-1.897936339106406	
-9.31326268819855	2.7719491203186784	1.9087054469415103	0.30104447690954383	1.4473396784656931	-2.075773869973666	
-9.566643136694731	2.9019036418983153	2.0133530928271437	0.2623696818015001	1.577128275674356	-2.2350106528011784	
-9.818066320718998	3.021344596497724	2.126701501428621	0.1980721853653347	1.7008437064921704	-2.3737214995926	
-10.066396370435712	3.1222973239904213	2.2427709748774722	0.10848497698971209	1.8170690156608815	-2.4904842238331915	
-10.310175177414594	3.1971992765611366	2.3551406022677726	-0.004270398845117302	1.9243539556520894	-2.5844360152797288	
-10.547320141033865	3.239365003020111	2.4577202666800155	-0.13627942257872724	2.0212689855925015	-2.655296863648961	
-10.774954790176134	3.243428135995935	2.545468689535109	-0.2819509860400807	2.106463866416688	-2.703359508717856	
-10.989415598249185	3.2057433151682724	2.6149588922197284	-0.43425624134926	2.1787273751862233	-2.729448419075694	
-11.18643642846462	3.1247249546356315	2.664719389141688	-0.5850826007406463	2.2370435595083995	-2.73485258201372	
-11.361472274158434	3.001093108417117	2.6953169919456466	-0.7256864905745695	2.2806397543612325	-2.7212385155184116	
-11.510095425113052	2.8379884473711954	2.709184837111306	-0.847217997622692	2.3090216605736997	-2.6905511242800277	
-11.628388386212215	2.64093222004438	2.7102444897156985	-0.941279101943504	2.321993424624925	-2.644912607760699	
-11.713273175743941	2.4176154561406094	2.703387909015279	-1.000475513718325	2.3196626803406644	-2.5865283782268893	
-11.762739883128768	2.1775155364630967	2.69389122527419	-1.0189191139056692	2.302432346132235	-2.517607280675414	
-11.775964267920832	1.931357601587772	2.6868316439791298	-0.9926388645720721	2.2709822939703477	-2.4403005648490077	
-11.753327088033299	1.6904586430109425	2.6865718844712236	-0.9198638366450164	2.2262441547796454	-2.3566605954117095	
-11.696359974374092	1.4660095472322878	2.6963642845220095	-0.8011524545660534	2.169371586510145	-2.268617121769026	
-11.607641893890664	1.2683602385925983	2.718109028679921	-0.639356133289922	2.1017068593437416	-2.177966622901582	
-11.490660620956914	1.1063732828444972	2.7522793557819902	-0.43942132972931824	2.0247434298545888	-2.086369060918813	
-11.349643378817182	0.9869018264275334	2.798004001402741	-0.20804975951610408	1.9400839037179876	-1.995346265544249	
-11.189355791938784	0.914436206449935	2.853279786245851	0.04675264996291206	1.8493933339219066	-1.9062771989548142	
-11.014873891953195	0.8909457216410376	2.915272097668364	0.31619497517927125	1.754349297269235	-1.82038703076822	
-10.831343163079337	0.9159110470224363	2.9806537658751546	0.5912403594410215	1.6565912209688114	-1.7387287598842103	
-10.643743490628909	0.9865255606669544	3.0459395151575657	0.8631231542145871	1.557671714890707	-1.6621585069617326	
-10.456680392989758	1.0980276370343203	3.1077821921715674	1.1238080251610192	1.4590128856236793	-1.5913074289257645	
-10.27421859567282	1.2441216437641325	3.1632112036887547	1.3663641853872275	1.361870549072371	-1.5265547127553252	
-10.099767220866886	1.4174530468265563	3.2098086753819275	1.5852372066603335	1.2673090892892456	-1.4680071069774143	
-9.93601998243832	1.6101154400249906	3.2458300303676055	1.7764082936725865	1.1761892545415018	-1.4154907121811906	
-9.784950341321279	1.814173571730236	3.2702797835013064	1.9374366724107346	1.089170120066988	-1.3685599402864919	
-9.647859704921924	2.0221794287772554	3.2829506202213605	2.06738691960092	1.0067246663916054	-1.3265264221239161	
-9.525474505259684	2.227641895658696	3.2844277941458557	2.1666517094751327	0.9291663250664932	-1.2885074693386582	
-9.418084941928079	2.425393138136156	3.276053621112097	2.2366895342683963	0.8566824399862377	-1.2534904418177728	
-9.325710912483457	2.611804326775809	3.259847826663057	2.2797128105364584	0.7893694352026099	-1.2204057977943463	
-9.248278183969141	2.7848341018828613	3.238382084789231	2.298364195421523	0.7272652616692842	-1.1882010325776058	
-9.185786845990384	2.943923855933054	3.214612470737649	2.295414928545443	0.6703756884947667	-1.1559083038422961	
-9.138453697746588	3.0897746397569317	3.1916801381530626	2.273511206831927	0.618691896943707	-1.122699831670733	
-9.106811191841912	3.2240457424264153	3.1726948001539514	2.2349844023352956	0.5721979327240756	-1.087926920752648	
-9.09174858089321	3.3490109426536385	3.1605172572380136	2.181731823507346	0.5308678549232801	-1.0511402457126295	
-9.094486719154988	3.467202838386918	3.1575568077987892	2.115167799940212	0.49465375469422057	-1.0120907476816456	
-9.116485963278073	3.5810724801733387	3.1655978224985395	2.03623979182604	0.46346697381595825	-0.9707120901597913	
-9.159295205148108	3.692689973510322	3.18566757641628	1.9455001257229736	0.437155641763705	-0.9270870987040931	
-9.224357953489303	3.8035100927355154	3.2179560095694764	1.8432208339127298	0.41548210310915645	-0.8814017130825318	
-9.312799449357906	3.9142242363781796	3.26179687830208	1.7295355321104533	0.39810400169773147	-0.833891172396753	
-9.425221447704425	4.02470889314221	3.315713019203288	1.604589486232925	0.38456184627024625	-0.7847840824572878	
-9.56152952677714	4.134071443064758	3.3775259952857333	1.4686798755704986	0.3742749627975006	-0.7342498091916466	
-9.72081342300555	4.240783803200528	3.444525071949835	1.32236923679129	0.3665465288185808	-0.6823545797815747	
-9.901293355341643	4.34288493488164	3.5136837928372873	1.1665579611548338	0.36057714466771695	-0.629031007074355	
-10.100335811951869	4.438226224449371	3.5819050856034633	1.0025063262618739	0.3554853470555765	-0.5740644763296295	
-10.314532616192675	4.524729752335459	3.6462690360185332	0.8318025295197194	0.3503327748180983	-0.5170980334097875	
-10.539829338709099	4.600628523740677	3.7042529844336842	0.6562799777142767	0.34415147941439866	-0.4576552837428819	
-10.771684858593531	4.6646597641610645	3.753893350381711	0.4778938362573186	0.3359711737091014	-0.39517862341589394	
-11.005244028957456	4.716187657848117	3.793864295015162	0.29857236719929064	0.3248449810893565	-0.3290782451925471	
-11.235510461790227	4.755238377997351	3.8234584547020027	0.12006280524330926	0.309873098973043	-0.2587859649813262	
-11.45751392726816	4.782442804586661	3.8424736002910707	-0.05620669072548418	0.290224599936282	-0.1838071943457291	
-11.66647598025438	4.798895450380159	3.8510273485379662	-0.2292308154227886	0.2651580878230771	-0.10376549561251168	
-11.857984274439291	4.805946300389564	3.849334356939562	-0.39848271840548816	0.23404193034250714	-0.01843622909045372	
-12.028176430946667	4.804954656542822	3.837488379856671	-0.5639143980848625	0.1963732710861475	0.07223285377790384	
-12.173956463345961	4.797029818520466	3.815289578022485	-0.7258994989978187	0.15179757539503383	0.1681105275977699	
-12.293176016494899	4.782822983733785	3.782154481535538	-0.8851306082378433	0.10012018546432067	0.26888478698380436	
-12.384936019814909	4.762338940063442	3.7371210509799555	-1.0424692427649593	0.04132771448649062	0.3740551461750822	
-12.449620594041136	4.734952023325322	3.678974425556633	-1.1987986827602812	-0.0244256794741593	0.4829533968552089	
