-12.993602062164625	4.036496963037677	2.930856390323769	-1.3557900203458912	-0.5532958392814847	1.2478183481880338	
-13.022557638148333	4.002653903639063	2.7889399748539487	-1.4883486345204484	-0.6283448436159721	1.332360392096438	
-13.036933527524658	3.950575592331626	2.6359184139661482	-1.625981865590939	-0.7033704967343024	1.4137002306826716	
-13.040800997263352	3.878308577405074	2.473214205833635	-1.7657723754896346	-0.7781588194672319	1.491266938027007	
-13.037868367040717	3.784630753102929	2.3030725123011444	-1.9041751869975598	-0.8525324669534377	1.5643800538829347	
-13.031066469903982	3.6692498521507444	2.1284755452842457	-2.037034152905817	-0.926349890455469	1.6322681371709595	
-13.02219934367024	3.5328817433861417	1.9528827588721642	-2.1597303548657947	-0.9994942670377109	1.6941242596931654	
-13.011701425645612	3.3773090180457808	1.7800033919257545	-2.2673367722414244	-1.0718603587798996	1.7491698864018235	
-12.99851884517329	3.2053604159085776	1.6135398123269473	-2.354837870637625	-1.14333736247834	1.7967291767935107	
-12.980131442300529	3.0208246480320273	1.456945515243432	-2.4173854458979416	-1.2137900531579309	1.8362994486186524	
-12.95272271461769	2.828293850628379	1.3131973531078538	-2.4505864984687555	-1.283038968792118	1.8676094110842874	
-12.911496334949002	2.6329499672711765	1.184597778426296	-2.450802347016869	-1.3508414761636325	1.8906575198245597	
-12.851124232600439	2.4403114918978797	1.0726228077835924	-2.4154349921349505	-1.4168763397303648	1.9057276363587998	
-12.766292900718206	2.2559597871781714	0.9778356615146085	-2.34317071775173	-1.4807352260823976	1.9133833824424555	
-12.65229386418052	2.0852604206312697	0.8998831413593981	-2.234150839155783	-1.5419241410896998	1.9144447826536297	
-12.505586884836612	1.9330925695148062	0.8375822696411801	-2.0900453925471765	-1.5998758568623255	1.9099490476084298	
-12.324258376798081	1.8036015851396316	0.7890878426632658	-1.9140195393438841	-1.6539716317509492	1.9010940913134005	
-12.108313450483234	1.6999912438488316	0.7521145125774695	-1.7106005107696385	-1.7035686516942912	1.8891629089960833	
-11.859764803048886	1.6243727242126071	0.724179502648193	-1.4854609038171822	-1.7480295471707556	1.8754306823606637	
-11.58251153736125	1.577683103901229	0.7028313372521354	-1.2451378086201657	-1.786751000357432	1.8610628826816944	
-11.282029289444518	1.5596778999672476	0.6858372304179977	-0.9967075787246747	-1.8191892140666217	1.8470172265585851	
-10.964915817895687	1.5689927504645462	0.6713152787330707	-0.7474361513916482	-1.8448805851466454	1.833963213193164	
-10.638351166490901	1.603261530262624	0.6578126139164655	-0.5044254674011217	-1.863456450510608	1.8222304003287333	
-10.309536903808826	1.659273974296812	0.6443408068408175	-0.27427695000514896	-1.8746513873010004	1.8117917324166963	
-9.985175104318277	1.7331560527029464	0.630381723747688	-0.06279212306803066	-1.8783052071623818	1.8022825207422397	
-9.671037386289592	1.8205602741644216	0.6158727216964636	0.12527231009889114	-1.8743593853279263	1.7930505230351008	
-9.371660101687539	1.9168586961620764	0.601174237080674	0.2863820788583617	-1.862849149874818	1.7832290395864978	
-9.090184396362343	2.0173358919331683	0.5870187500083222	0.41832841837462953	-1.8438927621960037	1.7718233188342383	
-8.828342735057248	2.1173800005288475	0.5744380780361048	0.5202530681154672	-1.8176794160682779	1.757800350817042	
-8.586573919334091	2.212667627926949	0.5646673085347357	0.5925981024064101	-1.7844568447281253	1.7401723875104202	
-8.364235961043011	2.2993368922727218	0.5590269473024312	0.63698832848276	-1.7445189511293684	1.7180660870027666	
-8.159882913391781	2.3741417464922487	0.5587903302163656	0.6560562583735109	-1.6981930650644783	1.6907711114509827	
-7.97157230912781	2.434580063677329	0.5650501058110704	0.6532226240549355	-1.6458262695576902	1.6577644702484937	
-7.797173422831139	2.4789876651745986	0.5786025098104611	0.6324474223207428	-1.5877706109217575	1.6187098872767083	
-7.634651338941525	2.506590778490546	0.5998689844945326	0.597967813709377	-1.5243677394336728	1.5734345557128648	
-7.482307588436223	2.517510690071247	0.6288706956191529	0.554039648730712	-1.4559343339758042	1.521888354191368	
-7.338964826588839	2.512716727782622	0.6652632061122447	0.5046987724229418	-1.3827502873409545	1.4640924890184595	
-7.204089920948326	2.493927314394637	0.7084271383436188	0.45355659777721435	-1.3050518488752354	1.400085313227444	
-7.07785588780909	2.4634638388455787	0.7575980526886777	0.40364186174282535	-1.223031570232686	1.3298727192891517	
-6.961147845215878	2.424068099648847	0.8120081258103566	0.35729693742038215	-1.1368459521690293	1.2533892146281036	
-6.85552159732073	2.3786995338619805	0.8710070529331683	0.3161326698187045	-1.0466303555312113	1.1704739395886663	
-6.76312550315257	2.3303320727421255	0.9341319235261945	0.2810416221397002	-0.9525193220909224	1.0808639781160574	
-6.686599047441634	2.281770787353865	1.0011072649847153	0.25226304707807745	-0.8546693174856583	0.9842050394078445	
-6.628959434070585	2.2355039788743656	1.071772584879767	0.22948933352049922	-0.7532805162378309	0.8800779359081073	
-6.59348322072871	2.1936007136330966	1.145950848589515	0.21200093555718763	-0.6486143232644069	0.7680380397241434	
-6.583584502667924	2.157657654656279	1.223284670579491	0.19881501539929233	-0.5410038352550499	0.6476639465479705	
-6.602685974842969	2.128793616727111	1.3030750862050426	0.18883272299502266	-0.43085532465260784	0.5186110199323942	
-6.654075676138536	2.1076859677467477	1.3841595634117252	0.18097108771519993	-0.3186400015215282	0.38066538812018136	
-6.740740872322947	2.094639689199172	1.4648618021927349	0.1742678109319898	-0.20487664557250662	0.23379437499467398	
-6.865171814484819	2.089677557861465	1.543037030864895	0.167950611913786	-0.09010703395804681	0.07819023442377084	
-7.029132687511199	2.092638599760007	1.616224076784442	0.1614668642280724	0.025132742217750918	-0.08569476102962412	
-7.2334053635029445	2.103271761664529	1.6819003660065177	0.1544736206214462	0.14034113580563878	-0.257122665244068	
-7.477522665128129	2.1213128448834357	1.7378193822829493	0.14679226674793835	0.2550758840059094	-0.43505353052397755	
-7.759520791661528	2.1465352592559803	1.7823928901022381	0.1383354468339515	0.3689704645588067	-0.6181380458699806	
-8.075752175332404	2.178768540004449	1.8150624016057795	0.12901686235099225	0.48173868248274543	-0.8047190033455783	
-8.420799546998875	2.2178822367779043	1.8365938864997808	0.11865649151656059	0.5931651919383354	-0.992841241783144	
-8.787525166146168	2.263735147205984	1.8492256776393712	0.10689451710692006	0.7030814658703846	-1.1802705084006875	
-9.167272358729804	2.3160911793520826	1.8566079392388886	0.09312777057463657	0.811329058307331	-1.3645220864859682	
-9.550216953309935	2.3745043266649906	1.8634971233313615	0.07648217754248998	0.9177145691727459	-1.5429005375817406	
-9.925849882969015	2.4381780572575704	1.8752091933767563	0.05583301829974975	1.0219629165664263	-1.7125524797380929	
-10.283561216719544	2.5058109162038087	1.896884741840821	0.029881071930936233	1.123676643861507	-1.870534793476916	
-10.613287678048845	2.5754506303648648	1.9326674817619276	-0.0027135978261382996	1.2223084507219582	-2.0139006219558895	
-10.906175557756116	2.6443901228897078	1.9849325766288652	-0.04314708397106662	1.317151819618796	-2.1398044779440073	
-11.155197061221735	2.7091441976628445	2.0537106365314006	-0.09225281214144751	1.4073511173955557	-2.245625332974058	
-11.355646050296187	2.765539564077331	2.13642978861117	-0.15027339389849656	1.4919290789821227	-2.3291029352181654	
-11.505440428288711	2.808932651401197	2.2280447269755217	-0.2166527353804234	1.5698273420237059	-2.3884787830889413	
-11.605176962554216	2.834544605494455	2.321553836540225	-0.28987898324246336	1.6399552229205714	-2.4226292490960994	
-11.65792675159737	2.8378773683122342	2.4088307985989643	-0.36740376147821585	1.7012424072843502	-2.4311765806562295	
-11.66880690938645	2.815161407729543	2.4816431148850184	-0.4456533868673201	1.752692230572908	-2.414564840767413	
-11.644394260901473	2.763783874949018	2.532705426904227	-0.5201388154657275	1.7934326924374668	-2.374089860279303	
-11.592061515713906	2.6826505128882134	2.5566132661901024	-0.58566108694611	1.8227623031051214	-2.3118763160539393	
-11.519313035977449	2.5724419473308533	2.5505251945541887	-0.6365997131251943	1.8401879167165915	-2.2307998420086403	
-11.433183482217675	2.435733610749244	2.514503374264469	-0.6672631783051641	1.8454521411780074	-2.134357205932203	
-11.339745150761551	2.276960160175714	2.45147787587605	-0.6722742742618801	1.8385488089862867	-2.026492720321986	
-11.243752690597125	2.102221135469101	2.366858983074773	-0.6469592879919404	1.8197262843151716	-1.9113937754437198	
-11.148438864199406	1.9189431247483635	2.2678731777543044	-0.5877095470162712	1.7894798433642836	-1.7932719833064814	
-11.055463000134559	1.7354307604459445	2.162732782844262	-0.4922862580969269	1.7485355909683327	-1.6761480823598247	
-10.965005115566814	1.5603503315764362	2.059761658127619	-0.3600443862554876	1.6978289188121811	-1.5636579650774334	
-10.875992768759636	1.4021933516646965	1.9665905704465776	-0.1920579494147534	1.6384800767643046	-1.4588940825368575	
-10.786442372302767	1.2687660186319625	1.889514284758435	0.00886556336635699	1.5717678715264656	-1.3642930789294474	
-10.693883121277413	1.1667437483625034	1.8330672311361969	0.23828196677963925	1.4991010281513226	-1.2815745833166479	
-10.595818328680862	1.1013192521757547	1.7998358596250774	0.49031022880730635	1.42198528052287	-1.211731031510052	
-10.49016619178635	1.0759628149899307	1.790494332309911	0.7579197614338353	1.3419842196921359	-1.1550643501463294	
-10.375619378167592	1.0923018335699555	1.8040250790602073	1.033282680011906	1.260673385429772	-1.111261527662552	
-10.251875847299186	1.1501147525050819	1.8380693022992611	1.3081647755372607	1.1795892263875694	-1.0794983301134624	
-10.119717798415953	1.2474247861360501	1.8893451766732625	1.5743282795156688	1.1001764401305436	-1.0585589274704503	
-9.980942351763018	1.3806738656449264	1.9540734963340358	1.8239214999179052	1.0237382441903349	-1.0469591775916973	
-9.838169025627815	1.5449580227200954	2.028361387355333	2.0498339892198256	0.9513942755367165	-1.0430627518097848	
-9.694563353631965	1.7343099128954584	2.108512025622002	2.245999931812768	0.884050218394957	-1.0451818937442614	
-9.553524314370645	1.9420184730321057	2.1912476734421267	2.4076362463660113	0.8223819623086408	-1.0516578791285764	
-9.418385007141925	2.1609766694897727	2.273850021285824	2.5314056604175708	0.7668351129869784	-1.0609196110120616	
-9.292168697302984	2.384045430377549	2.3542321714912458	2.615498235340884	0.7176384949410235	-1.0715216278757367	
-9.177426898944232	2.6044148099008146	2.4309594598194235	2.659627495908461	0.6748284919819169	-1.082164643823973	
-9.07616529018049	2.8159377033406563	2.503235277313603	2.6649453505453287	0.6382796391511635	-1.0917030842194406	
-8.989847209492876	3.013410484059819	2.5708619003393673	2.6338836110186814	0.6077371501893679	-1.0991440823999568	
-8.919454925225288	3.1927795916522133	2.634181152930452	2.56993504046058	0.5828476734644653	-1.103641910521236	
-8.865584782947202	3.3512634309730545	2.6939967261978093	2.4773907568535445	0.5631855872832036	-1.104491012547743	
-8.828553337745564	3.487389471945651	2.751479121130434	2.361052797158729	0.5482733195334023	-1.1011197573342877	
-8.808496570858242	3.600952440166709	2.8080544968966206	2.225941118279693	0.5375952430745513	-1.0930858526229514	
-8.805450988999587	3.69290045173543	2.865279168366528	2.077013899980235	0.5306055120362273	-1.0800732155978745	
-8.81941118426592	3.765155279104219	2.9247018350681766	1.9189190386098451	0.5267307732865002	-1.061889153772939	
-8.850361929340004	3.820374684641879	2.987716496231375	1.755792913507466	0.5253691208094977	-1.0384601006363463	
-8.89828457437867	3.8616704683632137	3.0554114524564	1.591119282739989	0.5258870337513886	-1.009823961455397	
-8.963138741222641	3.892303637890967	3.1284239770422215	1.4276560042842594	0.527616291454484	-0.9761174331699065	
-9.044821994631599	3.9153846434276303	3.2068156776844656	1.2674314093502912	0.529852921477398	-0.9375573696631403	
-9.143112468578733	3.9336097322753396	3.2899867936690277	1.111804502495078	0.53185997555784	-0.8944165208141657	
-9.257601772674109	3.9490604099912616	3.3766453362668245	0.9615754702759662	0.5328754011734583	-0.8469952786539011	
-9.38762841216306	3.9630862120219943	3.464842238232263	0.8171288907529078	0.5321256879831701	-0.7955920025942911	
-9.532224614622226	3.976282524409513	3.5520764243122454	0.6785890795949585	0.528845168039264	-0.7404752363863855	
-9.690089764851809	3.9885652646761995	3.635466313982613	0.5459666292479546	0.5222999163659038	-0.6818613812276245	
-9.859599641515302	3.999333486858625	3.7119771860195034	0.419277173805325	0.5118142385573932	-0.6199010770636811	
-10.038852121739199	4.007700133228377	3.778686418072527	0.29861748828133333	0.496796940402094	-0.5546766134035299	
-10.225739476711716	4.012761322255518	3.8330604661101124	0.18418990144419803	0.47676420618757664	-0.4862111953712818	
-10.418029140446654	4.013867204373167	3.8732098557335437	0.07627317850495931	0.4513561672765627	-0.4144890349469999	
-10.613432622340445	4.010854234636024	3.8980843713799844	-0.024854263201692865	0.42034513874760393	-0.33948335632420223	
-10.809647151708537	4.0042010808579285	3.907573056031256	-0.11902571122149111	0.38363484880607746	-0.26118788240055424	
-11.004364956109466	3.9950784982336804	3.9024837629582585	-0.2063133752437455	0.3412514582162339	-0.17964655268900176	
-11.195257400506366	3.9852754527929335	3.8843927659901016	-0.28714883130466784	0.29332826968506964	-0.09497615918498813	
-11.379951557851431	3.9770023002900614	3.855378308282294	-0.36241392555153346	0.2400870055463995	-0.007377738194800487	
-11.55602157669661	3.972590998872439	3.8176732313171464	-0.4334831435950678	0.18181869289777453	0.08286524048511275	
-11.721016496450776	3.9741305667227427	3.7732886417493545	-0.5022045275666306	0.11886688660388274	0.17540110301044975	
-11.872540989634766	3.9830912211141856	3.7236696216720593	-0.5708151341829332	0.051615344132344726	0.2698329514380413	
-12.008400333100388	3.999998255779053	3.66944296419174	-0.6417955439407943	-0.019518801882736567	0.36574423341467355	
-12.126806012534484	4.024214860910583	3.6103029071050994	-0.7176807227588554	-0.09408680015595486	0.46272001563660214	
-12.22664064821268	4.053877799212457	3.5450677587293433	-0.8008402158771056	-0.17160739087840976	0.5603559405861754	
-12.307705534087974	4.086007852816337	3.471890583786113	-0.8932789550538123	-0.25156699982493336	0.6582533066674092	
-12.370990745974677	4.116772650286783	3.38863191280903	-0.9964162475048097	-0.33342616123542146	0.7559902715535771	
-12.41867167856317	4.14186988299403	3.2932377593077886	-1.1110082812691764	-0.4166334901575236	0.853090990438208	
