17.49897540731425	2.7109195212294317	-1.426519694102237	-2.5480319741742647	-0.5136193907334484	-4.394872160344856	
17.435378815615206	2.5650696583122734	-1.461645110372397	-2.599667275006965	-0.46484900975611604	-4.479622824929002	
17.299952841839076	2.4122088547798457	-1.484277345801564	-2.638077463169933	-0.41357702589704937	-4.551827163282944	
17.09762032542086	2.2528990984358255	-1.4951843259707567	-2.6606481027069506	-0.3605847197676837	-4.611322628652466	
16.83474630575972	2.0883070942936377	-1.495460682572404	-2.664966158367425	-0.3066347226117503	-4.657965961696916	
16.519319545130156	1.9203402432268548	-1.4865391579294431	-2.649013543288097	-0.25244798889983805	-4.6916443408575015	
16.160197864768662	1.751405877583714	-1.4699719926918495	-2.6113202849595174	-0.19868432894854754	-4.712280530520497	
15.766751530586735	1.5842803943404247	-1.447312329552537	-2.5511148477612196	-0.14592925826662836	-4.719843698046569	
15.34839993047907	1.4218849447351927	-1.419986729916444	-2.4684394382686485	-0.09468516921536857	-4.714359611572786	
14.914246201672519	1.267040437512598	-1.3892214581984639	-2.364209394411691	-0.045366679859783744	-4.695919570475888	
14.472795607576574	1.1222122882498646	-1.3560196675380416	-2.2402187727825558	0.0017029344150096353	-4.664687548033209	
14.031752640160052	0.9892625457067985	-1.3211844155084003	-2.099085578184319	0.046295000069515965	-4.620904934513943	
13.59789538666174	0.8692352581152981	-1.2853776310512914	-1.9441352299248644	0.0882786217636278	-4.564892652438659	
13.177010726431378	0.762196507326751	-1.2491980736143165	-1.7792258265544814	0.12762380839341475	-4.497050949068557	
12.773887348046536	0.6671688407857169	-1.2132560190485702	-1.6085182152623543	0.16440217431870008	-4.4178562082571196	
12.392351616986863	0.5821798340101669	-1.1782182053467702	-1.4362210452186916	0.19878281393327188	-4.327854889398215	
12.035320666173437	0.5044033586509232	-1.1448119209243892	-1.2663389345488258	0.23102266474904695	-4.227655388614983	
11.704869471928225	0.43038103655827525	-1.1137875037695275	-1.1024407388370083	0.261449714415475	-4.117917105157895	
11.402306607302023	0.3563020642896812	-1.0858451259222726	-0.9474659265949008	0.2904386998778326	-3.9993363721199806	
11.128253017234098	0.27832027635260814	-1.0615365236176817	-0.8035802534640416	0.31837948334258814	-3.872628795603822	
10.882729384861138	0.19288019067377835	-1.0411639771025631	-0.6721059683160847	0.3456399838449213	-3.7385078187185927	
10.66524136824776	0.09701721535718603	-1.0247000081936881	-0.5535250433809594	0.37252844342028435	-3.597661164207719	
10.474861138070008	-0.0113766247269519	-1.0117379680971077	-0.44754161886567095	0.399257493821164	-3.4507258742394926	
10.310312487250558	-0.1333333592589596	-1.0014801686682893	-0.3531977589057279	0.4259122668899513	-3.2982627561610203	
10.170066362418039	-0.26864922904723454	-0.992764981397242	-0.2690316497839927	0.45242450869773687	-3.140731203179173	
10.052457745770512	-0.41579904188480316	-0.984131228179675	-0.19326801222823303	0.4785542089473718	-2.978465197242675	
9.955830504036188	-0.5719679093371474	-0.9739163984852491	-0.12402529988262098	0.5038840578592406	-2.811655197955596	
9.878697975404037	-0.7331856825710883	-0.9603706208665179	-0.05951099967740106	0.527825662536918	-2.6403371549388965	
9.819903577249425	-0.8945534939868209	-0.9417786453351803	0.0018063209948378147	0.5496377141499479	-2.4643902788328482	
9.778757061376686	-1.0505487459392997	-0.9165836988015595	0.0610595889550883	0.5684567373488615	-2.2835455656582093	
9.755118688195477	-1.1953854435995328	-0.8835082766282183	0.11888939247400375	0.5833401568204893	-2.0974061270880178	
9.749397031370446	-1.3234043122695827	-0.8416667392265492	0.17540358444580403	0.5933217188517617	-1.9054808797399394	
9.762433065221922	-1.4294380895282162	-0.7906534260236051	0.23020225254941723	0.597474484622809	-1.7072306228020846	
9.795294432678293	-1.509113679993612	-0.7306038478754213	0.28245221448119223	0.59497447063157	-1.5021207290090917	
9.849008846386806	-1.559075921859376	-0.6622226220278731	0.33100202943072954	0.5851607231123117	-1.2896775656070936	
9.924276044422825	-1.5771216173719813	-0.5867712838010406	0.37452569360426524	0.5675870767024899	-1.0695449297335862	
10.021200666907141	-1.5622465293537906	-0.5060116192230814	0.41168165939222884	0.5420624113441889	-0.8415377014948002	
10.139101561473922	-1.514604750286878	-0.4220961976539963	0.4412713444645213	0.5086734179318703	-0.6056878911400259	
10.276449896728794	-1.4354015911966678	-0.3374175098228448	0.46237261232082416	0.4677853728568405	-0.3622771032763034	
10.430933383984284	-1.3267672038822955	-0.25444529288408035	0.47443945333374665	0.42002639178551243	-0.11185741319114088	
10.59963699638687	-1.1916257507360286	-0.17557446668397686	0.47736455718060605	0.36625743231967284	0.14473991435009792	
10.779315048062843	-1.033571405479173	-0.103006542967873	0.47150390040050816	0.30753249779728503	0.40640773209136327	
10.966720382386548	-0.8567540666989557	-0.03868027866673244	0.45766713797370473	0.245054583027615	0.6717772774713072	
11.158939148617039	-0.665757624673222	0.01573901948868849	0.43707256341957595	0.1801312073872012	0.9392470545462186	
11.353668339898404	-0.4654604036101535	0.05882717426262422	0.41127818665805405	0.11413531711636654	1.2070241050265824	
11.549412515601292	-0.260868435229615	0.08935337477091022	0.3820998381103932	0.04847236110553676	1.4731751985641854	
11.745582453966374	-0.05691423243321003	0.10623969472391277	0.3515195224113682	-0.015448217854489249	1.7356882683985126	
11.942482657406877	0.1417775741394037	0.10855124667478826	0.3215882825503669	-0.07623890484812015	1.9925425900909641	
12.141176418992341	0.33115571815269274	0.09554148400607475	0.2943253577446569	-0.1325608795008914	2.2417867781124325	
12.343216523889991	0.5080083472323647	0.06676542000296139	0.2716183030001666	-0.18315489648240613	2.4816185475740347	
12.5502889482552	0.6701997241487225	0.02224848500022766	0.25512882739540726	-0.22687990214285603	2.7104594387092464	
12.763814843351666	0.8168541060794837	-0.03731966293229062	0.24620396189256766	-0.26276114843161785	2.9270216561227063	
12.984556828112417	0.9484561029262317	-0.11040672658187689	0.2457950160832857	-0.2900456487457156	3.1303627582406426	
13.21227507799099	1.0668422980577217	-0.1945153508168778	0.2543872793805138	-0.3082607149633634	3.319924805922738	
13.445475547079125	1.1750565979977978	-0.28615882830113265	0.2719460757317422	-0.3172684687064128	3.495553593661926	
13.681310309038736	1.27705029963329	-0.3809764476244024	0.2978972601658807	-0.3173001486283831	3.657487383333466	
13.91562016515809	1.3772835590930388	-0.4739630754007116	0.33114080739431073	-0.308968484843192	3.806321272921872	
14.143114229588182	1.480265598332336	-0.5597934383371477	0.3701006848352303	-0.2932557747148349	3.942948185416657	
14.357677301001445	1.5900774220535001	-0.6332144828305353	0.4128118821903777	-0.27147644725170283	4.068478848064153	
14.552787495311028	1.7099189380787077	-0.6894757663394914	0.45704200836366426	-0.24521511411074443	4.184144874240858	
14.722022402222791	1.841730970218436	-0.7247572026028295	0.5004453176378191	-0.21623919155535876	4.291189053496013	
14.859584903567296	1.9859597897101484	-0.7365202289205575	0.5407335813175012	-0.18639277507200647	4.390755496052308	
14.96079226994116	2.141465249138658	-0.7237556812505462	0.575847072020833	-0.15748368691023432	4.483789464415046	
15.022491923809245	2.305577893967906	-0.6871069711549389	0.6041164471427151	-0.1311697950502144	4.570952337815706	
15.043366356377568	2.474300601180586	-0.6288556775730318	0.6244043294154734	-0.10885280152376815	4.652557691237831	
15.024103355407028	2.6426394292962576	-0.5527711141618332	0.636219233016429	-0.09158576172432434	4.728531733861564	
14.967378713021033	2.8050485546357877	-0.4638146446887819	0.6397832107448999	-0.08000734173282094	4.7984068997779925	
14.877648469073476	2.9559227310627265	-0.36774201530919143	0.6360435458350937	-0.07431206458089523	4.861349059734449	
14.760799506092448	3.0900844367695974	-0.2706561403333025	0.6266370785250835	-0.07425298402343637	4.916209875587142	
14.623683531044758	3.2032350855043186	-0.17853693318697286	0.6138068325095524	-0.07917743352452776	4.961601521911542	
14.473576361799315	3.2923392454648677	-0.09678157560125569	0.6002751321923633	-0.08809332858054901	4.995988488537218	
14.317603784021877	3.355923907977315	-0.02978004123613961	0.5890776942793947	-0.09976215964451696	5.017791652890174	
14.162200000578807	3.3942422309533486	0.019418554378162454	0.5833639585132763	-0.11281433678195209	5.025496807732282	
14.012667354297534	3.4093021927929987	0.04932039069043585	0.5861867846544586	-0.12586975262738478	5.0177552915471315	
13.872854530787501	3.4047774475508876	0.06008406970979718	0.6002926063990747	-0.13765420602841627	4.993472425967852	
13.74496829027876	3.385803806144705	0.05349434037168798	0.6279220843282176	-0.1471043915022009	4.951879602513609	
13.629523620987651	3.358675521247414	0.03281707174230317	0.6706314954495847	-0.15345449023907495	4.892586973340913	
13.525432373726673	3.3304545897277755	0.0025418526251861206	0.7291432302840664	-0.15629890481191402	4.815614867754858	
13.430243050782872	3.308519321803258	-0.03198101805480226	0.8032540403914642	-0.15561856375431588	4.721395197776557	
13.34047208638659	3.300112501982696	-0.06494885014144573	0.8917973373957943	-0.15177495699112664	4.610750774052661	
13.251997091236394	3.3119115153309777	-0.09053661556318762	0.9926593335958349	-0.14547468845365538	4.4848558089956585	
13.160482601645057	3.3496430690334726	-0.10332548089316113	1.1028504373478922	-0.13770684926696852	4.345180082826137	
13.061806555839617	3.417758176884428	-0.09870915085275259	1.2186284298710033	-0.12965749427931234	4.1934207151165515	
12.95245524843507	3.5191857457305096	-0.07325491214641637	1.3356746452576234	-0.12260466418676405	4.031423781158463	
12.82983179067284	3.6552006448322065	-0.024968556361597345	1.449315031589797	-0.11780490088040405	3.861101487778981	
12.692465747489381	3.8253799105348887	0.046536965607182026	1.5547599890087267	-0.1163838551193328	3.684352709042838	
12.54011996009795	4.027642550816533	0.13997811414724032	1.6473548203932038	-0.1192369576537261	3.5029881775734695	
12.373791691511538	4.258366785740446	0.252450143731764	1.722827698720284	-0.12694716483855195	3.3186627631881813	
12.195613741630293	4.512572580806318	0.3795884524015966	1.7775248168445719	-0.13972443286210903	3.1328157714338647	
12.008651854207445	4.7841726361614985	0.5158557399460791	1.8086111173105066	-0.15737660754016183	2.9466231783750594	
11.816627681046006	5.066266914402945	0.6549283775833309	1.8142090609322699	-0.1793176342857809	2.7609663101487136	
11.623614989514598	5.351443625939003	0.7901322716578378	1.7934780994974373	-0.20460596568347292	2.5764136389182273	
11.433734296282177	5.632075985319859	0.9149036087339302	1.7466302886922767	-0.2320115359373471	2.393216135489357	
11.250875071747817	5.900599909353874	1.0232405530599258	1.6748830660914877	-0.26010662869030954	2.211315645553192	
11.078467721476708	6.149766576774311	1.1101192182163484	1.5803562881023137	-0.2873753311397656	2.030364653676603	
10.919334954340092	6.372860824331678	1.1718202302705023	1.4659110035101677	-0.31233352296628614	1.8497605798891585	
10.775631120728434	6.56388425376325	1.2061307488351436	1.334957809926684	-0.33364313301748516	1.668690331763332	
10.648854199452632	6.717717344552965	1.2124247587289962	1.1912554288569677	-0.35021261413007304	1.4861821526411079	
10.539920726806537	6.830264190021985	1.1916155984336245	1.0387085107690779	-0.36127693306708997	1.3011649731144639	
10.449290632079894	6.898581550412798	1.1459860250867828	0.8811759352987726	-0.3664513520046446	1.1125340358297122	
10.377130230687076	6.9209936453179735	1.0789061546954017	0.7222966509763423	-0.3657553591729458	0.9192223708394094	
10.323501115342788	6.897159824699543	0.9944527195737508	0.5653483557451312	-0.359597161955967	0.7202734366779093	
10.288552173706048	6.82809487495299	0.8969976580858935	0.413143878904914	-0.3487277711473138	0.5149090676585925	
10.272708025694575	6.716133027896138	0.7908023360145616	0.2679619236408545	-0.3341715089487467	0.3025900475207643	
10.27684553346215	6.564823954277413	0.6796499627865406	0.1315119807801672	-0.3171383752593086	0.08306540914452971	
10.302447715549535	6.378759568548781	0.5665465389392155	0.0049310014618371666	-0.29892522518619297	-0.14359246110979465	
10.351715594472202	6.163332154085456	0.45351955316715775	-0.11118875820385508	-0.2808117687236664	-0.37697060416127404	
10.427592807989306	5.924441809665219	0.34155598049223207	-0.21673792267514333	-0.26396330490871445	-0.6163234863520243	
10.53368674794219	5.668205479677459	0.23066249628238622	-0.3120115336549101	-0.24934901511295426	-0.8605990099747499	
10.674072100462517	5.40069111941274	0.12003289347639873	-0.39761948935137686	-0.23767951867894516	-1.1084800483642774	
10.852976386268212	5.127699782307881	0.008301130614141276	-0.4743929022514921	-0.22936784533089916	-1.3584378254863005	
11.074357801137786	4.85460974379617	-0.10614958688376613	-0.5432941358402364	-0.22451557299263217	-1.608792135687809	
11.34140191787947	4.586290185309578	-0.2248578682652857	-0.6053371270425851	-0.22292769228555903	-1.857774317782314	
11.656012034147645	4.3270744760137125	-0.3489959376704169	-0.6615264036985635	-0.2241546798644615	-2.1035858059494457	
12.018337631615204	4.080753418216795	-0.47915574830217755	-0.7128157619109365	-0.2275504734296876	-2.3444481080726955	
12.426381635351941	3.850563504177213	-0.6152219320011209	-0.7600825629606344	-0.23234185637381174	-2.578645095242863	
12.875726751513477	3.639153852086577	-0.7563362101903239	-0.8041136243868652	-0.23770360566981052	-2.8045585050100907	
13.359407372886812	3.448523159300137	-0.9009450005281069	-0.8455976677074982	-0.2428346465883317	-3.020699290333758	
13.867994422689549	3.279945167110852	-1.0469206483293114	-0.8851215967392351	-0.24702889630161115	-3.225735471664776	
14.389892123389322	3.1339095227555838	-1.1917183168113663	-0.923169086055309	-0.24973261858257828	-3.418517090645919	
14.91179786041248	3.010092256689203	-1.3325348628661522	-0.9601213295791474	-0.25058690453790367	-3.5980999305077264	
15.419311719817626	2.907370724710553	-1.466458092968556	-0.9962617959337814	-0.24945394991868344	-3.763766666226769	
15.897656002655765	2.8238872264167307	-1.5905985467188375	-1.0317860989292735	-0.2464265826659498	-3.9150436009727874	
16.33247733983664	2.7571583768969674	-1.7022086604905584	-1.0668171890169964	-0.24182139607485423	-4.051711716274241	
16.710712139484656	2.7042293192046953	-1.7988090604628266	-1.1014247412450455	-0.2361515813662277	-4.1738075578740625	
17.021173344706693	2.66183319943626	-1.8782743268934443	-1.1356446847910624	-0.2300860267868548	-4.281603504493819	
17.25566479389449	2.6265714465422625	-1.9390769055367363	-1.1694894134660319	-0.2243898319920474	-4.375607499198073	
17.40849971730043	2.595031913685949	-1.9802101785540864	-1.2029576144175869	-0.2198649340178883	-4.456486805051017	
