20.383973185008404	2.351405467073552	5.4929851431902	-1.692678013889217	-1.4318190189630788	-5.550202443735801	
20.38259789345739	1.9646349763125448	5.419240169273441	-1.8329716326891745	-1.2454325770420502	-5.5634535226792705	
20.265615113295336	1.566700201192388	5.3000628177017575	-1.9381031813994785	-1.0522585148079975	-5.557035017800591	
20.03927209687751	1.1689225576463478	5.140018462657209	-2.0040828082277327	-0.8554522328568115	-5.532197702552991	
19.71165872903662	0.7823876700420982	4.944243093044824	-2.0280484417750775	-0.6580362319883079	-5.4900868332317625	
19.293356422667564	0.4174434242156691	4.718607063050728	-2.0088826590894238	-0.4627873871866055	-5.431716006238352	
18.796461554330968	0.08304759784911578	4.4693372140925565	-1.947016685477243	-0.27218401982852203	-5.358047385687072	
18.234256959581685	-0.21368494476602068	4.2028426731056	-1.8444637686935632	-0.08834654614389915	-5.270039381738985	
17.620705701318585	-0.4677478109729881	3.9254855066458854	-1.7046566783998798	0.08699073300615963	-5.168697870418612	
16.970013143352364	-0.6763595359024986	3.64337394077574	-1.5322511975831565	0.25249562556602956	-5.055111420844401	
16.296219930064105	-0.8389573436895625	3.362167739652923	-1.3328936516471055	0.40724370950933514	-4.930470374456503	
15.612786475781355	-0.9570930706639779	3.086884468373506	-1.1129481585058139	0.5507161880191874	-4.796069835654008	
14.932168979288331	-1.0342196066056368	2.8217190150764306	-0.8791838091025087	0.6827878608425872	-4.653292525626849	
14.26544022963828	-1.0753648416756623	2.5699204698787033	-0.638448341431889	0.8036987751460476	-4.503572962543044	
13.621957521246028	-1.0867753034861223	2.333718938551459	-0.3973631119468487	0.9140216080323951	-4.348351867181683	
13.00909691733464	-1.0755178981912255	2.114311809824701	-0.1620380457728554	1.014620763143497	-4.189023303995657	
12.432065274556479	-1.0490405618471776	1.91191220215151	0.06219172841656495	1.1066027886914538	-4.026875803629455	
11.893862726337806	-1.0146911965766714	1.7258813889966969	0.27098224784317254	1.1912530742680005	-3.863031565791786	
11.395446443585405	-0.9792647248474308	1.554926674458442	0.46110607760777317	1.269964423822213	-3.698395276794654	
10.936006934493472	-0.9486117191890417	1.3973072574556251	0.6305128847196289	1.3441680353217664	-3.5336118845648192	
10.513344461253153	-0.927319767455921	1.2510377031931728	0.7783248091139671	1.4152676095701175	-3.3690352571298043	
10.124317430068578	-0.9184758268411617	1.1140738947719089	0.904774483893548	1.4845785180785573	-3.2047074084634386	
9.765338057072867	-0.9235671357215529	0.9844630377985735	1.0110668210538885	1.5532781521584897	-3.0403574110614584	
9.432826633360115	-0.9425326284270414	0.860436589238727	1.0991904837644242	1.6223737765541697	-2.8754211398351996	
9.12359858140304	-0.9738978223797281	0.7404561177032944	1.1717206094006702	1.6926826032370148	-2.709071698798671	
8.835193682572491	-1.0149841843474494	0.6232203101604346	1.2316134319154677	1.7648229581026493	-2.540261163773402	
8.566156037904562	-1.0621744321732436	0.5076387342899185	1.282000518425334	1.8392144329879925	-2.3677720276308	
8.316231473933646	-1.111231788509734	0.3927739413006426	1.3259937649253066	1.916091361098033	-2.1902801048483926	
8.086472765119904	-1.157611692029078	0.2777690764865125	1.3665289633834212	1.9955253434826512	-2.0064190222474205	
7.879282706755557	-1.196741785393762	0.16177149287351744	1.406246156578547	2.0774516178569793	-1.814842566449588	
7.698388714976381	-1.2242711932060486	0.04385501322919924	1.4474039005271309	2.1616998122969524	-1.6142855205524471	
7.548746817415403	-1.2362871129573394	-0.07705645170623149	1.491824846851322	2.2480285684817365	-1.4036242890437327	
7.436325769703859	-1.2294699787626386	-0.20224747660529424	1.5408869508598562	2.3361639010716884	-1.1819308122409307	
7.367804152950474	-1.2011784835839951	-0.3332363455241742	1.5955474989360467	2.4258345180398235	-0.9485167531576996	
7.350201288775231	-1.149480076147119	-0.4717624160807064	1.6563841704432012	2.5168018197154054	-0.7029714068649067	
7.390441277164812	-1.073128278243324	-0.619727866256463	1.7236485427015795	2.6088828945672566	-0.4451930457644594	
7.494843244407644	-0.9714895220625009	-0.7790802878082702	1.7973240754678297	2.701963584273868	-0.17541593859681814	
7.668599609620096	-0.8444121954621473	-0.9516311097072414	1.877183692667757	2.7959943499177093	0.10577887362142131	
7.915309055625799	-0.6920853524516023	-1.1388372438698295	1.9628288433085985	2.89096966603307	0.3974626863832924	
8.236574543060678	-0.5149114929387243	-1.3415619457912384	2.053708118302384	2.9868932878409655	0.6983650933370129	
8.631685155816152	-0.313409708159346	-1.559828823163134	2.1491155566236784	3.083730212275329	1.0068875733671232	
9.097397480838769	-0.08817499571698613	-1.7925817644138513	2.2481661406704285	3.1813447918164015	1.32112409135932	
9.627933619175193	0.16008045398166504	-2.037531433106448	2.3497591892260097	3.2794358269143036	1.6388967162864592	
10.215122719743114	0.4304085355355655	-2.291097094748946	2.452538904421872	3.377477700956216	1.9577947371245306	
10.848661602750738	0.7214491399224934	-2.5484495439339003	2.5548616302329377	3.4746713365823068	2.275217247155112	
11.516486983372769	1.031212464324383	-2.803668448403412	2.654778276608475	3.569909069726143	2.588419874706546	
12.20525937963368	1.3568398569117204	-3.050041570846214	2.750044421367482	3.6617601960517225	2.8945670786357947	
12.900932992167451	1.6944268652715264	-3.280509256595185	2.8381777113372317	3.748494374926602	3.1907890927286253	
13.589302426310153	2.038925892771167	-3.4881658438674927	2.916551147089042	3.828132360575646	3.474237155429432	
14.256519369537203	2.3841386353132865	-3.6667887421413905	2.982519525805565	3.898522754719208	3.7421382771949236	
14.889569215351605	2.7228072761775497	-3.8113701587461604	3.033578010898744	3.9574445366694393	3.991850189070519	
15.476687602353474	3.0468287121207487	-3.918606034008004	3.0675515685698858	4.0027369881471	4.2209162147247055	
16.00764023413874	3.347593520769608	-3.987206093625101	3.08277988320003	4.03243833152382	4.427110362002325	
16.473904107888718	3.616386741216582	-4.018037151042263	3.0782836110733145	4.044917899166274	4.608476158594049	
16.86876750624376	3.844844318060965	-4.014093137410372	3.0539030014579875	4.038996272616359	4.763359887272031	
17.187369872201135	4.02546371806238	-3.980288517430359	3.0104030046592705	4.014049177955214	4.890440823424321	
17.42667881049299	4.152151044484765	-3.923038930437385	2.9495188172957696	3.9700783834530684	4.9887569977401585	
17.58540154812522	4.220697592217912	-3.849677678016172	2.873909758845537	3.907723711656636	5.057720652688412	
17.663905229994345	4.229173863522949	-3.7678429445528088	2.7870554468766886	3.8282361229986557	5.097134882024975	
17.66413674011471	4.178211946248043	-3.6848688775017258	2.6930938989233915	3.733412712299932	5.107209645266765	
17.589550891774017	4.071160140489725	-3.6072165250562547	2.596605527295662	3.625498110453368	5.088580049520904	
17.445015271509035	3.914013740010554	-3.5400210082817676	2.502342068703634	3.5070495683027114	5.042319266262206	
17.236669595285626	3.7150883168188815	-3.4868477990416746	2.414945230194262	3.380787369207531	4.969937531331168	
16.971763884634914	3.484548640656	-3.4496125010855594	2.3386851372214905	3.2494519781602857	4.873374645191973	
16.658456267402546	3.233806878082476	-3.42864846958928	2.277225088666179	3.1156693923974337	4.754979884330326	
16.30556626766544	2.974816910798375	-3.422901815150261	2.2334165746612955	2.9818275986563	4.61747824584043	
15.922269281506173	2.719311749699629	-3.430258147508345	2.209159054885259	2.849978813602815	4.463911051786235	
15.517774212260152	2.4781290912330465	-3.44791652077074	2.205342515832004	2.7217814885704095	4.297556619249184	
15.101009201352493	2.260660149860052	-3.472740316219278	2.2218427288171814	2.59847141128797	4.121841871281291	
14.680320269511082	2.074430086402191	-3.5015725177087096	2.2575676130219486	2.4808597939134724	3.940244631291158	
14.263186129352093	1.92481028119206	-3.531497072710322	2.3105453938792824	2.3693532986468586	3.7561874750997077	
13.855999026388481	1.8149395649115412	-3.560012627896542	2.378069317975987	2.2640015708466525	3.5729318891456723	
13.463938202274349	1.7458174597758183	-3.585110643422031	2.4568656819581656	2.1645562766503836	3.393488264553663	
13.090913159802149	1.71648929205134	-3.6052912105254546	2.5432645725430474	2.07053025894675	3.2205411136049147	
12.7395770389925	1.7243112629545012	-3.6195327820604364	2.6333747138021426	1.9812567134773595	3.0563906924387503	
12.411401221907097	1.7652714232437858	-3.627232693844854	2.7232607211136286	1.8959459798596972	2.902909470906721	
12.106834351034843	1.834371159123969	-3.628127356689913	2.8091128977621125	1.8137395404382133	2.7615290687838585	
11.825491872089135	1.9259885592708432	-3.6222216184077407	2.887391500167312	1.7337547915182927	2.633249254188955	
11.56635080144386	2.034208958654057	-3.609734035846805	2.9549502644865475	1.655122404556694	2.5186600703513764	
11.327946060580823	2.1531251765457355	-3.591056272857543	3.0091408413489114	1.577018052527604	2.4179764193216076	
11.108560195660745	2.2771058026752677	-3.5667261691325858	3.0479022767044928	1.4986898249861065	2.3310818434947573	
10.906394891523597	2.4010034646430407	-3.5374059658781283	3.0698129086256962	1.4194781205704143	2.2575859945407974	
10.719704086128967	2.520298863188516	-3.5038624600471686	3.0741169960186068	1.338828903219385	2.1968798678711616	
10.546897400107852	2.6311978263483904	-3.466944158622432	3.060733534294272	1.2563019015982462	2.1481867435459505	
10.38661901801197	2.730687683349896	-3.4275524609616133	3.030247811608455	1.1715739023699414	2.1106086041027923	
10.237806335182228	2.8165591212289036	-3.3866045237382614	2.9838876587715233	1.0844372225803591	2.083166497538879	
10.099719954843492	2.8873750966232516	-3.3449910746468055	2.9234680012247676	0.994790163299266	2.0648330129121506	
9.971956740554317	2.942422743514356	-3.30353663853067	2.8513278552560206	0.9026244207894332	2.0545533224651433	
9.854450144461701	2.981656341402421	-3.262964300287085	2.7702597889119307	0.8080102764443916	2.051257469044893	
9.747459130929586	3.00563733019532	-3.2238667725404064	2.683431395661092	0.7110801148659945	2.053865031440639	
9.651544384961202	3.015477770693895	-3.1866863227557016	2.5942961356726886	0.6120107121407024	2.0612827534619136	
9.567524285993082	3.0127851649889004	-3.1517100478830886	2.5064917548663472	0.5110056037438401	2.0723975265740893	
9.496421000973742	2.9996300788264465	-3.1190732067422675	2.4237396182568145	0.4082805891586771	2.0860676345740568	
9.439392877101012	2.978531112206242	-3.088767310010599	2.349740399777094	0.30405202204412046	2.1011142620732564	
9.397649402482168	2.9524572671320874	-3.0606493558500913	2.2880628542596497	0.19852801430721373	2.1163146728391276	
9.372341277464658	2.924843467361807	-3.0344482246360633	2.242021863253767	0.0919029363645081	2.1303994481607997	
9.364433908636117	2.899600150673794	-3.009764872372152	2.2145595559755358	-0.01564441522976793	2.142057043613779	
9.37457283152227	2.8811189764516123	-2.9860601997903236	2.208127368702732	-0.12395067289006435	2.149944613422009	
9.402945092591153	2.874263137750992	-2.9626312434843864	2.2245693116604044	-0.23286690383539524	2.152705466087252	
9.449138162217166	2.8843352558478847	-2.9385738164081907	2.2650024543418867	-0.34225780531959826	2.148993932921546	
9.512013345974223	2.9170032902711136	-2.9127337509062037	2.3297043460919498	-0.45200226190936454	2.137508628687376	
9.589630821680624	2.9781747024954366	-2.8836606350461595	2.418033908829048	-0.5619961282383035	2.117029565221221	
9.67921861844845	3.073829822507443	-2.8495679358865256	2.528368789131995	-0.6721576950262422	2.0864569277591407	
9.777197676416888	3.20980773616757	-2.8083089108599166	2.658067691693728	-0.782435626873654	2.04484984980866	
9.879273070193797	3.391532672259605	-2.757375944420318	2.8034565354509065	-0.8928197669737117	1.9914650355747947	
9.980628474874777	3.62368034745112	-2.693946199226647	2.959867166585802	-1.0033539369063222	1.9257885938195867	
10.076221804545503	3.9098339043015633	-2.6149833413153902	3.1217381964610906	-1.1141479456485708	1.8475533568152063	
10.16115767446662	4.252145772182534	-2.5173864950443576	3.2827514340753736	-1.2253878750433804	1.756745998580449	
10.231134492183077	4.651030749803867	-2.398188929443666	3.4360109897086537	-1.3373421283987585	1.6536023354107368	
10.282971407855138	5.104898133059835	-2.2548145662676866	3.5742659078087664	-1.4503604722942303	1.5385916611636243	
10.31514816570046	5.610004314424361	-2.085377421864505	3.6901798155329733	-1.5648580646807333	1.4123847165280594	
10.328229906873894	6.160437774668252	-1.8889719976834916	3.776609019080916	-1.681281366408	1.27581145266403	
10.325141525766773	6.748168086731429	-1.6659371501534042	3.826877323359428	-1.8000576550490877	1.1298155132143735	
10.31124091515359	7.363155718637393	-1.4180677964670436	3.8350476470893486	-1.9215290630708164	0.9754051453918902	
10.294149199848444	7.993501381109265	-1.1487571053196057	3.796199406610405	-2.0458707772164844	0.8136011960004528	
10.28323589768018	8.62568605452822	-0.8629802576989498	3.706672492886823	-2.173007219979171	0.6453854640866984	
10.288882888854413	9.244883408956412	-0.5671269706785502	3.5642588930760906	-2.302544030402858	0.47165767503085715	
10.321641184831844	9.835347607935907	-0.26872496578798327	3.3683549176955436	-2.4337192285349327	0.2932027815166813	
10.391326850544505	10.38090717430603	0.023941143453037647	3.1200622907787907	-2.5653787873897813	0.11067093452123757	
10.506094375926413	10.865601355439836	0.30231130450053345	2.82223820747397	-2.6959801183796746	-0.07542652453194168	
10.671660009313952	11.274431343933855	0.5580958783709592	2.479425045901827	-2.8236395565207353	-0.2646958483543892	
10.890765518721073	11.594122616743121	0.7837946923249658	2.097697608676769	-2.9462093142433887	-0.45681909156923367	
11.162859932456605	11.813845276273577	0.9731602074368256	1.684453654004765	-3.0613723942590454	-0.6514984023785952	
11.484001768018862	11.925875557977717	1.1215948961769098	1.2481419860153802	-3.1667560692057535	-0.8483870718801401	
11.846986269649523	11.926172510260285	1.226464668677091	0.7979286567291711	-3.260063145963981	-1.0470090251889592	
12.24184987077317	11.814432138750123	1.2871084372248063	0.34335072214840423	-3.33917345049606	-1.2467035122113717	
12.6563294774856	11.594652998447003	1.3050401355678536	-0.10615089891511882	-3.402332459436759	-1.4465196141871597	
13.07690769701906	11.273634365298534	1.2831593233482417	-0.5413405272584871	-3.4480686183142657	-1.6452965061063516	
