1.6396268663119664	1.4593926519552487	12.08503709599251	0.15227530675194537	0.7584158852244054	0.3799523962202869	-0.7358949483571134	-0.008262964421578624	-0.8545542260703657	
1.6295401874874054	2.084080300837097	12.047756837169912	0.10218434306113441	0.7612047275443352	0.35427726223681993	-0.7409444584184736	-0.009492777544408859	-0.8496771877989855	
1.6491487199150971	2.6274990888467085	11.855013405647204	0.038294846048983644	0.6925937385991818	0.32160601891355006	-0.7451161994452796	-0.010828085703077712	-0.8454687325446446	
1.6973266503649733	2.986695302105024	11.60150678192797	-0.02968554406081971	0.5679917967205437	0.2652181508760133	-0.7485107494989299	-0.012173286718954858	-0.8418872434264661	
1.7553368528692097	3.0649277356522346	11.351464352694947	-0.0913705434967676	0.4167639808826182	0.18328186535004481	-0.7511414230015337	-0.013327929118282372	-0.8389966720346113	
1.8012418427762342	2.8250050162120095	11.12759532533465	-0.138513154904452	0.2756530723581415	0.09873039942771114	-0.7528599183104765	-0.014319994750840073	-0.8369834618185987	
1.8491940367567579	2.35398267149853	10.941110873321952	-0.17016954502460396	0.16218667790911526	0.049861505280336005	-0.7535032530671542	-0.01580774862074168	-0.8358966893259464	
1.9144428027489682	1.766373621738885	10.838440007376022	-0.18954454428163234	0.08444850140446228	0.054307409880609336	-0.7535766457133234	-0.01778297830729067	-0.8350549621644212	
1.996026300277301	1.1523691691205389	10.841145281378818	-0.1982493161227974	0.04681135627715047	0.11626169797632512	-0.7535419674410342	-0.02033453195036406	-0.8342656382678741	
2.0812430326019022	0.5938072682254185	10.913720290525541	-0.19621348546555611	0.04815240435548055	0.2298356871223695	-0.7535592160130115	-0.023529655170635263	-0.8336339838355639	
2.1594658395428157	0.1754536317764923	10.982819912948784	-0.18420645149274179	0.0781553014851934	0.37897964376687127	-0.7537099193788331	-0.027276646853361525	-0.8330271117710175	
2.2316466014837992	-0.0570444692183349	10.996123936985082	-0.16503476625516406	0.11763796609694996	0.5413427589842327	-0.7542272018670002	-0.03188898854266418	-0.8324307627977267	
2.297339634602914	-0.10636498807024296	10.939800684601051	-0.14192357412577344	0.14813511784179617	0.6922930786446106	-0.7547506072967652	-0.0369248163594386	-0.8320984811473311	
2.3583369559374563	-0.008555381006966444	10.831568803485016	-0.11757874511373795	0.15803519543990835	0.8156285214845143	-0.7552494307462448	-0.042432426279739255	-0.8316517546786367	
2.4150058853205016	0.18269819724644423	10.692064016136651	-0.09339286755617861	0.14419053691257575	0.9070527734236699	-0.7558053760815588	-0.04857125824173765	-0.8308079789045951	
2.461066224678741	0.413294458603573	10.517884801440939	-0.06944541409575364	0.10929739261817722	0.9706038724512854	-0.7559577754673732	-0.05469735576809356	-0.8302105498981063	
2.493480995916955	0.6511654358939638	10.290831503439396	-0.04618964896784055	0.05588748203010921	1.0128544811107405	-0.7555783226032422	-0.0608074156973505	-0.8297038010938078	
2.5108121681106863	0.8717369367026583	10.000586436448954	-0.023690994077780404	-0.015765773830676223	1.0323181805279813	-0.7546977914959802	-0.06708363150585266	-0.8300130829780173	
2.5125062353911	1.0486515450031604	9.659018765263465	-0.0023225696505362	-0.10409972942853628	1.0249842615704228	-0.7532305749800563	-0.07327081567757195	-0.8310562560304883	
2.500505116221061	1.1541518685393872	9.296095287868205	0.017627945192855137	-0.20380624456229388	0.991794635184968	-0.7511052209213938	-0.07910843678090665	-0.8321068743715084	
2.4786748486536707	1.169315503254258	8.941541052041195	0.037100395231381124	-0.3068116550121215	0.9405449251767114	-0.7484809477910301	-0.08501381989646448	-0.8337929226802752	
2.441344003336473	1.100861950659049	8.613737222906659	0.05634015516937965	-0.40486679161793343	0.8809534673032657	-0.7450408493676725	-0.09031254421060063	-0.8358474417573444	
2.3822815336298597	0.9671323770962347	8.321778673535357	0.07525388560856076	-0.4892261287168609	0.8209331492956103	-0.7411411472760879	-0.0949900506439357	-0.8383525787122613	
2.2993265944488916	0.7935057497985706	8.065827802024158	0.09355907523886249	-0.5531593638091332	0.7661696552261353	-0.7371825520891432	-0.09948046954692827	-0.8415154819702535	
2.196376558514267	0.6084424821451827	7.839892514196847	0.11071019644677477	-0.5946256152385454	0.7195252187777104	-0.7330125015993695	-0.10378595088951906	-0.8451286263825495	
2.0840038880059977	0.4329978031453974	7.63979708307341	0.12584814448451648	-0.616273802215925	0.679482551742811	-0.7286401825298308	-0.1075016251030279	-0.8488584657117112	
1.9695012116984663	0.28000139775392713	7.466790190305206	0.13768947305439497	-0.622148843460536	0.6445788002107439	-0.72430383738339	-0.11073092114543705	-0.8522809082516517	
1.8622829427935503	0.1592995674116348	7.323224589641803	0.14519526690135742	-0.6165465713392211	0.6113747868363945	-0.7197010710570844	-0.11356570502475294	-0.8555980695064861	
1.7729664672362404	0.07309190472802932	7.210051621409262	0.14797107647964056	-0.6030575531193901	0.5759706880387997	-0.7147260076030788	-0.11603948299621684	-0.8589846998808858	
1.7077471368403994	0.010543882587721246	7.127378214440606	0.14630835548258392	-0.5837484940765482	0.5368691447081839	-0.7101127743090729	-0.1183435468641381	-0.8619595086469988	
1.6670629465957942	-0.043121353067819404	7.076922799022113	0.14100057670399718	-0.55921745565782	0.4943620412421544	-0.7059159372647485	-0.12055475553783529	-0.8646463780742722	
1.6512723434664112	-0.09139828104351662	7.063641219639299	0.1328429740658703	-0.5296293051520307	0.4521741174593617	-0.7019427194000054	-0.12249234382611045	-0.8675523895023415	
1.6544203135052398	-0.13868288673713972	7.089021451682195	0.12260324559596394	-0.4947703998536736	0.41186357845304583	-0.6981779089029067	-0.1241641699442008	-0.8705367842018205	
1.669431972691617	-0.1904338327391295	7.151357048078081	0.11053649960926872	-0.45428603534112644	0.37310257124198676	-0.6947051706730546	-0.1257736151795548	-0.8731981485710716	
1.6968306105623416	-0.24576359582410806	7.251408335140015	0.0963476348652944	-0.4083853361775649	0.33761544763778045	-0.6914479069937511	-0.1273898072737861	-0.8757951427055506	
1.7273513849955935	-0.3168842313314983	7.388953446818088	0.0815172671454887	-0.35840990595472155	0.30368308927806503	-0.6885129287129874	-0.1291570215490846	-0.8777481567648705	
1.7615751218771574	-0.4064016788894543	7.561634065833497	0.06650606105431066	-0.3057513861946653	0.2730981958917228	-0.6859420629550539	-0.13070227193020292	-0.8792408600503961	
1.8048711154374308	-0.5119877612774659	7.768445149696375	0.05181709930364232	-0.25163168930326385	0.24794550535465648	-0.6838848386014266	-0.13204019183295446	-0.8803633131483023	
1.858840627628442	-0.6337716775557565	8.006919683011963	0.03866844058536163	-0.19747250639860958	0.22811077145422656	-0.6824709968584185	-0.13355434654012238	-0.8807724031830031	
1.9235135462974182	-0.7686477135198183	8.265125719505045	0.027454607474886317	-0.14549601665744522	0.21473209769247925	-0.6813702768881679	-0.13472943160582132	-0.8809473609443715	
1.9985428638398333	-0.9077608473894381	8.534379389261328	0.018819495293243015	-0.09914524938354634	0.20873118232766763	-0.6806537413009909	-0.13591213752895404	-0.8811278143805685	
2.0787222397215004	-1.042682625961907	8.807107388543985	0.013205463188698786	-0.06073416844115851	0.20903801606911085	-0.6803060142498515	-0.13709307718000008	-0.8812854360651522	
2.1552071644139303	-1.168032211096238	9.076559901324273	0.010702688943466997	-0.031123429957043508	0.21283681188410192	-0.6800354471386033	-0.1380124328694053	-0.8810985075321047	
2.2214484459290147	-1.2784862408654512	9.337267565331656	0.011293845004611046	-0.010222977187115127	0.21741586530648627	-0.679646866939982	-0.13880885609690927	-0.8802885385325109	
2.2790876819003953	-1.3635266437722293	9.582541691838319	0.015147831960775807	0.0032584573526784604	0.22211722495017003	-0.6795519718814207	-0.13966123022759414	-0.8795224249096305	
2.333715229690256	-1.4177043257968174	9.805746665644888	0.022613768815826503	0.010123866416939437	0.2260204104272124	-0.6795480347901847	-0.14034195442925324	-0.8794100801135377	
2.3922875851027214	-1.4365025752825236	9.999230234952744	0.03373620297540908	0.010718986289095048	0.22793377799980136	-0.6795156892843105	-0.1409765942640754	-0.8795429255613637	
2.456727420944997	-1.419272203114826	10.160787351474875	0.047936181316444136	0.005647065466429783	0.2261447789509801	-0.6793483058146781	-0.14163092981166003	-0.8793687115906273	
2.5201830930345825	-1.3704289150694455	10.300632126380398	0.06428347856733051	-0.0031926987866179963	0.2194245792588223	-0.6785783249595165	-0.14172181200632394	-0.8793000186869057	
2.5784301467183868	-1.2790714906554435	10.432225992442385	0.08253246785466602	-0.011619612280911467	0.21155784116040252	-0.6776294654952422	-0.1417093873875741	-0.879035990740882	
2.6311112376812535	-1.145705653874431	10.561830579148584	0.10258460256208272	-0.01579983048182372	0.2030505042600798	-0.6768540072382927	-0.14199230836008617	-0.8785918522091236	
2.681580267513055	-0.9895451188645342	10.684784692856429	0.12429472689221023	-0.014283962413506792	0.1924459475544347	-0.6762012068509214	-0.14239920196534503	-0.878382344450266	
2.7288144790329567	-0.8382590907286371	10.793118470376667	0.14699359624728137	-0.009324497485167074	0.17858948487973414	-0.6754306461990099	-0.14241680784253247	-0.8786583598085205	
2.7595113778464238	-0.7093814800000698	10.889884081955486	0.16894408647088757	-0.0061632457271502345	0.16013784784070392	-0.674495201480322	-0.14188522391948893	-0.879053967192669	
2.771826272919805	-0.5995075287589968	10.989820778453387	0.18850495433149514	-0.006825879970325851	0.1373083989660114	-0.6735779993997189	-0.14149950273406206	-0.8793095001383321	
2.7744455118928015	-0.48907661372312705	11.114074072100546	0.20486006439251192	-0.009017578477329796	0.1134984762784441	-0.6730669383495623	-0.14135230916326136	-0.879282518541659	
2.77586059040557	-0.35501027705209326	11.264411547848237	0.21846315880812778	-0.010121606252341042	0.09421469091822891	-0.6728478712550925	-0.14107766556285434	-0.8792680298036978	
2.7723072610866546	-0.1843428438730502	11.417515555202634	0.2305166208736393	-0.011890567624540205	0.08371300132724128	-0.6722663185643758	-0.14057846359175294	-0.879705286747288	
2.7397486521978243	0.018540168545117395	11.562688936633647	0.24137513665578345	-0.020942084305933525	0.08155065986772847	-0.6713601340884491	-0.1400043222195288	-0.8800884308191714	
2.638896757079869	0.2428736568106492	11.710713476438496	0.25078861346133247	-0.04018557797470131	0.08665599779123559	-0.6702886173829972	-0.13902565043878656	-0.8805337748748464	
2.4653620796783495	0.47796022262821525	11.865428118840896	0.25973956061952636	-0.0713066009749624	0.09833553577502382	-0.669237672774152	-0.13786141723276313	-0.8811061520383281	
2.247417653326503	0.703092813457524	12.007971472048467	0.26939749030814913	-0.11867614338480119	0.1117678902270353	-0.668167211220277	-0.1369101037796008	-0.8816889315490254	
2.007921256096238	0.879040244338461	12.099084870774622	0.278980822284757	-0.18768529845852752	0.11571977780531309	-0.6667163096871284	-0.1358494339213631	-0.8824239939667202	
1.7527075843288162	0.9675026052132312	12.089711954902725	0.2862399486535657	-0.27472793730832207	0.10378309273415566	-0.6648122977086856	-0.13440264614987912	-0.8836583072325297	
1.5152924781395158	0.9498099077570072	11.931991564366601	0.28778623602765124	-0.37516641698546443	0.08946750079975949	-0.6623070461209601	-0.13291003799553716	-0.8855802760349712	
1.3482307707696004	0.8521455415232765	11.652536820573827	0.28028402899522004	-0.48460955440583475	0.09642935862042147	-0.6589134924564044	-0.13173973105319872	-0.8883428547185739	
1.2744742675606289	0.7374725938017195	11.340826773696747	0.26255019776692634	-0.5931477845496613	0.135224787994991	-0.6545447442128131	-0.13081661133076788	-0.8918149464606574	
1.2449644721581616	0.665200016238877	11.060718545434408	0.2370082913577592	-0.6811385545412114	0.18597961855420375	-0.6495651001155553	-0.1298555222596267	-0.8953808153912413	
1.190362390311608	0.6655464274738846	10.84950442402681	0.2072503913410432	-0.7332039345012463	0.2201152964658017	-0.6440000812004734	-0.12921216887574535	-0.8993088433430467	
1.0946932895077106	0.7549786488521203	10.709406050423972	0.1782052703159871	-0.7419092016613527	0.22982126890445087	-0.6381066835473297	-0.12925908394431956	-0.9032753118969253	
0.9993390454820619	0.9341865883087662	10.617021909414271	0.15453736019726752	-0.7108291899510959	0.22160409446913493	-0.6326113083476234	-0.12945684702448065	-0.906873908047835	
0.9554841571175379	1.1771305970122175	10.554174829206941	0.13893395106842849	-0.6529330948802718	0.20088671024016022	-0.6280624360300571	-0.1289918800771806	-0.9100676240214883	
0.9624686065436533	1.4325628457432906	10.537781503418168	0.1316956690561263	-0.5815391228032633	0.16855199677531185	-0.623949675181914	-0.12861539719145212	-0.9125354126261884	
0.9797038722954173	1.6697020333948762	10.566155065818815	0.13095160613397122	-0.5018593438717402	0.1262045224803279	-0.620685386202222	-0.12791172460080993	-0.9148762108005042	
1.0007272189928378	1.8520337236247877	10.606809192092973	0.13342902295797418	-0.41875541352532986	0.07421617265810482	-0.6179957534273359	-0.12681367682883277	-0.9170692455260673	
1.0386984105692179	1.9314768243890597	10.641568024017351	0.13544813719816892	-0.3414692189686716	0.013559095811676428	-0.6154515775149261	-0.12564450452319442	-0.9187255178831774	
1.0784946527625214	1.875301032423554	10.694193715802626	0.1342508591365643	-0.27935250630171315	-0.05175945503556574	-0.6134557881119967	-0.12432940120578367	-0.9198839392493878	
1.0924251729230445	1.7035810354338863	10.77022030572152	0.12955612128894503	-0.23038431087628317	-0.11724771548059612	-0.6118738093193072	-0.12284835532819048	-0.9203164418066783	
1.0961532260559006	1.451350156349639	10.845244589907779	0.12325201132486698	-0.1903894016897953	-0.17786154635223475	-0.6105723917357151	-0.12144835425792866	-0.9207605044987757	
1.1150415068645727	1.1566595838604494	10.890835698006256	0.11776488989263784	-0.15697696719931614	-0.2285645971269973	-0.6095375299987592	-0.1200934842078146	-0.921557002224675	
1.1600332277267644	0.8567960303549458	10.890545486031094	0.11462925552969269	-0.12798935899358355	-0.26433727735271434	-0.6088588591802592	-0.11840316341719721	-0.9222607340943626	
1.2345792643223574	0.581441362310573	10.834748612099661	0.1139827857369711	-0.09884360298988028	-0.28004063408001667	-0.608627574176965	-0.11623197220564967	-0.9225326054912532	
1.3411471276624	0.3420973194890347	10.70588577422194	0.1152385845575664	-0.06543986353794712	-0.2717764551686079	-0.6086071054352964	-0.11415007381902112	-0.9223588381265313	
1.4703431351493892	0.14335400439676207	10.498149204984845	0.11610682068292111	-0.026755408805044185	-0.23763958590140355	-0.6087465913413689	-0.11221846783439254	-0.9221250545113955	
1.6004687742732024	-0.015036865823746791	10.224973299119283	0.1136930603899952	0.015613736502614349	-0.18056086383132858	-0.6091767220144356	-0.11061921993638633	-0.9219201653823823	
1.7114632727774757	-0.13534164472137822	9.91031959538563	0.1060977362758746	0.059386676074631606	-0.10810194607072587	-0.6099192593925074	-0.10972766403703779	-0.921519212721669	
1.8025174611255375	-0.2161020652883153	9.572858100294827	0.09318404545345005	0.10288829857169456	-0.028441579145038774	-0.6107143655851258	-0.10910905927464022	-0.921131105458919	
1.8775266116143559	-0.26034737025698984	9.230348365887654	0.07585551694847191	0.14260331477857816	0.04983648473452823	-0.611506371465985	-0.1087909113783893	-0.9205252915642818	
1.9423398125790112	-0.2752949591002179	8.89836578485161	0.055273536843692246	0.17650026592306275	0.12067379286150662	-0.6123304140186389	-0.10888946872112136	-0.9197503978637195	
2.002393567815026	-0.2719257606464944	8.588220723982774	0.032268291740072244	0.204322534143877	0.1808417617391006	-0.6130463554468641	-0.10942714148112849	-0.9188254689010015	
2.0593953628478694	-0.26249953703459283	8.309635295017788	0.007175746271144479	0.22664622533070128	0.22929431333396078	-0.6136123150184096	-0.11037029064387849	-0.9175270947478008	
2.1101556270081416	-0.25434492487388616	8.077316732217412	-0.019807550509273696	0.24529756171056155	0.26735831721948955	-0.6147993818397091	-0.11159420151557047	-0.9162287483516528	
2.154799884550157	-0.2510519254033302	7.89642609424765	-0.04855611049872698	0.26176255738628557	0.29633006673502155	-0.6160913199991751	-0.1129700141676163	-0.9147370185083343	
2.19457355170983	-0.2502697279923899	7.772001770844991	-0.07764313523098991	0.27571537101103005	0.3180513371219735	-0.6173530685808101	-0.11474449695559241	-0.912902643409308	
2.2300891137021868	-0.25418943409977107	7.705189738011308	-0.1059692247828546	0.2865592000806685	0.33401670656124904	-0.6189176959250381	-0.11717666808795081	-0.9109610130950474	
2.263174656643896	-0.2745111487734507	7.687921673549594	-0.13460578215977814	0.2949031407660791	0.3447801692124145	-0.6205193565204726	-0.11999086730160288	-0.9090943367634146	
2.300792919297411	-0.3037981254544765	7.725094097697416	-0.1632098722646966	0.2990821178976664	0.3533218874710887	-0.6221237495586514	-0.1229132717827181	-0.9067434000334388	
2.3514089570979713	-0.3363014937990668	7.813342175218611	-0.18986931760583617	0.29820143196765636	0.3603127008805958	-0.6239336824822781	-0.1260173961635409	-0.9039738030903777	
2.415338295776404	-0.3713501242493844	7.943607903065923	-0.2128643688646892	0.2926082352127122	0.36581162541643075	-0.6257156772259069	-0.12922096845588404	-0.9012412674642387	
2.4880999121428293	-0.40920224048296394	8.109093574755784	-0.23128117533282266	0.28358111076445214	0.37014264506770667	-0.6272516946844046	-0.13239275930596436	-0.8987633521215265	
2.571096716313455	-0.4470461147938838	8.304795597465294	-0.24404051970588345	0.2730450379605424	0.37241049389074826	-0.6292523056198798	-0.13589936585703938	-0.8964117658126095	
2.6541906412819536	-0.47673082816876833	8.5160193803934	-0.24988686316582223	0.26220462800057953	0.37268653287819753	-0.6311778315809852	-0.13948493104544646	-0.8944419895629326	
2.726675874416527	-0.503153864458883	8.727982296920775	-0.24926551644864114	0.25157305562240917	0.3674884640081618	-0.6326782377812384	-0.14307188069557353	-0.8927730334311851	
2.7855576249802265	-0.5306464549700972	8.92970841753626	-0.24300112971469962	0.2401042575894472	0.3551725202655957	-0.6336889051093558	-0.14667813560875145	-0.891303560181125	
2.8347293973783048	-0.551174872200157	9.112234293116556	-0.23135348833611882	0.2256419688629097	0.3380217977665688	-0.6342660782136011	-0.15006941300649404	-0.8901836127598756	
2.878582687242268	-0.5593876718108748	9.268357481006628	-0.21560362117573972	0.2075212396128691	0.3141552301263866	-0.6350687734875844	-0.15298835159038582	-0.8892461517276776	
2.929544771207118	-0.5586776991371665	9.407050310172679	-0.1967128971461603	0.185814977729526	0.28382055543325035	-0.6361235441566548	-0.15577261729899822	-0.8882475639002769	
2.9952171421858345	-0.5697867265114565	9.523457368106904	-0.17574981717119645	0.16306422908146898	0.24844602255000983	-0.6368981212262724	-0.1580965465811116	-0.8872154373912026	
3.078395119655962	-0.6117762517883027	9.60687848550391	-0.15318954757331119	0.14174495950186608	0.21194861125673525	-0.637295803239438	-0.15967203109121564	-0.8864383911125454	
3.1771791686615485	-0.684427764662253	9.662504172185233	-0.12835010990360074	0.1219792758601268	0.17953086239816182	-0.638004641071397	-0.16123841922423537	-0.8860344448044356	
3.2675811538653843	-0.7919887522317764	9.695573785750161	-0.10107316531590711	0.10571342682426761	0.1482498825361901	-0.6388430597006061	-0.1629406649217669	-0.8854431380493708	
3.338431936361708	-0.9399355606506586	9.713496623168648	-0.0710509041045346	0.09267490267120991	0.1190836992310945	-0.6393851331522427	-0.16446067107612253	-0.8848714011385541	
3.3750180468773614	-1.120137165140764	9.72906011450028	-0.038163890091153466	0.08272083309841226	0.09563391255264125	-0.6399251506378832	-0.16561279825833883	-0.8843594912835875	
3.3632683811139055	-1.308089810496618	9.753667331667337	-0.002493064167214264	0.07733675827983079	0.08172798655611473	-0.6407568994269526	-0.16644812416205754	-0.8836566801486344	
3.314621123104749	-1.473110189573907	9.78821746579245	0.03582751577264106	0.07819077215301032	0.08135075210978208	-0.6411091610826629	-0.16688099662656886	-0.8830831220141575	
3.245375051690078	-1.5854190251204185	9.833563492672026	0.07542182306155375	0.08558903365996037	0.09573864008222024	-0.641588253104853	-0.16665542521013438	-0.8828154519293132	
3.1677572294672105	-1.6238716168534755	9.883298859852024	0.11470005895880368	0.09840461052208899	0.12368406598607128	-0.64197751067465	-0.16636204711503758	-0.8825277482301169	
3.087612738394119	-1.5864251943113457	9.93337946850947	0.15180342657772056	0.11417418018470224	0.1608437900993173	-0.6421142110434401	-0.16626018795923725	-0.8818719032646534	
3.0043658301424307	-1.4906978905407864	9.991951665536108	0.1846244068370783	0.1307593032456392	0.20040231621685245	-0.6425729891927761	-0.16585015035504333	-0.8809455497486482	
2.9100611020887985	-1.3589872310790807	10.075292655473925	0.2117441071394486	0.14919000292264104	0.23596216844839363	-0.6433514528159433	-0.16531794174788844	-0.8800987005771446	
2.784035307038086	-1.2022175122882437	10.191868584213783	0.23331808813683172	0.17221838088800479	0.26248253066938965	-0.6442427128362501	-0.16492235821775106	-0.8790319734256707	
2.604584059101188	-1.0221436441097778	10.35017902020818	0.25029871643144525	0.2025575073222278	0.2764016172289477	-0.6453857189108473	-0.16439727769302265	-0.8779662956654529	
2.3539807978507086	-0.8082934073630804	10.56196456672781	0.2632974917008587	0.24200761887765668	0.27679398429529956	-0.6470575910264358	-0.1636022673294912	-0.8769029091484689	
2.0287451448169818	-0.5335185034794165	10.839526662933572	0.27174082128626703	0.2915985482339671	0.26480578864089777	-0.649288726539704	-0.16289937465778495	-0.8750567301316637	
1.670928524064336	-0.15889190650548232	11.18539270941982	0.2739194208595372	0.35189055418500076	0.23998613496433308	-0.651943533181964	-0.16197205628029554	-0.8727401075210187	
1.3871043981017028	0.3464826826248491	11.547653724780067	0.268401244890029	0.4184501813976666	0.20537665579819478	-0.654491654931126	-0.160751658253714	-0.8702057964951411	
1.2489669081215022	0.962806845637195	11.856078876358474	0.251689484312603	0.47534770414499283	0.1666997814359972	-0.656969014884198	-0.15949518716780062	-0.8676073584820113	
1.2731597367745864	1.6276984448362628	12.045136958867314	0.21818250978588757	0.49807236863502546	0.13056610085207104	-0.6600842827871568	-0.15859816921884506	-0.8651278963311984	
