0.6759544687721313	0.6743677089044506	11.964753611944426	0.33530648298978366	0.4131889107026852	-0.007174040278172894	-0.6161152334540619	-0.118029648419352	-0.8350120927756675	
0.6021735875290553	1.2476843956859156	11.86652306403242	0.31292141334975526	0.39245533090715295	-0.04690501502778451	-0.618505983702118	-0.11601382892383026	-0.8340512214785907	
0.6382901250348175	1.73743918759718	11.666609322224053	0.2711136880114667	0.32629607117550957	-0.0849784745992037	-0.6202205867156593	-0.11361771365409859	-0.8328921940017029	
0.7653984676582716	2.0809949624977575	11.426035453572467	0.2147397405474307	0.231134444904234	-0.11371555281866869	-0.6214564582490893	-0.11187043692849684	-0.8321079832761711	
0.9504416616630753	2.233019976693048	11.183759615237054	0.15086637212231502	0.12689464599583763	-0.13376918490059891	-0.6223765155872918	-0.11084688112974693	-0.8317648565886079	
1.1378247438149423	2.173174719754082	10.954860936979609	0.0882783515914773	0.03497930629312656	-0.15285323532798434	-0.6230246196427467	-0.10973510399799075	-0.8315660120491432	
1.2684327054854487	1.8938320425931703	10.770969373411722	0.03153803299766158	-0.03371350935271006	-0.16385297925617973	-0.6232467855992809	-0.10892759643785624	-0.8320871587214262	
1.3497525747647512	1.4431501963485267	10.656020057191041	-0.017721738219888775	-0.07230444072219779	-0.1427513567373826	-0.6231517264864077	-0.10873435162002369	-0.8329899296496472	
1.408927521517473	0.9046717774768265	10.61609087472373	-0.05811371429477269	-0.07849821868781062	-0.07390263779166224	-0.6228347557581941	-0.10892855235029124	-0.8337013899787495	
1.4416999568170001	0.3609722564628186	10.640381867732827	-0.08730074530869253	-0.055316564489841305	0.036928032879306655	-0.6223238004850496	-0.10927726448500698	-0.8340889192117733	
1.410396883386995	-0.13185921392635858	10.705294364560922	-0.10315240705153542	-0.009543348338377139	0.17402543270855245	-0.6219271255555768	-0.11045626328972408	-0.8342061624309874	
1.3166067256973266	-0.5198745882404514	10.75918165352666	-0.10610380609482019	0.04742674511529256	0.3261040250744219	-0.6217807907953958	-0.11237689932526516	-0.8340084600382218	
1.193497790525669	-0.7624265249502181	10.751364503130132	-0.09887142797525915	0.10038703807246764	0.480490359366483	-0.6217716334286171	-0.11497229356898678	-0.8332868944866515	
1.078065296574291	-0.853819426747594	10.661309781835026	-0.08569627646507723	0.13349540227415516	0.6220472534141294	-0.6217442638821569	-0.1183408848435839	-0.8321745450950219	
0.9906377550087189	-0.831503293754199	10.511476866792663	-0.07115956351738296	0.13594609132853072	0.7396484258019698	-0.6217237538178149	-0.12214843764359008	-0.8315201425873271	
0.9553086343439819	-0.7224745159960337	10.339405294817235	-0.05752424347979526	0.1087657597321116	0.8309930586151583	-0.62152179114665	-0.12613478021361565	-0.8310579669619914	
0.9741704426601663	-0.555802309983011	10.16808792063407	-0.045592978738616556	0.06098198359288952	0.8968488806611665	-0.6209484482808739	-0.13059806410274985	-0.8307832728521221	
1.0283013358579738	-0.36266728574485885	9.996012118599692	-0.03547712079805355	0.0037940789196351764	0.9407165989665915	-0.6198934517921257	-0.1357333314475982	-0.8309662770143711	
1.0961052726840992	-0.16545272472094463	9.803439759504466	-0.027169307089217054	-0.055051017346750775	0.9690107822720786	-0.6183235906082413	-0.14093946894302045	-0.8315078294617206	
1.1621978387927243	0.022599840918987237	9.573358282039894	-0.021414835930457957	-0.11423095547745364	0.9822019556561989	-0.6163761205253355	-0.14593458892449235	-0.8325000832055153	
1.2219491837413323	0.177012316140179	9.316333030698008	-0.019076376551827368	-0.1739069298026243	0.9806761850346686	-0.6139907719938968	-0.1507079452024015	-0.8336588298188452	
1.274869493747769	0.2746774701287337	9.054040560455965	-0.020325228612388467	-0.23228049921565871	0.9675815205097865	-0.6111699004549467	-0.15534577828233476	-0.8348948892688337	
1.3176029525902324	0.3109642758678863	8.797327718261997	-0.024469651066541528	-0.2846115174880279	0.947870081556081	-0.6080863433190551	-0.15988313805065957	-0.8366231997260554	
1.3450444825537402	0.29522647338070773	8.548937590012137	-0.030958720039123748	-0.3252147317978264	0.9242561036600135	-0.6044892248146889	-0.1642721947001634	-0.8386148450258528	
1.3503387597319376	0.23982062019125377	8.30957205017664	-0.0393186537509806	-0.34912428586589966	0.8987161270606115	-0.600584269626552	-0.16889698902271522	-0.8402635320837628	
1.330100221214428	0.15834842078642025	8.076571465577008	-0.048761227914565455	-0.35422760260699765	0.8732758613611514	-0.5967038550200865	-0.1737167599152791	-0.841448292439187	
1.2864246907828716	0.0670756481281101	7.846656681663717	-0.058373435271552546	-0.3423953255452068	0.8498922553027958	-0.5929503598474789	-0.17816441218243678	-0.8426009376302454	
1.2221092721311537	-0.01578604648529432	7.625899544574847	-0.06805789993155656	-0.3187323501221144	0.8295020711522151	-0.5893703236031562	-0.18236611771600025	-0.8436903809986006	
1.1362634573233938	-0.08399032331103673	7.427337630197624	-0.07833708206795384	-0.2889684852941869	0.8108999038001908	-0.5861773323568136	-0.18633585345076684	-0.844619498746636	
1.0340102574384438	-0.1338469983227709	7.262008703966562	-0.08968120171867236	-0.257334406466128	0.7919435203401591	-0.5834785407963815	-0.19011631792461578	-0.8455239190111831	
0.9271701021558483	-0.16115752988398435	7.134978208726282	-0.10195602548967814	-0.22601950824565628	0.7707295866048576	-0.581150597580982	-0.19394147911689585	-0.8465608238797939	
0.8253846005950702	-0.16619477852113057	7.046046935391318	-0.11433596178828766	-0.1958401493938494	0.7461146865037404	-0.5789263776660835	-0.1980442046371673	-0.8475282656758525	
0.736747845995309	-0.14636222254433365	6.986960370895834	-0.12636477761807313	-0.1664310793955836	0.7172892051420214	-0.5764100760322746	-0.2019579648235913	-0.8486385925617558	
0.6676162507019163	-0.10689947656200804	6.955327210900278	-0.13687061728198288	-0.1384252703932948	0.6824885096153823	-0.5741407750766079	-0.20564932110021988	-0.849576728693925	
0.6211718912394301	-0.06303189324255375	6.954065318276538	-0.14484498457187275	-0.11384734497813377	0.6407812465295138	-0.5724490833615383	-0.20933947138464468	-0.8499051035461593	
0.5969158525162942	-0.031487596247911254	6.984731807430425	-0.15083808807110227	-0.09493513405026045	0.5944624562516887	-0.5702812641322478	-0.21276352639214544	-0.8499610054600545	
0.5954229946069571	-0.015376552541624833	7.056228354830696	-0.15514288435901732	-0.08252710118901305	0.5464708184314726	-0.5684988704235937	-0.21599037687582837	-0.849909097037764	
0.6229268814267539	-0.01737411678333602	7.175963651030295	-0.1578828078927858	-0.07596594482579803	0.498851956640633	-0.5670171305009987	-0.2192734128187289	-0.8499272135446877	
0.685322591363434	-0.04258383441648946	7.345436166766586	-0.15879432242784058	-0.07432726408041561	0.45303907833260726	-0.5653677495758633	-0.2224643353387598	-0.8501054004664741	
0.7810973141875093	-0.09698719553609322	7.562896838891458	-0.15725466679893751	-0.07711672683715984	0.41053390471914836	-0.5639547856438505	-0.2250127331980728	-0.850318982268323	
0.902979140128948	-0.1892507668896764	7.831850539914874	-0.15326931909670752	-0.0827237246722197	0.37266288924991575	-0.5626874209039575	-0.22731710115519835	-0.8504924702618852	
1.0405633656287718	-0.32385306371137457	8.142293665181946	-0.1468674133434252	-0.0884901542743452	0.33958767362100906	-0.5614457314194888	-0.22945859425309853	-0.8507519270683574	
1.1850972652864538	-0.4982512070759121	8.47470185580272	-0.138307281549137	-0.0920814107978982	0.311425591580713	-0.5602446960458809	-0.2313046216275204	-0.8510744000704993	
1.32869615797869	-0.699773154327593	8.808579824281782	-0.12806422247899532	-0.09205815124924976	0.2890381687900579	-0.5591290926051857	-0.23293454450339898	-0.8513193522413077	
1.456791269022158	-0.903549766557655	9.126053873050283	-0.11612288978134755	-0.08710337411991005	0.2731055274072924	-0.5579470049199031	-0.23460394506002588	-0.8518439274882387	
1.560178031077067	-1.0955945255581103	9.41873793264713	-0.10227203503697535	-0.07810929441960514	0.2628172797411098	-0.5565042983296297	-0.2359128148970636	-0.8524359677120046	
1.6373266007021952	-1.2661392527766768	9.682024502260747	-0.08652133123464086	-0.06738678830663841	0.2573558946987673	-0.5551306499473241	-0.23693256920448988	-0.8528430075047552	
1.692947264395042	-1.4041494820236504	9.913109242869407	-0.06935159062418302	-0.05785350756944882	0.2556857167417674	-0.554287078818748	-0.238130126463133	-0.8531375220841323	
1.734698490713303	-1.5000084479167033	10.116155735228869	-0.051672585738191446	-0.05233693979478516	0.25462870315252323	-0.5535061637056352	-0.23911958533621736	-0.8534299274616723	
1.7671928679747666	-1.5437133063976252	10.305532519093049	-0.03420837977619699	-0.050294045943612295	0.25100731475833593	-0.5525974632552254	-0.24033737566573696	-0.8534430752848579	
1.7913222454268025	-1.5318037944860527	10.492437993108792	-0.016590110251065517	-0.048318877531709124	0.2426322503644312	-0.5515936903551317	-0.2415659450852996	-0.85319903800073	
1.8123132810387963	-1.4719323880538366	10.674664350236549	0.0023139045393419325	-0.04302079835057514	0.22883109027214468	-0.5505705532437478	-0.24215161735202476	-0.8531400081071268	
1.8451298975065211	-1.383341248858889	10.837268201726365	0.023334127072560898	-0.03433665129324907	0.21036018458523814	-0.5496366115329907	-0.24228090459668963	-0.8535990949879088	
1.891914218694354	-1.291411689444598	10.97520688803087	0.04669257175175846	-0.025096359472324376	0.18771888936728115	-0.549132493024357	-0.24209733254622753	-0.8541197483254191	
1.9473052796499428	-1.2084333792305384	11.09371907370167	0.07103695377836242	-0.015507434285070261	0.16069158348529314	-0.5488533183878613	-0.24196923845899498	-0.8544517775628656	
2.002781660091364	-1.1316839905520144	11.20173952260709	0.09444058224759862	-0.0024101988110289524	0.13011179038194653	-0.5484595322571416	-0.24202599368842706	-0.854701869599203	
2.050827888874591	-1.0504301739168054	11.302082169393799	0.11595461064411078	0.018137869544125187	0.09958190285771523	-0.5481058086734127	-0.2418640574214686	-0.854991773617873	
2.0923809321003266	-0.9515376322258731	11.381009057157943	0.13580558198176657	0.04689700699009647	0.07411855530928495	-0.5479599652270911	-0.24164304314645818	-0.8552653503881151	
2.1232653970516178	-0.8302946289822252	11.419595612890474	0.1549682227527428	0.07849213749595668	0.05629623524789109	-0.5481617263394281	-0.2413230076895542	-0.8552940637099069	
2.130833698687696	-0.6898220728860601	11.405436976710591	0.17404865543935857	0.10548584623896043	0.04451837780791113	-0.5485174885953984	-0.24073072735385417	-0.8551380105442744	
2.0982504973702607	-0.5341794674203194	11.339039966499696	0.1927164701303357	0.12256932462571632	0.034539559502963474	-0.5486077514510944	-0.23982305146011032	-0.8551463653122406	
2.0151402233157922	-0.35813586769004296	11.232368946131814	0.2104446026174412	0.12651927311843839	0.024477439582205305	-0.5486141758309394	-0.238648617371145	-0.8551217810465955	
1.8902723859982165	-0.14133831988885948	11.10718789600919	0.22694965038042733	0.11486836766936119	0.014419582398291761	-0.548710885872147	-0.2372764474061076	-0.8551756692153764	
1.729209214239642	0.14027014621365577	10.999245371590687	0.24181973185575684	0.08724718230890811	0.007306511970012838	-0.5491007855054	-0.2358715081827313	-0.8554943907420643	
1.5369988919633553	0.5040144097122506	10.946672983597882	0.2544304367138451	0.04673735705100385	0.00794925770616306	-0.5497073617437453	-0.23455910181058884	-0.855997441905877	
1.3511933269229706	0.9470320624036268	10.960200459588627	0.26414345940582573	-0.0008761157229995572	0.018031612816947568	-0.5496751717923701	-0.23312318397785742	-0.8564044933106998	
1.2146594060166778	1.395473466505489	11.014309053865372	0.26894374966158985	-0.054009411971557654	0.026836825541563927	-0.5491998982654431	-0.23143179617552703	-0.8570702663820661	
1.1213260687553728	1.7565458460756644	11.061595213236313	0.2640828595205578	-0.11353037206607611	0.02282274450785074	-0.5485529525853693	-0.22945852204255382	-0.8583147729564058	
1.0301338903302528	1.9742882981419454	11.070798204185383	0.24442321806355755	-0.18201774593738523	0.004743315310722896	-0.5476305733140487	-0.22737308943988277	-0.8601246270923173	
0.9288915912844888	2.059420996565254	11.069546954798202	0.2087728105505933	-0.26173025281876644	-0.014934204008607887	-0.5462939613030842	-0.22559645269011844	-0.8623189262011308	
0.8496422836909582	2.0592753614668093	11.128332930158132	0.15966287076866004	-0.34080186622372305	-0.0239164065721504	-0.5443800089564791	-0.22426815774998204	-0.8644734269325259	
0.8025732514903834	2.0110288974918387	11.259911608519273	0.10289385913185536	-0.3984016246704811	-0.023552746317297934	-0.5420485949351491	-0.2234337193122812	-0.86637762814139	
0.7634379467256638	1.9371058427761025	11.418359653408446	0.04532780352035069	-0.4198606788140423	-0.025128052100520167	-0.5396014746251528	-0.22313923917385234	-0.8680802742779699	
0.7073295019987611	1.862669659946785	11.553521072533936	-0.0072780319527742865	-0.40928047676892293	-0.03805211849604659	-0.5371756082325886	-0.2232680325296848	-0.8696839464939169	
0.661205700485933	1.8206192883575292	11.64192532564321	-0.049629821473962374	-0.3824256271630538	-0.06387784681045561	-0.5349591848364463	-0.22317007040897316	-0.8712347404979268	
0.6730239429842977	1.8080309393954916	11.695762661667473	-0.07861572099573279	-0.35422603563500377	-0.10348597990562501	-0.532934693476126	-0.22310927913623918	-0.8728311797912911	
0.7365237642039594	1.787446711233626	11.742350017778998	-0.0947913577156843	-0.32913766931449195	-0.1547423170960424	-0.5311481982744154	-0.2231388286200028	-0.8743990695799497	
0.7836797113048787	1.715579563796316	11.792498538335645	-0.10171811318879745	-0.2995906217570016	-0.20919295145137812	-0.5297826518102565	-0.22242942889538653	-0.8756377496810585	
0.8128939611602912	1.580242484666649	11.816070744177324	-0.10207908120830483	-0.25743579755015283	-0.25632723984482886	-0.5285865835557332	-0.2212218822260642	-0.876508178119175	
0.837797665647677	1.3843098861776626	11.780901270239431	-0.0981792761918986	-0.20321113424823306	-0.29457432796261185	-0.5276736140974997	-0.21976866031866502	-0.8771676881067223	
0.8544622548389144	1.1478645281526045	11.661808158728558	-0.09111795304357063	-0.14467671186477377	-0.32602807496295017	-0.5272721002180284	-0.2182651164461459	-0.8776384191477501	
0.8509491264587438	0.9074987214664527	11.445612379188743	-0.08077026279982481	-0.09297978147869233	-0.35041581314140585	-0.5274927292478229	-0.21691743053735674	-0.8777814185036275	
0.8461441747149019	0.7018650687080612	11.143242024199767	-0.06739312459549822	-0.05854775973589291	-0.36505332932345363	-0.5283841461178337	-0.21572151535232498	-0.8777043808277728	
0.8477600486303792	0.5530011139902802	10.790046738934327	-0.052382535269305	-0.042622595663261556	-0.36918615897129076	-0.5291550541822224	-0.21436838588143647	-0.8777899421287815	
0.8610211866072857	0.4620332786633047	10.423750147107594	-0.03747729933933683	-0.0392261210220663	-0.3633317947029307	-0.529738868434767	-0.21305865207114455	-0.8781499496416681	
0.8950616432864873	0.4133574612669211	10.069480402269289	-0.02414670994265988	-0.03991159118891753	-0.347721464124247	-0.5304961811909801	-0.21206792138228497	-0.8784967035228037	
0.9576060576685359	0.3855845324881894	9.735270332955198	-0.013549428000194262	-0.03807091495074988	-0.32168693948366534	-0.5307205027428222	-0.21077436054659848	-0.8785492843191456	
1.053554878358606	0.36685916567889865	9.4124883762129	-0.007000952864649153	-0.02832949561363694	-0.28632020450246126	-0.5309912057684941	-0.2097646214482604	-0.8785580059861343	
1.1765096031572395	0.3445444598082099	9.096093823363752	-0.005011484298982417	-0.008252261688598623	-0.24527813834129394	-0.5314781889976347	-0.20915103983428665	-0.8786006002883564	
1.3104636539194587	0.30810650747589785	8.786569062874387	-0.007708283055945677	0.021562583687231934	-0.20223608851547004	-0.5319414081048571	-0.20848720600651194	-0.8785534636011803	
1.4380597456606663	0.25735590502952427	8.484319877537907	-0.01556756587215628	0.05870328163961312	-0.15845046356997997	-0.5326087347990553	-0.2078274282640854	-0.8784525106943712	
1.5467852651403193	0.1945516509167825	8.199567491614536	-0.02813926905524737	0.10019812713071917	-0.11624145160120732	-0.5333173019150727	-0.2078374881589774	-0.8783715731883439	
1.6342696406954837	0.12645313768993977	7.939762093255706	-0.044726748780040036	0.14314108462704803	-0.07760090590002927	-0.5339714275178148	-0.2081952948241085	-0.8782672674791208	
1.7051852096334357	0.05819625066139637	7.708967591919329	-0.06455294712719736	0.1845817487269538	-0.04341421953367518	-0.5347782072539571	-0.20850607691433914	-0.8779589300948623	
1.767569486722763	-0.010121513035708279	7.511492184518693	-0.0867715298169714	0.22151109773174607	-0.013226616034006367	-0.5359741749006979	-0.2092672659044949	-0.8772965284216525	
1.8341232886348133	-0.07359064820289815	7.351716407937649	-0.11082321438877697	0.2516625872076668	0.014810652447103072	-0.5370732746157995	-0.21054039977013222	-0.8764655659095613	
1.9104910496642058	-0.12606794567360244	7.240519677603803	-0.13649529336496852	0.2741395707405572	0.04258618291979513	-0.538164057284474	-0.21204999853512171	-0.8751990200532342	
1.9952428055962939	-0.16837867569280635	7.186788026141925	-0.16371350758571465	0.2899098362779547	0.07005483521684523	-0.5394300689430226	-0.21359678120877698	-0.8735108712930313	
2.082067067013247	-0.20731589118419003	7.191980712432273	-0.19236737042783428	0.3008859289400355	0.09617999687813189	-0.5409087110162453	-0.21517899270596638	-0.8718489194480323	
2.1612762206548095	-0.24178409295937286	7.255307782316347	-0.2221544660110929	0.30760903865391725	0.12297799391319295	-0.5430962873560844	-0.21674381403730217	-0.8700029824558803	
2.2322410073511674	-0.2652594736153537	7.3730264336424565	-0.2517242301022981	0.31114857945406316	0.15039959008862938	-0.5451555739250539	-0.2187341361333412	-0.8682612806928489	
2.2952007174613933	-0.27531246803527437	7.54104430171732	-0.2793892371978199	0.311588672397025	0.17644229194272107	-0.5468233314441728	-0.22130867358748965	-0.866659152320673	
2.351668724389969	-0.27255479630307444	7.755560628355758	-0.3037036289837095	0.3085043740406975	0.19864913480304108	-0.5486226299257893	-0.2241378045850222	-0.8647795092658854	
2.4117369813947964	-0.25188932493997845	8.01048948164183	-0.3236018463284451	0.3034338819291864	0.21503830695443843	-0.5501676480793757	-0.227000783975871	-0.8625287661020679	
2.4723450717111324	-0.21339110060519073	8.294596465579056	-0.3386208276428085	0.29805901039388516	0.22226404170963426	-0.5516569511969034	-0.22988150382072345	-0.8604770384309401	
2.5336847529383726	-0.1572819855979748	8.607334284903773	-0.34777246844184845	0.2936310089655126	0.2180673538098023	-0.553168171790257	-0.23274958833082895	-0.858775223425244	
2.6042103500070866	-0.08836033574529775	8.947060718465853	-0.35024289716484136	0.2919831328879819	0.20091287291666876	-0.5547413339633465	-0.23553520720913093	-0.8571147816890011	
2.693404247953791	-0.024157220384022588	9.292839289502009	-0.3468107143328705	0.29570896778480393	0.1687368499196085	-0.5567770323615461	-0.23827277077804523	-0.8554076725890197	
2.805907707253429	0.013421417853998642	9.633624364373729	-0.33874155351130103	0.30310923120866795	0.12269770377931753	-0.5588900991950575	-0.24117087526284015	-0.8538146612669608	
2.937585377366077	-0.0002265407413670616	9.944663766867926	-0.3265564484029014	0.3114264714940273	0.06617375129101627	-0.5611139148109592	-0.2439053066547903	-0.8521414857573901	
3.0758551695699063	-0.07873021063457304	10.210149679820507	-0.31004293320453274	0.31710488391121155	0.004715974394689036	-0.5635202548016894	-0.2461065766446085	-0.850209845518322	
3.2037222944680503	-0.214478241571939	10.445676703207965	-0.2886932480937994	0.3164685251038733	-0.05554517470778	-0.565777718563045	-0.24791354488630932	-0.8482673371210874	
3.307118112139117	-0.3926596535578372	10.660464774227737	-0.2617290433168922	0.31089443085954444	-0.11361469576231321	-0.5684224343461294	-0.2492552083759521	-0.846347358715728	
3.374898683550505	-0.6112211439563646	10.843737225316138	-0.2281873111539755	0.30144857544569026	-0.1671057161500973	-0.5711829485752722	-0.24987024662837584	-0.8443807018462711	
3.40550478421591	-0.8631038335571648	10.985981003313967	-0.1876569835335228	0.287521463188313	-0.20996761868178385	-0.573674153502106	-0.24998439691260987	-0.8425122564889812	
3.407929512093892	-1.1219390433813305	11.092084515325991	-0.1405997884075049	0.26839364451909964	-0.2350926592665959	-0.5760480153411659	-0.2501215198573453	-0.8411098537282925	
3.390590789378916	-1.3560782492018892	11.164791348720296	-0.08788803320939424	0.24615752060796517	-0.2406255766779395	-0.5782342628253854	-0.24970676575520684	-0.8402441428497028	
3.3608485062324416	-1.5485781709615052	11.20154957173122	-0.031920470459042845	0.22400285840916723	-0.22694830606909358	-0.5802872899930148	-0.24931311817221588	-0.8395889405293027	
3.3230058675888285	-1.6853700632229534	11.205075499171903	0.024818673330143082	0.2042688648883172	-0.19490888567144107	-0.5820751441027094	-0.24885283763057783	-0.838741869611333	
3.273386965778049	-1.750777864006594	11.18601164780959	0.08019958914844005	0.1885366171374224	-0.14771806674397142	-0.5834891000237151	-0.24760775621838635	-0.8376472477551861	
3.1947240997045663	-1.7381784203658182	11.156157439013686	0.13151913501985324	0.17943231088935846	-0.09458287358060964	-0.5850181921563836	-0.24655632605134797	-0.8368170137377197	
3.0629766489139487	-1.648916654191385	11.13575582537115	0.17700127618476713	0.17960981384153546	-0.04460675026699829	-0.5862511707564081	-0.2456652337828839	-0.83643607095358	
2.8669891890734784	-1.4895867059584433	11.14515071010488	0.21537317281647775	0.19182235149026394	-0.003369912963923243	-0.5872433472655453	-0.24448503796841173	-0.8361796921452972	
2.607316640190553	-1.2592029190095047	11.196620224870426	0.24522243586134965	0.21818571799770417	0.027098828641593666	-0.5885025225563018	-0.2430518377094863	-0.8358092248328255	
2.2850603572993746	-0.9363437520282007	11.293128091564705	0.264585399371413	0.25893278495074784	0.04624314026064237	-0.5900194022174541	-0.24200821993281102	-0.8356751656034529	
1.9198671061318107	-0.49647622912123923	11.44078597818274	0.2710970289786595	0.3123560294278804	0.05345874760047428	-0.5921897702046022	-0.24101540986544467	-0.8352117702349409	
1.5662388139537118	0.077198759511835	11.617127556900533	0.2630399756788774	0.3736464023975037	0.05088492155267649	-0.5948968257366261	-0.23989386164486706	-0.8341258876960285	
1.3004085980473954	0.7955235205983042	11.777234481421374	0.239262560147007	0.43607655358582026	0.04276978615050874	-0.5975271767513871	-0.23883456484765994	-0.8325643217901297	
