14.426444984348064	-2.659082958150933	1.0392140854340055	0.6288993685142715	1.535059830024993	2.4397597948777285	
14.434880161201951	-2.5024586251763448	0.9495359594415286	0.4980765845580303	1.5922878227236248	2.5774701830053726	
14.38855634563486	-2.384662127136284	0.869635875509156	0.35866393085713155	1.6431126291452172	2.710418869012456	
14.287561031021824	-2.3063623247464036	0.7982642296161526	0.2157319425098449	1.6866298591773388	2.8373354926994443	
14.133980739963388	-2.2661304167593146	0.7336326986631105	0.07425817687928753	1.7220467124051244	2.95697403948346	
13.931913692873978	-2.260417070152522	0.6734367634998804	-0.061037304775117665	1.748736982756065	3.068145070591933	
13.68695290238451	-2.2840594684897475	0.6150589847196046	-0.18584254782987486	1.7662791068292292	3.169740130652985	
13.405723025818908	-2.3307297573423083	0.5557938649269416	-0.29637497263086127	1.7744892244596906	3.2607431669537985	
13.095306378373786	-2.39353690463596	0.4931226557660468	-0.38948840541725943	1.7734370373326682	3.3402315374947418	
12.76272823529822	-2.4656231991272897	0.4249686724792005	-0.4627624209350062	1.7634456128535558	3.4073712409101597	
12.414534060164971	-2.540711597154937	0.3499047582778677	-0.5145710120230392	1.7450742711246985	3.461412880094718	
12.056507334324642	-2.613519301647382	0.2672892815171703	-0.544124021300518	1.719086499582291	3.501693707878642	
11.693538104960455	-2.6799880813246317	0.17732399691707032	-0.5514769299808961	1.6864057230190865	3.5276488083787796	
11.329628550733672	-2.7373166508264952	0.08103213430171714	-0.5375060128406111	1.6480626460688095	3.538831541611924	
10.967995414615267	-2.783827453177985	-0.019839088438228444	-0.503848888086062	1.6051385932317592	3.5349404570327243	
10.611219012412759	-2.8187326297360364	-0.12297948028095194	-0.4528131062241617	1.5587087948846279	3.515847565191283	
10.26139951209309	-2.841868258960821	-0.22572305138243184	-0.3872548545616416	1.5097886731243473	3.4816212869555327	
9.920296484938493	-2.853457775911066	-0.325277750500143	-0.31043222298047995	1.4592859591979128	3.4325380726618646	
9.58944176597081	-2.853945746894909	-0.4189512527966491	-0.22583977793864854	1.4079612403401165	3.3690791956284154	
9.270224729200729	-2.843916791694228	-0.5043467559799748	-0.13703325075808093	1.3563991972941425	3.2919122886751793	
8.963953768519584	-2.824088299138608	-0.579507097616616	-0.04745494617415859	1.3049922407369552	3.201859534067266	
8.67189987421628	-2.7953477464266263	-0.6429942905753823	0.03972803344131411	1.2539374285137577	3.0998556632274594	
8.39532880558542	-2.7588007718934753	-0.6939039528441255	0.12176016371924893	1.2032464352355807	2.9868995059258725	
8.135527597902477	-2.7158026303666047	-0.731826657804461	0.196397453600032	1.1527671279444422	2.8640031867323037	
7.893828445377892	-2.667955584619878	-0.7567755525230816	0.2619622217596593	1.1022144546255717	2.7321435459465646	
7.671629037908786	-2.617065177350818	-0.7691022751334906	0.31735131133457406	1.0512069413971923	2.5922202858220436	
7.470404826881317	-2.565055332114582	-0.7694168061883994	0.3620016507359022	0.999305169284985	2.4450241152643994	
7.291706875756368	-2.5138488908052707	-0.7585193416797169	0.3958207151704995	0.9460488450398631	2.291216809611279	
7.13713951049847	-2.465227249866284	-0.7373460148010537	0.4190923038972375	0.8909895832840976	2.131323495573141	
7.0083144675408295	-2.4206877867390153	-0.706925932093807	0.4323694062781078	0.8337173615685693	1.9657360208979338	
6.906781927350797	-2.3813187366718696	-0.668345313694322	0.4363659987097154	0.7738795879511242	1.7947252710963617	
6.8339425252873625	-2.3477075716124842	-0.6227155226862511	0.43185840172871004	0.7111926786769114	1.6184598547980422	
6.79094669602968	-2.319892278592893	-0.5711443537201949	0.4196044304722356	0.6454468330656997	1.4370286498974172	
6.778587637944935	-2.297357952987856	-0.5147120636814064	0.40028537164309147	0.5765052239678589	1.2504651672797675	
6.797193496246363	-2.2790773995051237	-0.45445358618032283	0.37447284775477707	0.504298955427469	1.0587724743090272	
6.846525150385354	-2.2635927986891815	-0.39134610798531794	0.34262053109701984	0.42881913358645973	0.8619480999579968	
6.925685453159891	-2.249132932725745	-0.32629783425007064	0.305079028031481	0.35010747441062395	0.6600089983743913	
7.0330478379223464	-2.233759395679843	-0.26013186641594505	0.2621323871279382	0.2682465643066739	0.4530171457029443	
7.16621331441347	-2.2155309282314932	-0.19355976179157147	0.21405470984460379	0.18335077739822295	0.2411063091001347	
7.322005807402452	-2.192670631507995	-0.1271431534243414	0.1611847851248593	0.09555864363596513	0.024510170432803773	
7.496516911805954	-2.163717811280835	-0.06124790553310124	0.10401516178318992	0.0050271455855179555	-0.19640868927503627	
7.685212728425371	-2.1276464418103664	0.003998459461240038	0.04328951251089248	-0.08807198351629308	-0.4211303078033837	
7.883117458292678	-2.0839372933406475	0.06873132573667498	-0.019901081193444532	-0.18355430608733692	-0.6489516317924726	
8.085089375121676	-2.0326004355749707	0.13334083924317602	-0.08403522636175305	-0.2812236840900327	-0.8789666341098518	
8.286201384804658	-1.9741560396323634	0.19842090581732597	-0.1471053046606768	-0.3808727437769364	-1.1100557389624455	
8.482221596476293	-1.909587661949836	0.26467353976109004	-0.20660263605565116	-0.4822826862459626	-1.3408884834208668	
8.670157027226027	-1.8402827571616909	0.3327790105037686	-0.25955322976947526	-0.5852212800348239	-1.5699418088356851	
8.848789208093088	-1.7679661625642398	0.4032514769013434	-0.3026086717812442	-0.6894370107992537	-1.795534500029216	
9.019100094171652	-1.6946216173848425	0.4763048417223997	-0.33219274468382837	-0.7946472409108376	-2.0158762095014358	
9.184476225313938	-1.622392572548865	0.5517541450659343	-0.3446998396771215	-0.900519178756698	-2.2291268648493094	
9.35059702363583	-1.5534594016468473	0.6289744295098141	-0.3367368662654294	-1.0066445274014206	-2.433460035913145	
9.524961142093122	-1.4899030667762403	0.7069328606014406	-0.30539536917127946	-1.112511367176923	-2.6271226582392306	
9.716074144838299	-1.4335757139176641	0.7843013743576315	-0.24853456590834025	-1.2174790430420563	-2.808484071764399	
9.932391774730094	-1.3859954848922955	0.859646532015807	-0.16504978604677753	-1.3207623730739626	-2.976069879142804	
10.181161540285066	-1.348263064979267	0.9316816780657281	-0.05509699984920623	-1.421429843954209	-3.128580059704653	
10.467319455742969	-1.320974614692037	0.999554925679301	0.07975550906615841	-1.5184175630908772	-3.2648944633106978	
10.792593163122532	-1.3041062559323457	1.0631320986129582	0.23647282334579794	-1.610558085718039	-3.3840706095175785	
11.154920118724199	-1.2968777696943294	1.1232253028399226	0.41060323664501697	-1.6966212860667624	-3.485339146399799	
11.548252404559484	-1.2976487535949142	1.181715465671656	0.5964302390008244	-1.77536441981549	-3.568100296775399	
11.96277894393319	-1.3039202540963108	1.2415265494417178	0.787216250562299	-1.8455880129149151	-3.631923003153723	
12.385547941761203	-1.312494931118476	1.3064314157117698	0.9755212257316814	-1.906193451944914	-3.676547423985942	
12.80142485517181	-1.3198011709848398	1.3806980923031074	1.1535739790740769	-1.956237533568019	-3.701890847602127	
13.194280996416277	-1.3223343480070462	1.4686131315751867	1.3136697056500128	-1.9949790208673472	-3.7080567730501257	
13.548280213831756	-1.317131265735995	1.573940331077724	1.448564660574285	-2.021912575543807	-3.6953466162533806	
13.849119648401697	-1.302181639586163	1.6993854361277931	1.5518394487883367	-2.0367864478332978	-3.6642730671793666	
14.085090495476138	-1.276694863404783	1.8461388249327642	1.6182069211917507	-2.039602282348988	-3.6155736466939725	
14.247847238512339	-1.2411720474200136	2.013564584203796	1.6437446573852266	-2.0305975875570565	-3.5502220361575505	
14.332822627020796	-1.1972831846847833	2.199085650682785	1.6260407217394501	-2.0102146828910006	-3.4694346125494158	
14.339290872150452	-1.147600658519677	2.3982819679443925	1.5642529727222227	-1.9790620595683002	-3.3746697831198142	
14.270122264050428	-1.0952726591026403	2.6051899730628545	1.4590869910171762	-1.9378740181863296	-3.267617030251453	
14.131303584161746	-1.0437312293173249	2.8127624140221927	1.3127037392224774	-1.8874736012241644	-3.150172511987222	
13.931309633756598	-0.9965074575916234	3.0134277924137858	1.1285718296752238	-1.828741884751894	-3.0243987541119037	
13.680403801520997	-0.9571748699299897	3.1996803708908557	0.9112804701796415	-1.7625945046340372	-2.892467994230756	
13.389926807762405	-0.9293814359777064	3.3646336670957315	0.6663278250637917	-1.6899647610050463	-2.7565917306577914	
13.071612648982466	-0.9168893548144137	3.502481148518164	0.3998967115587651	-1.6117922979415642	-2.6189418685445838	
12.736958000801886	-0.9235401703792121	3.6088265539650877	0.11862699266469796	-1.5290169581703281	-2.481570376808178	
12.396668685884494	-0.9530982846973998	3.6808705894603926	-0.17060735066991178	-1.442578067485745	-2.3463341381074967	
12.06021497802084	-1.0089788269982534	3.7174624753795977	-0.460908165185805	-1.3534191358465923	-2.214831038911115	
11.735524044394273	-1.0939084401707109	3.719050934647862	-0.7455422214399666	-1.2624964882475664	-2.088350751587726	
11.428824834990051	-1.2095828829654374	3.687572439448613	-1.0181067217402	-1.17078853596152	-1.9678420193866588	
11.144642484846333	-1.3563817846296495	3.6263045472286852	-1.2726730455533368	-1.0793011795958134	-1.853897673742857	
10.885920353917596	-1.533186679498625	3.539695752084072	-1.5039143187058182	-0.9890648143575383	-1.746758287417567	
10.6542351143389	-1.7373294523409029	3.433167391287325	-1.7072234014396355	-0.9011196930014512	-1.6463348069906543	
10.450064215442408	-1.9646777458649813	3.3128746957528974	-1.878825719806032	-0.8164887057433171	-1.552249175928817	
10.273064857811777	-2.2098450933478575	3.1854155554317396	-2.015886996137023	-0.7361394460831957	-1.4638899969729635	
10.122329550018629	-2.4665004410924305	3.0574858228022634	-2.1166107558476983	-0.6609400708722923	-1.3804783289836549	
9.996595097833541	-2.7277463868909915	2.9354950646082836	-2.1803161250740497	-0.5916150982591915	-1.3011374695976643	
9.894396646696388	-2.986536187405258	2.8251736101006397	-2.20748135546569	-0.5287077528865527	-1.2249604530137346	
9.814170617585646	-3.2360980223044233	2.731216777869095	-2.199737085949127	-0.47255435247998584	-1.1510694325722692	
9.754318721205655	-3.4703361698129447	2.657011384941248	-2.1597990854204627	-0.4232730931781217	-1.078662941671664	
9.7132478283692	-3.684179451004741	2.6044806973006644	-2.0913340508089164	-0.38076721222316456	-1.0070489698077436	
9.689398330617982	-3.873848252193883	2.5740652527930004	-1.9987611724806493	-0.3447403295467143	-0.9356633472799623	
9.681270307839792	-4.037018385714223	2.5648336998054386	-1.8870014480852253	-0.3147205469990297	-0.8640744242374581	
9.687453803078874	-4.172872544840912	2.5746972898497353	-1.7611942846647641	-0.2900896556802069	-0.7919761743538742	
9.706667181873494	-4.28204460481079	2.6006895135955665	-1.6264052607788342	-0.270114274455915	-0.7191725166577175	
9.737805009025596	-4.366473052805451	2.6392707357959435	-1.4873494527926028	-0.2539764989896685	-0.6455558478363649	
9.779992882794055	-4.429183466632176	2.686625130959553	-1.3481518891740565	-0.24080234549633284	-0.5710826435294942	
9.832641044154581	-4.474016381765645	2.738930013352434	-1.2121614684863447	-0.22968681833464574	-0.49574860543268684	
9.895481666528632	-4.505310585109542	2.792588906375561	-1.081831533429919	-0.2197148323297605	-0.41956525157516705	
9.96857229816273	-4.527553976421194	2.844425750139425	-0.9586724105403543	-0.20997756293032518	-0.3425392526421561	
10.052250185240826	-4.5450164329747516	2.891838034646226	-0.8432753819789505	-0.19958453497165443	-0.2646548998353426	
10.147029195369077	-4.561387025931325	2.9329008372554526	-0.7354035239131467	-0.18767246633183002	-0.1858595176378309	
10.253442546896313	-4.57944610235237	2.966409116753526	-0.6341398158716512	-0.17341262245302053	-0.10605126926001993	
10.371847999143728	-4.600805763985407	2.9918456268243983	-0.538078827309817	-0.15601899952095585	-0.0250686780177696	
10.502225535419505	-4.62574857513055	3.0092680395574996	-0.44554530031859796	-0.13475982530116512	0.05731860077869097	
10.644008763055254	-4.653184778453344	3.0191207313932615	-0.354821237062834	-0.10897453909919373	0.14141771855460938	
10.795997274922215	-4.680735354495909	3.0219916470090973	-0.2643626376347393	-0.07809750108769438	0.22761859876869261	
10.956393636465528	-4.704934084809244	3.0183488996042707	-0.17298798975188015	-0.04168817295106093	0.3163966560440261	
11.12299206329348	-4.721529282197834	3.008302018185085	-0.0800224862565336	0.0005346975014586539	0.40831047848643237	
11.293511136571553	-4.725853287581721	2.991436692182782	0.014615426586047111	0.04866014545525506	0.5039924990346354	
11.466017638301034	-4.7132198159549485	2.966760093757801	0.11039031335997959	0.10255967669048803	0.6041314203887399	
11.639353334319845	-4.679314077236341	2.932773613297381	0.20618785170036721	0.16187621039824132	0.7094458640224027	
11.81345760023141	-4.620545714796264	2.8876636307639316	0.30040705909895743	0.22603208448157827	0.8206498852348971	
11.98948781673561	-4.534340816294718	2.829574850120557	0.39109301802185414	0.2942574024113784	0.9384120786405339	
12.169677375581335	-4.419354811784588	2.7569132623885557	0.47609262128105845	0.36563570297584275	1.0633107510014257	
12.356929079953499	-4.27559395203988	2.6686227563921276	0.5532147857536228	0.43916017763035337	1.1957879810256504	
12.554203291246308	-4.104440973971999	2.56439148787178	0.6203785825354485	0.5137916666284892	1.3361053572359072	
12.763807342486059	-3.9085909168531727	2.4447666954664387	0.6757374425523751	0.5885100142479971	1.4843038684762946	
12.986712365557374	-3.69191424480086	2.3111818438714398	0.7177741133971667	0.6623527978860755	1.6401697733186027	
13.22202089499274	-3.459270225613008	2.1659166844147384	0.7453664531207618	0.7344387603706078	1.8032082252093595	
13.466676968855996	-3.216296814823065	2.0120183414432997	0.757828987930637	0.8039771083131293	1.9726254254088211	
13.715458383517618	-2.969193970781759	1.8532037780556545	0.7549367669372027	0.8702670403805831	2.1473193107191895	
13.961245798684056	-2.7244991919276265	1.6937447703577864	0.7369353614749534	0.9326934459059633	2.325879143017626	
14.195509645549652	-2.4888500097362134	1.5383283837584933	0.7045362649635325	0.990723863918528	2.5065950167394613	
14.408953198668964	-2.2687015068742022	1.3918534959037094	0.6588961703735472	1.0439117983357888	2.6874783863596954	
14.592157927614863	-2.0700510774930456	1.2591925218946394	0.6015692418319512	1.091901936893429	2.8662979724327204	
14.736319623522045	-1.89803707343356	1.1447643904398108	0.5344466545742341	1.1344471984333522	3.0406291281035878	
14.833647719378586	-1.7567726132147738	1.0522316042130286	0.4596508506015282	1.1714051010076694	3.20792925774206	
