14.092195933171842	-3.130443580017121	0.7163123728242045	1.7352582793996647	0.3353067428288699	3.3712429767204077	
14.100370577956687	-3.0473505444275646	0.7612002087100284	1.6053474193036459	0.3869187864177437	3.4869831594319782	
14.045642661056238	-2.9882156194493694	0.8006994422933872	1.4683942450911687	0.4351080291609401	3.5900495744675043	
13.928540092669444	-2.9527412294859317	0.830968221470606	1.329620542074576	0.4790213577701778	3.679246566968955	
13.751108836655048	-2.9394540979305304	0.8485858262646029	1.194273978395423	0.517947302414957	3.7535114112930428	
13.516882606774868	-2.945704312936126	0.8508923116253495	1.067360765185704	0.5513519592493787	3.8119425274930716	
13.230508177099578	-2.9679958495402956	0.8362465229587145	0.9533321366579061	0.5788813392274476	3.8538055213996816	
12.897548831153214	-3.0022440500925236	0.8042010256115293	0.8558369262739686	0.6003641684132094	3.878554570179204	
12.524247272529921	-3.0440794976635424	0.7555595293857498	0.7775242486564032	0.6158007626500904	3.8858520237478054	
12.117338026164726	-3.089103200297651	0.6923183007966714	0.7199244425586161	0.625345331619934	3.8755882032305435	
11.68388237342538	-3.133099589774965	0.6174979740614092	0.6834087900276361	0.6292819273326763	3.8478947548636326	
11.231130339498137	-3.1722071365423137	0.5348848874297186	0.6672273124985474	0.6279968352094671	3.803148603616925	
10.766399635635475	-3.2030625138714117	0.44870813121235636	0.6696188829073401	0.6219492974828836	3.741964323070858	
10.296963497340755	-3.2229282868492892	0.363287908745201	0.6879839402789721	0.6116425835858149	3.6651743530810985	
9.829940964011328	-3.2298081912473946	0.28269356623839914	0.7191017414041166	0.597597203846546	3.5737984025395377	
9.372187805076928	-3.2225440585066996	0.21044343519175915	0.7593741121604	0.5803273450590233	3.469003220396119	
8.93019162616638	-3.200881414203845	0.14927231521388612	0.8050745755274725	0.560321322970134	3.3520546588722335	
8.50997719743252	-3.165486929428801	0.10098295399943649	0.8525814483937207	0.5380265097377014	3.2242646973318725	
8.117027185772898	-3.1179019453676466	0.06638762334741966	0.8985760266725921	0.5138388632134112	3.0869368540528246	
7.756220176132865	-3.0604231537640127	0.0453361990477482	0.9401919063950531	0.48809682961935164	2.9413140502550386	
7.431783906468491	-2.9959125128786503	0.036818912399878605	0.9751080285845958	0.46107902470050816	2.7885332378180436	
7.147257984545532	-2.927549669241313	0.039125908964202774	1.0015853068002143	0.43300478519375385	2.629590589373344	
6.905459946639628	-2.8585485486415725	0.05004414663631283	1.0184514875565884	0.40403670384681506	2.4653202864091512	
6.708448099758152	-2.791867927555588	0.06706974747618138	1.025044606740024	0.374284217640222	2.2963880336820757	
6.557476115077784	-2.7299460176720176	0.08761674219671585	1.021128851118873	0.34380736310644683	2.123297891343567	
6.452941328537222	-2.674487260448822	0.10920847300007883	1.0067951912520052	0.3126201505491736	1.9464098349651433	
6.394333893337952	-2.6263255416925513	0.1296412110921333	0.982358535038389	0.2806932261930051	1.7659643740826898	
6.380197963247361	-2.5853799487977613	0.14711342644451855	0.9482614202931251	0.24795577687838208	1.5821102377585958	
6.408118296282225	-2.550708498974286	0.16031758281048042	0.9049921299317621	0.21429688290365387	1.3949315399797415	
6.47474642036229	-2.5206538382027412	0.16849397784167944	0.853022913436222	0.1795666973336777	1.2044718246761656	
6.575879572776271	-2.4930647916423165	0.1714479628995053	0.7927718734286984	0.1435779282724998	1.0107536975347349	
6.7066020856664625	-2.465570909414679	0.16953308468195427	0.7245900737009378	0.10610816953765313	0.8137941048071634	
6.861492967057289	-2.4358829727411204	0.16360180427218357	0.6487738124793805	0.06690386005058077	0.6136164718123657	
7.034887693741336	-2.402089103097233	0.15492861703267885	0.5655997903339551	0.02568670523978554	0.41026178204917174	
7.221170572306956	-2.3629189047146886	0.145111431849721	0.475379688505368	-0.01783650857937304	0.20380117472988912	
7.415064999156195	-2.3179481342580535	0.13595822730917126	0.3785299870171799	-0.06396004457784424	-0.005647630553505923	
7.611886406871551	-2.267718193670757	0.1293683357906163	0.2756519539011313	-0.11296143920703362	-0.21789863527911135	
7.807730947847496	-2.2137513468177206	0.12721877228486883	0.16761579972225277	-0.16508100073017917	-0.43267043675012573	
7.99958975166778	-2.1584543007098893	0.131264904383276	0.055641989094885	-0.22050064095659472	-0.6495550090602049	
8.185398450265131	-2.104917928993472	0.14306075085774317	-0.05862829047469171	-0.2793244813018117	-0.8679851413452219	
8.364047704930806	-2.0566359862808903	0.1638979010117891	-0.17308222968324982	-0.34156340127003204	-1.0872043507847888	
8.535386284881234	-2.0171762691628508	0.1947557783888774	-0.28511325973221635	-0.4071248856536226	-1.3062436743686305	
8.70023729315782	-1.9898441019422788	0.23625422246315667	-0.39163813400570296	-0.4758087778990852	-1.5239105217873954	
8.860430579962062	-1.9773747626361504	0.2886006589431338	-0.48915949381095375	-0.547307979717247	-1.7387929635715642	
9.018826038205018	-1.9816787076564564	0.351531520863152	-0.5738784398496368	-0.62121262677404	-1.9492815338627412	
9.179280923823248	-2.0036537640923786	0.4242563416225468	-0.6418582535961465	-0.697016158452992	-2.1536084619345863	
9.346506449847091	-2.0430704773650747	0.5054201566623752	-0.6892356335012333	-0.7741220705870305	-2.349901630320679	
9.525769440525197	-2.0985303204647456	0.5931034227736595	-0.7124702840844966	-0.8518510679546187	-2.536248537320187	
9.72242468221062	-2.1674905920158154	0.6848772716060465	-0.7086176798637795	-0.9294495022440341	-2.7107646497201285	
9.941306409036212	-2.2463456434828366	0.7779257961938421	-0.6756042507179568	-1.006100932344129	-2.871660816193564	
10.186049559845568	-2.330554381079749	0.8692377487444176	-0.6124808783198118	-1.0809429084705764	-3.0173055084809923	
10.458441160320275	-2.4148121410275123	0.9558599266029	-0.5196282593292666	-1.1530904840600376	-3.146278687405556	
10.757915028143591	-2.493275392283568	1.0351921832574689	-0.398885360570478	-1.2216662355385821	-3.2574143762634473	
11.081270726491905	-2.5598502173102036	1.1052966834801832	-0.25358349870609764	-1.2858345828802065	-3.3498311908092377	
11.422663661795044	-2.6085536498778232	1.1651904813182943	-0.08847260045012251	-1.344836920002293	-3.4229507716923737	
11.773873554512477	-2.6339404701896543	1.2150873122369539	0.0904645261474785	-1.3980231404404557	-3.4765049798728525	
12.124819527342753	-2.631566210204297	1.2565541491401924	0.2763026438091966	-1.4448750364999787	-3.5105333655246853	
12.464259148006702	-2.598436909136847	1.292550091293581	0.46154987563966354	-1.485017827809436	-3.5253726033667783	
12.780590170094788	-2.533383601196069	1.3273200874360567	0.6385782204733479	-1.5182176451879499	-3.5216394720696713	
13.062668482698554	-2.4372979173451292	1.366125739644047	0.8000700542935077	-1.5443648633631402	-3.5002088517606813	
13.300563145512394	-2.3131762847134576	1.414811580951645	0.9394395722145218	-1.5634453634211296	-3.462188432141054	
13.486180174209753	-2.1659380536523107	1.4792274655652575	1.0511886997903148	-1.5755036833438143	-3.408891604083184	
13.613704453400828	-2.0020227509412933	1.5645604028743665	1.1311628827499385	-1.580604118210519	-3.3418099995114265	
13.679845276467422	-1.8288207923263216	1.6746483631768685	1.1766906490244309	-1.5787966543060556	-3.262586436138236	
13.683890811593068	-1.654022439875583	1.8113585832680608	1.1866035219178301	-1.5700940252621838	-3.1729870412734313	
13.62759394883907	-1.4849909429567	1.9741177641346461	1.1611482231681307	-1.5544646871315846	-3.0748704522183954	
13.51492182262582	-1.3282583815209477	2.1596753884813666	1.1018163296937042	-1.5318436862834734	-2.970151866648161	
13.351704227734755	-1.1892060521250605	2.362161338404571	1.0111242938949576	-1.502159805300306	-2.860760801875231	
13.145213932343273	-1.0719366927624085	2.5734630782405707	0.8923768443520569	-1.4653739283989813	-2.748593412599268	
12.903707190653453	-0.9792951975462681	2.783899441488205	0.7494394025160184	-1.4215213576549053	-2.635462225431735	
12.635948836385614	-0.9129699755535673	2.9831186839579718	0.5865332473284322	-1.3707507001477415	-2.5230470805851053	
12.350748120188689	-0.87362246465946	3.161105501078191	0.4080556206217367	-1.3133532293344858	-2.412851316468382	
12.056541548613634	-0.8610268571588794	3.3091514182859987	0.21842276675900824	-1.2497796053682655	-2.3061658014083406	
11.761058012229178	-0.8742364723797607	3.420659018795131	0.02193345872072542	-1.1806435605939307	-2.20404145106257	
11.471092509076941	-0.9117985128674582	3.4916836115141656	-0.17734518738385668	-1.1067129879281288	-2.1072703466789053	
11.192393971960339	-0.9720112360828614	3.521163776400087	-0.37566472621811714	-1.028889360478055	-2.0163756384340936	
10.929648789150864	-1.0531817493056115	3.5108443749107616	-0.5696521416896324	-0.948177044479144	-1.931611144812031	
10.686527758811105	-1.1538241561926248	3.4649380225281923	-0.7563386570245503	-0.8656451339631801	-1.8529720122821773	
10.465764853251905	-1.2727491791290606	3.3895961451187366	-0.9331683203182178	-0.7823854510876364	-1.7802171449693	
10.269245101378193	-1.4090298296125938	3.2922681973387578	-1.09799615742674	-0.6994706314124384	-1.7129022564583898	
10.098086567603938	-1.5618631107611975	3.1810213820751194	-1.2490835663748672	-0.6179155646304102	-1.650420279610652	
9.952707172827303	-1.730372010652265	3.063883853970266	-1.3850929807549952	-0.5386449958778776	-1.592044811784786	
9.832870275957378	-1.9134020848752014	2.9482638852107024	-1.5050815863794451	-0.4624692960490587	-1.53697159306037	
9.73771631123484	-2.109360995488748	2.8404759889492817	-1.6084914320093457	-0.39006976108954644	-1.4843547872553173	
9.665799411774174	-2.3161372120754256	2.7453925721426935	-1.695132941381432	-0.3219941041608251	-1.4333364177019676	
9.615151681472256	-2.5311165636872426	2.6662294372797954	-1.7651595528944484	-0.25866157415128616	-1.3830688119956989	
9.583392098017907	-2.7512956569103197	2.6044657865709806	-1.8190317558532163	-0.200375887504843	-1.3327311870687257	
9.567884180896666	-2.9734729663845996	2.5598942195907215	-1.8574691909939767	-0.1473432391135674	-1.2815421862031822	
9.565931387907264	-3.1944842715240083	2.5307920811493494	-1.8813900597308637	-0.09969220903273769	-1.2287701926862482	
9.574986457476637	-3.4114411298300586	2.514200495792616	-1.8918383106413403	-0.05749238132689532	-1.1737428113949995	
9.592843724668743	-3.621930290366524	2.5062917937758997	-1.8899010246069448	-0.020768938145211486	-1.1158563064206146	
9.61778239849175	-3.824137782168792	2.5027957363227045	-1.8766218384241413	0.010488644263897609	-1.0545850402433434	
9.648641892599546	-4.016882184017287	2.4994419840870217	-1.8529190551111825	0.03632451116479488	-0.9894907791769032	
9.684826570402047	-4.199563205988553	2.492376519572665	-1.819517725818752	0.05682024382486483	-0.9202310307953674	
9.72625139358287	-4.372050745478941	2.478510811587262	-1.7769044359188553	0.07210308669784132	-0.8465649450670946	
9.773247052229106	-4.534549339313018	2.455771676604001	-1.7253107490741484	0.08235686910795242	-0.7683549159451342	
9.826441095058215	-4.687468905122588	2.423234456398979	-1.664727166066108	0.0878340487050671	-0.685562146083242	
9.886624307081215	-4.831317665381302	2.381137890992634	-1.5949453608586204	0.08886744960775689	-0.5982351499821383	
9.954605724445285	-4.966615091874113	2.3307920136684177	-1.5156234939901112	0.08588016055486258	-0.5064912288461791	
10.031059856624188	-5.093810040828902	2.274398615782995	-1.4263680745240985	0.0793918305765834	-0.4104919879861049	
10.116376652160913	-5.213187116802621	2.2148057960264538	-1.326825714519793	0.0700193125998255	-0.31041470861524073	
10.210534792404975	-5.324753809536333	2.1552212275711162	-1.2167774988762454	0.0584699281162142	-0.2064222201696789	
10.31302205805001	-5.428115541618704	2.0989099058894793	-1.0962294715990957	0.04552680170092759	-0.09863418006095381	
10.422825976677206	-5.522360541054327	2.0488986879576805	-0.9654930718505018	0.03202640072472817	0.012897371025492429	
10.538512284398463	-5.605984606238975	2.0077099041682103	-0.825249233443126	0.018829482689268963	0.12820528247035878	
10.658398619432129	-5.676884197640333	1.9771444757227288	-0.6765902341122972	0.006787664988802906	0.24741471652838845	
10.780816388854225	-5.732435724750448	1.9581313328044105	-0.5210344747563697	-0.003291221984618323	0.37073852199680585	
10.904435093520537	-5.769663398927127	1.9506542159442288	-0.3605113270429074	-0.010675132511765785	0.49845920391084486	
11.028603119620326	-5.785482660487058	1.9537592486526019	-0.19731579539461525	-0.014733172026190627	0.6308974009915258	
11.153643447353613	-5.776995288424994	1.9656376462508938	-0.03403541464794031	-0.014951193460242183	0.7683683291306549	
11.281033426254819	-5.741804322077597	1.9837716592915415	0.12654672101773176	-0.010935798171983108	0.9111295975280725	
11.413409839928498	-5.678311569287297	2.0051231941257157	0.281566288103983	-0.0024073953559435157	1.0593259986079158	
11.554370914034228	-5.585962736511172	2.0263435203152436	0.4282026762291246	0.010814694524680358	1.2129375457033287	
11.708079725373677	-5.4654065006470995	2.0439871140714936	0.5638077668089655	0.028830878537885473	1.3717371545494925	
11.878712161577756	-5.31854053179669	2.0547169766214015	0.6860305982456469	0.05167868058600212	1.5352634859883498	
12.069824492907946	-5.148431173986827	2.0554948223868457	0.7929292582293948	0.0793443068444146	1.7028126688664307	
12.283732304864229	-4.959112857581915	2.0437550846681987	0.8830614700295539	0.11176536367276062	1.873450238386266	
12.520990547307267	-4.7552940632066	2.0175644959162584	0.9555466405782166	0.14882396336536785	2.0460419937771914	
12.780046347314169	-4.5420129050218625	1.9757675271189241	1.0100945570668662	0.19033180533116992	2.219299957515877	
13.057108108317355	-4.324291844605482	1.9181128057047727	1.0469989543577807	0.23601076799084053	2.3918376885044643	
13.346248549926186	-4.10683877353513	1.8453449214435496	1.0670953332092605	0.2854744227282025	2.5622280990285295	
13.639711141210862	-3.893828283488215	1.7592443382308902	1.07168775174536	0.3382161231433438	2.729056403513675	
13.928363298278068	-3.688774949551882	1.6625962125486273	1.0624503632760944	0.3936081755794672	2.8909627810038954	
14.202220858078832	-3.494495353659081	1.5590759301490784	1.0413119433829636	0.4509139520552829	3.0466709742059006	
14.451001237737952	-3.31313807228951	1.4530305420725687	1.0103294081155696	0.509312021143617	3.195002563547228	
14.664597557105123	-3.1462711903643537	1.3491963639239923	0.9715716004336232	0.5679265846607391	3.3348755122144658	
14.833635239192253	-2.994971952039271	1.252263188175283	0.9269981584079146	0.6258623507336053	3.465298259306862	
14.94972356172322	-2.8599720349936977	1.166541039864432	0.8784068304836409	0.6822304416869622	3.585348313071939	
