14.410927626175242	-3.2659148473138853	0.9556902668860722	0.2769971693508002	1.5000657296099276	2.919606661627301	
14.403381156910093	-3.18799251258712	0.8853298979243539	0.24201864890782035	1.5369670678789717	3.048848161940203	
14.346847989903935	-3.1225748139974216	0.8258724756837981	0.2038264028596781	1.5697789376921552	3.1702682700751854	
14.241049223075843	-3.0688052258322105	0.775350812321783	0.16303644455779387	1.5980632076315044	3.2826715023543507	
14.087130688817432	-3.025510538309066	0.7313199778881674	0.12040993340962679	1.6213912719175627	3.3849951322978966	
13.887705852038286	-2.991230223954356	0.6909482668325565	0.07690852428804686	1.6393692636136068	3.4763339309867765	
13.646403438132868	-2.9643672576496503	0.6513229892026278	0.033693425125510185	1.6516662258917634	3.555917604581989	
13.36761786143374	-2.9432919030794453	0.60968042598034	-0.007895675231383572	1.6580378661498054	3.6230963878680535	
13.056200048086039	-2.926462207299349	0.5636366487190179	-0.046397949732984306	1.6583470743639415	3.677319803460203	
12.717205477464729	-2.912518997201044	0.5113586711912002	-0.08031088199583336	1.652578426663746	3.718122301343894	
12.355675650100071	-2.900342800021298	0.4516790228071851	-0.1081841603359406	1.6408448121982677	3.745116726652731	
11.976471095942285	-2.889054250685779	0.38414509684557396	-0.12871701982280326	1.6233839367424803	3.7579962059193903	
11.58415926129526	-2.877963350414796	0.3090097016537109	-0.14085140843047533	1.6005453469327446	3.75654246584182	
11.182952645782027	-2.8664898214550885	0.22716886308705844	-0.14385514928839718	1.5727690473194982	3.7406373648327516	
10.77668752225814	-2.854084903720111	0.1400582452708479	-0.13738816547450478	1.5405574983977877	3.7102745504352557	
10.368832103179626	-2.8401807853604373	0.04952606887247507	-0.12154420430057367	1.5044433805562178	3.6655687328351387	
9.962515996793694	-2.824180232636141	-0.042297069622508704	-0.09686143581734467	1.464955994390042	3.6067607339412877	
9.560576649513258	-2.805483263883141	-0.13311479833315565	-0.06429869907832937	1.4225895067510224	3.5342170577346383	
9.165620639059313	-2.783537489512953	-0.22056156956426662	-0.025178250288138165	1.377776380949029	3.448422841934403	
8.780095103938322	-2.7578967028281283	-0.3022839954388061	0.01889888393040276	1.330869334976596	3.349967318639834	
8.40635894375083	-2.7282794123195213	-0.37601885079200426	0.0661519260459708	1.2821328203861084	3.2395231805212408	
8.046744136852949	-2.6946251587784875	-0.4396789638169786	0.11472387115978105	1.231743556316379	3.117821561094039	
7.7035984402863384	-2.657145659562838	-0.49145030681014457	0.1627809245867009	1.1797986091113604	2.985625189032832	
7.379303879231663	-2.6163625529263994	-0.5298946572092897	0.20860124110064343	1.1263289275818384	2.8437024556243577	
7.076269293668687	-2.573118018309807	-0.5540449163947027	0.2506481754169801	1.0713162271404892	2.692804646249311	
6.796898534865724	-2.528543566367305	-0.563477060175604	0.28762475162257006	1.014711466022453	2.5336476361379807	
6.543538432194941	-2.4839774801284036	-0.5583419667891139	0.31850639476342013	0.956453702598588	2.3668984353032085	
6.318414704706232	-2.4408361556618647	-0.5393435305822057	0.34254914827096317	0.8964882342592295	2.1931664970597815	
6.123565920582027	-2.400460837619992	-0.5076641917189827	0.35927570577965406	0.834783264091882	2.0129987834063763	
5.960785706748288	-2.3639653284002646	-0.4648440895692721	0.36844222826857864	0.7713448279550753	1.8268778968751247	
5.831581569099478	-2.3321100074250167	-0.4126275682433791	0.36999080229602027	0.7062298049451323	1.6352228626672476	
5.737154138427	-2.305221133809281	-0.35279621288813734	0.36399359561131256	0.6395569327636756	1.438392394489368	
5.678394392145719	-2.283164485476787	-0.2870102880195286	0.3505950127239145	0.5715156917255727	1.2366906868582133	
5.6558897560782775	-2.2653716468281275	-0.2166798106498801	0.32995755683304984	0.5023727223564844	1.0303758951025728	
5.669926165147319	-2.25091047915603	-0.14288425159544624	0.3022161510338668	0.4324747122309442	0.8196717297823114	
5.720473853018107	-2.2385865306211725	-0.0663542998101956	0.2674453290568115	0.36224594189057796	0.6047825450633383	
5.807148887747097	-2.227061124614205	0.012485683315390135	0.22564189584931704	0.29217914161060754	0.38591215623791864	
5.929152837130805	-2.2149793595573026	0.09342438902075066	0.17672510585289336	0.22281805390561482	0.1632869627508493	
6.085200892334486	-2.201103520675273	0.17633809320731395	0.120556353879487	0.1547308839853009	-0.06281632761599232	
6.273455131303213	-2.1844474277141064	0.2610573161820028	0.056979903762961796	0.08847497513426092	-0.2920385539005954	
6.49148319072864	-2.1644047685316434	0.3472507543315166	-0.014114836194408908	0.02455441058277895	-0.5239024390087667	
6.736262989142848	-2.1408614694304497	0.4343468741388199	-0.09271032060245446	-0.03662663146743546	-0.7577750061535451	
7.004255541402259	-2.114277272299909	0.5215057732262982	-0.17856063618975385	-0.0948105048299143	-0.9928313553391834	
7.291561456800256	-2.0857200144262324	0.60764213738125	-0.27108267407866177	-0.14992677000658206	-1.2280251453919002	
7.594159715374277	-2.05684544562324	0.691487466075547	-0.3692477129741779	-0.2021223729984516	-1.4620700797552408	
7.908211555253954	-2.029818591711487	0.7716784249759319	-0.47148443976811466	-0.25177661764232434	-1.6934372637531436	
8.23038934390685	-2.0071804651097813	0.8468590075145046	-0.5756053890131512	-0.2994971087209016	-1.9203720886914555	
8.558173751645327	-1.991671506860447	0.9157860880378531	-0.6787688892079407	-0.3460944677154862	-2.140932403858458	
8.890057679205169	-1.986028919680106	0.9774286389705742	-0.7774880492221021	-0.39253580420250267	-2.353047324056081	
9.225604575514591	-1.9927769350474702	1.0310505295328178	-0.8676967688440854	-0.43987927359058815	-2.5545935251935146	
9.565322667595458	-2.0140291720098995	1.076265632687634	-0.9448830657742612	-0.48919417038714275	-2.743483468173569	
9.910351749134751	-2.0513209426005656	1.1130597038838195	-1.004291075168248	-0.5414748712533648	-2.9177564287048416	
10.26200016492782	-2.105478031226267	1.1417882979940053	-1.0411820114927368	-0.5975571999076242	-3.0756644016832526	
10.621188399508018	-2.17652442745957	1.1631679884815984	-1.051138808860778	-0.6580446948027115	-3.2157467187900783	
10.987874082420557	-2.263628457197508	1.1782815442529901	-1.030390095153016	-0.7232511721355688	-3.336888458627744	
11.360539281783488	-2.365086977761923	1.1886115552046774	-0.9761244657198501	-0.793163940133513	-3.4383589615629497	
11.735816475436591	-2.478351234897618	1.1961014230094205	-0.886765915759142	-0.8674296895201469	-3.5198277068991555	
12.108314655045746	-2.600102265853438	1.2032216538037834	-0.762187320194766	-0.9453625219201236	-3.5813562017544887	
12.470697179479757	-2.7263864597326717	1.2129948679529476	-0.6038381701327827	-1.0259731221298611	-3.6233645713991267	
12.81402100875136	-2.8528041662200625	1.2289256901604717	-0.41477312017148366	-1.1080152447924454	-3.646576457652309	
13.128296952884403	-2.9747254073834797	1.2548026678123463	-0.1995872632327285	-1.1900441874360257	-3.651950760896839	
13.403216429379878	-3.0875068162327244	1.2943696311916375	0.03573690129125332	-1.2704843562023815	-3.64060845903362	
13.628972542072269	-3.186692097046482	1.350902394326316	0.2840590097893145	-1.347702870518784	-3.613763493847629	
13.797096581429821	-3.2681933582019775	1.4267585090763995	0.5373722363631473	-1.4200856969788827	-3.5726653499875627	
13.90122891851714	-3.3284625795849307	1.5229841163686029	0.7871414970200747	-1.4861117389647878	-3.518558320821195	
13.937747023819888	-3.36466656907396	1.6390559144376327	1.024675230825949	-1.5444195993287313	-3.4526590972602635	
13.906159297088635	-3.3748670382719146	1.7728212952825364	1.2415172242861245	-1.593860545277858	-3.376151170952794	
13.809199550995674	-3.358191806106124	1.92065008525572	1.4298363441077289	-1.6335329643254903	-3.290191506100003	
13.652618092080175	-3.3149756312548564	2.0777586831410715	1.582795347671844	-1.662798485479549	-3.1959236703298237	
13.444694772425516	-3.246841552810554	2.2386491964960085	1.6948772087204909	-1.6812816742140977	-3.094492597161268	
13.195541334907135	-3.156698877135019	2.3975931893282314	1.7621452568282658	-1.6888570228906148	-2.9870573210525517	
12.91628678048089	-3.048645136148477	2.5490938202551954	1.7824153586657454	-1.6856276283748939	-2.8747991873196175	
12.61824815969571	-2.9277739329027437	2.6882765704874556	1.7553239866372	-1.6718996665738828	-2.758923907698975	
12.312177790146581	-2.7999051368872387	2.8111828842010977	1.6822863113144655	-1.6481559342675676	-2.64065635659229	
12.007662373846768	-2.6712640211836662	2.914956208866165	1.5663401512114394	-1.615029609318263	-2.521227372402238	
11.712717798867196	-2.548151146951792	2.997928432564128	1.4118960839935522	-1.5732791340294852	-2.401853028132622	
11.433574229364629	-2.436637389097184	3.0596251833525	1.2244259854528412	-1.5237642813960262	-2.2837076745530287	
11.174628575125357	-2.3423050206052345	3.100700520840951	1.0101195793533362	-1.4674229137576449	-2.167892688814211	
10.938530287328916	-2.2700430586905433	3.122810320829598	0.7755418539573364	-1.405248647355058	-2.0554035191325957	
10.726365114126079	-2.2238929416385504	3.1284347871553506	0.5273203246729953	-1.3382700555524987	-1.9470980437066905	
10.537907154514757	-2.2069350305711044	3.1206642583400495	0.2718832736361635	-1.2675321628175618	-1.84366935036723	
10.371916966923886	-2.2212076226951023	3.102966199203647	0.015259427058105363	-1.194080603428172	-1.7456254389720691	
10.22647026511409	-2.2676638194342993	3.078952844064009	-0.23705653431296445	-1.118948119722852	-1.6532786551441412	
10.09928857974935	-2.3461711907758565	3.0521720394646925	-0.4801784407044088	-1.0431422847128182	-1.5667453404900538	
9.988044866741378	-2.4555577706604206	3.025934389862592	-0.7098571261953313	-0.9676327187020882	-1.485954689394172	
9.890620786426917	-2.5937088069340453	3.0031826019335472	-0.9224761100395376	-0.8933364420527149	-1.410665926308327	
9.805296835163178	-2.7577111121520557	2.9864027399797086	-1.1150274658007608	-0.8211008056277167	-1.3404922448220797	
9.730866324492888	-2.9440340749209337	2.9775711141318126	-1.2850788570204097	-0.7516844358842687	-1.2749296086084756	
9.666675132157577	-3.148730181697052	2.978126891810401	-1.4307396863755377	-0.6857375204382293	-1.2133883100016347	
9.612598685719272	-3.367636302934242	2.9889597525475753	-1.5506313170891568	-0.623783119686483	-1.1552251666724898	
9.56897101133125	-3.5965593112114345	3.0104087339098013	-1.6438603050669873	-0.5662021717667562	-1.0997742970253142	
9.536488244106804	-3.831432657396274	3.0422707381259895	-1.7099945031226533	-0.5132236784596529	-1.046373939773784	
9.516105540745802	-4.06844071474658	3.0838218574540432	-1.7490399991731838	-0.4649205225084923	-0.9943876954067563	
9.508939655283791	-4.304112446286701	3.1338568219626346	-1.7614153724215817	-0.4212110127179909	-0.9432190047303031	
9.516183922179419	-4.535387878109861	3.1907488607666696	-1.747920609996961	-0.38186542909420484	-0.8923182020058633	
9.53903631647391	-4.759659923494044	3.252528865744676	-1.709698697821467	-0.3465163685355715	-0.8411822685170923	
9.578636412940227	-4.974790630650013	3.316979815820642	-1.6481891094702086	-0.3146715212797209	-0.7893482049540829	
9.636003534705393	-5.179097064178729	3.381740881010594	-1.56507407195663	-0.2857276341878364	-0.736381503236118	
9.711967897557933	-5.371297551319561	3.4444141716417196	-1.462219542947481	-0.2589854114499777	-0.6818614497997584	
9.807087285112493	-5.550416099052028	3.5026637068485904	-1.3416171061238555	-0.233664830702307	-0.6253653951449333	
9.921545344298915	-5.715646860620581	3.5542979384013247	-1.2053326909982556	-0.20892148714446138	-0.5664535999070632	
10.055034793746538	-5.8661861651823894	3.5973290244098086	-1.0554678985775923	-0.18386528933496188	-0.5046560246713705	
10.20663710123247	-6.001048087652089	3.6300061348858184	-0.8941391832883471	-0.15758291051879986	-0.43946237940111543	
10.374718920470446	-6.118887114770755	3.6508255540482506	-0.7234780760072175	-0.12916519396000983	-0.37031674509810064	
10.556872673472096	-6.217856490984567	3.658525381387693	-0.5456524861521166	-0.09774008129848083	-0.2966180915301858	
10.74993243595589	-6.295531881586003	3.6520760771401966	-0.3629054847824832	-0.06251080432061205	-0.21772801556536314	
10.95009764637517	-6.348930850891968	3.6306779036406263	-0.17760279438003684	-0.022796743722935102	-0.1329869123938953	
11.153171864172483	-6.374641451999979	3.5937757057143584	0.007723040588930204	0.02192699905270855	-0.04173849585097703	
11.354901575192201	-6.369060405032519	3.5410949741996327	0.19034413005177453	0.07199586620790786	0.056638015462681573	
11.551375685624919	-6.328728523490307	3.4726955111851985	0.3673357703479032	0.12753287361486965	0.1626895487968038	
11.739425975873989	-6.250735593182457	3.389031655654973	0.5356104147418654	0.1884403076766889	0.27684707744768705	
11.916961546087776	-6.133153309468028	3.2910021571028736	0.6919908670984934	0.2544080439764043	0.3993829321696503	
12.08317785446682	-5.975445385050378	3.1799705575450536	0.833320931236753	0.3249379368505768	0.5303711153211672	
12.238599801486764	-5.778800581264956	3.05773886498569	0.9566066114553894	0.3993813948586493	0.6696541948648186	
12.3849377603557	-5.546323368728136	2.9264624643003345	1.0591726725219284	0.47698553678094824	0.8168218901397966	
12.52478373383653	-5.283051955840589	2.788512764269508	1.1388164587478347	0.556940467984265	0.971203404048543	
12.661191863188758	-4.995797916937093	2.6463053568536763	1.1939436623954627	0.6384218846021416	1.1318747214845688	
12.797197267573525	-4.692823218453593	2.502121411484079	1.2236736573420237	0.7206246192761212	1.2976811360188567	
12.935332418722513	-4.383390905318486	2.3579551791409754	1.227906965830643	0.8027845311573423	1.4672735681525026	
13.077197642053704	-4.077235351190806	2.215417571725771	1.2073521140701524	0.8841883046089105	1.6391557862887367	
13.223133196091927	-3.7839978951090627	2.0757151160522045	1.1635126669143492	0.964172767562022	1.8117384985207856	
13.372027151264103	-3.512665183939521	1.9397078361766746	1.0986359907205292	1.0421169203401415	1.9833959268088552	
13.521286787868217	-3.271049392162769	1.808030618987819	1.01562100001924	1.1174307637922534	2.1525202118397475	
13.666961320033106	-3.065349696053917	1.6812408607358287	0.9178920715045061	1.1895451124451224	2.317568600403299	
13.804005572466252	-2.8997834716895143	1.5599468319731062	0.8092352693076988	1.2579057747559652	2.477104919441398	
13.926624796621518	-2.7764303087789326	1.4448848446220641	0.6936252090943968	1.3219713320237028	2.6298241008014247	
14.028751692847207	-2.694982646485768	1.3368903451990137	0.5749930428696962	1.381220360769637	2.774590442304213	
14.104413204154268	-2.653160283911452	1.2368124194662782	0.457091881293697	1.435153963024943	2.9104228800314638	
