15.8761153393488	-1.6016273985880214	0.972170758729072	1.6143140716755564	0.8806186197602558	4.044361660073472	
15.869371870452857	-1.4749243616849421	1.0193078125630055	1.4785607671959216	0.9456833116362274	4.167739728503958	
15.798780419744249	-1.3815689790114567	1.0733401486017573	1.3214172672975781	1.007566657358034	4.275549677259459	
15.662852891675314	-1.3246397727791057	1.1271994523895672	1.1466426772997695	1.0650308002953344	4.366777471961754	
15.461939711067892	-1.305764027341807	1.1737623093532863	0.959160183365657	1.1168245818991518	4.440687005393464	
15.198376911840047	-1.3247881192946722	1.2063879469054157	0.765043154500779	1.1617518387540882	4.496837524639893	
14.876081310100826	-1.3799035963143738	1.2195377306184108	0.5710776478788492	1.1987598921354932	4.535017684835793	
14.500328115217696	-1.4677450826550937	1.2091851107836022	0.3844058092511337	1.2270100359474323	4.555213878015552	
14.07740906792243	-1.5836263062128781	1.173086626168873	0.212073421753254	1.2459353724564444	4.557569734733197	
13.614308520904832	-1.7217977896752774	1.1108674274470833	0.060594099035263166	1.255275073225226	4.542356119436516	
13.11838506335368	-1.875722879398242	1.0239435357305544	-0.06446290325087403	1.2550837540064017	4.509946097958819	
12.59708705504358	-2.038361873715923	0.9152980873670384	-0.15882150845962598	1.245714530733341	4.460795649442439	
12.05771381473953	-2.202470015213568	0.7891581997507666	-0.21975578089826028	1.2277789472311496	4.395429892264755	
11.507227654626405	-2.3609166829809003	0.6506264866363911	-0.24623845018710344	1.2020894831452136	4.3144351400125505	
10.952118902464628	-2.507025668060701	0.5053098008858389	-0.2389681988061972	1.169590714856117	4.218456366992728	
10.398323468649494	-2.6349203501097964	0.3589776286419311	-0.2002740658380833	1.1312867350205131	4.108198584176074	
9.85118832499513	-2.739844692107292	0.21726705195461493	-0.13390775873448435	1.0881726039893864	3.9844292711352454	
9.315477463044234	-2.818426075592469	0.08543710068479936	-0.04474664632217641	1.0411764610397594	3.8479782513770573	
8.795411080597416	-2.868851935378827	-0.03183440172623785	0.06156083160869204	0.991116648750827	3.6997318216102775	
8.294733764153207	-2.890943151906561	-0.13062137280967556	0.17897304677199682	0.9386757196838736	3.5406194369011454	
7.816808544345949	-2.886114761528408	-0.20788961828244257	0.30142060927167974	0.8843915548082831	3.3715936504357806	
7.364725529047887	-2.8572384716908514	-0.26160815988860087	0.42312900494449074	0.8286627430049195	3.1936065234994455	
6.94141052724965	-2.8084170919312075	-0.29082513998570303	0.5388827815609882	0.7717650342437371	3.0075861682201346	
6.549714638199832	-2.7446817467908335	-0.29569852796012036	0.6442221489131043	0.7138754175972405	2.814416758299248	
6.192466283391385	-2.6716261588762324	-0.27747261273107543	0.7355691930508313	0.6551002653110283	2.614924180331689	
5.8724731403261465	-2.5949989579373702	-0.23839428944367594	0.8102859928686204	0.5955041291183424	2.409868005593789	
5.592471296593005	-2.5202842791595423	-0.18156805043256566	0.8666708684322068	0.5351361096705884	2.1999391257715595	
5.355029511115659	-2.452307851859759	-0.11075453017250855	0.9039025856886584	0.47405133986530607	1.9857614631311653	
5.162426962941742	-2.394913884998972	-0.030121956435310068	0.9219412484999349	0.41232588869105846	1.7678960691590937	
5.016528050382676	-2.3507504545892943	0.05602842858841224	0.9214014420415154	0.35006462675932415	1.546845747400933	
4.918672836310663	-2.3211781736559156	0.1435411200213074	0.9034129119854888	0.2874030368018929	1.3230589986144021	
4.869594668812296	-2.306301539984842	0.2286685104119836	0.8694799858609815	0.22450451051395842	1.0969331654828076	
4.869367768522376	-2.305106047406267	0.30829651770773014	0.8213496293915565	0.16155486135634142	0.8688174434257819	
4.917380335462642	-2.3156736047106117	0.3801177488787551	0.7608952556514311	0.09875561031700947	0.6390171507296486	
5.012324936933863	-2.3354449648526083	0.4427418544655906	0.6900206732039278	0.03631718658049497	0.4078011562391808	
5.152197919750488	-2.3614996568566595	0.4957393788822497	0.6105862323450879	-0.025547312050141414	0.17541457552575215	
5.334304372909759	-2.390829251848311	0.5396194055909356	0.5243577107124453	-0.08662757517020718	-0.057901202500884784	
5.555273152106768	-2.4205814637263927	0.5757434829636443	0.43297804759746195	-0.14672066462400332	-0.2918800854365251	
5.8110869655803805	-2.4482582016468215	0.6061888222803612	0.3379596308269396	-0.20563471347740037	-0.5261948349198866	
6.097139426741222	-2.4718582718489115	0.6335696169174244	0.2406939323756476	-0.2631917994550716	-0.7604144317603587	
6.4083337093078185	-2.4899602657238566	0.6608251812579197	0.1424741955622413	-0.31923026697371704	-0.9939590030384129	
6.739239413997518	-2.5017473830567307	0.6909824968665682	0.04452571889896992	-0.37360705836102	-1.22605788803623	
7.084322529972069	-2.506981259996078	0.7269004121911683	-0.05196238785764778	-0.4262007097965061	-1.455717680538912	
7.438254425099261	-2.5059357606278767	0.7710050845152399	-0.14581011864766003	-0.47691541279998034	-1.6817072558288124	
7.796289657804813	-2.4993046586160546	0.8250308104072824	-0.2358296432448539	-0.5256859827227263	-1.9025655637514525	
8.154671833402723	-2.488098466699222	0.8897939459097425	-0.32082285143065387	-0.5724825868261723	-2.1166366115957453	
8.510999666985066	-2.4735494163600467	0.9650337669576048	-0.39959508080926476	-0.6173133776998729	-2.322130577799154	
8.864477138458257	-2.45703808089771	1.0493525395972825	-0.47098368232006277	-0.6602227357680357	-2.517206390692075	
9.215970529891687	-2.4400466503528055	1.140283688520614	-0.5338977899633621	-0.7012827845707336	-2.7000684757113396	
9.567813708195015	-2.4241345813879507	1.2345016989821693	-0.5873641608012661	-0.7405768203745855	-2.86906775005474	
9.9233397000192	-2.4109227302103586	1.3281652929554637	-0.6305736041899608	-0.7781752030489748	-3.0227960665834352	
10.286167249767065	-2.402066040489195	1.4173609982258826	-0.6629232097978973	-0.8141066840399336	-3.160164177667912	
10.659323957862714	-2.3991956642787398	1.4985946569008375	-0.6840511591936236	-0.8483302674958026	-3.280455917808985	
11.044333190008132	-2.4038208129215732	1.5692661552187914	-0.6938620906355086	-0.8807140317909546	-3.3833536820196244	
11.440430047979756	-2.41719915235093	1.6280536352570762	-0.6925414060280384	-0.9110271813157451	-3.4689326964205986	
11.844040696467545	-2.440198758750767	1.6751547745284268	-0.680559416867651	-0.9389480159888598	-3.537628041924955	
12.248616597834495	-2.4731794342888658	1.712350868925052	-0.6586650078199144	-0.9640873025635781	-3.5901788871311338	
12.644859941999748	-2.515917572794257	1.742881072815013	-0.6278686023757627	-0.9860232573650195	-3.6275563304151905	
13.021314885824673	-2.567588600867776	1.7711382476085584	-0.5894146830310057	-1.0043420468156805	-3.6508824715447727	
13.36524656252109	-2.626808331895611	1.8022193641877176	-0.5447450902554591	-1.0186769761335461	-3.661348727247732	
13.66369633501138	-2.6917234831195613	1.8413790280272944	-0.49545583530116044	-1.0287404324301763	-3.660140951496833	
13.9045946597579	-2.7601353617882842	1.893440959566965	-0.44325179207571264	-1.0343447962019934	-3.648377451765659	
14.077807338094422	-2.8296397375672937	1.962231063085575	-0.38990448069386546	-1.0354103796839624	-3.627064789162941	
14.176008430745489	-2.8977637526735243	2.0500948329195348	-0.33721807903287104	-1.031961392483411	-3.597073483290838	
14.19531171289003	-2.962086527863946	2.1575484672608676	-0.2870050341243958	-1.0241124213830493	-3.559132903674496	
14.135611757229212	-3.020337068114513	2.2831072756124082	-0.24106891593430693	-1.0120483721988038	-3.513843251100328	
14.00061329122544	-3.0704716508115757	2.423319996541409	-0.20118921615958604	-0.996001362218961	-3.461700972063159	
13.79755775922083	-3.11074165244326	2.5730149755958815	-0.16910133527642007	-0.9762281822953046	-3.403132758110175	
13.536685313805004	-3.1397682710558397	2.725736814712189	-0.1464655651802081	-0.9529915935730249	-3.3385326094093997	
13.230494610538058	-3.156640796449035	2.874325839526397	-0.13482094946499323	-0.926547750627226	-3.2682964620617634	
12.89287166046476	-3.16104602785468	3.0115736374504882	-0.13552320911772298	-0.8971405672112148	-3.1928495007062994	
12.538173405393128	-3.1534159096654797	3.1308675109071893	-0.14967073339382891	-0.8650021108272584	-3.1126623655100665	
12.180345087136269	-3.135063119475063	3.2267465359444194	-0.17802476908895673	-0.8303568016969913	-3.028254968220563	
11.832124147804889	-3.1082590333223847	3.2953146453154574	-0.22093281360166986	-0.79342737784168	-2.9401884656133954	
11.504376074458838	-3.076209237410512	3.334477049815892	-0.2782657634788461	-0.7544414916874902	-2.8490475026397886	
11.205598150031925	-3.0428989741470276	3.3439908010912687	-0.3493790969116658	-0.7136388446346038	-2.755416153724041	
10.94161722884204	-3.0128109052614995	3.325343052307634	-0.4331057179456775	-0.6712793795880502	-2.6598517524592635	
10.71549518462548	-2.9905512579054685	3.281489432542255	-0.5277831149234347	-0.6276529221933118	-2.562860780918195	
10.52764000366178	-2.9804453431479305	3.2164974722108393	-0.6313115458703986	-0.5830898901148077	-2.4648800739414067	
10.37611381393271	-2.9861777185999236	3.1351443843209106	-0.7412364538957912	-0.5379712501255705	-2.3662656095714496	
10.257087808355319	-3.010537857139694	3.0425255197532812	-0.8548424397526406	-0.49273526068904966	-2.2672890880803234	
10.165388835017765	-3.0552967316289634	2.9437093840561013	-0.9692491993556588	-0.44787850423272085	-2.168141449864615	
10.095079667613371	-3.1212084030102734	2.8434583329387952	-1.081503216689351	-0.4039492598868093	-2.068942163086476	
10.040013849753816	-3.2081034005166034	2.746020405829181	-1.1886619753880951	-0.3615325773620599	-1.9697528241893174	
9.994316721050973	-3.315026138950322	2.6549877872669096	-1.2878706072531974	-0.3212280660203618	-1.8705935884575058	
9.952763471158224	-3.44037067789772	2.5732130458047564	-1.3764333116140355	-0.2836229593613377	-1.7714610139573141	
9.91104923187422	-3.5819861377269704	2.5027731971297476	-1.45188345095913	-0.24926384801755502	-1.6723458792645234	
9.865962728780108	-3.737250292449497	2.4449744270405893	-1.5120552656163948	-0.21863053022599213	-1.5732492295739469	
9.815481645870397	-3.903132022407292	2.4003899743143053	-1.5551565315646314	-0.19211466344851616	-1.4741944826812243	
9.758810285435946	-4.076268170049762	2.368920151277711	-1.5798395577115365	-0.1700037293465473	-1.375234143625867	
9.696364135833413	-4.253073011046657	2.3498697606835646	-1.5852636948285856	-0.15246999064424013	-1.2764507199145951	
9.629699152639997	-4.429882847449848	2.3420404058951076	-1.5711412260067825	-0.13956386606579485	-1.1779524532771104	
9.561383393144325	-4.6031256733408075	2.3438366222253975	-1.5377591594401052	-0.13121138523062326	-1.0798652431697386	
9.494814383265844	-4.769500032955914	2.3533837445486947	-1.4859714673648732	-0.12721578972383812	-0.9823224466913727	
9.433994028956327	-4.926148280364377	2.3686525289018485	-1.417158971611213	-0.12726353390081785	-0.885454121638991	
9.3832789473417	-5.070814372799671	2.3875831220400756	-1.3331562165283326	-0.13093474143023667	-0.7893768179687951	
9.347126200395095	-5.20197455264172	2.408199240929546	-1.2361452991682045	-0.13771790633260347	-0.6941845495056983	
9.329851676898178	-5.318931345655805	2.428704639092041	-1.1285232963021603	-0.14702691650748756	-0.5999408342968595	
9.335403653374184	-5.421856617218008	2.447558181586221	-1.0127505191804458	-0.15821850142522123	-0.5066712032337567	
9.367146721093496	-5.511764726772849	2.4635261830337423	-0.8911900011950183	-0.170608463827036	-0.4143555576927341	
9.427650313452482	-5.59039826033298	2.47571303035067	-0.7659522867045708	-0.18348570247326806	-0.32291988324601023	
9.518481670429363	-5.660017132692063	2.4835722169827554	-0.6387617769650883	-0.19612403651643492	-0.2322269873762071	
9.640013088105807	-5.723097919487253	2.4868992244441954	-0.5108608388447231	-0.207792800739439	-0.14206606518924508	
9.791262613196913	-5.781970276882231	2.4858061303370302	-0.3829643802978242	-0.21776785135694274	-0.05214100082481652	
9.969801288871672	-5.838437613725496	2.4806756840646975	-0.2552735174661536	-0.22534476777912849	0.03794191207026987	
10.171765070003753	-5.89344208959453	2.472094646130456	-0.12754723073692348	-0.22985541152483224	0.128685104209801	
10.39200088881453	-5.946818852359597	2.460769439239747	0.0007795768712759036	-0.23068819073547603	0.22070741803969157	
10.624374466767286	-5.997169052100874	2.4474283583565595	0.13044514354813988	-0.22731107507786844	0.3147448786441067	
10.862246948169833	-6.041866073491333	2.4327182150269864	0.26219331391726053	-0.21929487163165362	0.41164092489695303	
11.099095868448916	-6.077195999682521	2.417106824846291	0.39660607884074867	-0.2063328808213112	0.512323118306726	
11.329217707199554	-6.098622321827862	2.4008053232402817	0.5339518036484274	-0.18825235311317884	0.6177648538337029	
11.548415141305743	-6.101155285127489	2.3837241182036633	0.6740625237647238	-0.1650136784948541	0.7289326724367023	
11.754552711782773	-6.079797903774819	2.365472408318566	0.8162508374413799	-0.13669491889507385	0.8467217569554757	
11.947853351067032	-6.03002381795762	2.345404305893497	0.9592765114689474	-0.10346185511859886	0.9718852227279546	
12.130863902365467	-5.948230067902035	2.322701944571543	1.101363248637941	-0.0655282676329579	1.1049639406579683	
12.30807193978253	-5.832112228803901	2.2964815296689483	1.240261737431166	-0.023113016419256848	1.2462234893889197	
12.485211553738784	-5.680917844249244	2.2659072199472723	1.3733506572484881	0.023598304674955876	1.3956047371063007	
12.668348243798723	-5.495554099247101	2.2302997365271318	1.497763390027981	0.07447959310550158	1.5526933230519997	
12.862868055550264	-5.278550907673348	2.1892309784597193	1.6105268904916437	0.12947260914426884	1.7167112309220798	
13.072509972962564	-5.03390366252174	2.1426005681120524	1.70870044876559	0.18857464957463574	1.8865310615030695	
13.298570124876573	-4.766835108741458	2.0906936547175254	1.7895056836578993	0.25180596273465744	2.0607108786237345	
13.539394369988067	-4.483515008669474	2.0342175315218793	1.850442160643603	0.3191606825132908	2.2375465712575644	
13.790234190329194	-4.190772103561779	1.9743114962362427	1.889386699362957	0.39054870908528927	2.4151363152902783	
14.043463124958866	-3.895820299101693	1.912524623063825	1.9046750335065001	0.46573827317762206	2.5914502925546152	
14.289143601737987	-3.605982904046026	1.850742640807536	1.8951787682558523	0.5443047317625765	2.7644048848222247	
14.515799706696972	-3.328456252239874	1.7910762788624723	1.8603410467116106	0.625603850064701	2.93192753028001	
14.71148367687585	-3.0699810652610733	1.735646075514311	1.8002751516007334	0.7087459746442097	3.0920380539130106	
14.86458256072726	-2.8367196966466013	1.6864148450098289	1.7156958392788202	0.7926384086802356	3.24288069888381	
