16.99387140564521	-2.873600357534563	0.7154096905455091	1.131149324880701	0.9440158765415544	4.204228094518927	
16.986588255283515	-2.7501167870061343	0.6699151852933944	0.9658633172999813	1.014975214042838	4.313616270366444	
16.896034706965164	-2.648441366809222	0.6450122007702871	0.8082727957105256	1.0774742264076966	4.411447634228913	
16.723593510318484	-2.568740821842921	0.6365077563958618	0.6606455389864042	1.1308738958559024	4.496896198682609	
16.47240697272701	-2.510928631655212	0.6389798821947913	0.5249987692974462	1.1747358753596382	4.569093815988801	
16.147454384041875	-2.4745187460605864	0.6461179638202931	0.4031302406706217	1.2088517573770114	4.627142390136913	
15.75511352450004	-2.4584840189372508	0.6515403203024456	0.29669024775809616	1.2332210659289204	4.670146252733739	
15.302929665957759	-2.4611033270287237	0.6493808913262615	0.20715796393514102	1.2480523092479479	4.697245544395881	
14.799272500230511	-2.4798814884225093	0.6348542509785292	0.13578677842599338	1.253750593483924	4.7076615603682095	
14.253010171434829	-2.511543980984164	0.6046439259859789	0.08351280407903529	1.25090121339348	4.70074855331301	
13.673180650042868	-2.5521043777239742	0.5571185576169244	0.05084968542407654	1.24024340993418	4.676047939854522	
13.068689416520076	-2.5970019568025133	0.49235976582434043	0.03778639411168601	1.2226339870671206	4.633336295750878	
12.448053280532699	-2.6413152287868793	0.41202797598175545	0.04370684614208559	1.1990020484795456	4.572658938881682	
11.819205468623428	-2.68005291597174	0.31910927173185893	0.06734647350819306	1.170298524765094	4.494344029048819	
11.189371505220281	-2.708504953286454	0.2175817574591193	0.10679890480953837	1.1374453273908456	4.398994126571688	
10.56501825543276	-2.722611000027572	0.11203860678408485	0.15957823555337117	1.1012897073113816	4.287455178925056	
9.95187072958359	-2.7192925483294372	0.007299294431717308	0.22273281251051255	1.0625685490592076	4.1607656644781	
9.354985047307894	-2.6967015321037247	-0.09196550439110499	0.2929977723360946	1.0218854310605152	4.02009103185303	
8.778861611965068	-2.6543586892975517	-0.18157508999000246	0.36696844139044527	0.979700969636923	3.8666504182276933	
8.227579744690521	-2.5931739535269975	-0.2581284228567401	0.4412764592644083	0.9363351946215851	3.701643575295946	
7.704930819120919	-2.515348107568014	-0.3192198847604481	0.5127509975715231	0.8919798816152585	3.5261868588508984	
7.214522110926375	-2.424171554017448	-0.3635685742546303	0.5785527319749306	0.8467170829935778	3.3412650133564625	
6.759829874968779	-2.323734304988357	-0.3910522012139102	0.6362738031105892	0.800540929522418	3.147702215780555	
6.344188184867462	-2.218572357758315	-0.402643536983924	0.683999900349227	0.753380022021598	2.946153303231259	
5.970712906524541	-2.1132882292032678	-0.40025746754995706	0.7203342315776685	0.705118144475517	2.737113524772163	
5.642174199690995	-2.012189897421903	-0.38652608222964846	0.7443867801190882	0.6556116931890825	2.520943124599955	
5.360842061129932	-1.9189894656158994	-0.36452589497534876	0.7557353702117957	0.604703018226435	2.2979018076656894	
5.128333995268372	-1.8365904496533318	-0.33748345951380887	0.7543672259605326	0.5522297217981607	2.0681877886351887	
4.945496671248105	-1.7669815430567979	-0.3084859230623261	0.7406088139865356	0.4980307099185535	1.831976579924559	
4.812344022789511	-1.7112342271378662	-0.28022327686614446	0.7150534502834213	0.4419503385004544	1.5894551814968343	
4.728059593048777	-1.6695849958329203	-0.2547798269958865	0.6784937613638823	0.38384222874834323	1.3408494440520051	
4.691061983412358	-1.6415789250202153	-0.2334876122551081	0.6318630346760492	0.323573993842348	1.0864439485177138	
4.699123120898763	-1.6262484537458342	-0.2168500107842529	0.5761882031639113	0.26103349662387876	0.8265949242879918	
4.749524301849889	-1.6223035811703455	-0.20453885790191337	0.5125556989656257	0.19613653699345335	0.5617377632318803	
4.839233791558898	-1.6283146784226645	-0.19546352175125947	0.44209023845740075	0.1288352503254362	0.29239139203494946	
4.965090653315294	-1.6428744602231935	-0.1879051494866349	0.36594577496481945	0.0591261873736995	0.01916215487260175	
5.1239807854678405	-1.6647293011973734	-0.17970506180796664	0.28530727990090354	-0.012943004513994088	-0.25725026796266764	
5.312989649353348	-1.692870450679536	-0.168488739721809	0.20140128647559807	-0.08726931217888051	-0.5360433483421959	
5.52952056869678	-1.726580805692777	-0.15189938869241232	0.11551267994072728	-0.1636926813495609	-0.8162977475047233	
5.771375067019924	-1.7654370521358647	-0.12781920320355697	0.029004812584694093	-0.24199703440303486	-1.096960046999794	
6.036799499332535	-1.809271935382957	-0.09455991217268696	-0.0566602249391669	-0.3219139340195199	-1.3768249552687286	
6.324509329218483	-1.8581073947124138	-0.05101105736851271	-0.1399043899412901	-0.4031287057654187	-1.6545211331342213	
6.633704439217143	-1.9120738392031995	0.003258366741693912	-0.2190225656429566	-0.48528865484402495	-1.9285055002039213	
6.964083706361645	-1.9713319060671628	0.06794426798683281	-0.2921802899782418	-0.568012763050438	-2.197070639756793	
7.315855355627303	-2.0360093530470476	0.14199518101607383	-0.3574229586246801	-0.6509019870165276	-2.458368657456995	
7.68972065224302	-2.1061587336306293	0.2236463508978127	-0.41269987048004975	-0.7335490745796333	-2.7104530852678717	
8.086797810470605	-2.1817326078089385	0.310502304632325	-0.45590553308149495	-0.815546637243794	-2.9513358463672494	
8.508450659055073	-2.2625667882576295	0.3996728615129171	-0.4849402130235548	-0.8964926419045032	-3.1790537246252426	
8.95599585770699	-2.3483620186941483	0.48796906151435876	-0.4977904814028898	-0.9759930269274293	-3.3917373511399873	
9.43028617136967	-2.4386581555825075	0.5721603770664447	-0.49262776317937484	-1.0536618608899553	-3.587675182999595	
9.931199011566129	-2.5328005793811914	0.6492868348696618	-0.4679197197175493	-1.1291201869600067	-3.7653659441016516	
10.457091879902444	-2.6299033740570317	0.717009494549078	-0.4225463230773238	-1.2019950896350164	-3.923555000352303	
11.004308394470915	-2.7288153064285567	0.7739723636004014	-0.3559110881857717	-1.271920359912688	-4.061252833535288	
11.566830456021693	-2.828093272955615	0.8201354833405086	-0.26803696738599486	-1.3385393782264494	-4.1777358010986365	
12.136166716095174	-2.9259854267051963	0.8570216927853165	-0.1596358508828844	-1.4015095934613946	-4.27253118386916	
12.701510501023128	-3.020422009403902	0.8878289497397691	-0.03214918804442438	-1.4605070220205845	-4.345392105878195	
13.250169010250676	-3.1090137246400786	0.917364115015119	0.11224122892797496	-1.515228945204305	-4.396267376407276	
13.768230008269008	-3.1890595920072498	0.9517713690318568	0.27062996645975357	-1.56539355362662	-4.425271851947644	
14.241406422705289	-3.257569137176501	0.9980542589572946	0.43942758507826685	-1.6107363808625887	-4.432662691319309	
14.655984500611885	-3.3113072273785624	1.063421042758967	0.6144181854428828	-1.651004460287982	-4.418825764313699	
14.999794618842019	-3.3468737206084653	1.1545143499021777	0.7908311521268482	-1.68594970028301	-4.384274584743883	
15.263124933087006	-3.360834620511845	1.2766101317923657	0.9634265353118904	-1.7153227144226941	-4.329661874137137	
15.43947745254426	-3.349922615155301	1.4329000761045272	1.126599829410017	-1.738867543404388	-4.255800434206809	
15.526081646893706	-3.3113153275243605	1.6239626398779343	1.2745124379906474	-1.756316992635357	-4.163688130205924	
15.524106780846049	-3.2429832564305574	1.8474902610202497	1.4012573099063546	-1.767388383895174	-4.054530885535557	
15.438534841656436	-3.144073534216995	2.098307808394044	1.5010676720108023	-1.7717806029620402	-3.929757864016415	
15.277698374922446	-3.015270680344156	2.368676770358911	1.5685699336368168	-1.7691747593938192	-3.7910248191501874	
15.052534968242783	-2.8590626167105855	2.6488445394892826	1.5990721687324445	-1.7592417665713298	-3.6402037856574045	
14.775653207861373	-2.6798466131547025	2.927773446977013	1.5888685666117537	-1.7416599422043297	-3.479359165125855	
14.460331180124468	-2.483836664608221	3.193973216024982	1.5355319094139233	-1.7161440747566559	-3.3107113124623053	
14.119570934857194	-2.2787661368018792	3.436360880757181	1.4381570406565927	-1.6824843712048816	-3.136588461341264	
13.765320677013596	-2.073420575501562	3.645066350218823	1.2975135224213306	-1.640589559668707	-2.9593684501127697	
13.407918815215291	-1.877068670418037	3.812122115584048	1.1160860778081263	-1.5905270234748365	-2.7814127107962245	
13.055763510152959	-1.6988565109498515	3.9319894581562616	0.8979899424096478	-1.5325532634044992	-2.604995124913522	
12.71518162243477	-1.5472296804006664	4.001881264487242	0.648766123419767	-1.4671301887079153	-2.4322297963134423	
12.390455962521852	-1.4294356525542238	4.021857202762713	0.3750785885476371	-1.394925736396203	-2.2650028424222346	
12.08397093759888	-1.3511403960835915	3.9946897656249636	0.08434752166025641	-1.3167999940536153	-2.1049138807103986	
11.79644700862507	-1.3161743139652582	3.925526257782847	-0.21564246156971265	-1.2337797208589076	-1.9532326690377262	
11.527245678046711	-1.3264095064687973	3.8213929261808155	-0.5171240577972666	-1.1470246652804328	-1.8108750661258126	
11.27473423063631	-1.3817760221861288	3.690593388471864	-0.8126887436339358	-1.057788318608426	-1.678402209875206	
11.036680815169627	-1.480406376494713	3.5420689584630756	-1.0955672606107212	-0.9673759870048443	-1.5560410149122272	
10.810647016442381	-1.618894315548834	3.3847692240029734	-1.3598421811225634	-0.8771016540125117	-1.4437217003513145	
10.594341162965437	-1.7926468250928391	3.2270734910740146	-1.6005899575617002	-0.7882451429418622	-1.3411268022779101	
10.385899845862534	-1.9962947258169381	3.0763003807690317	-1.8139534144966993	-0.702011819737895	-1.2477451969975004	
10.184079791601988	-2.2241174294929476	2.938336789891577	-1.9971483765414293	-0.6194975079446536	-1.1629252067479205	
9.988360324996759	-2.4704334631660725	2.817408912451838	-2.1484106684007123	-0.5416610252940259	-1.0859222652120795	
9.798971922845059	-2.7299127597103054	2.716005219096214	-2.266893338793725	-0.469305522118938	-1.015938377170408	
9.616871111263377	-2.997776805864179	2.634952571269932	-2.3525255295157863	-0.4030687110298236	-0.9521523133302812	
9.44368233133103	-3.2698721798573342	2.5736275431258555	-2.4058510985745727	-0.3434207390392355	-0.8937405452437707	
9.281626517955596	-3.542635653103417	2.530260044405597	-2.4278701831854197	-0.2906666869103963	-0.8398901657967565	
9.13344577784083	-3.8129872058989207	2.502286785318514	-2.41990082950284	-0.24495127832868638	-0.7898056348462685	
9.002326021235564	-4.078196686018319	2.4867096351932103	-2.383474136591474	-0.20626347340991527	-0.7427111641022036	
8.891810509394347	-4.335766673445577	2.480420934497298	-2.3202692882824305	-0.17443929687356113	-0.6978504168082029	
8.805690816126852	-4.58336018735243	2.480470477388322	-2.2320871387364836	-0.14916239114029192	-0.6544848736277121	
8.747860759005185	-4.818782448545611	2.484263056488812	-2.12085469307295	-0.12996304946356704	-0.6118917724092126	
8.722123397042136	-5.040007227846161	2.4896872471339684	-1.9886492995957037	-0.11621748277773275	-0.5693620337225991	
8.731953054071969	-5.245223586450807	2.495179369216453	-1.837729638913899	-0.10715034270490635	-0.5261980523407745	
8.78022506265219	-5.4328757626971145	2.4997326523939845	-1.6705634378134266	-0.10184228533348963	-0.4817109322910899	
8.868929065744906	-5.601675626142364	2.5028601218200577	-1.489845302378976	-0.09924431029219959	-0.4352164673131388	
8.998885195603844	-5.750577850098414	2.5045173907359444	-1.298500865092469	-0.0982002613464328	-0.38602920713381406	
9.169485093380288	-5.878719171692304	2.504991359879716	-1.0996756046039218	-0.09747830375963887	-0.3334542910127669	
9.37848322304475	-5.985331839026595	2.5047613954335044	-0.8967079013974726	-0.09581170188899406	-0.2767773531393048	
9.621868498850798	-6.06964661071144	2.5043414495143956	-0.6930864340854505	-0.09194861956520606	-0.21525367456390893	
9.893849619045309	-6.130802942408543	2.5041142788828092	-0.4923920736992997	-0.08471007057175364	-0.14809872052623185	
10.186996845293727	-6.167786306558351	2.504173430203178	-0.29822395500412296	-0.07305376492995545	-0.07448338064182526	
10.492572702744102	-6.179414498125365	2.5041933953730164	-0.11411035357561632	-0.05613917353601811	0.006462187692731565	
10.801057771174545	-6.16439130525636	2.503345223279935	0.05659556712314996	-0.03338858221929978	0.09563285781203185	
11.102856464747472	-6.121439793088222	2.5002729538248825	0.21083509749338827	-0.004537203797913212	0.19391864952924032	
11.389126525947786	-6.049514749627524	2.493140955098878	0.345976431926145	0.030335392038781484	0.30216018298576997	
11.652635298450175	-5.9480766536333824	2.4797532875006625	0.45995516718709817	0.07079971330804836	0.4210912210593797	
11.888516077292616	-5.81739119150117	2.4577346505137547	0.5514137279346377	0.11610151555540213	0.5512722665250772	
12.094791965304838	-5.65880356499083	2.4247508642335824	0.6198266623831475	0.16521849737282282	0.693020835041292	
12.272557280927835	-5.474929318576832	2.378739066975202	0.6655954208486662	0.21694452108303247	0.8463448234002895	
12.425748042847125	-5.2697011979380255	2.318112309856874	0.6900893098838234	0.26999201249895355	1.010887677907031	
12.560543292661004	-5.0482478429712305	2.2419129802592335	0.6956194472095736	0.3230979684356442	1.1858908671597825	
12.684494055075168	-4.8166115052991065	2.1499053748983847	0.6853370327042986	0.3751209507448135	1.3701779327093637	
12.80551006767794	-4.581341801144947	2.0426113542007363	0.6630560219652447	0.42511884597364263	1.5621629004490571	
12.930842723630152	-4.349024727447466	1.9213037772794075	0.6330113761023272	0.4724008420738972	1.759883574645435	
13.066185539925039	-4.125814119137793	1.7879759424725514	0.5995733409196566	0.5165511074241099	1.96105808368922	
13.214982731530014	-3.9170266059163548	1.6453006378029251	0.5669441949578399	0.5574251477556091	2.163161187960697	
13.37799907940195	-3.7268419906529346	1.4965820918194142	0.5388646535015377	0.5951225173085802	2.363515631375309	
13.553184194169727	-3.558131304917038	1.3456882833087616	0.5183575978308309	0.6299403219087145	2.559393486021706	
13.73583090717455	-3.4124062032602347	1.19693939142643	0.5075326559234852	0.6623137913876134	2.7481212798968038	
13.918984076401333	-3.2898614714388352	1.0549338821685361	0.5074652579445098	0.6927513313738701	2.9271813671575773	
14.094082252147961	-3.1894763074989556	0.924263142813423	0.5181507520457941	0.7217667648100511	3.094313052668899	
14.25168996238338	-3.109178596116543	0.8091962560350132	0.5385634082546937	0.7498232001287205	3.2475830222719217	
14.382449642552105	-3.045996548813115	0.7131273345788857	0.5667493895208949	0.7772697053636526	3.3854901578756116	
14.477672795705052	-2.9963442334010275	0.6383735355424761	0.6001040617208816	0.8043293312209339	3.506940027067535	
