2.2032464278542303	2.0798414067575925	12.811975423070425	0.044534781895759545	-0.35370290820588046	-0.1633722623874303	0.2832291014666996	0.4607795413591841	-0.9032961967486681	
2.18936921439428	2.311380055979694	12.815759660542872	0.030818344158095545	-0.3788972288583472	-0.26169796589836253	0.28689150610210035	0.4605006825781162	-0.902161752869548	
2.176214612588639	2.482520877971051	12.685467566081941	0.016374092004709285	-0.3979934381079433	-0.34703979474719465	0.29088897661981294	0.4600125063017606	-0.9014268147800304	
2.1729190632046285	2.5783347769897915	12.450333877365138	0.002619803024668676	-0.40359081501551347	-0.4136986238303202	0.2951646177524111	0.4589166619294298	-0.9006825142047874	
2.174752921270424	2.5919005228772254	12.105249340390147	-0.009178291234333207	-0.3905429038529701	-0.45735703852092036	0.29957149669771244	0.4574920930731733	-0.8998519552064275	
2.171308450924203	2.5029452864449597	11.64771356327345	-0.018935447170027084	-0.36143140316552774	-0.476487792161313	0.3037737297852806	0.4561385770390343	-0.8990620827426594	
2.1471425758808116	2.289716559406553	11.134212451257406	-0.027580103900456766	-0.32309985575687217	-0.4693674795328303	0.30741952237506215	0.45479765892910706	-0.8982998617383056	
2.061927960746088	1.9981220665346302	10.652748247539684	-0.034647077227350165	-0.27347721736625064	-0.43082917657326036	0.31057226525550946	0.45366745059817276	-0.8975098609439632	
1.901620592645766	1.6962991971919565	10.238758742688928	-0.0383258752612406	-0.21412335228702206	-0.3679174561628099	0.31349333190490475	0.4528293877494471	-0.8969935864468628	
1.691433054882368	1.423971991482151	9.910042168210323	-0.03698004735086545	-0.15546456598780478	-0.2902512749202085	0.31575146249166836	0.4522384994394711	-0.8963870623697129	
1.4819620727196807	1.2088680805640637	9.65958277474877	-0.03086722963214575	-0.10741873093625118	-0.2055377262711872	0.31696966497534257	0.4516699079414377	-0.8957371386264399	
1.3099434313135483	1.0719346155599585	9.477462929203881	-0.021927568204117828	-0.0727704287294443	-0.11534254842852629	0.31757115305698014	0.45120671251962474	-0.895435735870996	
1.183904353151518	1.0217902606407452	9.361241619499166	-0.013560558205263471	-0.048258743546928495	-0.01361782333758602	0.31803609126586396	0.4512280258373126	-0.8953048632838446	
1.1232905758697485	1.0764218935831213	9.254253068341365	-0.011873826514691961	-0.026732306475916356	0.10476230347395796	0.3175413745593263	0.4512055178673649	-0.8953676063547299	
1.111284903919407	1.221435287218475	9.151451011497574	-0.02031243633110848	-8.950816286379176e-05	0.24156498387699268	0.3163120562406652	0.4513603753394288	-0.8955794184172151	
1.1298401627318653	1.4382954192557964	9.075203965612374	-0.041071899303529356	0.035920675605217556	0.3866544222175144	0.3142667590879713	0.4517557593082051	-0.8960989236947584	
1.165550945116349	1.7068638069750348	9.018933074784083	-0.07337334843740975	0.07953960723635804	0.5231188700747275	0.3111089447061433	0.45239281192239233	-0.8970612812883418	
1.2082507178437376	1.995033792699007	8.958169783266749	-0.11305761868198594	0.12204068660264578	0.6342281853013756	0.30708110792659554	0.45329564222255486	-0.898205409387028	
1.2575729170679748	2.263776024676921	8.899335160856715	-0.15527886323350037	0.1511142330341827	0.7063881287534142	0.3029238220739446	0.4542125124593372	-0.8990825108659365	
1.3118133652218666	2.4842888593255705	8.854571498243095	-0.1952719726067238	0.16204616092221996	0.7346980918430328	0.2991830635148324	0.4551175908048112	-0.8999223044372219	
1.3766733043578654	2.637715503996033	8.822615737603112	-0.22826275516491162	0.1551010616937385	0.718883981563852	0.29554544726931226	0.455512891846729	-0.9011748465219195	
1.4388197544719277	2.720077332218217	8.801104255184498	-0.25124405590867094	0.1347584798672644	0.6636749935553059	0.29239502311583965	0.45558791258107517	-0.9024453839257746	
1.4740705699364058	2.735567266793478	8.782913074420156	-0.2630726872931011	0.10743498942825754	0.576334065750086	0.2899288003604661	0.45546030347036615	-0.9034608619088839	
1.4661098527508327	2.6865485769491158	8.762386861755772	-0.26446659018075114	0.07859447939109583	0.4649872947398904	0.2877885189544973	0.45488240980158673	-0.9045383087473361	
1.410100759796732	2.575874657260535	8.743910589613188	-0.25822150828627727	0.051916277337238616	0.34013414508274886	0.2863795790103623	0.4542312129147083	-0.905532101547557	
1.323912038211572	2.419311251965758	8.698209048325573	-0.24686551846630217	0.03009161688304423	0.2127117463128503	0.28542810698233834	0.45305627712028507	-0.9064637233369918	
1.2288333966531406	2.2176954760665133	8.644009962638426	-0.23521284330604247	0.010368651136341644	0.08894531024355924	0.2850041248849231	0.4516243616758011	-0.9072745533807728	
1.1323940204424552	1.9726687628692339	8.60154853328624	-0.2263477814787652	-0.006610177116994855	-0.022065438294151075	0.28506618622816465	0.44998651043004784	-0.9080432104852342	
1.0364662203255408	1.7037896295702915	8.566246002722497	-0.22035801697495117	-0.01673825955294034	-0.11226447549717333	0.28546988640328685	0.44793242382955295	-0.9087879842527168	
0.9494650383647621	1.4329635743434221	8.528453966203365	-0.2165335181335514	-0.01834925222835496	-0.1804519095455473	0.28612824544868154	0.4455531323270914	-0.909473399554992	
0.8797925710370126	1.1594792857451606	8.483686739865878	-0.21455610378750226	-0.012599078285276462	-0.22647938775589152	0.2866678124312687	0.4430943917447415	-0.9105111787725741	
0.8282926853009953	0.9033760663845811	8.421534260892432	-0.21314302822417686	-0.001770345758671196	-0.25153332643394866	0.28708855575701125	0.44130290224807045	-0.9119025607626261	
0.7910023115697857	0.6802600872101203	8.351202581844607	-0.21052848360563112	0.012837599371055296	-0.25927897824173807	0.2871840261815449	0.43912879439376246	-0.9129395529599723	
0.7679524490123442	0.48987412004290165	8.293229896852468	-0.20639307876507232	0.028516871653660132	-0.254240426469413	0.28735929828090023	0.43653437016758695	-0.913400807079407	
0.7616516919420666	0.3300128905242951	8.2627331211723	-0.2017753985758729	0.04268396975183517	-0.2394374098742776	0.2879471001897771	0.43437189414648	-0.9139273444584806	
0.7707987975327278	0.2076287793033395	8.265321784688503	-0.19759264977492036	0.05540696538329287	-0.21658260238537086	0.28833202596607777	0.43223025568212065	-0.9150686387297922	
0.7932483791090849	0.12664860252196636	8.303365989143307	-0.19437591051559772	0.06648510854220946	-0.1889292328099781	0.2884793001170239	0.4299219072763294	-0.9163908789444598	
0.8285400536263141	0.09045863008973498	8.376201379981957	-0.19233302010496783	0.07648959459193613	-0.15922151692741152	0.28887834008019747	0.42797251786249285	-0.9172852915080396	
0.872392262171182	0.0995069101305625	8.48077873070393	-0.19128073586451114	0.08605151327197923	-0.13031911739686966	0.28897720670099547	0.42597305464213503	-0.9180181798619282	
0.9211216792632908	0.14941879973212788	8.609030194640567	-0.19085144564300507	0.09582576238829282	-0.10542940716172618	0.2883248330246907	0.4239840299074853	-0.9190415604075374	
0.9745439951244793	0.23274628220937174	8.750324002899303	-0.19052123482314237	0.10631694071544776	-0.08757864010500187	0.28732808742447613	0.4223807258565709	-0.9200076625900482	
1.0320656205334284	0.34103246334065573	8.896105579975718	-0.1895423930581617	0.11732618846976128	-0.07896941938021426	0.2864454371109416	0.4205785937135733	-0.920332659538719	
1.090260514913318	0.4628072440940287	9.03743772572204	-0.18733886563338803	0.12804116973498436	-0.08072075708153083	0.2857844490521414	0.41907063714402054	-0.9209702100126298	
1.1474954711638368	0.5863112013657975	9.17161522535331	-0.18376045412114242	0.13763811628089492	-0.09283544033404041	0.28503978691942816	0.41770227197372833	-0.9218853488759928	
1.200514363489507	0.7003891180615126	9.301197529315631	-0.1779773288596034	0.145988192925576	-0.11429571797238659	0.2842199058788357	0.41614540821829143	-0.9229271705777629	
1.242710021776747	0.7929075313838142	9.42450069282675	-0.16921590882224136	0.15391569129124258	-0.14382312177830567	0.2833496305364952	0.4146122866134782	-0.9240491387026453	
1.2696254892183203	0.8584499506394062	9.535079530947483	-0.15742911169931026	0.161889135244488	-0.17997380133731156	0.2824948852853553	0.4134561400577643	-0.9250219998999646	
1.2815354459967978	0.9011383178885194	9.632379792270187	-0.14256383529552824	0.16859390487127968	-0.2213998166024437	0.2821773554719372	0.41234558445807845	-0.9257011382818043	
1.2703627418006134	0.9077255452727424	9.72223321586105	-0.12424303316764188	0.17293502266480407	-0.2690005554649094	0.2821902940336222	0.41097297389204546	-0.9263698429759805	
1.2407310142277084	0.8868931747899561	9.808621004080074	-0.10278059758134446	0.17517307023242545	-0.32035242272768166	0.28217402477003417	0.40968536692710456	-0.9269348488942367	
1.1934468231154158	0.8406055610012977	9.893368566240348	-0.07878544899605883	0.17439713103194124	-0.3744550359965937	0.2822460177246608	0.4084792497574449	-0.927375080301573	
1.134214290387453	0.7593970043906653	9.98478322012943	-0.0526677307134729	0.1695309369287902	-0.42987825418437003	0.282380898694457	0.40718235457386276	-0.9279069079641232	
1.0819868514837616	0.6372420098197569	10.101161257430102	-0.025137576286949757	0.16036637166283133	-0.48385497168601954	0.28236839230983934	0.4059947941619148	-0.9285359899172347	
1.0468963467274721	0.47309376776795636	10.26123488541307	0.0025675483440316203	0.14654076629673918	-0.5356960924411847	0.2827436146240701	0.4050563264831392	-0.9288810567885868	
1.024019436421312	0.2776966881258096	10.474937656466613	0.031521624821004846	0.13185167618415625	-0.5755139804346475	0.283318650672443	0.4041713235892792	-0.9291839382624152	
1.0105041868136637	0.07568988801631135	10.742441083149478	0.062168437067579664	0.12287849419567264	-0.5949954716985267	0.28389301853316345	0.40300836149582214	-0.9294787421418589	
1.0100295558997723	-0.11497679512894288	11.03188002825345	0.0947199204488796	0.12716321941324127	-0.5866412022661234	0.28447835029643564	0.4022735448565286	-0.9299282930867944	
1.0318928219182033	-0.27520522688724297	11.29812978670987	0.1275541741459972	0.1450242400480179	-0.5488068219459343	0.28482394894602886	0.40224870632976384	-0.9302915225110191	
1.080289787813955	-0.36923264463978034	11.522663718453266	0.1574220094989831	0.16902207856360363	-0.48812589461978434	0.28442719655734167	0.402199510892313	-0.9298300668707263	
1.1416945412998734	-0.3647439504529998	11.710469874257335	0.1843701612628127	0.19667532627361795	-0.4090555259109257	0.2834294441811135	0.40315158010123864	-0.9288767385175164	
1.219032068142644	-0.2546603548891084	11.845631172973587	0.20731215134602965	0.218114005962096	-0.3217986773943372	0.28207747599746935	0.4046243874238077	-0.9276427066445327	
1.3153543930959357	-0.03184102182275054	11.950261290338997	0.22412217404842233	0.2232503823892026	-0.23431353547585684	0.28060851099166323	0.40590013896024524	-0.9269015984989564	
1.4413172654235655	0.29633819454854426	12.050005745482416	0.23349926161051393	0.208473288308153	-0.153640732976651	0.2793462428842075	0.4072464759777372	-0.9265399198701917	
1.607993881048174	0.6997814897587677	12.139180937036514	0.23498250210791338	0.17442948486501783	-0.08628545540112866	0.27843545363960653	0.40903885699335674	-0.926054687644522	
1.800322965682398	1.13582993632207	12.191016697481144	0.2283726409250571	0.12359813892954555	-0.03341014830021183	0.2776988047868338	0.4108525710011887	-0.9259214810675749	
1.9776875251853734	1.5576192952427745	12.164006248031637	0.21518776342549878	0.06698445107421665	0.010501807645253915	0.2773011387113668	0.4128287147607171	-0.9258066573181745	
2.122986317803925	1.9620158527911349	11.994867418181391	0.19707020037528228	0.017141794531040585	0.049062865821993124	0.277610696169586	0.41440484015013096	-0.9253432301849622	
2.227651625522342	2.344910807981861	11.66338256176886	0.17514758090701435	-0.023040250122401032	0.07530511698437578	0.27814023802355675	0.415500772313194	-0.9246338763857891	
2.2836322819062636	2.697235968471336	11.203020792802617	0.15120446352980374	-0.05892514813426938	0.07891430039560819	0.27846999244194237	0.4164349343344204	-0.9240429747616055	
2.3013496989059776	2.999105786979515	10.67513937764611	0.12768844467621376	-0.09697180180300738	0.054800658999570664	0.27911807883471035	0.4172219804739927	-0.9235818712072891	
2.3076884080901707	3.21424441701785	10.150784404607059	0.1063109675008204	-0.1382700159257985	0.005873342085461426	0.28062338628731914	0.4176596247870052	-0.9229239216001276	
2.2896545658009	3.353844952227936	9.70483199882992	0.0882120808006848	-0.1738841105510468	-0.054626123047964284	0.28216095680690556	0.41800366054394317	-0.9225295357273386	
2.277776912476787	3.445057424259309	9.384817812985519	0.07358343989211302	-0.19552897831619537	-0.12076185496948723	0.28385348117995807	0.4179316766864234	-0.9217962158947801	
2.28956887677982	3.4822922799151126	9.209118166653072	0.06003883052336382	-0.20109164733340612	-0.19247072872147103	0.28624721758708765	0.417450839186727	-0.921116683216683	
2.3133697368568087	3.457372472715156	9.166680811620871	0.04395641111335076	-0.19400684426094933	-0.26921080614882703	0.28894990744637344	0.4168173360345367	-0.9207470299698506	
2.333859355715286	3.3803022384867836	9.218730589188215	0.023630038779557442	-0.17974301196662976	-0.3497543124668989	0.29110674631723815	0.4159227900190983	-0.9202407660090799	
2.341174270546121	3.2500866830972637	9.312537698429136	0.0008680465740233375	-0.1624230762898565	-0.4356394187278726	0.29306776696923575	0.4144623478112601	-0.9202062406963405	
2.329687073359887	3.0851978222212333	9.40700137320586	-0.020842082392372063	-0.14346624954987408	-0.5261205654261274	0.29509579560532156	0.41258720253883313	-0.9197771171714211	
2.304134798461242	2.8865464476473535	9.498612897205833	-0.03732242540307544	-0.12393838051196586	-0.6208483711202593	0.2972581638373677	0.41060413575190924	-0.9193367163139402	
2.2787740858260648	2.648398455594284	9.589729451140872	-0.04512320160396815	-0.1039392422632967	-0.7167281031502121	0.29979312066592295	0.40810134798130937	-0.9192643749738857	
2.267166966459792	2.3663877380463396	9.68047828932454	-0.04285544589361929	-0.08391081010886864	-0.8073847698926659	0.3028625377899932	0.40487115639167764	-0.9190261828732343	
2.2698191517489934	2.0397141439317807	9.77149444891609	-0.031226725747738292	-0.06486480812162203	-0.8852783873895129	0.30628598321945594	0.40164680955704146	-0.9182356583506747	
2.2718116467639953	1.683980789585658	9.847088515885302	-0.011914480228702928	-0.04538154296861036	-0.9430866411740949	0.30987807319684446	0.3987069600559846	-0.9176546658449256	
2.259306310238868	1.3258145653194773	9.892474078135164	0.012206048265249386	-0.024578000740883635	-0.9771261998304439	0.31334556307939104	0.39572143548229904	-0.9173380425590926	
2.2266265280890907	0.9912817516522856	9.883076284541913	0.03891888435373883	-0.003470300782561637	-0.987674393597849	0.3165531060395005	0.39316157847505934	-0.9168864833896376	
2.17314414294187	0.6944276364965684	9.801962461749874	0.0667680018259453	0.01509401728454091	-0.9758016267367534	0.3193236408186889	0.3909987668447301	-0.9163990797754261	
2.1069174316884993	0.4368574027136035	9.65565212565109	0.09440585655918515	0.028639520645813328	-0.9436700311927839	0.3216999647719682	0.3891584935171444	-0.9162220404836081	
2.043873494027335	0.2160939415301536	9.470951737905867	0.12023165683551944	0.03749234416389406	-0.8951314626202271	0.3239885640402717	0.38829659522954507	-0.9161038914032323	
1.9901668769640548	0.031069667463911082	9.280275285924612	0.14257501623521726	0.04449500889700241	-0.8318630898724814	0.32589339676578477	0.38769009082608497	-0.915593722604004	
1.951706027520943	-0.12002504548683275	9.103919203914089	0.1604176081016856	0.052847860619721555	-0.7580404501998433	0.3276383138790713	0.38735394556285	-0.9152125362281679	
1.9336221632068193	-0.23679468847206783	8.93158393097152	0.1726751232394136	0.06430766392249693	-0.679652881510823	0.32925393965039285	0.3872476681814203	-0.915093187842679	
1.9287539211060951	-0.3309908493706773	8.76606713167607	0.1788299338345759	0.07729844584643789	-0.6013970150940907	0.33060004484736294	0.387180392892186	-0.9151489797433695	
1.92657160393127	-0.41326019025767396	8.627876385370048	0.17903239254054565	0.09029038434736618	-0.5249713344509533	0.33157412399205277	0.38711173008109756	-0.9151726417156206	
1.9323682957964998	-0.470582698606525	8.513788380906355	0.1735818609131342	0.1053319442790644	-0.45111221686441055	0.332119514375876	0.3870760185220953	-0.9147687833899526	
1.9536814298063032	-0.5002809430865709	8.411718532687098	0.16371923619173634	0.12153394999665493	-0.3835700095420139	0.3323654965635047	0.38699197153805504	-0.9146246961949092	
1.9836197221238872	-0.5210864268858767	8.330819057756196	0.15103464372871753	0.1359002094023587	-0.3241400001158314	0.3318137995515668	0.3869323363882616	-0.9147796997658703	
2.018351726826796	-0.5341924831047863	8.27204319158529	0.13651747359425545	0.1462610428009	-0.27230203019989074	0.331280854422473	0.3872070513802435	-0.9147239318199666	
2.058175865066885	-0.5424456186817213	8.235845038623886	0.12112670227193086	0.15226446174471	-0.2275785973839842	0.33107725479204125	0.3878280917883485	-0.9144856204034465	
2.103434845590771	-0.5622647177662204	8.227145267312295	0.1060042236496524	0.15528245920212594	-0.18914371925175757	0.33045470790801323	0.3883057102609838	-0.9144932969438125	
2.157402834216372	-0.59446512870064	8.238108757623788	0.09176015951712019	0.1576385710870565	-0.15399129726262714	0.32975922673605346	0.38840569270629716	-0.914522155196633	
2.21914582508186	-0.6364895660636593	8.26877830064779	0.07914823238935305	0.16001254099725737	-0.12109840416195491	0.32838673037488686	0.38888785167823314	-0.9146567697153942	
2.280385881506285	-0.6954233818382696	8.310425823357864	0.06899936391557049	0.1620604736678302	-0.08895888349764224	0.32688260288118814	0.3895664678654593	-0.9150281556600264	
2.327684900127907	-0.7742611932171712	8.371833014498302	0.06131205360124331	0.16140463636074553	-0.05637522396109348	0.32550783633270747	0.3902033192955621	-0.9156244006403992	
2.356474007377394	-0.8578218262623852	8.45185114086384	0.05648206213078327	0.15721556497872424	-0.020890752045105085	0.32409364696177845	0.390754365550967	-0.9161009642124077	
2.3752961823912164	-0.9276383525301496	8.527994289560699	0.05572078652474914	0.150657711969499	0.018754674738039122	0.3226934941898659	0.3911381980362492	-0.9162166220958652	
2.3899714284887352	-0.9920433738590563	8.609875093780312	0.059078605861434035	0.13938144871620417	0.0576486950865836	0.32122750392114274	0.3916247829807516	-0.9164196734765757	
2.402525593781782	-1.060102194015321	8.714472580792238	0.06648199163044206	0.1226422588349164	0.09754017694894905	0.31998636364795424	0.3924190127130367	-0.916313082663403	
2.425526227438549	-1.1306893322338007	8.830870606107547	0.07707671153150747	0.10214560614073283	0.13692933016809714	0.3189195838377499	0.3935736210986972	-0.916101353748336	
2.4577533735433823	-1.201459712628212	8.947463455596049	0.0902574719600473	0.07978938184692598	0.17489612364198887	0.3175165081082405	0.3948612771580237	-0.9157430767521302	
2.486752270783706	-1.2701147396349524	9.06275556813693	0.1061236105386237	0.056947326441380015	0.2126408866219594	0.3157285327541193	0.3962925095906277	-0.9151315291648664	
2.509776370726257	-1.326023668779428	9.173913698567942	0.12472877620526956	0.03428842247912093	0.25015288868554353	0.3143043574010525	0.39828537731620123	-0.9146089014266188	
2.529151594495825	-1.3501667584327226	9.280909617069991	0.14555308116536242	0.010757513662503129	0.2864977072296958	0.3134052092757625	0.4006966968757712	-0.9138534672418989	
2.5491798514013935	-1.334655483508022	9.386514825858049	0.16848690733105537	-0.012540590746585149	0.31985004545613727	0.31249730152319755	0.40329575613554347	-0.9129808539755979	
2.5694117947295227	-1.2814147065880153	9.49119095037221	0.19264915348719408	-0.03489296687887486	0.34980331497143713	0.3117533441964315	0.40615438496860234	-0.9124486996496978	
2.579048342239424	-1.1905430107099566	9.606030587700504	0.21638008385695398	-0.056955188958348876	0.3751278823432167	0.31087777244487536	0.4093569118654458	-0.9121654214691561	
2.5713931631041125	-1.0558077155137269	9.749569475172256	0.23754236774779094	-0.07877522309123323	0.39406736469447456	0.30959544613004913	0.4125844092526182	-0.9117245931109853	
2.5591665787578037	-0.8703162233159853	9.933620741140826	0.2539531087606282	-0.09808945010462715	0.40642199291760256	0.30870649656948196	0.41546166721876865	-0.9110803832467725	
2.555759825042821	-0.6354040466911409	10.16410586512212	0.2647290371907846	-0.11210865217954519	0.41034452872597493	0.30773254106504344	0.4184399718876025	-0.9098428847298594	
2.5624413976885525	-0.373922489181647	10.405107631422315	0.270597221830478	-0.11881149291473406	0.40099918854689115	0.3070903707709622	0.42090238005126057	-0.9080282346297915	
2.5686129605192707	-0.12293581640330464	10.623824781915227	0.27129994831268217	-0.12287101663506705	0.375813759111561	0.30675952458006	0.42336469538455784	-0.9059944340130293	
2.567251946715952	0.09067019754590074	10.819394876369996	0.26793134428055243	-0.1273634695030824	0.3338854384878483	0.3063261060507443	0.4262820069297334	-0.9039502935747282	
2.560392397997147	0.2571679446955429	11.003122586640101	0.2640989912487986	-0.1300546560712357	0.27577211841729105	0.30580072264702085	0.4290967202594673	-0.9019433433063665	
2.5410129720644887	0.3696651676367656	11.174360102299202	0.26289305419093106	-0.13205303559208167	0.20567334278907473	0.30560028376907666	0.43161460730076	-0.9001991264596851	
2.4746541019685906	0.42797776611804517	11.354295724956264	0.2652746358176737	-0.13908145881143513	0.12809315162855012	0.30589503093998	0.43391784728243765	-0.8987602041566817	
2.344633594862976	0.4629898210950384	11.557983055999333	0.2701413328440455	-0.1498488245809052	0.04685740773730245	0.3066848580593241	0.43610730335737374	-0.897397099591387	
2.1732066695936734	0.5089097713899315	11.786700224302264	0.27424751375740003	-0.1642475941627263	-0.03191328566235781	0.3079989742197234	0.4378120215559618	-0.8961596134334502	
2.0108956194154235	0.5957675578017823	12.03165422857445	0.2744897092170342	-0.18135689136777705	-0.10097423230597685	0.3097137176546996	0.43904393252166435	-0.8950562345591362	
1.9172951329341539	0.756517000074857	12.279624663209422	0.2692941801116974	-0.19513045939355786	-0.15400732915806026	0.31144585560103655	0.44071690497938354	-0.8937023139038298	
