21.300406559200557	5.808965459037548	1.500142477153121	0.527203935926494	-3.830917041690245	1.3755642464137692	
21.058138210273327	5.706938539259071	2.210512821681537	0.3574871745319774	-3.2703185557967602	1.1941118465962162	
20.60734449028216	5.3361399727858005	2.754429948498152	0.2181361631265125	-2.6962027448651	0.9874851053255652	
19.982077651068398	4.707991303960893	3.0929429900495125	0.11585082319111821	-2.1232088776021403	0.7622157366020036	
19.221258594994794	3.8512041284143743	3.2001086413117648	0.054841857777681406	-1.5654043445821506	0.5254019998053426	
18.367176599627015	2.812663188844943	3.067590501795225	0.03623985799847186	-1.0355435190336069	0.28427757336396703	
17.462903664242656	1.6540462863666257	2.7061443679711736	0.05812948930578903	-0.5443878278998606	0.045618022390251915	
16.550361028742334	0.4486180626166468	2.145790170106297	0.11571079909975342	-0.10017908199088725	-0.1846765283205637	
15.668086272372161	-0.7238342219467788	1.4333041534703974	0.2017947067039044	0.29168983527817177	-0.40188271294007344	
14.8489294175139	-1.7830139515567107	0.6274528898728153	0.3074891340013199	0.6287431475984941	-0.6025542780855556	
14.117692261635499	-2.654970981293665	-0.20769816643646302	0.42302896760287406	0.9111967684682833	-0.7844243533441313	
13.489140541609737	-3.2790742807048043	-1.010390344605373	0.5386507249479547	1.141456856505554	-0.9461313448294191	
12.967001029782146	-3.6142121413333435	-1.7283160073194654	0.6454138301425955	1.3234354348578483	-1.0868421671847894	
12.544552234292405	-3.643151285009654	-2.323783326073656	0.7358636212705801	1.4618405520300548	-1.2058826512941205	
12.206958941824485	-3.374199486328808	-2.7758470459241664	0.8044523875922394	1.5616097984866175	-1.3024893390442827	
11.934830174204807	-2.8399092263490555	-3.079383524021534	0.847690007461883	1.6275754725900744	-1.3757462062429895	
11.708079382503161	-2.093089493474023	-3.2419725376815074	0.8640453220747351	1.664337267433138	-1.424699660071519	
11.509153505304456	-1.2008368247059997	-3.2798553943487643	0.8536582857062355	1.6762484669921647	-1.4485944910717308	
11.32502787682952	-0.23752064468990228	-3.214082811273214	0.8179464741197416	1.6674169897397215	-1.4471565093143275	
11.147814406324512	0.7223328432215919	-3.0674952271193967	0.7591984362770302	1.6416658240510331	-1.4208567937962604	
10.974207543539338	1.6104686820534881	-2.8627047468579563	0.6802378091360641	1.6024504255370586	-1.3711106700315367	
10.804205280742023	2.370095404908413	-2.620950642243973	0.5842123480083459	1.5527646780907383	-1.3003800157931937	
10.639590285695864	2.9595389960610206	-2.3615871912152544	0.4745155663631091	1.4950745078839252	-1.212158811329907	
10.482578915776337	3.354244549616778	-2.1019535166556915	0.3548017894950498	1.431307574699825	-1.1108331230029695	
10.33489561853919	3.5471009157585924	-1.8574094091792315	0.22902603612593023	1.3629106513666271	-1.0014213309631952	
10.19734865471724	3.547263774230089	-1.6413689254045583	0.10144057568922767	1.2909651594230527	-0.8892238165671629	
10.069831856298489	3.377765259007812	-1.4652362592434676	-0.023498028361297663	1.2163381875337826	-0.7794242057154421	
9.951599826022765	3.072260791125263	-1.3382118228733464	-0.14132824321928525	1.1398403847960372	-0.6766910370834278	
9.841641970669537	2.67128343307391	-1.2669880158870468	-0.2478763845054836	1.0623621137738775	-0.5848282106337863	
9.739007130662321	2.2183454126308257	-1.255399683558568	-0.33960410650007405	0.9849643149881226	-0.5065144649053459	
9.642994342792575	1.7561778072799945	-1.3041253681318006	-0.4139534231688266	0.9089097381600351	-0.4431587314507268	
9.553203939424709	1.3233514905560955	-1.4105404996193975	-0.46962519674100756	0.8356326361868783	-0.39488253620853114	
9.469504449485896	0.9514820315199913	-1.568799921245045	-0.5067336034389232	0.7666581006311431	-0.3606257011775846	
9.391988522957028	0.6631817502660109	-1.770183353208221	-0.526798607119442	0.7034918468149322	-0.338358989802752	
9.320964156183988	0.4708941204331232	-2.0036911453863198	-0.5325645463166755	0.6475045942245385	-0.3253784177936169	
9.256980182986446	0.37670495744850474	-2.256829616004675	-0.5276650240407608	0.5998325202689985	-0.3186464588322888	
9.200848628484472	0.37311588102517307	-2.5164926667000116	-0.5161850825433991	0.5613060113195909	-0.315140035887662	
9.153617496299828	0.4446993242493107	-2.7698530180620495	-0.5021840375916008	0.5324094830842733	-0.3121685321308626	
9.116467466743986	0.5704511084865994	-3.005192571063244	-0.48924728906023074	0.5132683927392834	-0.30762900132039706	
9.090541441641639	0.7265617710570035	-3.2126244163345303	-0.48012797367094107	0.5036574961117354	-0.30017335135628337	
9.076743959208375	0.8892676634093716	-3.384673779654327	-0.4765225132553415	0.5030267344851336	-0.28927247075376766	
9.075552935861326	1.037434099903452	-3.5166862848847567	-0.47900220301882557	0.5105447406296918	-0.2751751104867998	
9.086874395644163	1.1545693464103304	-3.6070271098870075	-0.4870997390754921	0.5251611107485809	-0.25877417262417646	
9.109959455995536	1.2300614700306731	-3.657038662631188	-0.49952758910700723	0.5456859743855647	-0.2414071152446375	
9.143400383528933	1.2595536039500042	-3.670746301553126	-0.514486833344814	0.570881147998418	-0.22462608112397803	
9.185221667022931	1.2444895445609228	-3.654331870685802	-0.5300128048190637	0.5995538752650488	-0.20997507419168415	
9.233065965644215	1.1910030147776534	-3.6154415837065854	-0.544298289134362	0.6306430379700326	-0.19880664675312584	
9.284452679563774	1.1084038730036159	-3.562416657741434	-0.5559457505526568	0.6632898407597382	-0.1921577886177122	
9.337067150138886	1.0075365888172474	-3.5035358445409175	-0.564116612659052	0.6968874795690528	-0.19069222767090158	
9.389027914631443	0.8992745185138792	-3.4463421915581516	-0.5685659232944561	0.7311070184995919	-0.19470469942636767	
9.439084290824876	0.7933573225199626	-3.397093894918878	-0.5695724630562443	0.7658991100007192	-0.20417311361824858	
9.486715006509401	0.697689355275042	-3.3603479502088733	-0.5677934348707042	0.8014729993993129	-0.21883845033748844	
9.532123767755351	0.6181094123950426	-3.338669146127453	-0.5640853328517331	0.8382555263286161	-0.2382905634823983	
9.576150943051891	0.5585399270291728	-3.3324591266172674	-0.5593350726640975	0.8768337556716331	-0.2620410776747253	
9.62013527885233	0.52135172115113	-3.339912612820945	-0.5543369222259447	0.9178856309874733	-0.2895714303023454	
9.665762505450923	0.507757151877271	-3.3571210117884043	-0.5497340824784973	0.9621037422016604	-0.32035292818747796	
9.714930509612495	0.5180729762993632	-3.37834909487034	-0.5460242834961428	1.0101185669291741	-0.35384414189596	
9.769648049877562	0.5517669342735939	-3.3964942096290844	-0.5436111658854382	1.0624280120186826	-0.3894768145350076	
9.831971295044262	0.6072999385269715	-3.4037274775611266	-0.5428756013729659	1.1193396654944205	-0.42664297116369077	
9.90397723879747	0.6818571419466514	-3.3922953073019593	-0.5442420663936367	1.1809317977383225	-0.46469363816332226	
9.987770221114598	0.7711092540797002	-3.355434582105031	-0.5482226320838008	1.2470379452282867	-0.5029545691568865	
10.08551432168012	0.8691476114945048	-3.2883289606020174	-0.5554319837346046	1.3172577023907184	-0.5407581704909301	
10.199480958062198	0.9686948185824277	-3.189010820377962	-0.5665775566025287	1.3909932419895308	-0.5774853129817326	
10.332099514981298	1.0616225452407837	-3.0590996722254187	-0.5824364009497915	1.4675076041663755	-0.6126073423241517	
10.485997750597237	1.1397306285437008	-2.9042690184143662	-0.6038330447284705	1.5459977064532167	-0.6457179304377368	
10.664013069761118	1.1956767803092954	-2.7343518481618077	-0.6316302937897911	1.625673100070897	-0.6765462852987782	
10.869143252303886	1.2238975515532187	-2.5630145618986924	-0.6667384929406658	1.705830626962671	-0.7049466860663305	
11.104397679069582	1.2213398819839942	-2.406974021079113	-0.7101393362073324	1.7859151837949074	-0.7308646279344765	
11.372519764362245	1.1878526360532975	-2.2847802777703943	-0.762910278164176	1.8655587469475805	-0.7542849826641068	
11.675578292890584	1.1261480004904583	-2.215227391490772	-0.8262282332977864	1.944591979862729	-0.7751709088042105	
12.01445959422114	1.0413329261156878	-2.215508915181872	-0.9013296496762173	2.023025835684669	-0.7934042134105476	
12.388318995422438	0.9401018965718104	-2.2992819285169386	-0.9894091961005329	2.1010041316123083	-0.8087377320612485	
12.79406152358989	0.8297458762230013	-2.474835104503724	-1.0914496102444928	2.1787313745031147	-0.8207682605522992	
13.225919847288587	0.7171584643157293	-2.7435644568839224	-1.2079882256648309	2.256382765969581	-0.8289354845400488	
13.675187054342949	0.6080157441125269	-3.0989432982014007	-1.338839565069835	2.3340052325201315	-0.8325493249800427	
14.130145951037626	0.5062774222513666	-3.52613321069885	-1.4828068109593668	2.411419427147515	-0.8308456880162421	
14.576217894167797	0.4141009676965031	-4.0023300714253205	-1.6374264062318917	2.4881327604987327	-0.8230684285006836	
14.996341029387654	0.33217721067506173	-4.497888013871366	-1.7988012745106254	2.563273647950674	-0.8085716781664994	
15.371565451713707	0.26038714234420174	-4.978158165271383	-1.9615722641882154	2.635553609432918	-0.7869320527845444	
15.681858038062906	0.1986070367739938	-5.40593553832906	-2.1190668668375796	2.703260431261346	-0.7580560638590813	
15.907106008099143	0.14745333781314257	-5.744362845159424	-2.2636442371621657	2.7642821612540347	-0.7222640593393248	
16.02828217032533	0.10876812118880284	-5.960090520937671	-2.387226239147336	2.8161587289774905	-0.6803308474598985	
16.02868590645482	0.08569978317947324	-6.026433636413073	-2.481971013885561	2.8561565418109	-0.6334665560871812	
15.895119981114762	0.08231932444472717	-5.9262013971319165	-2.541013529862202	2.8813613059487038	-0.5832297672516599	
15.618837082515864	0.10281734703337515	-5.65382950713397	-2.559172941675231	2.888784425058444	-0.5313775506979161	
15.196119882159898	0.1504389600844993	-5.216458480314539	-2.533516646757659	2.875477166412068	-0.4796711621739645	
14.62844783847297	0.22641042796387992	-4.633709075642809	-2.4636844602545507	2.838644160433043	-0.4296675638689068	
13.92230678870474	0.3291556733112364	-3.936090260286803	-2.3519119949313376	2.7757453897813456	-0.382531625907778	
13.088774860617118	0.4540301935722956	-3.1622460755733206	-2.202755474922478	2.684578258138915	-0.338898805783301	
12.143034137083072	0.5936015000252399	-2.355469494602867	-2.022589548369287	2.5633432406080416	-0.2988025952666469	
11.103892165919882	0.7383255861117142	-1.5599331559955698	-1.8189767517743434	2.4107099243833985	-0.2616694807694491	
9.993321522347163	0.8773934453986817	-0.8170387829562384	-1.6000083187905538	2.2259064256645544	-0.2263783592218829	
8.835953514188258	0.9995740270500026	-0.1622012703674082	-1.3736922551328934	2.0088456242997124	-0.19137901533069135	
7.658428255905424	1.0939950472137814	0.37768751011070945	-1.147432963834187	1.7602779717644543	-0.15486005871609057	
6.488523191656599	1.1508927205492994	0.7859280646629893	-0.9276214577791265	1.4819348759577315	-0.11494811162141767	
5.354043410933693	1.1623724042566859	1.0566921294706997	-0.7193420847358128	1.1766123362992533	-0.06991044422146074	
4.281531591058921	1.1231567286903543	1.194655165619501	-0.5261969665363129	0.8481468260003556	-0.018329322176959175	
3.2949180254390518	1.0312040700499725	1.2135844960623419	-0.35024457185186364	0.5012498924147202	0.0407780160548922	
2.414286732170678	0.8880151418508541	1.1339462815759682	-0.19204396585703673	0.14119007294759506	0.10790845055119755	
1.6549471131095197	0.6984970413837502	0.9797857573311166	-0.0507828148622094	-0.22664980985453922	0.1830890597213802	
1.0269776129548782	0.47037840433152805	0.7753125719307139	0.075533738910294	-0.5972737284146721	0.2659446689575418	
0.5353525061604629	0.21329554829128503	0.541738633971391	0.18985144938734583	-0.9665383820265365	0.3557937112828689	
0.1806582130510935	-0.062250298527286085	0.2948903643885181	0.29580739951396023	-1.3314893073852783	0.4517478650178988	
-0.03971353482162062	-0.34585683464294503	0.043944647770273286	0.39745499698971604	-1.6905009639072108	0.5527967270390477	
-0.13010125743817078	-0.6279461273053041	-0.2086074823029312	0.49898515281676276	-2.043200255094947	0.6578681821757002	
-0.09508566308300749	-0.9001641735720297	-0.4659044587179428	0.6044545197936948	-2.3901990303351797	0.7658640323370152	
0.061784490093536884	-1.1554336119809745	-0.734875008676828	0.7175298375908075	-2.732694611878825	0.8756766495421551	
0.3388655942651898	-1.3876861659850848	-1.024006729922583	0.84125371072316	-3.072012114375924	0.9861956070755629	
0.7367751186597121	-1.5913308971270297	-1.3411002336138809	0.9778330115385285	-3.409158470266071	1.0963133303522712	
1.2581918705996396	-1.760543852824874	-1.6913230736838327	1.1284498938615135	-3.7444430890029987	1.2049355037746343	
1.9071480258558398	-1.8884940207749914	-2.0757580852457997	1.2930929133262425	-4.07719323475225	1.3109965243799238	
2.687908300037909	-1.966639670255065	-2.4905281792585923	1.4704124834604175	-4.405570429809785	1.4134754488285561	
3.603567258626257	-1.984240109043632	-2.9264992472064257	1.6576130388196957	-4.726481903369846	1.5114054670403494	
4.6545168173035405	-1.9282206859216096	-3.3695058239892792	1.8504010425258615	-5.035576000321101	1.6038705011922738	
5.8369419687412725	-1.783507137750531	-3.8010142806013563	2.043011138101069	-5.327311295944893	1.6899855030119777	
7.141494660801358	-1.5339127815356577	-4.199131188661018	2.228331730437792	-5.595093438387558	1.768861032623476	
8.552277799345305	-1.1636172561416676	-4.5398735240774055	2.398146803551478	-5.831479109199407	1.8395561932915205	
10.04625221558171	-0.6592137208313065	-4.798635613687496	2.543503729641504	-6.028450746892256	1.9010259668870049	
11.593166050473881	-0.012225147069316614	-4.951809011403454	2.6552085370246385	-6.177767048053118	1.9520693433390104	
13.156118033095943	0.7781255839862568	-4.978513457113631	2.724438917964531	-6.2713896375247895	1.9912849462767592	
14.692834021692217	1.7022277600669815	-4.862374966891625	2.743447117309633	-6.301972509167355	2.017041191147499	
16.157681458674865	2.737890686010449	-4.593263107409774	2.7063091696592356	-6.263387063897974	2.0274686142336447	
17.50438850214922	3.849147362856445	-4.168868171961379	2.609659519114891	-6.151244351221394	2.020486193197814	
18.689231832722804	4.986483825016876	-3.5959384984863765	2.453318340083393	-5.963352924076021	1.9938701438513557	
19.674533266725092	6.088969573240588	-2.89108337357463	2.2407469347990743	-5.70009113117229	1.945392547146116	
20.43148343164807	7.087933312433908	-2.0807431834687025	1.9791485464491316	-5.364553526584361	1.8729958586924214	
20.943203915262053	7.913000861479304	-1.2008106597629022	1.6793883368829827	-4.962703759627999	1.7751146365750543	
21.20459468417485	8.497398552226283	-0.2944704790118432	1.3551764161522182	-4.502965882696319	1.6508720245334585	
