21.6243100944134	6.866098008544028	0.0787638307227485	-0.2682880005714553	-4.657824031855918	0.8429767209691187	
21.52639582747973	6.504719312583948	1.1776660041602802	-0.5275786033153499	-4.104890034288235	0.7279276082462195	
21.184115636073848	5.8678680826896015	2.1800040836936136	-0.7328330907616096	-3.5141802940016693	0.5966599497186407	
20.627877504541516	4.963303742947478	3.0208155558103664	-0.8718567150742503	-2.902315594705601	0.45193740509000885	
19.895664644909562	3.816002266554965	3.6425311722763687	-0.9358275554091396	-2.2866967373760456	0.2971126151365314	
19.03130405041983	2.4688350496112395	4.000723796972752	-0.9204094687240012	-1.6845764566195038	0.13595954108667718	
18.081697906461514	0.980281481363181	4.068912217971471	-0.8262520183155102	-1.111946036029462	-0.02763858411435341	
17.09472453734794	-0.5780318179950553	3.842129094560284	-0.659185323319968	-0.5826000699420806	-0.18998055127274335	
16.117021755549423	-2.125269141748581	3.3385319977988708	-0.42991032833964926	-0.10731355879661848	-0.34782571988376193	
15.191812365245035	-3.576194574766228	2.5987025853150665	-0.15327120345447842	0.3067572866315909	-0.49859342211250235	
14.35653986767401	-4.846780908107438	1.6824119664666528	0.15285705604230515	0.6563966527606838	-0.6404512165411516	
13.64032098783381	-5.860261354674375	0.6629238275899846	0.46896376918301924	0.9422915435811287	-0.7722612585649006	
13.061400062643983	-6.553314255790846	-0.3807404514697303	0.7754534190363125	1.1685867220056256	-0.8933790695525523	
12.625096852526129	-6.8819390227824915	-1.3726463570614307	1.0541997500365738	1.3420524464035872	-1.0033342232940814	
12.322976784687878	-6.826356872768457	-2.248431797396897	1.2899459817827563	1.470989045673738	-1.10146716870437	
12.133944859982863	-6.3940667388229455	-2.9617037772885753	1.4714037452185207	1.564083250481796	-1.1866297230022946	
12.027519946501906	-5.6202406964993825	-3.4869916738570192	1.5919275462218536	1.6294505752941522	-1.2570540847074207	
11.96881137771398	-4.565024079079259	-3.8189204823420133	1.64967770432273	1.6740196618610454	-1.3104460427199678	
11.924067839090336	-3.3079720134026767	-3.968500302614395	1.6472540766274868	1.7032743461750204	-1.3442813838816137	
11.865502467027996	-1.940414810673036	-3.958075834397057	1.5908621409978168	1.7212576366526025	-1.3562270923662683	
11.774401612952447	-0.5568836647007601	-3.8163644036488966	1.4891596942899967	1.7307114723914163	-1.344591502389467	
11.642106691445345	0.7532204423794204	-3.574441761459975	1.3520009844348486	1.7332602472270333	-1.3087208549479816	
11.46905422807848	1.9127381363314764	-3.262943151044655	1.189310778438807	1.7296000260853222	-1.2492838105974344	
11.262475283173222	2.86201729408177	-2.9103711460001205	1.0102688786872887	1.7196929394418803	-1.1684070247390956	
11.033524192138355	3.5620677658249225	-2.5422356917766824	0.8228825227738416	1.702978260111845	-1.0696425640160425	
10.79454529746767	3.9956183098223232	-2.1807150449831867	0.6339119028506839	1.6786062555226893	-0.9577665978916119	
10.556959126722472	4.16627267647919	-1.8445728101343157	0.44903549292397843	1.645687397865467	-0.838430486494125	
10.329962124645713	4.096088094919831	-1.5491602822018644	0.27311558070712194	1.6035348478939488	-0.7177055688357435	
10.120002415719389	3.821985816396844	-1.3064182142342915	0.11043988975297304	1.551870424905387	-0.6015753244477383	
9.93086914341901	3.391433419122702	-1.1248365247436714	-0.0351489981784339	1.4909690858639957	-0.4954317874288112	
9.764180570798667	2.857807310321751	-1.009363182478362	-0.16028109343413488	1.421729702961518	-0.403630276820906	
9.620037249895956	2.2757871122476803	-0.9613111447749074	-0.2622384899661675	1.3456698441408217	-0.3291517466147133	
9.497628099285993	1.6970862325624576	-0.9783611439465618	-0.3392335830466308	1.2648483184264732	-0.27340950541637815	
9.395663302210556	1.1667578122748423	-1.054764103788424	-0.390698992829052	1.181723814234536	-0.2362195776843298	
9.312617579436319	0.7202698500243249	-1.1818003710156282	-0.4174936837228566	1.098965879389304	-0.21593520302012928	
9.246849314672941	0.3815078264289388	-1.3484830879360463	-0.42194818484289076	1.0192439450620951	-0.20972701886765216	
9.196683807552574	0.1618318290512217	-1.5424321165994723	-0.40770985200019166	0.9450249579536419	-0.21397388910473775	
9.16051484780541	0.060272138047839735	-1.750807330363289	-0.379395396419893	0.8784064981667863	-0.2247161943729124	
9.136920425057841	0.06487022515595733	-1.961183344876938	-0.34210111854447106	0.8210007266105235	-0.23811533070442717	
9.124747220110711	0.15505110755007792	-2.1622753769452276	-0.3008523132867745	0.7738706822423871	-0.25086218065908206	
9.12311798632383	0.3047651063513678	-2.3444784253289974	-0.2600859952515093	0.7375112498883717	-0.26048475404321636	
9.131349054039259	0.4860059355881965	-2.5002326146635525	-0.22325295511271812	0.7118657578253119	-0.26552067750887726	
9.148806118758495	0.6722454682590451	-2.6242479477475595	-0.19259854528988554	0.6963730508592741	-0.26554129607016563	
9.174751167398286	0.841346163268857	-2.7136075702891795	-0.16914395073583546	0.6900435107723126	-0.2610368038331081	
9.208232003993661	0.97760842946605	-2.7677458547851153	-0.152851302624833	0.6915621758264083	-0.2531916372408476	
9.248045231049565	1.0727422362724612	-2.7882924881547844	-0.14292587784304606	0.6994132926268049	-0.24359296289106372	
9.292776891331188	1.1257202199273442	-2.778794660495092	-0.13818792424146578	0.712015651451293	-0.23392252505855227	
9.340902795220856	1.1416362014567503	-2.744347016549277	-0.13744142935935874	0.7278561206679961	-0.22567949379216226	
9.390916732554079	1.1298327001338462	-2.6911592663271793	-0.13977390285056085	0.7456091225370102	-0.21997275881529096	
9.441451292590036	1.1016634885872247	-2.6260816502321145	-0.1447377388317375	0.7642315206665431	-0.21740704982731446	
9.491364756853214	1.068293605812917	-2.556101359879007	-0.15238861329560827	0.7830254326647573	-0.2180699444061258	
9.539785518321072	1.0389025191356933	-2.487826348278324	-0.1631857091662075	0.8016655792985591	-0.22160920379941426	
9.58612479712938	1.0195539754490717	-2.426983414850189	-0.17778688713415408	0.8201923019401186	-0.22737505089238208	
9.630079776206385	1.0128464119177853	-2.3779688535434658	-0.19679317210285335	0.8389753218047995	-0.234592763284389	
9.671647862002029	1.018289661137931	-2.343497810207304	-0.2205062721510391	0.858655760951821	-0.24252906298232357	
9.71116198686041	1.0332073899787892	-2.3243977611300313	-0.2487577497397438	0.8800744702402422	-0.25062141675514743	
9.749345516566947	1.0538787049503222	-2.319577654481813	-0.28084937936296167	0.9041936018796586	-0.2585508659686104	
9.787379721933714	1.0766240050980151	-2.3261800467295783	-0.31561570035588127	0.9320165520827226	-0.266253238792984	
9.826975717387672	1.0986009229376075	-2.339900312275859	-0.3515903193258842	0.9645099294905739	-0.2738769203600085	
9.87043985680745	1.1181799001853976	-2.3554459790234707	-0.3872359347872001	1.0025308424207713	-0.28170477563844315	
9.920715374707376	1.1348895981774763	-2.367107470262293	-0.42118850821000253	1.0467632729462373	-0.29006241306198527	
9.981377349337246	1.1490272961408496	-2.3694163679631672	-0.4524705165860765	1.0976676551424696	-0.2992336451375214	
10.056558670099122	1.1610937341430478	-2.35786624412346	-0.48064123097835354	1.1554480026977487	-0.3093984540842291	
10.150795144569402	1.171233382961661	-2.3296569711538146	-0.5058685600798344	1.2200404123395805	-0.3206010440585473	
10.268795184819684	1.178839289131643	-2.2843993422771414	-0.5289231950803358	1.2911252784568894	-0.3327473464954008	
10.415158284267825	1.1824253132719975	-2.224690476617765	-0.5511083016356109	1.3681630442013248	-0.3456246739889247	
10.594078379077283	1.1797948122296356	-2.156454823552899	-0.5741454469188148	1.4504501038067181	-0.35893256400124973	
10.809065059029646	1.168463336904818	-2.088951882474259	-0.600039911040586	1.537188205530738	-0.37231358936627945	
11.062696701882475	1.146237658974666	-2.034381360246117	-0.6309467047368801	1.6275581414283313	-0.38537525044057497	
11.356394309371373	1.1118191198750174	-2.00706142982605	-0.6690531237013406	1.720787251420885	-0.39769772564647726	
11.690187180918178	1.0652874675280068	-2.0222070388438262	-0.7164849968134156	1.8162005346529981	-0.40882631881216125	
12.062442569041378	1.0083376366855605	-2.094386988731676	-0.7752329174916441	1.913246774406731	-0.41825153541557636	
12.469553593081047	0.9441912305707246	-2.235784164253636	-0.8470839956930947	2.011493757778593	-0.42538346210603145	
12.905616963579591	0.877176571203298	-2.454422133687824	-0.9335379149179579	2.110590226796118	-0.4295298424107067	
13.362163507211946	0.8120489174894684	-2.7525482022552388	-1.03568663512414	2.210197057598621	-0.4298879907506143	
13.828012113813744	0.7531833276362355	-3.1253628145865946	-1.1540457904389132	2.3098953601460943	-0.4255593981671016	
14.289306092693879	0.7038081664002369	-3.560272030056528	-1.288341790582614	2.4090835373315613	-0.4155936935366283	
14.729766226557071	0.6654489647526959	-4.036804908510214	-1.437277951319597	2.50687812951481	-0.3990653794516927	
15.13117127084822	0.6377066367011637	-4.527286125417147	-1.5983209658209019	2.602033583602372	-0.3751818951062688	
15.47406192031318	0.6184130887763115	-4.998292491989522	-1.7675604535534948	2.692893738487916	-0.3434149609265966	
15.738656458846657	0.6041199813752495	-5.412857469283199	-1.939695302303441	2.7773833122149956	-0.3036400166874167	
15.905951861761034	0.5908059463959691	-5.733319869683601	-2.108189430189576	2.8530420575918467	-0.25626287607671394	
15.958948723209161	0.5746449200805607	-5.924632510383316	-2.2656172133500085	2.917098552600822	-0.2023102941379122	
15.883883703257824	0.5526705281665681	-5.957850616545808	-2.404188239577942	2.9665754450567094	-0.14346295807246426	
15.671301924830201	0.5232027482908205	-5.813425584530138	-2.516407121668486	2.9984137673375293	-0.08201562047164283	
15.316786339147805	0.4859655234595532	-5.483869421963093	-2.595792269202392	3.0096011139578014	-0.020759188171278847	
14.821207853227822	0.44189818280194515	-4.975362325435282	-2.637553645372456	2.9972876278937406	0.03720791838182516	
14.190468906048896	0.39273198504021584	-4.3079636956427105	-2.6391185151837346	2.9588754737508336	0.08871968576095829	
13.4348583332462	0.34045673798859627	-3.514288916859963	-2.600406385677587	2.892073496054548	0.13080487465667961	
12.568241688029058	0.2868134142561415	-2.6368016611240743	-2.5237983269404656	2.794920949917919	0.16094065300470242	
11.607306658979159	0.23289822667813745	-1.724101312475313	-2.4138027704415723	2.6657992735742444	0.17726999137308555	
10.570996246544318	0.17888632245812627	-0.8267082457658905	-2.2764782273848883	2.503463422334751	0.17876165959901114	
9.48014163596704	0.12384100803424423	0.007164333210394759	-2.1187143658003165	2.3071256105535456	0.16529876238099384	
8.357202417177659	0.06559846745758341	0.7354499318780879	-1.947486844646537	2.0766081418952336	0.13768946356522543	
7.225963774107918	0.0007767977110476368	1.3253721072570936	-1.769189824144273	1.8125508617491626	0.09760314245710541	
6.11104065577627	-0.07500731247694366	1.7556672068754569	-1.589123363549401	1.5166255283923802	0.047445436135349774	
5.03709363132035	-0.1666581022982709	2.0177367738393257	-1.4111815052273249	1.1916891753413192	-0.009807978230103896	
4.027754802450019	-0.27888417328866444	2.115638069439053	-1.237755058209831	0.8418084470785074	-0.07079967987093974	
3.1043711405693606	-0.41537425049640986	2.064861929701207	-1.0698307330456163	0.47210544495541346	-0.13198768193698612	
2.284763956942938	-0.5780558771262526	1.8899134241345794	-0.9072373723653578	0.08840981833112407	-0.18984424973886213	
1.5822456241974383	-0.7666098663721661	1.6208662100388949	-0.748968214024251	-0.30325142920672177	-0.24105084095899845	
1.0051214735629046	-0.9783217097623116	1.2893023112931556	-0.5935050599414418	-0.6972455903228911	-0.28268044576229545	
0.5568323414141284	-1.2082354743000128	0.9242780202338536	-0.4390881517736511	-1.0888919144410207	-0.31235325248129026	
0.23675419226113958	-1.4494945739428298	0.5490053975839663	-0.28390856199291614	-1.4748721507942366	-0.32835009173262675	
0.04152792901454439	-1.6937469131485414	0.17877481592264235	-0.12623390305675683	-1.8534168127062594	-0.329670464744615	
-0.033315596847406724	-1.9315344193207085	-0.17964045270544854	0.035500553092062806	-2.2242422074799717	-0.31602827885467955	
0.008282548143382546	-2.15264260760459	-0.527163157990763	0.2025980793222031	-2.5882629627537272	-0.2877872248439655	
0.16428320556153017	-2.34641995225379	-0.8704832389932061	0.3759758634243208	-2.947140085800872	-0.24584699854256384	
0.43542931367437904	-2.5020772928794606	-1.2194670811252266	0.5559984973815882	-3.302742329513694	-0.19149898894761377	
0.8254881418200876	-2.6089575561011547	-1.5843742743497968	0.7422769031175409	-3.656599201562837	-0.12627403261968392	
1.3408146063401083	-2.6567514279228273	-1.9732839178263644	0.9334551553051256	-4.009410239429946	-0.0518049088048479	
1.9892906393843208	-2.635644173955841	-2.3900161565129685	1.1270177367518026	-4.360653636863282	0.03027748299707231	
2.7787675645083705	-2.536413370699169	-2.8327110467009766	1.3191543667566288	-4.708316090408684	0.11840240799205926	
3.7151847545148415	-2.3505422485792966	-3.2931219246215413	1.5047187810684868	-5.048750372307661	0.21106925399334997	
4.800563378441086	-2.0704489483056316	-3.756602864250265	1.6773121569945326	-5.376658344441648	0.30681516436508954	
6.031086171790223	-1.6899419548336103	-4.202723299315647	1.8295127258087835	-5.685193703092484	0.4041530451203324	
7.395483410019548	-1.2049857303511338	-4.606422121990366	1.9532598476557936	-5.966178244553369	0.5014970065420329	
8.873927695314435	-0.6148059352815121	-4.939602503205619	2.040382303904524	-6.2104233831385836	0.5970935128568641	
10.437618867463849	0.0767097754763047	-5.173081532669514	2.083243109286426	-6.408150159680649	0.6889739644803938	
12.049197761830376	0.8594382481333898	-5.2788103435730855	2.075455096373789	-6.549498814173742	0.7749387080923513	
13.664064953222438	1.7154796345378325	-5.232270704869619	2.012607855955854	-6.625113914203455	0.8525755857222944	
15.232591530473785	2.6179320065324667	-5.014925063685494	1.8929380934655953	-6.626780103597458	0.9193101227744173	
16.703119536684426	3.5303567122991097	-4.616574398948682	1.7178736350494908	-6.5480737061618886	0.9724826340480862	
18.02546855988844	4.407296335258532	-4.037407581356738	1.4923790973176276	-6.384968889483073	1.0094445280787412	
19.1547182501828	5.19630809606868	-3.289628627997212	1.2250519826154673	-6.136368607509371	1.0276814704018642	
20.05443752692715	5.841307194503472	-2.3981763870314174	0.9278950092098611	-5.804414624544019	1.0249441777242017	
20.69991994354023	6.287912359554246	-1.4010185465170404	0.6158134521977947	-5.394756568454637	0.9994583982844153	
21.078904106231008	6.488229973351792	-0.3472953467025728	0.3056832995022259	-4.916258482182733	0.9500745393448464	
