20.9412553707453	6.529024927930573	-0.5331724700626124	1.6461126715324874	-3.3198305707454576	2.3358312514307613	
20.790062943951636	6.522079520698993	0.027713776245161668	1.5298667817153115	-2.8749409358634352	1.9393516088027656	
20.490479577237743	6.279493911123549	0.5093284093819805	1.4332049740572455	-2.4153676717206793	1.5182725692308576	
20.065620765265294	5.806282064753973	0.8851083424607469	1.3588074316646377	-1.951241877110308	1.0828803842853334	
19.540167795919686	5.121187942834103	1.1346960286824048	1.3075978610506729	-1.4926364284542346	0.643742235242797	
18.93981060820873	4.259482248128583	1.2467446910784679	1.2783706048230246	-1.0491569127164033	0.21124030376423433	
18.28998343007748	3.270431607885486	1.2196424144744735	1.2680989963593488	-0.6294385007705782	-0.20510867889763398	
17.61498699685668	2.2151923818671584	1.061864005627282	1.2721719045941533	-0.24074367418559459	-0.5971114224315714	
16.93687335519779	1.1624779055144914	0.7909957880513159	1.2848588442755937	0.11136568901362379	-0.958248281284486	
16.274234122701102	0.18305528236776533	0.43175122819414613	1.2998625323073474	0.42321067750792984	-1.2838209155864475	
15.64097075945612	-0.6567681590781358	0.013064094764076259	1.310952178488889	0.6929886272774392	-1.5708854126188527	
15.045390161923631	-1.3016947711501015	-0.4352129652147928	1.312589197308469	0.9205752502477079	-1.81799170997912	
14.49001264170317	-1.713030783382513	-0.8853736220945921	1.3004543503468626	1.1071982824717195	-2.024808227180951	
13.972396333483147	-1.8723701095195964	-1.3141055945325624	1.2717859233987745	1.2550693338332721	-2.1917265782159308	
13.48696643984376	-1.7827274685821248	-1.7035358917899355	1.2254682366923253	1.3670639125669006	-2.3195433960528637	
13.027443785189986	-1.4670269814786459	-2.041060188608341	1.1618672747123653	1.4465019584761776	-2.4092833512626393	
12.589178831465617	-0.9644303853310583	-2.318336324239537	1.0824721459589877	1.497022113185073	-2.4621733643952015	
12.170669295765604	-0.32534880036553737	-2.530055883811694	0.9894415925401882	1.522491471535473	-2.4797256539888552	
11.773835043876897	0.3939127514529211	-2.6730485636870034	0.8851690479468051	1.5268849523752177	-2.463858209095087	
11.403212118256715	1.1360837821899044	-2.7459607672575825	0.7719591657039738	1.5141138314522942	-2.416999385033074	
11.064516271052051	1.8471555025187034	-2.749412584155503	0.6518577563980967	1.4878260476647462	-2.342153294534943	
10.763069442722816	2.4798136086277713	-2.6864120165782372	0.5266426588054598	1.451220374814942	-2.242918778949559	
10.502500915504635	2.996061036107243	-2.5627829159977566	0.39794804706723835	1.4069132859106226	-2.1234592675181054	
10.283981340815409	3.3690207172511517	-2.3874031951173955	0.26746630859268733	1.356881676975653	-1.9884200640140175	
10.106074022944144	3.583903926019413	-2.1721190605560112	0.13715709426933037	1.3024866231033003	-1.8427895818308615	
9.96513975451581	3.638046211441484	-1.9312573589649205	0.009389384053525532	1.244573250269386	-1.691704785976493	
9.856067531419765	3.5400732083316377	-1.680781022277399	-0.11303805112376315	1.1836230559671141	-1.5402171885393254	
9.773077476089325	3.308371575538822	-1.4372041994955387	-0.2270152729537724	1.1199284584666096	-1.3930411792840758	
9.710414379421083	2.96900797260139	-1.2164029336408793	-0.3293676163078925	1.0537615795481958	-1.2543092449062063	
9.66282881735583	2.5532655441325915	-1.0324696236185014	-0.4171911744665209	0.9855119361835978	-1.1273601175864225	
9.625829904610415	2.0949640250481587	-0.8967394688688574	-0.48821929107367473	0.9157763913843222	-1.0145829628985081	
9.595763716699356	1.6277230351436827	-0.8170748099885171	-0.5411555825618918	0.8453963853842056	-0.917334233817321	
9.569804373382961	1.1823337254014847	-0.7974576283775225	-0.5759111345382834	0.7754474738087999	-0.8359391118763495	
9.545930199095707	0.7844923913142265	-0.8379288059676773	-0.593689366084188	0.7071921715711091	-0.7697844349461742	
9.522918342517587	0.4530976122346101	-0.9348303219453306	-0.5969076636781865	0.6420108764224537	-0.7174848404378331	
9.500339291381064	0.19926600560217453	-1.0813136576310103	-0.5889651480846841	0.5813201028585986	-0.6771035129243886	
9.478513105404943	0.02616789909706161	-1.2680600594125098	-0.5738888958180189	0.5264852080422003	-0.646402057028218	
9.45839355708708	-0.07031557981202766	-1.4841419954592587	-0.5559101873880973	0.4787340970201238	-0.6230904871310418	
9.441368803908759	-0.10022564073425366	-1.717947285693325	-0.5390325045261464	0.43907855988216415	-0.6050494306884985	
9.428996520921189	-0.0776581577738955	-1.9580907943655819	-0.5266508306098139	0.408250059708348	-0.5905025052270094	
9.422717842675159	-0.018661254900096916	-2.194233264810655	-0.5212790943168008	0.38665994657347597	-0.5781210152945405	
9.423605903314202	0.060764510532589966	-2.417730757151508	-0.5244166864707575	0.37439039337601654	-0.5670573665858375	
9.432183598528589	0.1463318378585289	-2.6220748410758112	-0.5365506815402186	0.3712167289794382	-0.5569176353009784	
9.448326902625043	0.22665314000970888	-2.803093542044112	-0.5572753322136249	0.3766584306063515	-0.5476878008585105	
9.471256197129305	0.2938717351849511	-2.9589004629822675	-0.5854954401122009	0.3900508718869262	-0.5396322116357017	
9.499609795903368	0.34374020877643097	-3.089602640822139	-0.6196716732054982	0.4106263175796137	-0.5331836436816904	
9.531591646126596	0.3752220937100371	-3.196803945200898	-0.6580645122470474	0.4375913010978453	-0.5288421685320637	
9.565187529175573	0.38974342618781777	-3.2829625565210994	-0.6989389222580179	0.4701886401795994	-0.5270957339733406	
9.59843494923949	0.39027607134960535	-3.350699767428604	-0.7407005808977278	0.5077353088764368	-0.5283705286708308	
9.62971771949119	0.3804622319360582	-3.4021758980800376	-0.7819570166625666	0.5496354230398772	-0.5330102256738273	
9.658050214706686	0.36391980384209033	-3.438626066267168	-0.821515984209653	0.5953731660395826	-0.5412769190638389	
9.68331093171802	0.3438168514426454	-3.4601296272997937	-0.8583441579312072	0.6444931824744594	-0.5533636311795638	
9.706390545446727	0.32273266226677233	-3.4656486384754746	-0.8915151768499483	0.6965769925421146	-0.569407477916645	
9.729233788970713	0.3027479287970056	-3.453322313923064	-0.9201751544577551	0.7512232133909813	-0.5894946162152774	
9.754772768519121	0.2856448948494719	-3.4209597955164286	-0.9435467512722805	0.8080373690121342	-0.6136523689516034	
9.786759979914061	0.27306663664508213	-3.3666356755912825	-0.9609792528139328	0.8666342379259341	-0.6418305079840089	
9.829534899445806	0.26651104837277023	-3.2892731859510733	-0.9720338762082772	0.9266517710882936	-0.6738794734858173	
9.887758229869782	0.26712265845373523	-3.1891367429458284	-0.9765813208197707	0.9877725907761516	-0.7095352715729729	
9.966142201698036	0.27532963451121334	-3.068185519200505	-0.9748844088148333	1.0497478292107518	-0.7484194847141866	
10.069199995792333	0.29043533830130475	-2.9302659058789198	-0.9676419495257073	1.1124179909524363	-0.7900588329994007	
10.201025723950616	0.31030034457081	-2.781142229619318	-0.9559793074168376	1.175726403584459	-0.8339234802988484	
10.365101797556058	0.3312350204441352	-2.6283801930236144	-0.9413841422192986	1.2397222820749851	-0.879478242188466	
10.564122140885408	0.34818136883103296	-2.481096992448434	-0.9255974234698141	1.3045512912828794	-0.926237026779788	
10.799826996980448	0.3551866648129424	-2.349596076581186	-0.9104820678043676	1.370432834635378	-0.9738081671483501	
11.07284842736069	0.3460861830133683	-2.244916187426082	-0.8978954851370643	1.4376258512342046	-1.0219218647539483	
11.382579312228275	0.315293662664776	-2.178303685832341	-0.8895837930050925	1.5063851914962598	-1.0704352209140753	
11.727078829142041	0.2585841626511109	-2.1606179820157196	-0.8871086697745665	1.5769118789077012	-1.1193139736307154	
12.103021524511215	0.17375934588549943	-2.2016794654757463	-0.8918091085262262	1.6493013164197385	-1.168593403985872	
12.50569004369613	0.06110620769976771	-2.309568298043942	-0.9047918648963647	1.723493693162808	-1.218323362422181	
12.929006563828422	-0.07640839149758635	-2.489876999038487	-0.9269376492254223	1.7992303828543215	-1.2685035652349215	
13.365606869330207	-0.23325172095260494	-2.7449556596072004	-0.9589081915328479	1.8760220015734883	-1.3190174167340083	
13.806944177422205	-0.4017122345173086	-3.073195193126243	-1.0011389796661319	1.953131444635117	-1.36957296507987	
14.243411123504108	-0.5724904706766115	-3.4684115212605335	-1.0538098912935805	2.0295738345311003	-1.4196575509755176	
14.664472869572442	-0.7354115091039084	-3.919426763906328	-1.116794120132184	2.1041347721085204	-1.4685121723945094	
15.05880931760849	-0.8801681778152559	-4.409952266055453	-1.1895927803176565	2.1754063577774034	-1.5151300820161262	
15.414475232178138	-0.9970166759054062	-4.918872044629868	-1.271268272042559	2.2418384557984483	-1.5582819756618935	
15.719098507775689	-1.0773741334347848	-5.420999935230917	-1.3603919508522053	2.301800717799011	-1.5965675450803616	
15.960146328931849	-1.1142919208293716	-5.888364925133525	-1.4550241171947669	2.3536492707933774	-1.628491194113822	
16.12527641207077	-1.1027952854137035	-6.2919837931694875	-1.5527417362962253	2.39578914448544	-1.6525544473047618	
16.202768416082954	-1.0401207720374788	-6.603981582599171	-1.650716612754405	2.4267246976747825	-1.6673540378039284	
16.182012321729598	-0.925878871384403	-6.799889534421395	-1.745842490599101	2.445092829164099	-1.6716743009845632	
16.054014449810968	-0.7621617863529955	-6.860879738273708	-1.8349003069519578	2.449675867962918	-1.6645615312855913	
15.811878604543265	-0.553596259310805	-6.775657993772344	-1.9147427119682574	2.4393938785761495	-1.6453697956433095	
15.451230293122336	-0.3073144785307074	-6.541744393241009	-1.982473657176566	2.4132788508913094	-1.6137720303360408	
14.97057479189231	-0.032792137464465326	-6.165932370733351	-2.035598192053895	2.3704351622117166	-1.5697360497764796	
14.371572426669532	0.2585141669251333	-5.663762503467986	-2.0721168558790426	2.3099921704419484	-1.5134698402708027	
13.659244057361187	0.5537244342421478	-5.058151914742663	-2.09055641034409	2.2310571904396537	-1.4453502305796602	
12.842094122438805	0.8392353703897811	-4.377424558850463	-2.089944926819304	2.132677773661798	-1.3658489293666003	
11.932112069460668	1.1014746106202316	-3.6530119193249178	-2.0697485730121583	2.013826099594321	-1.2754688642637348	
10.94461474267397	1.327613692234253	-2.9170795351722676	-2.029793115280786	1.8734220683839573	-1.1747024401512653	
9.897906426918048	1.5061795211182374	-2.200271929543499	-1.9701922528075606	1.710411323357431	-1.0640203876981658	
8.812753732123184	1.6275677157287727	-1.5297010808174833	-1.891299164772282	1.523907798777171	-0.9438954343475988	
7.711673857908491	1.684507124546502	-0.9273075119090495	-1.7936878970938406	1.3133931920452062	-0.8148577908990154	
6.61806378408267	1.6725187601446032	-0.40875868086239947	-1.678160165476222	1.0789364582235779	-0.6775667513705681	
5.555221010904332	1.5903718659499033	0.017043982135713995	-1.5457640730766176	0.821384913425574	-0.5328750950037254	
4.5453083407108785	1.4404439700561305	0.34779751043280394	-1.3978043760233696	0.5424781015299497	-0.38186284693783623	
3.6083439602531278	1.2288393681810492	0.5869845990695286	-1.2358233855012668	0.24484747237582305	-0.22582278593722777	
2.7613189063365073	0.9651252996069467	0.7425135241855645	-1.061537272808001	-0.06811366847718019	-0.06619046132022649	
2.0175549675072313	0.6616153847910172	0.8249923399597688	-0.8767254675305938	-0.3924988535525419	0.09557627075084768	
1.386412982941185	0.3322418371680211	0.8458815593274372	-0.6830886088477478	-0.7242190088452669	0.2581519932687061	
0.8734570730457486	-0.008806806504322782	0.815826386259403	-0.48211180889316413	-1.0593505675478654	0.42050239197010775	
0.4810345217476476	-0.34840499147989645	0.7434340426484074	-0.2749740258248278	-1.3944275641097401	0.5820131574275497	
0.20915894731397622	-0.6755438908598695	0.6346117090127384	-0.06252826262306187	-1.7266310756759664	0.7425644450629919	
0.05653875929578	-0.9819590531983117	0.49247922489251783	0.15464128619137432	-2.05385584882246	0.9025360444326211	
0.021573646353794523	-1.2622545270102132	0.3177765786188813	0.37609741871414537	-2.3746614311843954	1.062740506929785	
0.10316254000689185	-1.5135360552474575	0.109617043096832	0.6013884843275977	-2.688136568726502	1.2242928973080578	
0.301214529198635	-1.7346420303063081	-0.13359431483665393	0.8298758820655002	-2.9937158990656947	1.3884343225105382	
0.6168021553734434	-1.925107014754872	-0.4132523308762975	1.0605763610908427	-3.2909851699167447	1.5563317533078265	
1.051961158985229	-2.0840462163688493	-0.7298033623285066	1.292036849491344	-3.5795036941070637	1.7288819303006413	
1.6091995643220103	-2.2091261149771473	-1.0822153265817094	1.522243165998093	-3.8586540052345306	1.9065376241917646	
2.2907813218939963	-2.2957453784116026	-1.467663278702452	1.7485608866441318	-4.1275164046747665	2.0891662268174276	
3.097853831541841	-2.3365286766761857	-1.8813965049423351	1.9677079903164243	-4.384764152188469	2.2759454412406943	
4.029491026822914	-2.3212088571301623	-2.316736483604036	2.1757630443737304	-4.628576773919627	2.465296562956092	
5.081726194581693	-2.236946891089564	-2.765152081337826	2.368216905737926	-4.856572886468567	2.6548531658907533	
6.246653434856437	-2.0691257247431816	-3.216366188132876	2.540079274769332	-5.065768490341106	2.8414628660664407	
7.511729159280037	-1.8026290991605798	-3.6584751608486097	2.6860516683878237	-5.252574791282719	3.021226571271526	
8.859354453820735	-1.423537288423859	-4.0780714862849905	2.8007650864517264	-5.412841574523227	3.1895711799759217	
10.266812873859733	-0.9211523553907901	-4.4604046363492635	2.879080427610061	-5.541952768555998	3.3413576376958614	
11.706628481743119	-0.29020661108696416	-4.78963941886972	2.916444460001149	-5.634978273577501	3.4710268538986764	
13.147381678690929	0.4669580677685277	-5.049281027946791	2.909287380895486	-5.686881668982648	3.572784569164592	
14.554983720039932	1.338508589191111	-5.222829706857696	2.855440156444206	-5.692778329824552	3.640824313621563	
15.894369571733261	2.301829976219152	-5.2947145792293195	2.7545452661376797	-5.648235866025081	3.669587392595317	
17.131503896868384	3.3232072913151676	-5.251516618945588	2.6084131913228235	-5.549601913750693	3.65405561737637	
18.23542232078578	4.3587054168790855	-5.083361559345522	2.4212647390282958	-5.394324967787626	3.590053492834526	
19.180180207510684	5.356379115486948	-4.785497711540269	2.1998392054644924	-5.18128750378011	3.4745856469339444	
19.9460246641341	6.25923798099812	-4.359377788487319	1.9532652821465248	-4.911002131382803	3.3060647690148706	
20.5209268165055	7.009946414817164	-3.8144473149161806	1.6928362776196095	-4.5860113615922256	3.0847708429144793	
20.89947495083508	7.553865051808435	-3.1671902017360454	1.4312929212759724	-4.210632905924093	2.8126785958584093	
