19.255574573783157	4.947838539068221	1.37855878721785	1.000612446569933	-3.996206949078462	0.0195926884406751	
19.10682443437237	4.857764779771582	2.226940534347616	0.8334200087308173	-3.508676453352255	-0.02936966031741066	
18.80033249381569	4.566919037808386	2.964622218705923	0.6811021264895298	-2.9928479454845016	-0.08548782499793936	
18.361344688099816	4.06703015683267	3.5436960917085294	0.5534890361136532	-2.461273092541127	-0.1480497354741263	
17.81853743651928	3.3635433334433746	3.9233478266752884	0.4590439130836949	-1.9269149518287665	-0.21596926864543448	
17.202464019476356	2.477416070332384	4.074086832523824	0.404041551029901	-1.4025377509736665	-0.28787203971341985	
16.543766394195504	1.444363823250008	3.981141372399253	0.39198794926962344	-0.8999777483397479	-0.3622807512734671	
15.872032135408881	0.31349121369139965	3.647059569122339	0.4232378606433949	-0.4295034088350567	-0.43779853708533256	
15.214722478996476	-0.855525659441485	3.092780766856861	0.4948910920137	0.0007641358928577834	-0.5132863894203824	
14.59613462106421	-1.9961441559227011	2.3569157645603784	0.6009739752173763	0.3852767355165529	-0.5879817030489662	
14.03620618033264	-3.0394407381918573	1.4930198826401944	0.7329051925747225	0.7212686010624324	-0.661524956655142	
13.549175042515847	-3.9191364651556464	0.5649119080077484	0.8802057859138137	1.0086821247069275	-0.7338676129038572	
13.14226180024296	-4.576952719207324	-0.3596241187563154	1.031388675601288	1.2497835616759558	-0.8050594594546691	
12.814740541496533	-4.967923307881404	-1.2160302034567276	1.1749421019015485	1.4485044781775869	-0.874947045417278	
12.557888794491666	-5.065057761644884	-1.949948907014978	1.300305321777137	1.6096222727656317	-0.9428525365652882	
12.356237668762947	-4.862596930093113	-2.522678871164676	1.3987246433513008	1.7379532767537753	-1.0073271680427036	
12.19019457718155	-4.3771984468541705	-2.914029697407962	1.4638825448196382	1.837739007852979	-1.0660670057043518	
12.03958121383561	-3.6467248959831826	-3.122148338057813	1.4922176829756013	1.9123433423302487	-1.1160359788495113	
11.887196029135817	-2.726803818809443	-3.160773527586933	1.4829099575943208	1.9642655419178627	-1.1537778248630113	
11.721454808703598	-1.6856888469129923	-3.054954290771263	1.4375683183843821	1.9953734446746572	-1.175851250900244	
11.53748469844092	-0.5981301248291865	-2.8363579038704865	1.3597132335339535	2.0072174694462146	-1.1793052911075075	
11.336587852290068	0.46103704769981574	-2.539005735553621	1.2541747059028787	2.001302617741107	-1.1621192281236434	
11.124498786780867	1.4229832064116759	-2.195875465480016	1.1265215191055085	1.9792483942748031	-1.123548982657588	
10.909132373308822	2.230170473817746	-1.8365039853454181	0.9826039097196061	1.942823965566149	-1.0643383065684386	
10.69850057416467	2.840435035948675	-1.485560289366485	0.8282448046911708	1.8938877038285113	-0.986767187137543	
10.499246164047477	3.2295454887899924	-1.1622728291992845	0.6690698522335202	1.8342805755711764	-0.894525953890246	
10.315941945293346	3.3920285031670145	-0.8805318761667725	0.5104342766283726	1.7657238272730504	-0.7924241139884382	
10.151058639238212	3.340228043325602	-0.649433860257063	0.35738913513092957	1.6897583754135188	-0.6859653528116331	
10.00537677375726	3.1017848177822906	-0.47401684669251465	0.21463044882433147	1.607743170032526	-0.580839426310449	
9.878597879615603	2.715926930684088	-0.3559788259762431	0.08638950446679323	1.5209095923118832	-0.48239398195375255	
9.769943777047803	2.2290799346886168	-0.2942678835986354	-0.023752230905021498	1.4304529656684843	-0.3951524462799663	
9.678582368635976	1.6903112651604215	-0.2855455785371277	-0.11310813360481102	1.3376317125323682	-0.3224384799070527	
9.603795460883324	1.1470546665474395	-0.32459109991008206	-0.18014627218968415	1.243842113958502	-0.26614897861445913	
9.544912119006206	0.6414282133643743	-0.4047204165533382	-0.22470000541745203	1.1506451928951498	-0.22669257414028138	
9.501122450454082	0.20735344600247776	-0.518258437050103	-0.24806350451737297	1.059738552952845	-0.20308719200711692	
9.471315808563405	-0.13138965140779174	-0.6570550363551392	-0.2529245621451798	0.9728827829898601	-0.1931914839435316	
9.454043210625953	-0.362090668626053	-0.8129952561114441	-0.24312011610266987	0.8918021315734274	-0.19403314824063422	
9.447616787216656	-0.4829952577185396	-0.9784322152624654	-0.22323822667207163	0.8180800736845955	-0.20219107753073987	
9.4502817818353	-0.5022009738774573	-1.146482354460967	-0.19812326144409328	0.7530645864735388	-0.21418637398306983	
9.460371212322086	-0.43570607113197674	-1.3111681458185651	-0.17236086052606928	0.6977904130083129	-0.22683922295832065	
9.476385474383344	-0.30484904397723595	-1.4674503199302533	-0.14982201352548735	0.6529208353964836	-0.2375548532255279	
9.496997309026485	-0.13344946088692095	-1.611223759253385	-0.13333174947620957	0.6187112753490762	-0.24451208491431456	
9.521023209267213	0.05500892636681325	-1.7393380441960404	-0.1245022586996698	0.5949997486758505	-0.24674088215619777	
9.547401621338578	0.23983316303679647	-1.8496584468121942	-0.12374023961118924	0.5812308977413675	-0.24408932737177183	
9.575187480897196	0.40496144260101596	-1.941139297044049	-0.13041094154645327	0.576517457042251	-0.2370945097792024	
9.603546960994887	0.5400226355539639	-2.0138612605227824	-0.14312107114878128	0.5797354787199467	-0.22678427140017915	
9.63174090405125	0.6405575123323126	-2.0689910208533564	-0.1600672425033684	0.5896404532317302	-0.2144465124007279	
9.659108244736403	0.7074543217507974	-2.1086405828663577	-0.1793909784961911	0.6049871275577539	-0.20140371620926723	
9.68507412140031	0.7457498438481581	-2.1356241060752	-0.19948369058656545	0.6246370867027733	-0.18882429824765515	
9.709200693836623	0.7630335207611464	-2.1531324290652054	-0.21919587915264244	0.6476429181904405	-0.17759218056587248	
9.731279429509247	0.7677427464385482	-2.1643655722784496	-0.23792445858864825	0.6733036562474153	-0.16824385034035114	
9.75144499332537	0.7676352248696876	-2.1721740761174164	-0.25557712101395846	0.7011912170692775	-0.16097018968097465	
9.770282198838952	0.7686657561468769	-2.1787551841467714	-0.2724373408195853	0.7311508536636194	-0.15567004091534456	
9.788900407488693	0.7743936706148365	-2.1854332068715085	-0.28897210681974933	0.7632802897908113	-0.1520354076354969	
9.80895997647415	0.7859293044972099	-2.1925366226425322	-0.30563273945316893	0.7978924952432996	-0.14964590657257132	
9.832646834873849	0.8023205032514121	-2.1993769709400866	-0.32269578183214476	0.8354664457600105	-0.14805300321364345	
9.862599928773315	0.8212043027177456	-2.204335143451444	-0.340176985474546	0.8765891877852289	-0.14684138514540115	
9.901801418291129	0.8395197186489944	-2.2050607658553556	-0.3578303409694049	0.9218918139732764	-0.1456630834062917	
9.953442302576759	0.854103102237326	-2.1987843825049116	-0.3752216388085942	0.9719821949474275	-0.1442472930603637	
10.020776459311469	0.8620607690265739	-2.18273114014485	-0.39184852269690906	1.0273787580532356	-0.14239378618043674	
10.106973022911504	0.8609106188968926	-2.154610495648211	-0.40727058697976287	1.0884513036877113	-0.13995998954165428	
10.21497083812742	0.8485687814941304	-2.113143378934709	-0.42121629723677356	1.1553751005179493	-0.13685087337205648	
10.347334598639993	0.8232957821578203	-2.058573834118462	-0.43364482405661525	1.2281033989707104	-0.1330173462583955	
10.506112515313207	0.78370551929484	-1.993100190978968	-0.44475576208775247	1.306361522582164	-0.12846414000714035	
10.69269976775486	0.7288954012790206	-1.9211578735165924	-0.4549541077474802	1.389663454322324	-0.12326358009751583	
10.907720372529901	0.6587017008082757	-1.849495389153855	-0.46478821816251037	1.4773493183411992	-0.11756859262717255	
11.150949305008318	0.5740393115264644	-1.787005187359009	-0.4748828106858824	1.5686394014022	-0.11161754047379041	
11.421298111357197	0.47725742434174995	-1.74429583754501	-0.4858873169937674	1.6626979115241727	-0.10572490369224789	
11.716872095515017	0.3724310391685871	-1.7330151283261985	-0.49845339434936115	1.7586981600907585	-0.10025470429162428	
12.035077293938281	0.2655078059424587	-1.764952522786005	-0.5132459586102902	1.85588045625252	-0.09557698210025134	
12.372726967144967	0.1642371305162903	-1.8509649448592855	-0.5309816473902301	1.9535945497088223	-0.09201075461018146	
12.726089606265353	0.07782431761416649	-1.999785615037423	-0.5524791533538358	2.0513198600261298	-0.08975931363226827	
13.090838906407704	0.016279454084629538	-2.2167947777250663	-0.5786994765049687	2.1486590735947857	-0.08884533892171396	
13.461899351213118	-0.010527016561358887	-2.502858297175622	-0.6107523244756456	2.2453038404252847	-0.08905459427853628	
13.833213545433155	0.005974064163125063	-2.85336309016716	-0.6498489313435086	2.340975284443069	-0.0898977933927659	
14.197481779643171	0.07181615979450427	-3.25758300920052	-0.6971909418393851	2.4353457490246813	-0.0906001023317991	
14.545939803852894	0.1893849171185935	-3.698507253963671	-0.7537975626850378	2.527950838006992	-0.09012689598326462	
14.868241816522703	0.35663168545845	-4.15324170929211	-0.8202873583522506	2.6181023104985788	-0.0872517143563578	
15.152501835512126	0.566774312339862	-4.59404904846572	-0.8966438822238902	2.704812400467448	-0.08066781465790568	
15.385524427324617	0.8085705180934069	-4.9900287507870775	-0.982002990776525	2.786738628476296	-0.06913819917310363	
15.553232731846425	1.0671602630754542	-5.30936551680335	-1.0745023751682805	2.862155263913461	-0.05167099455902746	
15.64128025305398	1.3253885516126895	-5.522001418365002	-1.1712300259713844	2.9289538423805896	-0.027699133372523988	
15.635811084264809	1.5654473910109994	-5.602511319617911	-1.2682984222622615	2.98467154047097	0.0027623732117402623	
15.524309636428093	1.7706205255903769	-5.532885328481378	-1.3610558433400834	3.0265436031331787	0.039009933541499696	
15.296459166341078	1.9268854490191178	-5.304865368521996	-1.4444257548004547	3.051574550313278	0.07962070970372279	
14.94491955189781	2.0241362539457133	-4.921471290918756	-1.5133407163485209	3.056622233686078	0.12251409989379289	
14.465953857657595	2.056849360961487	-4.397406699062168	-1.563212743994624	3.038489003738112	0.16510753513670728	
13.859878599601284	2.0241178819173156	-3.75816449809318	-1.5903648224122744	2.994015987851346	0.20455132592540334	
13.13135924677395	1.9291163038329497	-3.037881353688135	-1.5923481234448689	2.9201804428063514	0.23800989203361672	
12.289584176106215	1.778179423171692	-2.276253134205807	-1.568094263853798	2.814202880402944	0.2629469818898877	
11.348311597296822	1.5797218276091336	-1.5149723089783234	-1.5178893628746029	2.6736773747593374	0.2773733362735669	
10.325742276807537	1.3431923234248941	-0.794157548090961	-1.443195025415726	2.496740343612599	0.28002417248455547	
9.244147796535628	1.0781917071128708	-0.14914410317222201	-1.3463686488445998	2.2822850355666717	0.27044850591057895	
8.129180881979302	0.7938355093248054	0.392114995128751	-1.2303466985381046	2.0302094455768014	0.2490085457725125	
7.00881380641162	0.49841751994107925	0.810864301488706	-1.0983502822165105	1.7416593719620663	0.2168013818047066	
5.911906677921773	0.19938961238347921	1.0984452665904734	-0.9536551017402207	1.419205706188906	0.17552440269274944	
4.866501696534477	-0.09639993025478655	1.2561864028870007	-0.799442457094823	1.066886411248845	0.1273093736916014	
3.8980432650866073	-0.3823530740896965	1.29426269276486	-0.6387220022522911	0.6900560993702806	0.07454825265825923	
3.027791100356887	-0.6518514309027056	1.2296179217902319	-0.47429916436331254	0.2950209885267738	0.019728591732023258	
2.2716943812666255	-0.8982476379256611	1.083193126890201	-0.30875677194607937	-0.1115110401527786	-0.03470942679117821	
1.6399279995915075	-1.1151957483905814	0.8768517481005164	-0.14443112324559151	-0.5230800535245897	-0.08648717190972263	
1.1371751572273006	-1.2972517471020582	0.6304796210722137	0.016620677084992198	-0.9340995466208887	-0.1335702334779983	
0.7635948413558391	-1.440556694658647	0.35972572648889956	0.17265335969956982	-1.3403310735551244	-0.17422102287023966	
0.516280221967859	-1.5433834076008197	0.07471857378334365	0.322254759606682	-1.73912184431162	-0.20702647632978946	
0.39094970283550784	-1.606375983014903	-0.22009634654390153	0.4643466389373931	-2.129377077392663	-0.23090785611673437	
0.38358981980130263	-1.632399873364462	-0.5250635284546518	0.5981597117239363	-2.5112935546778337	-0.24512047751747187	
0.49178722469831787	-1.6260094703703742	-0.8436285138031235	0.7231805866430183	-2.885920723428848	-0.24924993512686808	
0.7155476924276749	-1.592607964988201	-1.18023663809389	0.8390699351363919	-3.25463572129895	-0.24320765440802053	
1.0574967745739592	-1.5374187726285478	-1.5382233801374285	0.9455519333965217	-3.6186180037344426	-0.2272242561691014	
1.5224660206198224	-1.4644157376268576	-1.9180257574044783	1.0422776000021268	-3.9783914618174774	-0.2018369924934057	
2.116562845439129	-1.3753724303851926	-2.315917812135956	1.1286717092224154	-4.333474848585812	-0.16786848762911497	
2.8458820247955874	-1.2691845727134627	-2.7233441170783945	1.2037838287927807	-4.682153945920132	-0.12639697662607358	
3.715034839159613	-1.1415916897060856	-3.126827350183832	1.2661741588940785	-5.02136817248188	-0.07872090002757255	
4.7256514415246045	-0.9853803223748757	-3.5083734446107764	1.3138688699981858	-5.346693930305327	-0.026321483058381202	
5.874968848538356	-0.7911022588694756	-3.8462884605895615	1.344414783742422	-5.652407086252371	0.029174316504230142	
7.154580955372982	-0.5482961543430591	-4.116341766383837	1.3550504463930804	-5.9316152146230525	0.08603042617005767	
8.549427509703348	-0.24715251083669004	-4.293232736554342	1.3429916860400215	-6.176460851703803	0.14243954039361273	
10.037117561375085	0.11949387092219432	-4.352322012612191	1.3058086974924776	-6.378402373673697	0.19656355275422005	
11.587720648312914	0.554021197483397	-4.271576356205841	1.2418551477203756	-6.528580875807371	0.24657542953202427	
13.16417494465307	1.0519760873906117	-4.033641796232923	1.1506989329394655	-6.6182749769394436	0.2906986409885184	
14.723443486969206	1.6004422770426665	-3.627919095238082	1.0335002234430044	-6.639433484902303	0.3272402557642591	
16.218480649696865	2.177175649377966	-3.052471629692065	0.8932840203299593	-6.585258549571498	0.3546173484401467	
17.60097043376116	2.7508650361072755	-2.3155617577557646	0.7350577313203386	-6.450799146168679	0.3713833313035927	
18.824585161845416	3.28272916677894	-1.4365811795416876	0.5657382520707027	-6.233491736990595	0.3762633723317514	
19.84851171657774	3.729618323486584	-0.44621022402676713	0.3938548760990572	-5.933620417513616	0.3682180367269492	
20.640407594516986	4.048006173329302	0.6144067160476461	0.2290625539965658	-5.554567336536899	0.34652429076445423	
21.179270028621136	4.1992394517045275	1.6952382746649761	0.08141599836432167	-5.103030209264589	0.31091915651982105	
21.455897022786043	4.153239917880912	2.7401497933784538	-0.0393484493132259	-4.588724018602592	0.2616786385957861	
