13.382289715812115	-2.6209543146075105	1.5415788483795694	-3.3835294255422985	-0.5918053918336464	-3.2122497599710544	
13.370624548964013	-2.719136000917077	1.5297624168731572	-3.427296235231935	-0.580984823438045	-3.1859323058301605	
13.325612790312654	-2.823213126109867	1.5200623520111485	-3.4512306667114094	-0.5680393996368825	-3.1492710676403277	
13.251729944402243	-2.9321859664321948	1.5115415565946935	-3.454334272591913	-0.5531754340663508	-3.102925224147034	
13.153511800712346	-3.044997828477721	1.5032936925491687	-3.435709692234112	-0.5366016400290027	-3.0475785271993194	
13.035815662862449	-3.1602839239438065	1.4945806219911055	-3.3950076021375972	-0.518539644091448	-2.9840471411369576	
12.903495713170559	-3.276460469452257	1.4848789548899997	-3.332337807189683	-0.4992169509808421	-2.913216686563909	
12.761188122258845	-3.391748898655029	1.4739453699584275	-3.248288016995978	-0.4788632770290509	-2.83601187166749	
12.613115357468493	-3.504187588310975	1.4618895300545938	-3.143989244145076	-0.4577077561705089	-2.7533733674096994	
12.463027864125552	-3.6116928597782127	1.4491408519680757	-3.0210396294543096	-0.4359759601475232	-2.6662348308308403	
12.314047733217672	-3.712090129936194	1.436486074439178	-2.8815403113337608	-0.41388609005405114	-2.575500699810601	
12.168607053516157	-3.8031935641760644	1.425020446849845	-2.7280402917922713	-0.39164366282019725	-2.482024419197384	
12.028505915972513	-3.8828629178332448	1.4160686967047267	-2.563447501908303	-0.3694392318106726	-2.3866040053978637	
11.894826718543602	-3.9490884157695754	1.4111413895473863	-2.391010602209593	-0.34744153287906215	-2.289963551187696	
11.76803436614164	-4.000085266714682	1.4118025140938721	-2.2141911417930316	-0.3257937379684032	-2.192752784623347	
11.64805848888882	-4.03433870480089	1.419592452049829	-2.0365830672344427	-0.3046127802333139	-2.095551104426578	
11.534306039266013	-4.050736625950316	1.435899799621978	-1.8618135658772197	-0.2839828054740307	-1.9988593341351957	
11.42582415402998	-4.04860685558943	1.4618615154276595	-1.6934150361655917	-0.2639584793090124	-1.9031136056011193	
11.321371429264765	-4.027752193774683	1.4983039520559756	-1.5347516491271056	-0.24456621815826854	-1.8086900032652211	
11.21951235133001	-3.988562146628696	1.5456095931991123	-1.388865701397008	-0.22580438337927453	-1.7159059071881486	
11.118746026704187	-3.931951655191953	1.6037287829658777	-1.2584206093540344	-0.20765225230512988	-1.6250346098610844	
11.017573882650266	-3.859383113281225	1.6721410351835366	-1.14562124541868	-0.1900734848564519	-1.536308163782985	
10.91461856937791	-3.7728717462385397	1.7498216294374338	-1.0520863291066798	-0.17302418342654716	-1.4499222774934857	
10.80867966605088	-3.674856216378647	1.835344469955252	-0.9788837586015515	-0.15646080663769013	-1.3660456134868793	
10.69880883361042	-3.5681780018546143	1.9268875648337012	-0.9264518569421389	-0.1403462071085483	-1.284821038324744	
10.584389587595492	-3.455959141354759	2.0223305434008334	-0.8945766939259293	-0.12465845430045297	-1.206369759122501	
10.465128579782627	-3.3414718653670312	2.1193720917748404	-0.8824851557567731	-0.10939298040496873	-1.130795820004141	
10.341123544141652	-3.228040667784088	2.215606862665371	-0.8888033227068591	-0.09456861145240708	-1.058185917165651	
10.212854158811572	-3.1188718364181414	2.3086743106890513	-0.9116514063445207	-0.08022871135426284	-0.9886112891700293	
10.081134956303634	-3.0169697808786666	2.3963350280566287	-0.9487436958008549	-0.06643855196203133	-0.9221290499918996	
9.947131614498662	-2.924975073682402	2.4766015267607306	-0.9974217818115708	-0.0532866801106531	-0.858779794155254	
9.812267357837598	-2.8450704960853725	2.547820797617978	-1.054805125665206	-0.04087835406730369	-0.7985871849447664	
9.678166853822349	-2.778943921027487	2.6087060709519303	-1.117872324242444	-0.029331474906270024	-0.7415572219925879	
9.546596146156107	-2.727641880680037	2.658449403999726	-1.1835696523064372	-0.018771711220698168	-0.6876729217223871	
9.419357815986215	-2.691614863677047	2.6966858572210244	-1.2489285787942326	-0.009324864204441997	-0.6368938221703115	
9.29823635685425	-2.6707072057335544	2.7234986568106745	-1.311134159925157	-0.0011126800084218145	-0.5891537805288343	
9.184897420952522	-2.6641197098463136	2.7394401128289654	-1.3676550531531766	0.005755091123463172	-0.5443549029088737	
9.08083737902364	-2.6705507326542266	2.745422705630614	-1.4162750170302514	0.011184093671043591	-0.502369845500879	
8.987326817071517	-2.688216378760989	2.742699869029464	-1.455158158146219	0.015099764380164176	-0.4630389038749109	
8.905335145926598	-2.714943353174636	2.7327928009668563	-1.4829233835821698	0.017453029532957156	-0.42616778672893696	
8.835543179446995	-2.748312408726115	2.7173877714275068	-1.4986001706410375	0.018218850804041817	-0.3915331458536216	
8.778292835183931	-2.7857262220220953	2.6982859003050543	-1.501678561787756	0.017400101149496125	-0.3588810773957668	
8.733582157254743	-2.8245562518100784	2.677301347642564	-1.4920888607671239	0.015027682419787804	-0.32793170260295146	
8.701112794812655	-2.8622288334123267	2.656204445560211	-1.4701282705002046	0.011156630903925959	-0.2983858287066655	
8.680270047049213	-2.896333782976994	2.636648737777279	-1.436470662046049	0.005867783606490882	-0.26992774688816995	
8.670187115340195	-2.924722635535482	2.6201091374833076	-1.3920777334150536	-0.0007370213794010684	-0.24223443474161377	
8.669797558750483	-2.9455387497509613	2.607864762387901	-1.3381348058617049	-0.00853878157130589	-0.21498119077823477	
8.677866978891851	-2.9573252220782957	2.600931401848853	-1.2760102351321052	-0.01740288271938178	-0.18784968036670882	
8.693080495742171	-2.9590239104065432	2.6000666166313926	-1.2071601980749442	-0.027185030835499606	-0.1605359365703581	
8.714086360791924	-2.949976606370793	2.605770703571842	-1.1330828337848036	-0.037733967661758495	-0.1327548780924483	
8.739565806059685	-2.929976176832384	2.6182558297211864	-1.0552475227729639	-0.04889490774850251	-0.10425102590958014	
8.768284203209486	-2.8991812620458113	2.637498392623261	-0.9750432951023053	-0.06051307351967486	-0.07480095652068991	
8.799126330214126	-2.8581001057852227	2.6632463428951203	-0.8937437662897761	-0.07243556036197862	-0.044218010990475294	
8.831154167261126	-2.807550093062969	2.6950352252937986	-0.8124498190558292	-0.08451433694633022	-0.012361149071597572	
8.863603360349362	-2.7485512443381013	2.732248092017811	-0.7320930654485416	-0.09660718237182213	0.020868179282645484	
8.895909652804487	-2.682286211135614	2.7741305854400147	-0.6534106428989117	-0.10857936777229216	0.05552060154674886	
8.927720590931493	-2.610008684287778	2.8198339026111756	-0.5769372430580076	-0.12030556844693646	0.09159542408688674	
8.95886413853854	-2.5329796444044206	2.8684551281470223	-0.503040104494045	-0.1316696498454211	0.12904682489598912	
8.989361406448488	-2.452412449822812	2.9190610198586664	-0.43191368988925655	-0.1425667057638926	0.167778869506541	
9.019401142056024	-2.3694158951830797	2.9707257270772813	-0.3636163492436184	-0.15290396038044718	0.20764883675039103	
9.049308759928454	-2.2849840512406736	3.0225476058744913	-0.298105694644154	-0.16260011651942746	0.24847376861254597	
9.07954322890059	-2.1999596058976056	3.0736746043630205	-0.2352569000551009	-0.17158751852745377	0.29002823290831575	
9.110658770108119	-2.115044881515957	3.123318135451432	-0.17490645048956133	-0.17981120010312077	0.33205270229972933	
9.1432823750489	-2.0308169654803945	3.1707563712556452	-0.11687367110554857	-0.1872278354971722	0.3742589032167074	
9.178093852012172	-1.947729817262795	3.2153516608209243	-0.06098865663827485	-0.19380636465952256	0.4163321604675451	
9.215787465593575	-1.866155452891999	3.256543006192429	-0.00711231484530872	-0.19952468292852832	0.45794132441950736	
9.257050191255667	-1.7864016415292805	3.293845305655723	0.044853866611158026	-0.2043681180318046	0.49874338622541137	
9.30251776046961	-1.7087373368708427	3.326854094685386	0.09495093584321888	-0.20832699363492985	0.538391001445825	
9.352741122322517	-1.6334201863737667	3.3552293143312197	0.14316801734725818	-0.21139294481805676	0.5765407629518899	
9.408152138310403	-1.560710178540877	3.3786939835529415	0.18944036652895133	-0.2135568256139422	0.6128590429661298	
9.468999241997139	-1.4908884356057432	3.3970292033345744	0.2336532273632074	-0.2148049889327814	0.6470328897526352	
9.535333555529352	-1.4242595971852796	3.4100605863061	0.2756578270412686	-0.21511800822170277	0.6787742373625716	
9.606957182699542	-1.361156427301925	3.4176573582081105	0.3152776595471143	-0.21446871117208302	0.7078284469981987	
9.68337870286199	-1.301933626642783	3.4197265644847805	0.35232621224876853	-0.21282129677000097	0.733983515313726	
9.763833181120361	-1.246955595820532	3.41620654430314	0.3866194362821329	-0.2101329956535877	0.7570697652092886	
9.847237030346085	-1.1965843359810957	3.407068850664439	0.41798931923440236	-0.20635443439413148	0.7769702182322563	
9.932216707280098	-1.1511563889089904	3.392316433612748	0.4462983584476549	-0.20143351959979636	0.7936228587744815	
10.017156637408615	-1.1109714225708038	3.3719817186581613	0.4714436625700168	-0.19531851177598827	0.8070175982948786	
10.10021155582509	-1.076267109376848	3.3461322028504448	0.49337025052754874	-0.18796280060440443	0.8172049551338938	
10.179406843527282	-1.047208215327496	3.31487011500748	0.5120706612447081	-0.17933045482221374	0.8242895336780851	
10.252697725294858	-1.0238834093996185	3.278333096598451	0.5275835026426802	-0.16939929160600767	0.8284263957558119	
10.318065370205153	-1.0062896894757332	3.23670262552904	0.5399975814197887	-0.1581686717735935	0.8298235015807826	
10.373616432742143	-0.9943489101222197	3.190202334160283	0.5494405133486977	-0.14566126488988618	0.8287293540464231	
10.417649482735557	-0.9879128912562082	3.1391007786609815	0.5560752920738746	-0.13192564862511214	0.8254292362536616	
10.448786593737363	-0.9867747411910697	3.0837188788886953	0.5600948175645369	-0.11704142617543248	0.8202392513223626	
10.4659980731268	-0.9906942264718877	3.0244235047285004	0.5617110570777888	-0.10111484438229744	0.8134938547695366	
10.46867150569276	-0.9994092098223873	2.9616302762247506	0.5611512071679744	-0.08427972256168602	0.8055403310105266	
10.45667847544129	-1.012656932141265	2.89580235195201	0.5586507356701802	-0.0666947182638618	0.7967271584896026	
10.430316543071303	-1.0301844134719407	2.8274393611459607	0.5544487607656118	-0.04853591406416674	0.7873958508400372	
10.390350315446367	-1.0517583419261551	2.7570753750728043	0.5487852988094204	-0.029994035034084286	0.7778722504444974	
10.33796106994361	-1.0771701138085517	2.685265562568759	0.5418986596873158	-0.011266107787168713	0.7684558660284609	
10.274660501629079	-1.10623282553246	2.612574147318534	0.5340250231318504	0.007450068355537949	0.7594171666018754	
10.202273026978835	-1.1387823357184124	2.5395619339063247	0.5253977427870518	0.025962072438826683	0.7509871245737806	
10.122826424216353	-1.1746710500355628	2.4667671152084996	0.5162481245637087	0.044089080038517095	0.7433541604307528	
10.038487193680734	-1.2137645241780926	2.394695283716597	0.5068062264903613	0.061664072155224174	0.7366651148346599	
9.951498110968254	-1.2559400401650185	2.3237962197543465	0.49730199853727924	0.07853991822440079	0.7310175616408906	
9.864096087408566	-1.301084649856973	2.254452086293487	0.48796705902753124	0.0945898408754301	0.7264658208550041	
9.778471806086298	-1.3490953475852852	2.1869694989640656	0.4790357609219335	0.10970804929661732	0.7230231380161356	
9.69669679559073	-1.3998820702052797	2.1215562597599575	0.4707475533943484	0.12381323735276031	0.7206607231309549	
9.62069066618427	-1.4533683524693521	2.058327846521101	0.46334772240484445	0.1368451829245358	0.7193181388823113	
9.552185189921433	-1.5094932794950497	1.9973019763781994	0.4570883394584987	0.14876503628132273	0.7189059099765346	
9.492661974796613	-1.568214849225369	1.9383933669137112	0.45222946775546247	0.15955530183531086	0.7193109066711709	
9.443360654225694	-1.6295073280281853	1.8814355485988319	0.4490376041842603	0.1692151092145676	0.7204052752302309	
9.40524019429484	-1.6933617282647813	1.826182654907005	0.4477854531489255	0.17775985599175984	0.7220501697523595	
9.378956465747846	-1.7597811802834569	1.7723281621482099	0.4487493451564257	0.1852182499772369	0.7241035038926388	
9.36489951853129	-1.8287728331759971	1.7195284479029065	0.4522057544615254	0.19162861552373994	0.7264251593767186	
9.363166101006298	-1.900339747005076	1.6674172618786807	0.4584274170296202	0.1970377776804589	0.7288824949883814	
9.373589241041671	-1.9744638162374033	1.6156348914957812	0.4676755745088343	0.20149817514396876	0.7313569442356513	
9.395778443285824	-2.051096050304855	1.5638438146542284	0.4801950204234985	0.20506623290104348	0.7337464099562669	
9.429113493843914	-2.1301351605053416	1.511754498778872	0.49620254920710105	0.2078015470993386	0.7359725905625386	
9.472792148317398	-2.2114133559617333	1.459144252495682	0.5158763422165872	0.20976576855921683	0.7379840061701077	
9.525854306135665	-2.2946915743214205	1.405864789712594	0.5393501276943199	0.21102215542148905	0.7397569763618164	
9.587184913554763	-2.379638985962854	1.351868425785095	0.566693721758073	0.21163533573275906	0.7413027006572873	
9.65554937272148	-2.4658427552713778	1.2972056312247509	0.5979088486218014	0.21167068182821613	0.7426646492923579	
9.729603099026336	-2.5528108743482876	1.2420287519965363	0.6329228847648696	0.21119392275205115	0.743918807569525	
9.807896149852292	-2.6399764608321963	1.1866046983107217	0.6715721271511819	0.21027026066349158	0.7451759642809861	
9.888901226804437	-2.726726282821992	1.131294890310309	0.7136115365329352	0.20896336925510595	0.7465740527096227	
9.971021195271346	-2.8124137878994135	1.0765549784689132	0.7587101308872679	0.20733444453206382	0.7482767851787412	
10.05261078656018	-2.8963900587306988	1.0229244593905933	0.8064512056425899	0.205440326349576	0.7504681451687971	
10.132007576393985	-2.9780283041348428	0.9709998668237646	0.856351802648114	0.20333285573034454	0.7533435303069465	
10.207555538082216	-3.0567485965172905	0.9214242646728923	0.9078651429840401	0.20105727132472265	0.7571047463891969	
10.277651782700156	-3.1320495328542006	0.8748581609173338	0.9603989235015282	0.1986507427492779	0.7619497653077641	
10.340777495278976	-3.2035166301472557	0.8319558547825481	1.0133341231158421	0.19614252364539728	0.7680663783989282	
10.395553720768632	-3.270852228626081	0.7933380844070984	1.0660385677725626	0.1935521658608449	0.7756228887681147	
10.440769777049214	-3.333874984322608	0.7595695929541542	1.1178851995538004	0.19089020842089977	0.7847632205609617	
10.475430847350154	-3.3925293469257682	0.7311302138644992	1.1682695662103617	0.18815811070387872	0.7956004863462567	
10.498883032603262	-3.4469309224297033	0.7083507943605271	1.216640766556245	0.18534588799104051	0.8082000059339203	
10.51053556789437	-3.497226950358024	0.6915345571442059	1.2624578571520062	0.1824414428445585	0.8226182504272449	
