12.97282364622004	-2.097624800953142	1.7810686771665571	0.5925376468117091	1.598870016999118	1.2297619044036552	
12.996454855086963	-2.0246710277804456	1.6377164979492564	0.5088889561699934	1.674988211502882	1.3047019846440817	
12.978659631859195	-1.9646898523018157	1.4946998093005992	0.41139623951970733	1.7431566674526875	1.3795324596231904	
12.916575174281448	-1.9206958230783138	1.3536238324909902	0.30425789942317694	1.8023808391829934	1.4534831558315933	
12.809776299879111	-1.8946053625456385	1.2161051793243902	0.19220356538852568	1.8518644740821089	1.5257502932299782	
12.660175391978115	-1.8871468710581818	1.0836441657198295	0.0802272058671778	1.8910561212852914	1.595500899396889	
12.471477107087233	-1.897946735867743	0.9575136927925505	-0.026767831930254834	1.9196577222802187	1.6618882086865556	
12.248697199757247	-1.9256062494748405	0.8387022808002573	-0.12425171140518841	1.937621716989288	1.724070401241736	
11.997629915235049	-1.9678400689904831	0.7279024919724808	-0.2083233495266915	1.9451286910913006	1.781232644298063	
11.724395198802334	-2.0216415114830015	0.6255445130409814	-0.2759010765595053	1.942554813779233	1.8326087070844124	
11.435069839902603	-2.0834803557006727	0.531862659901279	-0.3248495094730683	1.930432825715137	1.877500112311874	
11.135415643118334	-2.1495215999746398	0.4469806774877474	-0.35403769336752544	1.909411879279828	1.915290906568201	
10.830689895384126	-2.2158543918037545	0.37099936743931466	-0.36333218257537947	1.8802196733711782	1.94545701296842	
10.525520138789005	-2.2787169210579563	0.3040713112878946	-0.35353207311963103	1.8436289825065741	1.9675699052144626	
10.22382612902138	-2.33470317757155	0.24645117928137245	-0.326256503304319	1.8004292444153973	1.981295148303716	
9.928777784764987	-2.3809384899500516	0.1985158918787606	-0.28379682389374633	1.7514029988555766	1.9863869893408523	
9.642783480208927	-2.4152129437090926	0.1607550587081799	-0.2289459983022101	1.6973066100068617	1.9826805719542406	
9.36750758035686	-2.436063861732624	0.1337368359417751	-0.16481718237096998	1.638854741984706	1.970083376540991	
9.103917259573135	-2.4428031640215178	0.1180566870806391	-0.0946633602375354	1.5767081216756977	1.9485673494276252	
8.852359780796068	-2.435490179211632	0.11427583542377846	-0.021708425813720223	1.5114642245771053	1.9181626662652085	
8.61267038389202	-2.414856580959947	0.12285423447358233	0.05100089212481968	1.443650654189665	1.8789536102016784	
8.384307362642467	-2.3821968289568347	0.14408138341947663	0.12071460264850925	1.3737211084735355	1.8310766769453837	
8.166505672550828	-2.339242063714281	0.17800859488269785	0.18506593000534285	1.3020539350146592	1.7747206464229184	
7.9584355006610865	-2.2880355091588456	0.22438843556225904	0.24212423479839915	1.2289532984952218	1.7101279091216879	
7.7593501580133415	-2.230822392352125	0.28262960753295246	0.2904181764704207	1.1546528793183835	1.6375958598671836	
7.568709649100877	-2.1699587688076614	0.3517766574819237	0.32893597130684993	1.0793218456732945	1.557476867710649	
7.386271447183726	-2.1078347606396437	0.4305223786946642	0.3571104101472302	1.0030727037642855	1.4701753954072996	
7.2121461511577305	-2.046802384348868	0.5172565348185233	0.3747947317963839	0.925970597304989	1.3761413312304205	
7.046820816761207	-1.9890988085562917	0.6101485856552592	0.3822324474228151	0.8480436578055105	1.275859380803274	
6.891156005610258	-1.9367619086368155	0.7072560322591271	0.38002128767285126	0.7692940060211108	1.1698352004024666	
6.746364210839516	-1.8915426789794654	0.8066452938207644	0.3690697726496111	0.6897089432591275	1.0585795775418982	
6.6139776110075275	-1.85482454164639	0.9065092351226807	0.3505445961162569	0.6092718020648732	0.942592270086842	
6.495813148738272	-1.8275595001729579	1.0052656624671954	0.3258084882721252	0.527971894582496	0.8223470793491777	
6.393940917526319	-1.8102273313071289	1.101624897295305	0.29634945300256976	0.44581309438643674	0.6982793909287974	
6.310658499527698	-1.8028196789046806	1.1946202158557007	0.26370338973726637	0.3628207216552395	0.5707770153066133	
6.248470174526465	-1.8048478575885143	1.2836012819812057	0.22937294443822162	0.2790465619477966	0.44017475082176116	
6.210066629339112	-1.8153724287695354	1.3681961334745032	0.19474597175376848	0.1945719795781294	0.30675275466522867	
6.19829829736182	-1.8330536674869882	1.4482508444886681	0.16101745872951628	0.10950919357749857	0.1707386101425377	
6.216133592635122	-1.8562234073559103	1.5237574337990416	0.12911920288305753	0.02400092009646248	0.03231294748130007	
6.266592247818954	-1.8829789122390928	1.5947802900437236	0.09966183992338978	-0.06178124605477897	-0.10838141890716656	
6.3526443108263155	-1.9112977475062851	1.6613900435092284	0.07289379141112025	-0.14763914807207565	-0.2512266968481643	
6.477067293666171	-1.9391693761086004	1.7236122088319128	0.04868121736393603	-0.2333502714147728	-0.3961133417067721	
6.642256847483716	-1.9647349697104535	1.7813966508095864	0.026512098675603838	-0.3186687272664922	-0.5429188363079466	
6.849989562681356	-1.9864224783260087	1.8346129217567566	0.0055261583484060624	-0.40332376104124473	-0.6914815340478869	
7.101140751325713	-2.0030607948784254	1.8830747190550645	-0.015429582372129946	-0.4870148520897368	-0.8415692374760105	
7.395369523786937	-2.013956337025147	1.9265926846237473	-0.03772208141748403	-0.5694034849894218	-0.9928428193259586	
7.730797366389253	-2.018920822855822	1.9650482467492196	-0.0628359911003804	-0.6501031485117239	-1.144816198033251	
8.103723118012384	-2.0182490444363204	1.998474768861865	-0.09226737233833367	-0.7286705377839121	-1.2968152580763737	
8.508432552486898	-2.0126560888411347	2.027128026088219	-0.12741553900073546	-0.8046017436681563	-1.4479398413062385	
8.937166601197543	-2.0031913894441975	2.051527725177175	-0.16948024683138618	-0.8773369947199458	-1.5970342927350851	
9.380304501392791	-1.9911491565131183	2.0724561779943467	-0.2193692807441856	-0.9462761450720868	-1.7426728407363032	
9.826794127397529	-1.9779906180567148	2.090908452893897	-0.2776191027700198	-1.0108046366091323	-1.8831657734877252	
10.26482159307818	-1.9652845234921978	2.1079984218798344	-0.3443296440369803	-1.0703265485777245	-2.0165905866778298	
10.6826612511677	-1.9546617205989514	2.124834905288776	-0.4191143618320387	-1.1242986196709748	-2.1408492264429326	
11.069598095358378	-1.9477717616087187	2.1423892551209573	-0.5010685031594574	-1.1722581536140908	-2.2537490199903347	
11.416784564043189	-1.9462285115031344	2.161377788813535	-0.5887612430585221	-1.2138393110826098	-2.353101810296423	
11.717896215432981	-1.951538657302815	2.1821782065528437	-0.6802591549981132	-1.2487758949549586	-2.436833744848199	
11.969486239859249	-1.9650179711002478	2.2047901230988654	-0.7731874321161705	-1.2768926163831535	-2.503097106594154	
12.170994060161929	-1.9877078394352368	2.2288405047952518	-0.8648308603434258	-1.2980892987073374	-2.5503753199322428	
12.324417182312303	-2.02030370499661	2.2536295925765124	-0.9522703772359681	-1.312323042629423	-2.577572195284064	
12.433704451645598	-2.063097483867546	2.278211418349559	-1.032545003771921	-1.3195929776154094	-2.5840777325867443	
12.503963229989475	-2.115924964212696	2.301503757912302	-1.1028268347559318	-1.3199315087792132	-2.5698056724563374	
12.540595720978457	-2.1781063695383907	2.322422131876534	-1.1605979550753862	-1.3134051194054317	-2.5352013166401335	
12.54849476080857	-2.248377047782585	2.3400289148965583	-1.2038202500986865	-1.3001263031158823	-2.481221933368266	
12.531426053052156	-2.3248222465071793	2.3536826742768966	-1.2310902241235688	-1.2802756529902943	-2.4092949745758743	
12.49169541579238	-2.404846548278043	2.3631667439907504	-1.2417700543565944	-1.2541299840063247	-2.321260699426922	
12.430146333672116	-2.485216188617567	2.3687726750092257	-1.2360838237338296	-1.2220896942425272	-2.21930550013018	
12.346465017832669	-2.5622063068223664	2.3713162015620477	-1.2151658745605514	-1.1846975507510702	-2.1058906928459176	
12.239705173944277	-2.631865957361284	2.372071896808532	-1.1810482780204357	-1.1426424122265946	-1.9836795450612141	
12.108902623545346	-2.690387304376849	2.3726264849421224	-1.1365775176483868	-1.0967449001973866	-1.8554636189614455	
11.953644095546043	-2.734539607054594	2.374666487431535	-1.0852564649874838	-1.0479265759374297	-1.724088538830542	
11.77448452979046	-2.7621092566214824	2.3797298238324696	-1.0310155473707585	-0.9971680938679962	-1.592379058433258	
11.573159268486293	-2.7722771996112834	2.388960221001927	-0.9779254144540708	-0.9454636952863695	-1.4630635655326698	
11.352590758989741	-2.765863932886394	2.402906510522668	-0.9298719092917459	-0.8937789870830302	-1.3386988982433177	
11.116731236638904	-2.745384687446476	2.421403974055547	-0.8902228545076173	-0.8430169061694287	-1.221597397270063	
10.870304129138978	-2.714885382237217	2.4435608050078175	-0.8615212372870701	-0.7939938355934273	-1.1137588989240061	
10.618505451431291	-2.679565404177444	2.467854636217508	-0.8452407912496868	-0.7474252163767875	-1.0168112372620766	
10.366711885294116	-2.645232927156734	2.492324945729001	-0.8416356981564249	-0.7039182085201923	-0.9319630371713243	
10.120221635695165	-2.6176703951318796	2.514832040332879	-0.8497055755753576	-0.6639683282257555	-0.8599720818595685	
9.8840360905857	-2.602003045730388	2.5333446013459997	-0.867282002252337	-0.6279574700718463	-0.8011314612747796	
9.662679849183395	-2.6021582605118487	2.5462155779267635	-0.891226803687594	-0.5961518414175635	-0.755274294967311	
9.460054175820206	-2.6204814345099194	2.5524098827333406	-0.9177185733188296	-0.5686995236871424	-0.7217963164214755	
9.279321227585061	-2.657543362401115	2.5516558016669437	-0.9425947656395888	-0.5456282454891427	-0.6996942442278699	
9.122819441002282	-2.712143689742231	2.544503362788449	-0.9617128806050864	-0.5268443765067856	-0.6876169141758646	
8.992011598439378	-2.7814903999613443	2.5322849338467406	-0.9712951571021339	-0.5121341766143221	-0.6839258245093156	
8.887465997147581	-2.861518543172786	2.5169848040558724	-0.9682256110333981	-0.5011681042562568	-0.6867620680795625	
8.808869117904303	-2.947302256678124	2.501035134846261	-0.9502751978916247	-0.49350868285303773	-0.6941173413542576	
8.755067617938954	-3.0335117460616843	2.487064485986638	-0.9162386153318252	-0.4886222650372017	-0.7039075026824597	
8.724138008158244	-3.1148681127470446	2.477631469092029	-0.8659752633735136	-0.48589484121903265	-0.7140473302443938	
8.713483533094225	-3.186555652265689	2.4749766334099847	-0.8003576418958314	-0.48465171070662205	-0.7225249664025614	
8.719960555965663	-3.2445609191863927	2.4808209616120496	-0.721138231845763	-0.4841805276783898	-0.7274740305752873	
8.740037464638961	-3.2859171564044414	2.4962310699410977	-0.630752974317343	-0.48375670431058576	-0.7272405991818152	
8.769987591825902	-3.3088417799960563	2.521559903286392	-0.532084360814452	-0.4826696186027915	-0.720441754231821	
8.806113034922117	-3.3127631034356	2.556459747499679	-0.4282097163841608	-0.4802476653557838	-0.7060123190706535	
8.844988708033634	-3.298241352707606	2.5999542326835483	-0.32216042555398267	-0.47588009203444626	-0.6832367238844688	
8.883707069660563	-3.266799024521793	2.650549540685874	-0.2167154696769278	-0.46903392631198515	-0.6517636243901921	
8.920096974737975	-3.2206858003502585	2.706363249445213	-0.11424760320811658	-0.4592651430018225	-0.6116019331257943	
8.952888657978319	-3.162610786092247	2.7652521882813796	-0.016633068111262934	-0.4462243401206769	-0.5630983044321971	
8.98180276568557	-3.095476810060286	2.8249271998978056	0.07477309026163056	-0.42965821955552247	-0.5068976987571281	
9.00755293818742	-3.0221466632690013	2.883050518113004	0.15910267244861187	-0.40940871318551086	-0.44389014326740367	
9.031764178740172	-2.945261153791977	2.9373178940981166	0.23589428689613512	-0.38541150565169824	-0.37514790456436964	
9.0568176747615	-2.867117990231912	2.9855306585121006	0.3049847153613539	-0.35769507141295237	-0.30185778420332343	
9.085635996662578	-2.7896127540891995	3.025662349891733	0.36639000182280007	-0.326380565452748	-0.22525347206302646	
9.12142357697587	-2.714238530840245	3.055922601094349	0.4201936543896833	-0.29168248298815325	-0.1465527328199019	
9.16737873856395	-2.6421390000453897	3.074818919027124	0.46645651713849423	-0.25390972904681675	-0.06690360394763237	
9.226400396402546	-2.574206954557265	3.081215503413921	0.5051599221447005	-0.213466616338002	0.012656792427318937	
9.300820808360683	-2.5112154746151356	3.074386783901869	0.5361900188665787	-0.17085291583921544	0.09122818125331256	
9.392199638101676	-2.453963506744682	3.054061421968108	0.5593664849110841	-0.12666134031401105	0.16805655533341357	
9.501208953927353	-2.4034132965740342	3.0204504599375914	0.5745131245391796	-0.08156999982794584	0.2425276395933521	
9.627622701940226	-2.3607954475554838	2.974252107571549	0.5815616820452677	-0.03632688616829249	0.31414702993461613	
9.770402169366022	-2.327658881332081	2.916626349198836	0.5806744981299213	0.008276265561106406	0.38251164473099986	
9.927848475465588	-2.305847621012061	2.8491354761985086	0.5723674298168994	0.05144214946547592	0.44727862949485264	
10.097780714963845	-2.2973940272316424	2.773651251737739	0.5576125000084232	0.0924174442616674	0.5081384901018156	
10.27769726383161	-2.3043289303142296	2.6922345512950545	0.5379004959139739	0.13055058695982336	0.5647988101758716	
10.46488783998272	-2.3284224374850226	2.6069977684218286	0.5152474302443699	0.16535216378958148	0.6169834056918408	
10.656482645029385	-2.3708833776573393	2.5199631624438514	0.4921350412117868	0.19655041596993253	0.6644492743248325	
10.849448024050588	-2.4320588225269737	2.432931542343702	0.4713841384173338	0.22413332858746587	0.7070203065083502	
11.040559226904605	-2.5111818408805173	2.3473739452664684	0.45597019631953367	0.24836986261932328	0.74463309963288	
11.226393238980519	-2.6062153421947483	2.264355406720082	0.4487992298145147	0.26980515507968306	0.7773870835747595	
11.403382729062463	-2.7138299096371914	2.1844958603665927	0.45246908239871025	0.2892281695678423	0.8055891528597434	
11.56795450118136	-2.829533914722158	2.1079697401252835	0.46904465498510334	0.30761454375501823	0.8297826499173317	
11.716746817346047	-2.947948225783633	2.0345435485942938	0.49987432794816267	0.32605124955447345	0.8507522747454652	
11.84687413775449	-3.063195394442771	1.9636490592081965	0.5454683506889321	0.34565146363808946	0.8694993394617064	
11.956190730903394	-3.1693502314141253	1.8944856386462818	0.6054515176160492	0.36746930791210025	0.8871872971563592	
12.043524364487473	-3.26091213636952	1.826143165860033	0.678588626502697	0.3924192802458595	0.9050576987985394	
12.108824493394987	-3.333205110026883	1.7577224338581692	0.7628819577373993	0.4212145429403082	0.9243332209200813	
12.15328727813819	-3.382774388294055	1.6884517607328622	0.8557072095476297	0.454308845943868	0.9460950213771389	
12.179261122693877	-3.407506863337789	1.6177464688177254	0.9540111162518352	0.4918912247455164	0.9711995548365682	
