13.133717111533104	-2.768348257275096	2.8271193891763806	0.1450718453783079	0.6481813290196781	0.738993038395356	
13.163436460290074	-2.7430990698349507	2.678195196271092	0.15636064045869352	0.7393567501119046	0.8129823603668574	
13.169455602810178	-2.715490291229009	2.5131322817146957	0.17280539981450604	0.8286911112171436	0.8904307836061178	
13.153665312363795	-2.687541701125949	2.3354051863881398	0.19400553946491994	0.914627175382925	0.9698845438244674	
13.117048853585247	-2.661093486270203	2.1493078609837726	0.2195275799516963	0.9957191460159716	1.0497142259908505	
13.059384474957726	-2.6375532633007794	1.9598208196099656	0.24890156636980026	1.0706967958786673	1.1282035434655984	
12.979310553158125	-2.61767932377669	1.772229949943487	0.2816158670467401	1.1385013360111582	1.2036959679983024	
12.874578774829576	-2.6014599316640195	1.591818539596331	0.31710255599827386	1.1983084797351657	1.2747041714113834	
12.74250578739601	-2.5881073556756373	1.423526203622635	0.35472607846863896	1.2495356585909159	1.340006582140345	
12.58050913298235	-2.5761734428838583	1.2716477620650832	0.3937805726090957	1.2918389421601724	1.3987084460397416	
12.386645968949033	-2.5637651081311272	1.1395762037319526	0.4335017204351962	1.3251014640391143	1.4502672170676931	
12.160077200860025	-2.5488220192182673	1.0296110524074498	0.473093907166423	1.349415519086948	1.4944813368040966	
11.90140362162965	-2.52941171729492	0.9428446235865865	0.5117692417596428	1.3650596062652585	1.531447376691655	
11.612838798457375	-2.5039978779103924	0.8791357587419105	0.5487913198946361	1.372471662188332	1.561494016941179	
11.298212209942173	-2.471648938141893	0.8371672399763022	0.5835160321675049	1.3722201918299126	1.5851042476563242	
10.962810207991955	-2.432166327323448	0.8145803104755647	0.6154233735580713	1.3649740448952037	1.602835416245825	
10.613078424676198	-2.386120829810822	0.808174590784562	0.644136454745514	1.351471404719804	1.6152451766982197	
10.256223047191423	-2.3347949067986122	0.814158119817619	0.6694261070772297	1.3324884625830546	1.6228291777561987	
9.899756660226926	-2.2800388285179958	0.8284299604904178	0.6912011245228884	1.3088084521471337	1.625974132960031	
9.551035251122615	-2.2240592668329207	0.8468760261353182	0.7094854112338963	1.2811921482456612	1.6249280585267332	
9.216826803427397	-2.169168728374695	0.8656573035440682	0.7243844175975244	1.2503513186101232	1.6197879487330944	
8.902940671780376	-2.117529647285763	0.8814696004805649	0.7360443427738163	1.2169266065212565	1.6105038253732242	
8.613939428317126	-2.0709278941305698	0.8917533110627865	0.744608550258281	1.1814711269535372	1.596897310596365	
8.352947563660708	-2.030605724241982	0.894834469122871	0.7501765643399376	1.1444403279444326	1.5786915056390196	
8.121561607098826	-1.9971709200936798	0.8899871794572344	0.7527704890582024	1.1061875948011712	1.5555482225626776	
7.919865585589305	-1.9705876744404747	0.8774129110928013	0.7523128089266995	1.0669647813998984	1.527108937227884	
7.7465507315934135	-1.9502435283794552	0.858140857180386	0.7486184169539504	1.0269266319915544	1.4930359110669305	
7.599131582769911	-1.9350771570764775	0.83386264681556	0.7414022521562208	0.9861381273992863	1.4530502982306277	
7.474242749138615	-1.9237453937780882	0.80672215247533	0.7303022797573017	0.9445840221219484	1.406964542197892	
7.3679931291420315	-1.9148052140831977	0.7790853038875754	0.7149158605387116	0.90218008777544	1.3547069120430046	
7.276348730738449	-1.9068874795922506	0.7533150494945413	0.6948460528711071	0.858785741417891	1.2963366204384072	
7.195513071969258	-1.8988436606015184	0.7315731299845797	0.6697533730405729	0.8142178136418765	1.2320486301935718	
7.122271983786009	-1.8898516081801446	0.7156662424329143	0.6394074145240014	0.7682652985298922	1.1621674954854826	
7.054272514774223	-1.8794739276324797	0.7069465086364385	0.6037323670936731	0.7207046575891741	1.0871309020934223	
6.990215200078297	-1.8676696709054155	0.706266874472614	0.5628412767626635	0.6713152293620006	1.0074643011738755	
6.929946069865355	-1.8547640719923584	0.7139863112811076	0.5170546909979413	0.6198941604908432	0.9237485061972094	
6.874444131412988	-1.841384701767515	0.7300151032434441	0.46690086308813555	0.5662701285978406	0.8365827945546591	
6.8257098000562895	-1.8283749127315616	0.7538878868621584	0.4130966582023187	0.5103150828443408	0.7465464766971205	
6.786568544703573	-1.816696498868595	0.7848513159150273	0.3565105310040179	0.4519532564584566	0.6541620764598581	
6.760410852996328	-1.8073328738425458	0.8219543076124031	0.2981112050651273	0.39116685836691334	0.5598631735438628	
6.750893884625691	-1.8012018490914927	0.8641318735191253	0.2389076420639789	0.3279981942701308	0.4639695661919268	
6.761631357131615	-1.79908375218012	0.910278146896511	0.17988706183284633	0.26254843499462804	0.3666718063467788	
6.79589974475997	-1.8015677830168888	0.9593084201790566	0.12195842229143407	0.19497355098952907	0.2680268552795754	
6.856385877432314	-1.8090157310983843	1.0102122989743012	0.06590738772151751	0.12547845860539802	0.16796507577053732	
6.944994118750344	-1.8215409902872008	1.062099830341058	0.012365918363372438	0.054310177994205566	0.0663082076841009	
7.062726767618544	-1.8390019938496638	1.1142392252946614	-0.038203073921290534	-0.018249540356889388	-0.037202630748189865	
7.209645703512828	-1.8610108798556655	1.1660813589644419	-0.08550794147834938	-0.09189197746850696	-0.14287056677099336	
7.384916193355607	-1.8869591206323946	1.2172650060419825	-0.12942070190326957	-0.16628959743536556	-0.25100043738628286	
7.58692468116505	-1.9160610048439843	1.2675994137541629	-0.169963135857191	-0.2411044665518006	-0.3618527008165886	
7.813452251979911	-1.9474132407793971	1.3170269185309291	-0.2072893586107984	-0.3159964982734731	-0.4755965519122416	
8.061876781905802	-1.9800654083169822	1.365575401833254	-0.2416664921291913	-0.3906307182211665	-0.5922648294050491	
8.329372422044742	-2.013092678818011	1.413315401850617	-0.27345385321633736	-0.4646824229296874	-0.7117131381295859	
8.613074144239146	-2.0456594668409642	1.4603379905562435	-0.30308044698457487	-0.5378388630587032	-0.8335858683343405	
8.910180451193881	-2.0770631635879764	1.50676570907378	-0.3310209061669362	-0.6097962156772262	-0.9572904513444503	
9.217977476596396	-2.1067498072228625	1.552801563495198	-0.35777016130274897	-0.6802509950019169	-1.0819810954580373	
9.533779125650604	-2.134297860970152	1.5988122821863247	-0.38381793605797015	-0.7488859246041686	-1.2065530740291623	
9.854794203606735	-2.1593724229570124	1.6454322678476418	-0.4096248798679003	-0.8153516273887088	-1.3296487252708284	
10.177950750202337	-2.1816591536946848	1.6936655405019827	-0.43560257879322195	-0.8792469340946775	-1.4496766207902851	
10.499725189920534	-2.2007936232110095	1.7449564662693982	-0.46209957160226334	-0.9401015937162799	-1.5648455145069855	
10.816032159956698	-2.2163058533000584	1.8011986774177995	-0.48939462776678466	-0.9973651080455797	-1.67321429077942	
11.122223004248013	-2.2275997141438544	1.8646574575342143	-0.517696922524836	-1.050404052365098	-1.7727579922443104	
11.413216079838403	-2.233982035353268	1.9377936834276122	-0.5471509840902266	-1.0985082886003301	-1.86144823489171	
11.68374034468202	-2.234745563666295	2.0229994889723466	-0.5778427615724502	-1.140904461352922	-1.9373432726204571	
11.928636686346684	-2.229297022168274	2.122275807450992	-0.609802817344382	-1.1767743839231488	-1.9986814979488419	
12.143147396922384	-2.2173112512921334	2.236894273390112	-0.643003886019384	-1.2052769140646713	-2.0439714825794657	
12.32312957760739	-2.1988847824929905	2.3670927856478787	-0.6773518053133646	-1.2255731216315007	-2.0720713638353807	
12.465152412786875	-2.1746593247151407	2.511852293293665	-0.7126709121705224	-1.2368557247499867	-2.082251033860503	
12.566473582617446	-2.1458879048337374	2.668792676037814	-0.7486868861843593	-1.238384457119662	-2.0742320515969674	
12.624927201858936	-2.1144231268473757	2.834209669718749	-0.7850113486473059	-1.2295288485101434	-2.048202362017998	
12.638784269976819	-2.082616962545152	3.0032555483996273	-0.8211331262015821	-1.2098185685084726	-2.004805497242675	
12.60665770917882	-2.053133088574935	3.1702478353194534	-0.8564210075437634	-1.1789992269026333	-1.9451065924828588	
12.527512089096613	-2.0286857039906825	3.3290768761326146	-0.8901426270240846	-1.1370877429974657	-1.870538559020304	
12.4008055188957	-2.011735902579015	3.4736682828755807	-0.9215023135858322	-1.084419237219753	-1.7828346719031196	
12.22674976471513	-2.0041872352050136	3.598454714678522	-0.9496984878489289	-1.0216774211318413	-1.6839541320393288	
12.006639674240569	-2.00712935041608	3.6988114658824762	-0.9739980013013135	-0.9499012613376283	-1.5760062080230872	
11.743180781892661	-2.020678569071116	3.77141139194258	-0.9938201915845526	-0.8704635167305513	-1.461178032498189	
11.440737465906599	-2.0439523870773475	3.814461295405033	-1.0088188320757043	-0.7850205495395041	-1.3416698099469968	
11.105434151160466	-2.075191739893908	3.827793907427219	-1.0189471662812322	-0.6954370582556973	-1.2196395830163185	
10.745066643717227	-2.112014992095504	3.8128063065014497	-1.02449139879151	-0.6036933006203078	-1.0971580974848405	
10.368814680081423	-2.1517590099762085	3.77225509491533	-1.0260621452819774	-0.5117850711235649	-0.9761729571603377	
9.986781181290446	-2.1918442978130797	3.7099371142263076	-1.0245407006470872	-0.42162732722923785	-0.8584803393907947	
9.609412331859035	-2.2300954021762216	3.6302986435347298	-1.0209858493076327	-0.33497179206030614	-0.7457028529163215	
9.24687376346096	-2.2649628281317455	3.5380295499777934	-1.0165171636383876	-0.2533454053150269	-0.6392717404813619	
8.9084502792001	-2.295623058841172	3.4376915086516737	-1.0121939352841642	-0.17801206736435318	-0.5404122454611788	
8.602023943254332	-2.321961627757555	3.333418931711294	-1.0089079847282105	-0.10995696611513904	-0.4501317510764103	
8.333668808541951	-2.344466813378688	3.2287168569758675	-1.0073038067478939	-0.049890218036348646	-0.36921085034738976	
8.107383800023442	-2.3640723384517783	3.12636341344838	-1.007732258912832	0.0017348548700089814	-0.2981979436408081	
7.924971978079584	-2.3819855651639186	3.0284090312733527	-1.0102368187795225	0.044693757297310094	-0.23740807531508096	
7.78606538892151	-2.399526987585651	2.936252482332841	-1.0145663211729092	0.07895753590258052	-0.18692647154233372	
7.6882883843548875	-2.4179937425250317	2.8507663411411395	-1.020205917225912	0.10465764825268216	-0.14661672070656329	
7.627548818144983	-2.4385502263523833	2.7724423851310576	-1.0264187223035175	0.122051500859641	-0.1161332886689601	
7.5984406291162525	-2.4621458768946853	2.701529367268373	-1.0322927243213322	0.13149055712086885	-0.09493841263137219	
7.594723798748121	-2.4894592190507865	2.638141357663149	-1.0367886862813942	0.13339291637079367	-0.08232285946988385	
7.609847106349643	-2.5208685087622755	2.58232719946175	-1.0387872364889037	0.1282212567489362	-0.07743111834315382	
7.637474322952448	-2.556449891365742	2.534101918708502	-1.0371342270186148	0.11646665819098492	-0.07929159230091451	
7.671974055724523	-2.5960024550514285	2.49344905357241	-1.0306841121233346	0.09863844651562628	-0.08685182973250959	
7.708836229696702	-2.639096380650351	2.4603069479282818	-1.0183416405291388	0.07525989614168484	-0.09901790320368234	
7.744982686428248	-2.6851364577828525	2.4345520793610462	-0.9991025297715327	0.04686934445509116	-0.11469592207358911	
7.778945909663165	-2.7334298537587896	2.4159896058311423	-0.9720939754862528	0.014025870991191278	-0.1328327094265846	
7.810900516427241	-2.7832455275163435	2.4043567016247813	-0.9366159275151646	-0.022681861355614896	-0.15245226770340262	
7.842543678294032	-2.833853924633119	2.3993390282762093	-0.8921834334238367	-0.06262573895372033	-0.17268466014412076	
7.876840557738995	-2.884539883506068	2.400595584944282	-0.8385690150457576	-0.10513006590621843	-0.192784445655766	
7.917673914424319	-2.934588899928721	2.407784375277158	-0.7758435702532379	-0.14946768874230368	-0.21213751512147502	
7.969441740928733	-2.9832537996235944	2.420581809790499	-0.7044124546239509	-0.19486226352482727	-0.2302561634792723	
8.036648857941335	-3.02971461954594	2.4386909065462707	-0.6250423195892323	-0.2404974275310095	-0.2467634480221885	
8.123531530358727	-3.073048216253973	2.461836527252219	-0.538873621217306	-0.28553241447782524	-0.26136903004311157	
8.233742583571912	-3.1122244982052703	2.489749047201454	-0.4474135587778872	-0.32912261931641246	-0.27383965742238664	
8.370112521349972	-3.1461426018540277	2.5221402102926707	-0.3525046216681776	-0.37044292344741986	-0.2839681052770824	
8.534492517777196	-3.173713106819689	2.558676097577103	-0.2562649802810535	-0.4087112431031344	-0.29154459706656716	
8.72767779925469	-3.1939828374186674	2.5989521004436837	-0.1609986068964933	-0.44320973205747805	-0.29633431379356384	
8.949407300606447	-3.206286740259657	2.642473995966684	-0.06907524695589601	-0.4733008906289268	-0.2980637140756263	
9.198426337926788	-3.2103992838575532	2.688646960207074	0.017214477634157774	-0.4984360701979136	-0.29641674865774303	
9.472589530943813	-3.2066530284026453	2.7367713691230526	0.09581959671586487	-0.5181546496249839	-0.29104004228287306	
9.768976735275542	-3.195992817064443	2.7860424895084344	0.1650915998782156	-0.5320730633953505	-0.28155475737022895	
10.08399187064718	-3.179942599293148	2.8355500301106047	0.22393237234120364	-0.5398646859483244	-0.2675719655920626	
10.413421198483205	-3.16047661156852	2.884272855796819	0.2719085385442296	-0.5412339607826135	-0.24870824064133482	
10.752444810824636	-3.139804593532855	2.9310643835818233	0.309314785534798	-0.5358906370957771	-0.22459890888591724	
11.095620418816548	-3.1200982669981276	2.974626380650161	0.3371731796723488	-0.5235317830022309	-0.19490782845069207	
11.43688517610977	-3.1031996896379197	3.0134736482438753	0.3571627632139023	-0.5038394966569003	-0.15933438938530586	
11.769639556433315	-3.0903581099078075	3.0458987250327256	0.37148251413342265	-0.4765002839958379	-0.11762017442680048	
12.086975930230468	-3.0820431175568217	3.0699540502842058	0.3826593489141603	-0.4412472382280932	-0.06955859245740588	
12.382074841346585	-3.077866993795813	3.083473051445453	0.39332456396937776	-0.39791897425464673	-0.01501049523353504	
12.648734224474357	-3.0766271266963776	3.084153028458951	0.4059835570134546	-0.34652367880806567	0.04607253710809534	
12.881930849659813	-3.076453998274918	3.0697084079344994	0.4228064431073653	-0.2872933099928305	0.11361902916070751	
13.078293885710215	-3.0750403295646738	3.0381108457952832	0.44544897808536854	-0.2207167930815441	0.1874025013499531	
13.236321488847379	-3.0698891865849176	2.9878385309054982	0.47494728585067797	-0.14753924500694754	0.26701515743466103	
13.356370588574165	-3.0586042968663643	2.9182424879660265	0.5116064145936188	-0.06874064114006048	0.351830773135378	
13.440166375414776	-3.0390636728528504	2.829645415244124	0.5550689853272385	0.014531722609343	0.4410211131801931	
