15.47373607290556	0.6608655152446973	4.04399544591898	0.7474567338918087	-1.6062580238165771	-0.319405166351288	
15.398141661396402	0.6894778471221609	3.8666118520142545	0.7055194530068463	-1.1584760719150304	-0.31420127723805386	
15.208559661746857	0.7198821775020221	3.637353031377965	0.6627751986288206	-0.7263923985255926	-0.30910952243860107	
14.919952296432657	0.7536682443978076	3.3667027032684715	0.6193755016581143	-0.3189852530352955	-0.30427442008445404	
14.548020658747628	0.7921011036630227	3.0652245788921553	0.5754287444761721	0.05539171534139015	-0.2998136845501424	
14.111337374889166	0.835165362787787	2.7437601187291807	0.5308780131963029	0.39086432645760394	-0.2957392469438534	
13.629556321024843	0.8819759492038651	2.412565464981726	0.4856540327936943	0.6835756169891545	-0.29198960311680383	
13.122613826496993	0.9310105432787569	2.0809312468232237	0.43973538657103	0.9315702531933179	-0.2884435766786982	
12.610064170776369	0.9803758242313395	1.7568186711030014	0.3931837661505274	1.1349881575577059	-0.28492735232657646	
12.110338972596994	1.0282391972859646	1.4468076119032371	0.34613523096768	1.2956580145414271	-0.2812381789292522	
11.640334188789923	1.0730419735887746	1.1560617493541698	0.29877871186305194	1.4168901994689718	-0.277156311528747	
11.21475946988614	1.1137593031293485	0.8881881634233578	0.2513058286408772	1.503309154717017	-0.27245837901733266	
10.846008438812639	1.149905828210596	0.6454093168286873	0.20384764029565064	1.5604014882432844	-0.2669290229361341	
10.544058925318284	1.1815139293194565	0.428633815336387	0.15643968383110068	1.5942639187226484	-0.2603674838483596	
10.316110760926275	1.2091157187698593	0.2374188227201983	0.1089686858638364	1.6113063456662313	-0.2525979388966767	
10.166772180286083	1.2336227034991807	0.0702004069433303	0.0611693443954197	1.617904345450308	-0.2434746038927523	
10.09812254496904	1.2562556467578192	-0.07557433270361477	0.01262887856900596	1.6202001335594953	-0.23288509020951895	
10.109505655892395	1.2784724245304948	-0.20335504088140618	-0.03721251565373068	1.6238052662788616	-0.22075878850818526	
10.197814787698169	1.3018024276979316	-0.31717629548884296	-0.08901296563223059	1.6336176866325054	-0.2070679945677488	
10.35762648292067	1.3277299606302706	-0.4214555848928057	-0.14349068401029363	1.6537139305665987	-0.19182975388616827	
10.581095525484509	1.3575078644262524	-0.5207333785464964	-0.20136656774916556	1.6871085472585619	-0.17511472506352688	
10.85829342079242	1.392004381979072	-0.6193392936641581	-0.2632845989098535	1.7357183405817183	-0.15704826145683257	
11.177406412411372	1.4316223901275769	-0.721185606534749	-0.3297591368485049	1.8003429655696983	-0.13781193905515882	
11.524774486222247	1.4761426314720716	-0.8294255990582948	-0.4010813936032289	1.8805020111296882	-0.11765345175229543	
11.885330220034438	1.5247078030044452	-0.946245965902912	-0.47725850531222547	1.974516502997744	-0.09688497710825822	
12.24290870322457	1.5758322621314056	-1.0727679319474748	-0.5579794648582129	2.0795706209845184	-0.07588132825579137	
12.580567079743451	1.6273483674286136	-1.2087958002444716	-0.6425285478248469	2.1916536270148628	-0.05508495348597425	
12.881216696944874	1.6765133407986421	-1.3528654601032568	-0.7297755312028454	2.305752008230657	-0.034995030169486324	
13.128081472639051	1.7201006728038666	-1.5023319457275526	-0.8181815356540678	2.4159952326049328	-0.01615762125211586	
13.305423061538555	1.7544760262145767	-1.6533648370304193	-0.9057580166101004	2.51575076182193	0.0008435635850637902	
13.399324834847313	1.7758209392422044	-1.801262451346602	-0.9901305295097481	2.5979266545384534	0.015411494067768905	
13.398200837510386	1.7803103121123574	-1.9407003385751662	-1.0686030702628997	2.6551901613244917	0.026954092420010064	
13.293845821474347	1.7643773426842264	-2.0660029444071935	-1.1382140128873106	2.6802430645031903	0.034911608416355426	
13.082080408966254	1.7250480088510647	-2.171588313819652	-1.1959017836473704	2.6661863447044953	0.03878756338209927	
12.76302791954232	1.6601489478174787	-2.2522447899974685	-1.2386356686886657	2.6067537263068012	0.03816787840149212	
12.342073186611458	1.5686990023213911	-2.3035395446988796	-1.263608921282449	2.4967196426296603	0.03275879595577327	
11.829842363113022	1.451103301926742	-2.322091400906684	-1.2684622394834388	2.3322100796121417	0.02241085242056845	
11.241857636335855	1.3091579230738737	-2.305627121733716	-1.251405617621599	2.110848992936905	0.007128146464451734	
10.598699246918144	1.146206915534902	-2.253155584431042	-1.211451228543207	1.8321627274460095	-0.012898281418383143	
9.924843770088303	0.9668759712499556	-2.164757636390201	-1.148496159255246	1.4976844451023394	-0.037292647150554525	
9.247573842883744	0.7767915041484309	-2.041340206999627	-1.0632980083866674	1.1109072561510305	-0.06551142354126469	
8.595921835701697	0.582348685290834	-1.8844195311763574	-0.9575479733107503	0.6774991458780347	-0.09684505074671668	
7.998781592196234	0.3902429870283978	-1.6957283494751845	-0.8337275904198435	0.205088055880326	-0.13046903709316177	
7.483703781217008	0.20716137319251127	-1.4770297655958142	-0.6949648427141591	-0.29701058858362156	-0.16548766919621505	
7.075237416109095	0.039407278519015904	-1.2299517064693606	-0.5449504910811922	-0.8178918650174014	-0.20097854796263973	
6.793505798128536	-0.1075118455211992	-0.9559946300372126	-0.38771430192838086	-1.3455428372303833	-0.23605207468125355	
6.653682941066473	-0.22909447534509378	-0.6566309447614478	-0.2274563710923434	-1.8672308511221853	-0.26988049139440284	
6.664698618383742	-0.32223646361324265	-0.3334640489279893	-0.06837011108860024	-2.369861374536808	-0.30173708203353816	
6.828957228789933	-0.3854092945412892	0.01151300023614717	0.08559372889112608	-2.840522981082914	-0.33101412525530044	
7.142709886651331	-0.4186000008747636	0.3757592985275279	0.2308560886846684	-3.2668282321418687	-0.3572204911493508	
7.595607115289986	-0.42343182971464455	0.7559129227859707	0.36440927306027604	-3.637389504615179	-0.3799939153715096	
8.171489714114006	-0.40289794861405004	1.1475811459250251	0.48394635328018937	-3.942275442405727	-0.3990895391114584	
8.849414968019847	-0.3610311413580963	1.5453085314759119	0.5878681271478331	-4.173207424620737	-0.41436504086071335	
9.604120698543676	-0.3026658675935973	1.9424013576613897	0.6753847668830716	-4.324038017696185	-0.42578091487799763	
10.407546342197199	-0.23292379413522557	2.3310207950104123	0.7464606536476508	-4.391020702743772	-0.4333887486499059	
11.230107453950527	-0.15685311588540876	2.7024364909653444	0.8016903662614382	-4.372787597612967	-0.43732089212034564	
12.041875793390219	-0.07902990166713113	3.0472249144762604	0.8422469481499957	-4.270684086718133	-0.4377938063176776	
12.814268220842948	-0.003152195481731723	3.3558514813565914	0.869680341705715	-4.088720688737855	-0.4351035554460915	
13.520993581373455	0.06807774067457242	3.619172123235738	0.8857465189420611	-3.833269038601935	-0.42961659533429375	
14.139371273639036	0.13318773338711756	3.8290696720289565	0.8922587750004892	-3.5130766048590987	-0.4217703757840365	
14.651374814574398	0.19189965639838868	3.979241806456582	0.8908943876892834	-3.1388097100763273	-0.41205821875483156	
15.043738853416627	0.24490016685549293	4.06551287822238	0.8831099118760751	-2.722517206474989	-0.4010090033412562	
15.308719422596479	0.2937137274499096	4.086434341903265	0.8700373553110883	-2.277264270563289	-0.3891690952281873	
15.44405195420679	0.340315059919693	4.043459706193335	0.8524512530548425	-1.8164079962429143	-0.37706678608835925	
15.45226432259769	0.38682334298456256	3.940554754270003	0.8308187880748379	-1.3530808787708601	-0.36518787814183107	
15.340670150791238	0.4352240349304263	3.7840917208180005	0.8053182055853961	-0.8996459995432683	-0.35394458094488146	
15.120571321558387	0.48704507418478465	3.582088245192055	0.7759427007829425	-0.4670981032371034	-0.343645361889758	
14.806310282672154	0.5432375093312579	3.343494805556923	0.742597722219388	-0.06486248575749103	-0.3344908482121392	
14.41480829062817	0.6040032825102644	3.0776582489074062	0.7051825429582292	0.2996067615552526	-0.3265567192669147	
13.96459264238384	0.668770005807047	2.7936587546972818	0.6636947602665533	0.6210306197104066	-0.31979761252451017	
13.474981685203804	0.7363674715629366	2.5000231906426094	0.6182693220116606	0.8961499046156554	-0.31407051408979497	
12.965444066633196	0.8051493288432316	2.2044228584104943	0.5692241157824283	1.123853503121015	-0.3091450914334935	
12.454720798945042	0.8733443538593972	1.9134833273544805	0.5170597737197654	1.3050231630957703	-0.30473560311218145	
11.960383525632537	0.9393059407429826	1.6328176656185935	0.46240626280472424	1.4421679853723102	-0.3005284871001208	
11.498295705959416	1.0017356362505472	1.3669184393231624	0.4059810706126153	1.539314623624988	-0.296202567407392	
11.082160075013421	1.0598384531662381	1.119133004354162	0.3484895589917266	1.6016513950128142	-0.2914534691287449	
10.723524672233436	1.1132757416143304	0.891758497105664	0.29055710878096225	1.6351451775997274	-0.28600415034314813	
10.43149870854642	1.1621643292210289	0.6859700046982382	0.23266140643503214	1.6463132264884313	-0.2796166322529305	
10.212630974942243	1.2069891269598954	0.5018188585995635	0.17507255272133462	1.641850890501918	-0.27210061265852414	
10.07112976550029	1.2485084948971856	0.33838115320216366	0.11785547463167988	1.6283676558573223	-0.26331131383631723	
10.008720235308408	1.2877102899531452	0.19376093906010827	0.060850238752409934	1.6121539944624013	-0.25315323776075105	
10.024639304982292	1.3257175218000599	0.06522668570859842	0.003683477527469633	1.5988969544537988	-0.2415792917726607	
10.115916188325794	1.3636758009155197	-0.05054664824768096	-0.0541805050861902	1.59357217520887	-0.2285842682721455	
10.2772987222553	1.4026529599631625	-0.15733762139814952	-0.11341169870915119	1.600262022417475	-0.21420547844259416	
10.501304788667463	1.4434785777606067	-0.2590866980536084	-0.1747406069009981	1.6219792418819925	-0.198522121927374	
10.778538831083617	1.4866632025938749	-0.35963516016472685	-0.23888376808640716	1.6606891637956092	-0.18165147352187686	
11.097701583433508	1.5322927737754006	-0.4624902971892163	-0.3064769987192716	1.7171929831486978	-0.16375150997252597	
11.445757038075659	1.5799142648845481	-0.5704894913878158	-0.3779742721633416	1.7910480961505784	-0.14502389103579755	
11.80833087611855	1.6285375318028643	-0.6856591774717622	-0.4535961628374038	1.8806865520488218	-0.1257110422889996	
12.169884193035571	1.6765755406347391	-0.8090110442747709	-0.5332588474186267	1.983371302479367	-0.10609894213766778	
12.51412826310765	1.7218164767169797	-0.9403476916241692	-0.6164887990070026	2.095219409363033	-0.0865178441887506	
12.824537371146848	1.7615224347800822	-1.078350458401657	-0.7024195410015266	2.211401883460153	-0.06733435196127485	
13.084765210315954	1.792458581454972	-1.2205380445322331	-0.7897446797389768	2.3261951401251713	-0.04894841436396715	
13.279392776103235	1.8110145486660445	-1.3633462820862228	-0.8766829990900536	2.4331397614456503	-0.0317830587570108	
13.394481704801892	1.813416621674107	-1.5024205295455515	-0.9610422522733838	2.5253066140194584	-0.016269095775156832	
13.418212884446412	1.795900301665751	-1.63277314372486	-1.0402315659956836	2.595461237464819	-0.00283287992022595	
13.341872863275741	1.755056726312564	-1.7491210769468168	-1.1113339387628902	2.6363716793784917	0.008125923446728333	
13.160202539658378	1.6881201968120134	-1.846241842943188	-1.1712582183873281	2.641087233617008	0.016249932442166725	
12.872044657352735	1.5932708539549059	-1.9192544832696887	-1.216852458307293	2.603192200679774	0.02124102504891331	
12.48117751945145	1.4700957729778152	-1.964048578625283	-1.2451312536249775	2.5172110944514796	0.022885559892047855	
11.996076926693743	1.3196827860374434	-1.977449022372944	-1.25346810756847	2.3788017098148035	0.021061067522612727	
11.430158667946348	1.14480381980499	-1.9573959535208343	-1.2397798269331561	2.1850194222015706	0.01575026220339969	
10.801796860905576	0.9500235707381912	-1.9030783286200461	-1.2028040413627608	1.9346934971322014	0.007058151581542702	
10.133201739999546	0.7413185900734397	-1.8146928429820708	-1.1421538024141857	1.6284217133985959	-0.004800080157482111	
9.449870959292879	0.5258879496262969	-1.6933276451851105	-1.058421566652217	1.2687285671635276	-0.019500594827569946	
8.779378565491458	0.31170837290902076	-1.5406693371001237	-0.9532645184562052	0.8602409502360425	-0.03662529415055214	
8.14979563248071	0.10696664277372375	-1.3586462880752166	-0.829229620297606	0.4094158294113091	-0.05570165339255176	
7.5885852726127965	-0.080331531620247	-1.1492293076002265	-0.6896944746388074	-0.07550562645165063	-0.0762281475069391	
7.120817983334693	-0.24298851456413254	-0.9142084107121261	-0.5387282014073015	-0.5846402050996219	-0.09771851428109857	
6.7681562286171495	-0.3749994959470646	-0.6551889441338447	-0.38081832781690333	-1.1069279766648474	-0.11973042254770705	
6.547911940197478	-0.47190747866451904	-0.37362383479791456	-0.22070657133570226	-1.6303682775252806	-0.141884260799865	
6.47169511892082	-0.5313229370682053	-0.07097362563865878	-0.06310743337269298	-2.14241997144799	-0.16388071109521074	
6.545476099144568	-0.5528781135989183	0.25108492143587036	0.0875424578498493	-2.6304665493005506	-0.18548666879969503	
6.769246443206577	-0.5382955725323559	0.5904852522069641	0.22727252503985484	-3.082132669364703	-0.20652692814251083	
7.1365583793444864	-0.49138328135038456	0.9444684007323983	0.35286543643100216	-3.485796735605618	-0.22686402841136233	
7.635476653669691	-0.41748192591639127	1.309443386753414	0.461925335702958	-3.8309161258426894	-0.24637131929761688	
8.24886907009764	-0.3231629039229105	1.6808442635846363	0.5529614427703943	-4.108329964155076	-0.26491754088775027	
8.95485687595921	-0.21569911123378893	2.0529124878642317	0.6254927430301722	-4.310777870254617	-0.2823472197563575	
9.728262854425893	-0.1024147139837947	2.418810283941654	0.6798886672391233	-4.433011846812012	-0.2984789649161438	
10.541399521724795	0.009733270262066069	2.7706753866509564	0.717300191579827	-4.472003224302154	-0.3131077081528225	
11.36532113731773	0.11480101790540499	3.0997793389355657	0.7395396734977745	-4.427336069944827	-0.32601731204334927	
12.171276018336751	0.20816305908409874	3.39700106119778	0.7488134486538088	-4.3010276097102	-0.33700414485412766	
12.93170370633333	0.2867401095955395	3.653202384374134	0.7475652651412833	-4.097539592525909	-0.34589538658014224	
13.621896166945403	0.3493245022600705	3.859971682283401	0.7382348956130267	-3.8238651257025293	-0.35258202410082934	
14.220492729521455	0.3963052221564177	4.010080270031821	0.7230935090267039	-3.4889892694937386	-0.3570275897614146	
14.710422360450465	0.4295614050508653	4.098129259876893	0.7040992327994496	-3.103663127751677	-0.35928054345072324	
15.08116050156069	0.4523353275749591	4.122028128609403	0.6826256318843336	-2.6801538523352586	-0.3594999581386018	
15.323844515273391	0.468207944097653	4.080530407667297	0.6598970064080693	-2.2311039196309514	-0.3578728337755342	
