15.496194659808308	0.5837556994118845	3.731554053700296	0.6589865702760668	-1.3558507440057368	-0.2899335562330066	
15.38217445474508	0.6583669854786062	3.5629733966539625	0.6172606218361343	-0.9096068871542933	-0.28138922994779864	
15.1626270819375	0.7269542727306039	3.344599135416133	0.5706545462436254	-0.48641521626394846	-0.2754056659352673	
14.851690381652539	0.7909678513989626	3.0857144716771066	0.519739074205544	-0.09466141543215899	-0.27186610983213233	
14.46414200863529	0.8517112076725234	2.7956539997776577	0.46510303466851854	0.25800316609570767	-0.270601732686906	
14.01700487028843	0.9099541433640593	2.483899816067663	0.4074040307512997	0.5665740684274905	-0.27125864729690713	
13.528100193611344	0.9659700517511702	2.1594424533890897	0.3474112922166167	0.8281464971006706	-0.27337879314774904	
13.015411096321008	1.0196093881474002	1.8305587205398772	0.2860148946342784	1.0417418609983011	-0.2764359401923138	
12.496557281886892	1.0704026272777136	1.5046337060588797	0.22422897302175074	1.2084537418717567	-0.27985969554964796	
11.988145084095224	1.1178041832756778	1.1881390164138563	0.16312565110392818	1.3310450068923672	-0.28307909929061453	
11.505451669353306	1.1613094928470382	0.8866424322900652	0.10377278178849074	1.413664970017204	-0.28554427190585446	
11.061935033885073	1.2005679916482883	0.6047116540421873	0.04714332440896468	1.4616641449952699	-0.2867511212780933	
10.669043665793222	1.2353802145886754	0.34591465223720747	-0.005976819403167644	1.4811648732064542	-0.28625584118047787	
10.336212056020873	1.265672088372416	0.11283892829500479	-0.05502503171742405	1.4787651654954659	-0.2836792246002847	
10.070614103697508	1.2914810528277618	-0.0930226575366737	-0.09972129628060397	1.4612703572281018	-0.2787185603416524	
9.877205484811268	1.3129780180007002	-0.2712512979020068	-0.14007083555939207	1.4353583077531975	-0.27114941295812034	
9.758886824438193	1.3305002623029187	-0.4223989377505249	-0.1763375610130494	1.4073879072510926	-0.2608209475207397	
9.71639785812094	1.344611908680264	-0.5479948641704332	-0.2090459623248735	1.3831696485033271	-0.2476603297271952	
9.748415266569992	1.3561276836265088	-0.6503949908422201	-0.23894423738582862	1.3677622992723206	-0.23166830190721222	
9.85177069672881	1.3660648823077963	-0.7325841007014701	-0.26695256061865846	1.3654146285425135	-0.21291010737316776	
10.021410236611137	1.3756052944762827	-0.7980591209918595	-0.29413188497550125	1.3794151644364019	-0.19151535626827199	
10.250474417791937	1.3859832432858523	-0.8505997397922622	-0.3216153148018688	1.411991589572728	-0.1676730731342618	
10.530520279439774	1.3983797369338862	-0.8940606373868046	-0.3505414799371319	1.4643592541310497	-0.1416232177932788	
10.851520009574863	1.4138196475085327	-0.9321973573751782	-0.3819944674550957	1.5366482039195382	-0.11365607500707356	
11.201936586032115	1.4330229467740685	-0.9684128375423426	-0.4169128247892927	1.6278691681766553	-0.08411067067708528	
11.568983899576258	1.456328751016794	-1.0056023844565254	-0.4560337899838617	1.7360317649086308	-0.05336956083339428	
11.938721380831447	1.4836008170877177	-1.045983232736667	-0.4998290961184975	1.858138295095085	-0.021859828073991287	
12.296271672564815	1.514112825714667	-1.0908720305447135	-0.5484187607617352	1.9902042518667584	0.009945032480575808	
12.626224691538358	1.5465626376586639	-1.1406648185709543	-0.6015584631086649	2.1274276029562005	0.0415301724141921	
12.912936902952302	1.5790493375450492	-1.194767333719428	-0.6586053088980958	2.264251366997277	0.07234028937939375	
13.141084463035659	1.6090652653336468	-1.251528516590438	-0.7184742129889591	2.394464082199327	0.10178224137019991	
13.296248855261835	1.6336404002450131	-1.3084215257816285	-0.7796893427008846	2.511420164834001	0.12923733946734303	
13.365435871385728	1.6494418211095327	-1.3621474915858782	-0.8404058560756114	2.6081783799683227	0.15407039360736569	
13.338014796580183	1.6529573835465592	-1.40881462200262	-0.8984449768652558	2.6777194969087104	0.1756463824050611	
13.206320244544367	1.64077635056602	-1.444293037630415	-0.9514164628675439	2.7132071533458904	0.19335212940156832	
12.966187632048035	1.6098014926567061	-1.46446486055105	-0.9968045695012907	2.7081846616687106	0.20661368409938463	
12.61800905343584	1.5576068083909158	-1.465616785058519	-1.0321011249474532	2.6569122317402325	0.21492733751260365	
12.166937304859566	1.4826814031669606	-1.4447599405350025	-1.054959295138767	2.554619222350465	0.2178818780041994	
11.622993527383175	1.3845706783472913	-1.3997993558425854	-1.0632934830697165	2.3976914404666374	0.21517428006729097	
11.001575578643447	1.2641369652611942	-1.329793998321572	-1.05543809939066	2.1840520518501183	0.20664148005948077	
10.32271398506325	1.1235081126239694	-1.2348607433904963	-1.0302191232095672	1.9133054249385186	0.19226584695880292	
9.610341342727482	0.9659805679816255	-1.116011459529569	-0.9869766696679496	1.5867987658680311	0.17217298857070062	
8.891635170846941	0.795989390502518	-0.9749775803893808	-0.925639105172982	1.2078896823576786	0.14664181540040278	
8.195355592126768	0.6188073269347876	-0.8137932126548271	-0.846688382594354	0.7818645085230774	0.11608120443953245	
7.550605046162156	0.44028805282766037	-0.634537956524259	-0.7511168041912273	0.31577889764020584	0.08100762290167862	
6.985356695760477	0.2666149818692523	-0.43906994598298266	-0.6404406979266575	-0.18153226532955602	0.04203154492525117	
6.524785910758515	0.10388090299209081	-0.2288770371984436	-0.5166372788770731	-0.6997887755282366	-0.00017082358729432796	
6.190404980154931	-0.04221025426068628	-0.005101357772986245	-0.38206878675674355	-1.227608900845146	-0.044874422645976755	
5.998712873433791	-0.1667196569312508	0.23142847567560326	-0.23944635901362973	-1.7527526992799476	-0.09131365037133486	
5.96029469740397	-0.2658435388071328	0.48000742020776227	-0.09171779919275304	-2.2625944961533406	-0.13868938774548273	
6.079849312772677	-0.33700799320619	0.7398728964734195	0.05803788734848664	-2.7444988451445935	-0.18617401442962195	
6.3555468553014824	-0.3790773501090214	1.010005865223484	0.20669836329098834	-3.1861936877212176	-0.23291269703649806	
6.779053289598029	-0.39235767524333376	1.2888535985055358	0.35122224764647636	-3.57626727522829	-0.2780317299583068	
7.336393439123897	-0.3783589264640276	1.5741831626310636	0.4887216407646083	-3.904452164352765	-0.32065368584532056	
8.008123288544136	-0.33969696929661575	1.8628801500981191	0.6165395050693777	-4.1620159258901985	-0.3599141569373336	
8.770179649372583	-0.2798101694642246	2.150764120126483	0.7323291767985242	-4.342218928191057	-0.39499612203036816	
9.595281110541084	-0.20263074104815604	2.4326549615637445	0.834066510647562	-4.4404120300525936	-0.4251591384095581	
10.453789986628877	-0.11237799676754537	2.7023671982203807	0.9200908056685001	-4.454324380968976	-0.44977325108373667	
11.315227069367696	-0.013272562911017275	2.952865881635553	0.9891475959789213	-4.38437085304556	-0.4683694019797524	
12.149712952277465	0.09064842211614235	3.176670893463655	1.0403682840697566	-4.2334620346473395	-0.4806554004675929	
12.929088455042546	0.1956631454288056	3.366181920043479	1.073290853517428	-4.007044505969255	-0.48653990686916754	
13.62855249961905	0.298513959867509	3.514298994899942	1.0878969932564277	-3.713078243052567	-0.4861596822289909	
14.227384908528027	0.3964198410231088	3.6149682127869944	1.08457951435119	-3.3615026510357957	-0.47985259954291265	
14.709609899089742	0.48710580245526314	3.6636161321778835	1.0641468337310487	-2.963947816018147	-0.4681456027044088	
15.064935222655443	0.5688474885058397	3.6577987197753887	1.0278430328151622	-2.533276320188459	-0.4517312800433193	
15.28835496679922	0.6404109503798945	3.597227492724053	0.97728259004639	-2.0828583639554554	-0.4314050615398709	
15.380014547615032	0.701028755859319	3.4837535708188745	0.9144173576182019	-1.6261008948326272	-0.4080257703264498	
15.345212030470929	0.7503863880917171	3.3212947150710983	0.8415015498897943	-1.1757543640769699	-0.38246000908977057	
15.193364522710473	0.7884942872005662	3.1151742378510594	0.7609876895609325	-0.7433805592720796	-0.35552951720240916	
14.937418708953173	0.8155981579136325	2.8717194309024605	0.6754588329627349	-0.33902910633679556	-0.3279818256961152	
14.593354105855196	0.832064024509876	2.5978122110444333	0.587541523655225	0.029297616769787642	-0.3004496357609724	
14.179110677650678	0.8382605577189003	2.3004874564830544	0.49980192390054384	0.355739513324942	-0.27344376788509855	
13.713890776171553	0.8345323753251892	1.9867679980078146	0.4146805520686426	0.6365750936333062	-0.24735640196849834	
13.217390011100843	0.8212081657125891	1.6635233178646331	0.334393551901996	0.8704072298612532	-0.22245787047376162	
12.708856066636201	0.798701458643397	1.3373992880483376	0.2608556804010521	1.0578793794702883	-0.19891985715995136	
12.20655705481465	0.7675667321059743	1.0147591427690141	0.19563705247009439	1.2013955281986917	-0.1768310408319246	
11.727070106533462	0.7285697921504793	0.7015567712849086	0.13986774479750802	1.3049801476744087	-0.15620325671738086	
11.284833341580237	0.682647101693539	0.4031721106286162	0.0942015034635987	1.3738188679831511	-0.13698228944783386	
10.8920448312548	0.6308324180087722	0.12430786550394055	0.05883663864159626	1.4138978734476697	-0.11905335302663639	
10.558300246186183	0.5741770418692381	-0.13121957441386053	0.03349210402277863	1.4317182179396561	-0.1022363789050905	
10.290562136638098	0.5136610141377046	-0.3606100993536927	0.017479690569712287	1.4338860147883767	-0.08628281092889019	
10.093359000475953	0.4501656086583714	-0.5620539897391977	0.009800935372760448	1.4268545534248447	-0.07087579254849972	
9.968673380111436	0.38444486226691554	-0.7348132482948379	0.009210248530323522	1.4166630517236618	-0.05562042329798645	
9.916065223827122	0.3171257844486215	-0.8791507722114107	0.014340318604734338	1.4086724651387148	-0.040037160675724805	
9.932975403283777	0.2487383065832824	-0.9961422564550009	0.02380707153066578	1.4074737647992928	-0.023565409467582545	
10.014731017706232	0.17974055117756912	-1.0875904169576374	0.03630256968253757	1.416723858017585	-0.005557332666509159	
10.15468265191786	0.11059170823919895	-1.1558142220295144	0.05071724663184361	1.4390181659160908	0.014722119833848751	
10.34451142634883	0.041830922967324755	-1.2034206713954247	0.06619906001735341	1.4759395378311708	0.038081850590037526	
10.57429279668418	-0.025842153734018693	-1.2331491057033532	0.08222454702162009	1.52799547305199	0.06539987366369285	
10.832645779307326	-0.09144331591856125	-1.2476465989211651	0.09867157889559702	1.594589622689956	0.0976082601085208	
11.107066546449527	-0.15364590293785493	-1.249321164003701	0.11580259094030139	1.674161842249244	0.13566742474047633	
11.38409628267562	-0.2107123254442716	-1.2402201626046068	0.13427772844102437	1.7642102545135883	0.1805461619999771	
11.649629172327177	-0.2604153691236746	-1.2218810946748146	0.15514889784223404	1.8613410735555254	0.2331844169530068	
11.889367389959602	-0.30008341252796134	-1.195322227269732	0.179769292711684	1.9614584399130734	0.2944563245828827	
12.08917704696097	-0.32661859986942	-1.1610197970362157	0.20974116394121536	2.059852509846403	0.3651351232825691	
12.235721700908844	-0.33654847047064523	-1.1189025732936946	0.24682561618855547	2.151323053219317	0.44582973730160885	
12.317042291691255	-0.32618029471281007	-1.0685089572769495	0.29281155298452916	2.230390646822024	0.5369445848910744	
12.323063771775448	-0.291709855681989	-1.0091060816809856	0.34942201306435755	2.291432832016	0.6386394582810033	
12.24652314630719	-0.22939919886264346	-0.9399005789718928	0.41816238321760885	2.3288894594396385	0.7507519391627677	
12.083443798626595	-0.13576867271844192	-0.860318178457324	0.5002021492988544	2.3374790824100216	0.8727760057923962	
11.833518002400421	-0.007738021232641442	-0.7701978563169017	0.5962926968498797	2.3123572257462444	1.003840341990836	
11.500936262772099	0.15712854948807156	-0.6701030841705239	0.7066218147347675	2.249389878303789	1.1426483073166351	
11.09429787721587	0.3604629469876576	-0.5614599953926674	0.8307943693664764	2.1453284516215048	1.2874992429512906	
10.626422087959577	0.6029894270514772	-0.4465802544383344	0.9678500134157654	1.9979221573139716	1.436306819105497	
10.114405096689458	0.8842930112143507	-0.32871524006476704	1.1162584953475765	1.8061718031427858	1.586587282060102	
9.578561642310595	1.2028057872218607	-0.21176903095604918	1.2740950339142407	1.570374758370584	1.7355282498003375	
9.041484832276034	1.555881654395985	-0.1000129736128787	1.439190832666481	1.292104121983553	1.8800476688742067	
8.527038656427841	1.9398012869032977	0.0022773673106302574	1.6093026477565207	0.9743234355902759	2.016839266579561	
8.058728886404394	2.3500598641333927	0.09132556537053187	1.7823091427699764	0.6212560513305192	2.142480988188116	
7.658637380391982	2.781601444858558	0.1641336816359894	1.9562806414831977	0.23821932718397235	2.2535236967629286	
7.346049651929225	3.22899973496728	0.21887149362431516	2.1295461710070556	-0.16843115623489285	2.346595320980273	
7.1362398406998935	3.6866320898985583	0.2550936679626951	2.3006362912772	-0.5915444916751413	2.4185435968108493	
7.040091916374406	4.148697073601277	0.27371558830155657	2.46818772843051	-1.023400380140645	2.466527908839386	
7.063235202060368	4.609153387263225	0.27713033547843996	2.630847484546123	-1.4558675796571519	2.4881583487373806	
7.205795318862238	5.06153062917025	0.2691050721993756	2.78714407766171	-1.8806652882998716	2.481637896274845	
7.4629433302776516	5.498813478120987	0.2545191017232932	2.935446562225451	-2.2895590411269753	2.4458066239845677	
7.824886079617303	5.913281640755196	0.2392270164704217	3.073930173111545	-2.6745474029594396	2.3802584888767004	
8.27753760419494	6.296443445402801	0.2296865085881654	3.2006210703456515	-3.0281028294644883	2.2854250648263563	
8.803656398268062	6.639226148348499	0.23253977414705154	3.3135044714749258	-3.343297588655967	2.16252181639551	
9.383499547333967	6.932146624614171	0.25425555812322886	3.4106293987113063	-3.613977919689053	2.0135796088656575	
9.996011307361279	7.165792081312029	0.30055998071895124	3.490295458566883	-3.8349780123335444	1.8414151696284624	
10.619936494698996	7.331336880853133	0.3760848242658503	3.551162904204503	-4.002149669974164	1.6494762164279768	
11.234658948247633	7.421051674558375	0.4839946305694567	3.592361308269345	-4.112487115303857	1.441770386275544	
11.821412405882235	7.4291487285501745	0.6254785657954913	3.6136079283504845	-4.164304367824329	1.2227222787644991	
12.36363558536709	7.351960214317903	0.7998337260305984	3.6151427023131593	-4.157095173617211	0.9969968187030976	
12.847600387512076	7.188408210909371	1.0042842715119176	3.597723009330987	-4.091625100657754	0.7693590556962675	
13.263791068348155	6.94108531363493	1.2334941027468185	3.562628413501986	-3.9702932498550036	0.5444051589997077	
13.603869274539049	6.613607975422578	1.4814175420707123	3.511281574529252	-3.79595233132461	0.3266804177455303	
