15.329230626173205	0.3304367058418431	3.55844953464174	0.8874081907750224	-2.084656092237051	-0.3496383381601907	
15.376248951118496	0.36893424492791616	3.419999863694695	0.8730532808422531	-1.6129850260270997	-0.3347120781233682	
15.294422142979633	0.40578291258813826	3.22136643025144	0.8537035945544389	-1.1472322263368238	-0.3216443815026144	
15.096570729842384	0.44408844437392	2.973508167058879	0.8292711142695091	-0.6992913588801221	-0.310685412904213	
14.796763591011254	0.4866275698595189	2.6878028606039974	0.7996247790946706	-0.2802278663622176	-0.3020168294069921	
14.412712751546099	0.5351532164817433	2.3767707265764075	0.7645199562410058	0.10141824783868472	-0.2956147973689635	
13.963664026523675	0.5902814733324058	2.052525806540486	0.7237979351055083	0.4393734166185361	-0.29130728195438	
13.469564181658116	0.6515415979143241	1.726192793660759	0.6774718401652471	0.7295538654966727	-0.2888020983478484	
12.950535492454398	0.7174151528762525	1.4074440734409361	0.6258036884622374	0.9702347364185027	-0.28770051332787033	
12.425989669671623	0.7857379703451289	1.1041357018278082	0.569347416981235	1.1618529490416665	-0.2875414738204703	
11.914147529715354	0.8541258374615597	0.8223404884706909	0.5089082909983096	1.3066714986893706	-0.28783589842460156	
11.431571047525795	0.9203235365714326	0.5662913282422288	0.44550377907915206	1.4086134663490206	-0.2880921438849642	
10.992667491228604	0.9825858615947538	0.338436215044767	0.38025876662394414	1.472955197767664	-0.2878439271693811	
10.609627226020958	1.0397711739365274	0.13972817921615038	0.3142810041750172	1.5058977592507956	-0.2866635896861736	
10.2922934892294	1.0913788087211977	-0.030236828329096722	0.24856886458408808	1.5142955281885988	-0.2841716892034512	
10.047948830945625	1.1375296141547624	-0.17309046260998223	0.18389296796692217	1.5053194604142683	-0.2800482918461765	
9.881481302680601	1.1788296574067616	-0.29141143049489715	0.1207448772229564	1.4861072293106308	-0.27403331102420075	
9.79545226934932	1.2162848646416506	-0.3885492651964793	0.059314676725548146	1.4635351628256985	-0.26592704933188555	
9.789990126869798	1.2512255603902078	-0.4684671393953308	-0.0005421121598738585	1.443932418270591	-0.25559504707690117	
9.86293767565337	1.2851558267588563	-0.5354865903084142	-0.059270644183562295	1.432860733253647	-0.2429659770284743	
10.009997412286904	1.3196174421235398	-0.5940951975868155	-0.1175645221069367	1.4350004941455896	-0.22803020194556142	
10.224673418416945	1.3560399335767157	-0.6487587734101583	-0.17632095544815113	1.4539623144347016	-0.21084540044819558	
10.498343785281547	1.395557004093148	-0.7036850414200301	-0.23654001278120812	1.4921591564330587	-0.19154248363034093	
10.820471763107449	1.4389111856414392	-0.7626599779172136	-0.2992239461681472	1.5508169878496114	-0.1703273749720728	
11.178642053501308	1.4863521447917893	-0.8288704521508707	-0.3652852782258329	1.6298970337521874	-0.1474894840460607	
11.558666303872407	1.537534783979296	-0.904671301667729	-0.43541822476006825	1.7280278253488799	-0.12341310488271055	
11.944948368776451	1.5915223009312545	-0.9914875346986516	-0.510016663989398	1.8426198739594928	-0.09857530549621117	
12.320733935647029	1.646768951048407	-1.089705379547776	-0.5891022612351757	1.9698984206371466	-0.07354771744350319	
12.668482857138354	1.7010882967509944	-1.1985036410554393	-0.6722203125248958	2.104912994004247	-0.049000326753770924	
12.970499124677207	1.7517413816376879	-1.315908076699687	-0.7584200511247126	2.2417385534146175	-0.02568557474724151	
13.209462154761436	1.7955127438870429	-1.4388549259927648	-0.8462484626330999	2.3736245043083826	-0.004423742741190292	
13.369199142561559	1.828788195374237	-1.5632232359853737	-0.93371753533687	2.493133610287219	0.013914261951165	
13.435594189111193	1.8477438278014267	-1.684088256445091	-1.0183676815343	2.592432895113558	0.028442777452780683	
13.397246013037748	1.8485326528100505	-1.7959917958047527	-1.0973591191683858	2.6635492498924807	0.03829394299440807	
13.246429566206542	1.8275057236864418	-1.8932105827280494	-1.167552067709523	2.698642288464333	0.04265671805016666	
12.98007946569061	1.7815544314313934	-1.9701986887489462	-1.225682275536827	2.6903904012571775	0.04082999023447948	
12.600104424950374	1.7083730656818477	-2.021945736187997	-1.268547901580988	2.6322785938429147	0.03225876604251697	
12.11396640235359	1.60674476250931	-2.0443142501530525	-1.2931893106361279	2.518917162025373	0.016577425565723745	
11.535203718662817	1.4768922838819383	-2.034438143814406	-1.297156613415296	2.346478575903625	-0.006332518892654479	
10.88279975320582	1.3205000289171855	-1.9907720246982186	-1.2786739100835571	2.1128844978925283	-0.03632551383942013	
10.180758377217069	1.1407267054716645	-1.9130944302737147	-1.2367689514663112	1.8180113652684637	-0.07297227730589792	
9.457433052879104	0.9421800264563925	-1.8024266016123418	-1.171442594804236	1.4640292936456958	-0.11552972760536312	
8.743767015456841	0.7305615537638261	-1.6605924464092565	-1.0836202298671724	1.0553539264528384	-0.162977577672632	
8.07189724053762	0.5123928712845267	-1.489877894749855	-0.9750861317323181	0.5985757930283317	-0.21405730256133834	
7.473421230482604	0.29472500035254046	-1.2926436780172754	-0.8484429843965151	0.10249927211160816	-0.2673135861201666	
6.977357091221006	0.08471007533034845	-1.0709712997519951	-0.7069344329318716	-0.42218940512106634	-0.32118713824862255	
6.60886726839878	-0.11073607097325296	-0.8265659593577117	-0.5542812658165289	-0.963306259256243	-0.3740896535841863	
6.387702302714197	-0.2853094091330527	-0.5607139915524487	-0.39455107327291555	-1.5074621812702242	-0.4244769281870663	
6.326860909956146	-0.4337741891055337	-0.2744613840809132	-0.23194694477172778	-2.0405990791423303	-0.4709319335825295	
6.432438294423497	-0.5521802481867165	0.03111688575345463	-0.07061663581849176	-2.5485068286694785	-0.5122067110274322	
6.7031434818303905	-0.6380959546719637	0.3546557714334263	0.08551181973492272	-3.017257889368801	-0.5472639813197863	
7.1300104299447735	-0.6908044139647056	0.6940986311225685	0.2329462623182163	-3.4338164945322194	-0.5753201565266587	
7.697438346203193	-0.7111227773305665	1.0464212088888987	0.36873620766460796	-3.786474402501056	-0.595841159072153	
8.38381226461283	-0.7012796369724167	1.4074096691365814	0.49055131976028654	-4.065223989118775	-0.6085469347460968	
9.162231654291375	-0.6647473832984693	1.7713470052386606	0.596784040406879	-4.2623353641852795	-0.613426450210674	
10.002258107310245	-0.6058237288934506	2.13103728510088	0.6865031332171456	-4.37259993551418	-0.610713149320235	
10.871235923312115	-0.5293211737800262	2.4779386156177665	0.7593997095435217	-4.393473656175305	-0.6008675925952769	
11.735764796514179	-0.4402266269907337	2.802323546214176	0.8157562373807318	-4.325434445583165	-0.5845745051213059	
12.563599380832352	-0.3432818577185337	3.0938677638500094	0.8563156656231584	-4.171952065379509	-0.5627087891432371	
13.324925165434768	-0.24271934652915028	3.3422699437003236	0.8821580135118602	-3.9392400621216197	-0.5362967599404636	
13.99378424899058	-0.14198044356231512	3.5379486142077323	0.8946056186565199	-3.6361956753973166	-0.5064874117618451	
14.549455592726346	-0.04348552186511452	3.673026989901537	0.8950857875171582	-3.2740019598625616	-0.4744977129614448	
14.976774337261684	0.05134823543513782	3.7419168810741863	0.8850239931888917	-2.865479044903469	-0.4415561235283058	
15.266636176515252	0.14210795669806786	3.741879805009518	0.8657658123141773	-2.424617604956143	-0.4088547657318914	
15.416367281900056	0.229272654687964	3.67356728107754	0.8384946967958687	-1.9658574837769984	-0.3774812534475596	
15.428912889280108	0.3138907638589417	3.5406790591863717	0.8042159819144635	-1.5033500690669526	-0.34837314459105695	
15.31236196360189	0.39733599010796095	3.3496477821108885	0.7637577020303051	-1.0504341983932894	-0.3222830932310018	
15.079467922178527	0.4809654315959004	3.1091323536031776	0.7177877966454295	-0.618938658484728	-0.2997291078132569	
14.746411946967575	0.5657683989417753	2.829006536757788	0.6668845505795751	-0.21878822983076338	-0.28099034744170587	
14.331929850212033	0.6521758044190966	2.519695237494531	0.6115927049265529	0.14218463835445141	-0.2661146000739142	
13.856508258655047	0.739849834840056	2.1915041826769386	0.5524887915282426	0.4585701595095447	-0.25491561052604483	
13.341266071190136	0.8277179368448895	1.8540599895559848	0.49024431160455856	0.7273688585451629	-0.24701202297328978	
12.80716080556935	0.9141812645226808	1.5160865659949359	0.42564638098030005	0.947782828757135	-0.24187255907123612	
12.274244459370607	0.9973300488846139	1.185179063988952	0.3596133390297152	1.1211670307636155	-0.2388489906392053	
11.760876180578702	1.0753171613345234	0.8677063048567498	0.2931672995595827	1.2507598844564665	-0.23722693040079032	
11.28340616968033	1.1465789809234095	0.5689027746607022	0.22736808756211851	1.3412414757592241	-0.2362681681363432	
10.855848813171715	1.2099784556048339	0.2928696047037759	0.1632523248303068	1.3984637914561235	-0.23524054321369237	
10.489544446998298	1.2648845871535583	0.04256056027247608	0.10173665485124081	1.4290786108402553	-0.2334530044064352	
10.193288725588442	1.311108646239331	-0.18011470834097168	0.04355437961786363	1.4401058231552033	-0.23027672637993724	
9.973349999137481	1.3488806400456548	-0.3742683490424386	-0.010786968944709211	1.4386525749942434	-0.2251599259911287	
9.83335536185279	1.3788590884723895	-0.5400812252332223	-0.06106165150548661	1.4315721745899357	-0.21764854616621648	
9.774515130728616	1.402111480436709	-0.6787113491889493	-0.1073291179037858	1.4251839293899966	-0.2073892033475041	
9.79577063377916	1.4200785024133284	-0.7922169030434179	-0.14992576567398722	1.4251080224929487	-0.1941281869374767	
9.89374696494955	1.4345428608414184	-0.8835370464343003	-0.1894714084439377	1.4360352421318074	-0.17771749962275438	
10.062897984669585	1.4474827437676223	-0.9563429641168497	-0.22682421422141721	1.4615903973765003	-0.15810995992831253	
10.295701940189085	1.4609186590875476	-1.0148526724909137	-0.26301363304343994	1.5043131223653186	-0.13535178511597623	
10.58266303785205	1.476759796046014	-1.063679003965496	-0.2991799601912457	1.5655549050043172	-0.10958502880696203	
10.912395798558432	1.4966001179570885	-1.1075513984425345	-0.33646426742357494	1.645424150099612	-0.08104970983212058	
11.271892756954518	1.5215973983589957	-1.1510319815515664	-0.37590559191332734	1.7428772152554335	-0.050079152118131555	
11.646649487538248	1.552358225830316	-1.198263442048773	-0.41834995153882065	1.8557187296423066	-0.017103670072201843	
12.020861339202003	1.588796153108756	-1.2525985064157794	-0.46432266860024923	1.9805928320306958	0.017341136300383246	
12.377876898089822	1.6301289538730301	-1.316372605682665	-0.5139644370352451	2.113138809492227	0.05262068082827855	
12.700562773882806	1.6748748658225523	-1.3907321207906531	-0.5669846246596718	2.2480771288315395	0.0880040457697257	
12.97183895087762	1.7208298303008909	-1.4753706870302798	-0.6225889694621358	2.3792745851880914	0.1226635838463359	
13.175413040169587	1.7651861546681828	-1.5685347726447236	-0.6795044403349435	2.4999581370396817	0.15569415332757133	
13.296382643423247	1.804653786251159	-1.667117467937267	-0.7360254914938504	2.6028953072762127	0.18613280031009655	
13.322109888477115	1.8355820587645542	-1.766705914680933	-0.790046938413675	2.6805782290940234	0.21298032438164677	
13.243170381685626	1.8542127370145383	-1.8619162626995756	-0.8391863038177092	2.7255251046692974	0.23524126323106445	
13.053898850834656	1.8569271896169242	-1.9467945652072014	-0.8809194556098178	2.7305402892840522	0.25196023151724034	
12.75322034985607	1.8405126955150892	-2.0151824460337995	-0.9127091192991448	2.6890030308105213	0.26226288122526525	
12.345487659899588	1.80253417569701	-2.0612735199531875	-0.9322023876604094	2.595268153021651	0.2654135811532039	
11.840428393520808	1.7415316202310689	-2.0800047461074245	-0.9373791475625803	2.444919916818775	0.26085192134176804	
11.25330585188587	1.6571995308704064	-2.0673590718892383	-0.9266808700804776	2.235053602487983	0.24823235461821752	
10.604961543000083	1.5505719089816903	-2.020679806525864	-0.8991712862131611	1.9646911223087888	0.22748083132750366	
9.920644529867918	1.4238946637028123	-1.9385728694057889	-0.8545455737864766	1.634880915036179	0.19880129904942742	
9.229068558376866	1.2805249244271013	-1.8207730168379466	-0.7931243907512439	1.2487938160992949	0.1626788710894891	
8.561157190868647	1.1248288589447386	-1.667940026297899	-0.7158550025416441	0.8119442885958429	0.1198906960573139	
7.948045467988395	0.9618947055743621	-1.4812322850207604	-0.6242013754195227	0.3320150976321977	0.07145526066712339	
7.419599630509031	0.797295162395375	-1.2620489627247748	-0.5200630809806287	-0.18137025347352337	0.01858210450311607	
7.0026381097835815	0.636843629183643	-1.0118212777249682	-0.40572793755061076	-0.7167790951507085	-0.03737334798298011	
6.7191606178257155	0.4862063212338379	-0.731953828970891	-0.283786471702795	-1.2614160812407056	-0.09498548265440605	
6.585551940048455	0.3505828792365617	-0.42392976161930557	-0.15704157895675783	-1.8016062300100215	-0.15281665415417534	
6.611511222600925	0.23436803465300188	-0.08947472956712538	-0.028436368952150397	-2.323190404121287	-0.2094670952002845	
6.799228522121574	0.14074847934633983	0.26912806856112786	0.09906846336023015	-2.8121168631530398	-0.2636326117653514	
7.1438583027002425	0.07158465597628934	0.6487934193407825	0.22261367738886426	-3.254941258348171	-0.31413545662811443	
7.63362113847901	0.027296891188060723	1.045391990160882	0.33954237326798314	-3.6392539134472077	-0.3599532932950663	
8.250037317124374	0.006782485001882424	1.4533971817306612	0.44754409113306987	-3.9542907879757654	-0.40025856257541703	
8.969371713881745	0.007686330718783219	1.8658033543666719	0.5447332519800459	-4.1912775170915815	-0.4344256709562136	
9.763657059495932	0.02662714583568742	2.274105372477729	0.6297020742946582	-4.34370321013113	-0.46203933733336433	
10.60184396415044	0.0594841759323528	2.668263702343365	0.7016050268888769	-4.4078043725749545	-0.4829179995428648	
11.451665531614074	0.10190277699990832	3.037112195259124	0.7601373001010308	-4.382668003383906	-0.4971043068786951	
12.280998483213708	0.1496688251624869	3.3688299632228627	0.8054802116500076	-4.270181470648764	-0.5048497631022903	
13.05938136184158	0.19912833534420407	3.651525763959881	0.8382651126146728	-4.0751805627719975	-0.5066132389779803	
13.75977747656804	0.24760410613049394	3.8742943894742106	0.8594426362522245	-3.8052371938602767	-0.5030299133297483	
14.359141098028346	0.2934848734676331	4.027811873124443	0.8701566819626058	-3.470176408748492	-0.4948695619493579	
14.839493256872624	0.3363682203077358	4.105237411594476	0.8716328618742013	-3.0817945128959883	-0.4830041429499629	
15.190221486578974	0.3772073699129266	4.104138852206227	0.8649879788153476	-2.65338372490709	-0.4683453287710222	
15.403176801999832	0.417400350143575	4.02357531251647	0.8512976220693504	-2.198707457308993	-0.4518157636246579	
