15.291435913616798	0.2164116976319909	3.081980617542684	0.4658525918897391	-1.396881191328402	-0.376293778418293	
15.185763671599801	0.22719748864487094	2.8911567771031965	0.4372110095252533	-0.9335493985675114	-0.3475366815982175	
14.963052313539196	0.25334167708289734	2.6656665090679224	0.40947866155761437	-0.4908175499763887	-0.3178180395002106	
14.639534004207798	0.295582482459071	2.415965450355334	0.38195714113086865	-0.07859982415399193	-0.28820826745912287	
14.232413812462886	0.3540032757597217	2.1524297030283113	0.3539420719966551	0.2941299309965806	-0.2597003424209099	
13.761462925012943	0.4268889768323269	1.8851080493727794	0.32472943963118495	0.6210336113564803	-0.23306768213135495	
13.247209357341958	0.5113214000180523	1.6228411504389413	0.29376769109361284	0.8980236234622341	-0.20887403675515923	
12.710135945086625	0.6035810818757296	1.3729699466738088	0.2607143860063738	1.1231382148911886	-0.18747973374229282	
12.170066739384135	0.6994788427387078	1.141079117108429	0.22548158581374497	1.2966137594851999	-0.16903395796845866	
11.645299267834675	0.7949377364552807	0.9308759838871912	0.18824923193132648	1.42068530379915	-0.1534923536762649	
11.152229572847675	0.886330746285193	0.7443965610632652	0.14940749094022254	1.4992161322250523	-0.14065213384170386	
10.70503971285923	0.9706872791795453	0.5821220630771811	0.10950733316605286	1.5374699145933197	-0.13017324114640685	
10.315344929205908	1.0458429412319552	0.4431291026414886	0.06918357072779913	1.5418270973985269	-0.12160397331447953	
9.99228982259102	1.1103751212662967	0.3254254536955256	0.029072510114672632	1.5193688518754678	-0.1144203725950685	
9.742620746160378	1.163564483697616	0.2261784261133649	-0.010238942389353366	1.4775919341504296	-0.10805322800029787	
9.570633166126902	1.2054036044853467	0.14192508095426407	-0.048268655551791335	1.4241094054526768	-0.10191595813675791	
9.478354749867275	1.2365659696277234	0.06886631849061063	-0.08468313076472343	1.3663199191132778	-0.09543520509025231	
9.465750129991271	1.258339337157269	0.0030853261877611393	-0.11932070720171013	1.3111889730676036	-0.08807102196440313	
9.530748577626895	1.2725891723291791	-0.05926356550838549	-0.1522224056679162	1.2650204788226107	-0.0793376854309787	
9.669298150063451	1.2816440052400129	-0.12174475608487509	-0.18365335976803107	1.2332123594484456	-0.06882732759494486	
9.875549612750316	1.2881208927649148	-0.18751824476206136	-0.21408230292804423	1.2201593830845563	-0.056222306710004576	
10.141891406827584	1.294788838542536	-0.25923438893861284	-0.24416554198321716	1.229138740284882	-0.0413092239669126	
10.458905750168672	1.3043766281098348	-0.3388955337728657	-0.27471657313364306	1.2621402733258853	-0.02400041778907161	
10.815531903452632	1.3193607712192243	-0.42780971278654406	-0.3066352486118483	1.3198764575743613	-0.004338886153054696	
11.199180937981222	1.3418015832775623	-0.526552092161839	-0.3408450564954317	1.401788775809094	0.017497946921664384	
11.59578304858407	1.3731215892679496	-0.6348707435045755	-0.3782116463159849	1.505978222844841	0.04118579481667659	
11.99005101594587	1.4139268132194094	-0.7516568868335347	-0.4194392660004806	1.6292722354836071	0.06625625785941458	
12.365814940096564	1.463943142566481	-0.8749712037426931	-0.464997605934535	1.7673507605484347	0.0921091972778951	
12.706331326376699	1.521919394138732	-1.0020211399130157	-0.5150381255035871	1.9147954166997851	0.1180177013703883	
12.994830742844398	1.5855921687920214	-1.1291898520942325	-0.5693047790301216	2.0652112939738885	0.1431443912566019	
13.215135089614744	1.6518257637161393	-1.2521959854811622	-0.6271170707286869	2.211459839217635	0.1665731488780411	
13.352241307047391	1.7167178694699854	-1.3662219347040852	-0.6873507428289363	2.3458249966924227	0.18733356569717896	
13.393234452951992	1.775764474349393	-1.4661155160773252	-0.7484183508780012	2.460237777245335	0.20443558616399038	
13.328068281412113	1.824174395818316	-1.5467130328305736	-0.8083423113932641	2.5465899986211618	0.21691180722259454	
13.150176975892881	1.857137536146047	-1.6031119843928467	-0.8648280837038984	2.5969868317922273	0.22384980428214912	
12.857428793210348	1.8701644282578191	-1.631028262258898	-0.9153450109045573	2.604072511394309	0.22443398873009232	
12.452781702932926	1.8595031786940655	-1.6271741243756308	-0.9572769618035177	2.561398743261784	0.21798599735294505	
11.94438420222565	1.8224154384238114	-1.5894443634186364	-0.9880587648588717	2.4636747867017608	0.20398720561772507	
11.345909933514053	1.7574808065765177	-1.5171176878019816	-1.0053112005685305	2.3070824725448253	0.18210949219329856	
10.676555306755118	1.664884930537221	-1.410938919556382	-1.0070138048864472	2.089645967353649	0.1522474516356496	
9.960065948797514	1.5463760458405647	-1.2728582185993143	-0.9916008696885474	1.8113323783416833	0.11451812150884484	
9.22396354032332	1.4052238955525358	-1.105802026419324	-0.9580409182922678	1.4741856038229397	0.06926640493091527	
8.498384784810396	1.2461178807303253	-0.9133132520180554	-0.9059385834027531	1.0825365466492363	0.017074862544003276	
7.814231709199371	1.0747542340664435	-0.6990607816809286	-0.835527666180556	0.6428465844771815	-0.04126651556814714	
7.2017421777961665	0.8974851617633465	-0.4665378418680609	-0.7476498016336391	0.16353511559861797	-0.10478741357449034	
6.6887911544670535	0.7209338003113134	-0.2187727218712468	-0.6437592245551964	-0.34512796259617656	-0.17235859155543867	
6.2991687889739145	0.5514821415794996	0.04177810811698907	-0.5258468194663322	-0.8714082967242109	-0.2427335839610482	
6.05168217606037	0.39490745459785404	0.3131339963467369	-0.39632872181281686	-1.402541471408407	-0.31458428166975116	
5.959135172581918	0.256036385948172	0.593672406244129	-0.2579624556365132	-1.925083146259014	-0.3865256719120351	
6.027422229142094	0.1383912374345218	0.8818714228359581	-0.11371215163626343	-2.4254151420447165	-0.4571442341957202	
6.255794514117355	0.044144664262788576	1.1760337425411203	0.033393630633206835	-2.8902243101219494	-0.5250238009892353	
6.636945672458093	-0.02590282230844075	1.4740642191835263	0.18036105167535232	-3.306883727107952	-0.5887664814258364	
7.157038578039476	-0.07232202752747266	1.7731678388306804	0.32434792292211356	-3.6639752178333276	-0.6470233358401664	
7.79678106771195	-0.09679334706961587	2.0696610254138883	0.46274292138561957	-3.951675950594314	-0.6985294198182894	
8.53235039824689	-0.10188226738520023	2.358892633149889	0.5932107883991461	-4.162023797752731	-0.742136735513046	
9.336195369124043	-0.09083244526632711	2.635141377473475	0.7137543809851137	-4.289335142060737	-0.7768654232515023	
10.178478444472276	-0.06723681253710935	2.8917302604186843	0.8227488644523727	-4.330482408502051	-0.8019623124032215	
11.028427005736045	-0.034749497950887526	3.121320460974554	0.9189368256208597	-4.284911793612276	-0.8169359049644265	
11.855516324019261	0.0031724069912223937	3.3162156445652253	1.0014418075505351	-4.154797364357224	-0.8216036652777272	
12.631050249891869	0.04360678300360559	3.4689353233038593	1.0697660906493667	-3.9451307979651746	-0.8161425418377317	
13.329304654664295	0.08437785973137103	3.5728372984750267	1.1237264032222853	-3.6633851714437045	-0.8010755334933309	
13.92842179658833	0.1242008008950718	3.622647937875991	1.1634072006072287	-3.3192893780074253	-0.7772608726367425	
14.411601873753426	0.16283828877147405	3.6152152836486535	1.189101801456949	-2.9245567460249164	-0.7458745984866603	
14.76745223642563	0.20098536921099852	3.5499159850415296	1.201221163684388	-2.4922302785868693	-0.7083246174098318	
14.990003038351016	0.240079773176863	3.4287531700686005	1.2002370514994063	-2.036137708093915	-0.6661737714328994	
15.078968846881166	0.28207720485840926	3.2564956087734056	1.1866355828872888	-1.5703158457923359	-0.6210593150771118	
15.039343403631568	0.3290208005797689	3.0402474223686364	1.1608953009767178	-1.1082700868760256	-0.5745839811539752	
14.880589252757263	0.3826587060541491	2.788713493957214	1.1235059277267423	-0.6624670817089146	-0.5282392894288765	
14.61615258044935	0.4440980082044173	2.5115855387497428	1.0750032664950362	-0.24385717738189736	-0.483337304560187	
14.262708677169	0.5134178292736021	2.2186748995573615	1.0160463778298519	0.1386477613015495	-0.4409392870007317	
13.839064068919523	0.589632627975597	1.9192652192298358	0.9474856212938083	0.4782926906213217	-0.4018439040105337	
13.365390081556335	0.6707705735072725	1.6217236741479333	0.8704125615494753	0.7705796287459605	-0.36658204840947484	
12.86230699569798	0.7541071577392429	1.3331143473726954	0.7862191613217163	1.0134269743697768	-0.3354125566109104	
12.349911031849603	0.8367110707318005	1.0591478604198377	0.6965726594817602	1.206936288814298	-0.3083672215239652	
11.847171052588703	0.9158316191966489	0.8042417391252973	0.6033513925481918	1.3531413044921092	-0.2852896376170576	
11.371277806037389	0.9892812401416672	0.571534185742484	0.5085616755282771	1.4558426213575473	-0.2658644090819174	
10.937176306409278	1.0556384263613119	0.36302655211898793	0.4141775148466712	1.5202258574069196	-0.24966175621622366	
10.557480460982436	1.114181606695656	0.1797473142179769	0.32201111502818036	1.5524528903111612	-0.23617725051580196	
10.242300419009855	1.1648300094502801	0.021813636120916177	0.2335991855837062	1.5593699867679875	-0.22485987864798918	
9.999090519496603	1.2080280923643938	-0.11152738599346458	0.15008296689619918	1.5481348865610756	-0.21514559487516072	
9.832839459961095	1.2446405747159919	-0.22178675901687378	0.07218318687674999	1.5258719253022355	-0.20648382206484373	
9.746126665190207	1.2759046567849104	-0.3111751467432889	0.00018367749022541596	1.4994346642092384	-0.19835396772723	
9.739053106366507	1.3033988248111985	-0.3825622067144523	-0.06609422877411748	1.4751188978033565	-0.1902833921155074	
9.809423406668355	1.3289123967128897	-0.43932886289312334	-0.12723846160588828	1.458461554726259	-0.1818558388264375	
9.952887630019733	1.354306747000154	-0.4852244614301445	-0.1841804018134262	1.4541284038096411	-0.17271578888196137	
10.16291577077338	1.3813539538870938	-0.5242213676500336	-0.2381358020788128	1.4657451838246973	-0.16257743661201574	
10.430881403731775	1.411536312085554	-0.5602747666871061	-0.29048459202914156	1.4957847572029683	-0.1512323004428561	
10.746266755085092	1.4459247945679765	-0.5971039373089359	-0.3426504486950539	1.545574664976557	-0.1385511144279302	
11.096725067918292	1.4850590760001334	-0.6379827804609821	-0.3959973366429151	1.615238939622285	-0.12449091683182884	
11.468172643979752	1.5288052576995197	-0.6854553849647896	-0.4516906885126276	1.703626115719151	-0.10910566726551216	
11.845136779797176	1.57632989067989	-0.7411796919309139	-0.5105971117570866	1.8084026698647695	-0.09254482612438693	
12.211027044335362	1.6260814759976272	-0.8058127154478482	-0.5732071826751048	1.9260956932845752	-0.07505448927675344	
12.54848316522933	1.675754339754481	-0.8788486824323164	-0.639526336531255	2.0520937526359413	-0.056983151625075903	
12.83999306694229	1.72238790697062	-0.9586613244332098	-0.7090321471636758	2.1808069507396266	-0.0387727971831454	
13.068463751531155	1.7624917441544874	-1.042618303490388	-0.7806712046145333	2.3058292096056827	-0.0209472465540664	
13.217927766091073	1.792167472918679	-1.1271682303121642	-0.8528309610013302	2.4200674635437576	-0.004103554225667177	
13.274511613972287	1.807357960696628	-1.2080902417250232	-0.9233752810835735	2.51599157765428	0.011108856465995154	
13.22715321887921	1.8041281167538752	-1.2808091293872963	-0.9897524941053361	2.5859100948122182	0.02401345633617343	
13.068398983645814	1.7789400607005648	-1.340666878825072	-1.049085206172809	2.622213914114269	0.033928359043706634	
12.795506151024068	1.7290702329407037	-1.3833219000527337	-1.098330654987191	2.6177353371912124	0.04019846577030293	
12.410822267589861	1.6529122657708912	-1.4050871361392823	-1.1344989237698198	2.566064506964196	0.04222547689813894	
11.922081938434685	1.550194714099023	-1.4031586909093623	-1.1548320049183982	2.461813313966248	0.039492912649259825	
11.342931942141751	1.4222738832329083	-1.3758931554138734	-1.1570517947789718	2.3010097889209256	0.03160319424194727	
10.692465065126461	1.2721114180668849	-1.3228199781832755	-1.1395672650853892	2.0813670450116057	0.01830603242610477	
9.994435264412017	1.1040888106881248	-1.2444919684529676	-1.1015715611050794	1.8024187230748139	-0.00048626089098780054	
9.276587294856164	0.9238423013834577	-1.1423269382992403	-1.0431671336503796	1.465771215317685	-0.024673803488151683	
8.569162045286498	0.7378434359521501	-1.0182143665752454	-0.965386689926066	1.0752395628949003	-0.05395809273265289	
7.90322027232065	0.5529381952840511	-0.8741195343465904	-0.8700694656888882	0.6367070697602842	-0.08786096557298248	
7.309227316289233	0.3759781224356315	-0.7117860943579465	-0.7597799911142803	0.15808529726135157	-0.1257356373692859	
6.815111467711547	0.21333566582424876	-0.5324268835358893	-0.6376749101556434	-0.3507877243261682	-0.16678798680989823	
6.4448429277787955	0.07052916162757641	-0.3366880404812128	-0.5072818744762462	-0.8785662796631855	-0.21011863275379392	
6.217439530511167	-0.04804228998397296	-0.12471552820348933	-0.37233744974862293	-1.4127100277452307	-0.25475029016181083	
6.145617505864756	-0.13945150781348933	0.10368903847023486	-0.23659444467647675	-1.939834399665745	-0.2996547226221999	
6.235332196822421	-0.2023643010312278	0.34873759502576224	-0.10360468210120666	-2.4462423205924915	-0.3437836958789081	
6.485869301745473	-0.23698372424777248	0.6103723447230105	0.02342073488766128	-2.918346874653322	-0.38609061517008114	
6.889594949759403	-0.24504262725868178	0.8879439297490214	0.1417631848091224	-3.3431175620078344	-0.4255521519539982	
7.432292576178251	-0.22958421709458293	1.1798241423848153	0.24932095762230796	-3.7086321356100806	-0.4611955864356126	
8.0942295731558	-0.19458963450259772	1.4831980225298482	0.3446151844191545	-4.004442352487383	-0.49212105109129434	
8.850837570558047	-0.1446988603514768	1.793863474191774	0.42680690067005467	-4.221952825978254	-0.517526671805805	
9.67370173719728	-0.0848233155397906	2.106020054325368	0.4956941942875229	-4.354946617872051	-0.536748995493139	
10.532182634671598	-0.019738917630316218	2.412428697998417	0.5515933037775665	-4.399765321866232	-0.5492910718984091	
11.394615981280914	0.04619277500488453	2.7046137383343205	0.5952478769668679	-4.355451487499743	-0.554847141638531	
12.229760128337782	0.10936176907580124	2.973160437695846	0.6277334509786952	-4.2240465151493956	-0.5533446885331006	
13.008516686089484	0.1671478666583119	3.20845436839743	0.6502998445008447	-4.01051986041699	-0.544964077908269	
13.70474480214842	0.2179489471406935	3.4012177093396314	0.6642646910364444	-3.722460346742763	-0.5301274005813611	
14.29646449940949	0.26126699351588	3.5432538195070937	0.6709082195377999	-3.3699456782278547	-0.5095037941374079	
14.768338604035659	0.29783573258316337	3.629087247575231	0.6713065772102988	-2.9653860612243985	-0.48401952578483315	
15.10746023825407	0.3288262062252283	3.654263073245262	0.6664576398092815	-2.522003943544107	-0.4546914927154075	
