13.800302817568229	1.602348236314978	3.1836090155979724	0.942725956350882	-2.222017878731548	-0.4698818945967597	
13.81133509129733	1.3971785216131576	3.0347806179635413	0.8897019501420285	-1.8906525292570815	-0.5129479060170735	
13.754997729322625	1.2130264432482198	2.849805206865887	0.8447368847821256	-1.5518855200469863	-0.5458953644660243	
13.63718862732911	1.051485345800313	2.634946563997812	0.806224661036573	-1.2132101226126297	-0.5695152652871481	
13.463953532308397	0.9140731004219004	2.3965201356037698	0.7725545574560615	-0.8820407652596582	-0.5846065530108235	
13.243112851668233	0.8014016701091347	2.1414614979550213	0.7420603721111532	-0.5648455206647042	-0.5920635863207059	
12.983792755715099	0.713296288302546	1.8769874384125427	0.7130741780002774	-0.2671771242685474	-0.5928389830718377	
12.695696992217487	0.6487819251809362	1.6097804654251515	0.6840746532269582	0.006641515507495351	-0.587866195705046	
12.388701781538977	0.606299443842277	1.34587250904453	0.653712606351126	0.25333033030598	-0.5780397984203602	
12.072689760876695	0.5836455539547688	1.0903862505119226	0.6208785664424079	0.47087892734445225	-0.5641928024702084	
11.757059904983281	0.5782263459440815	0.8473855377641923	0.584753588056277	0.6584681311571431	-0.5470679626863244	
11.450651528792237	0.5872055846746154	0.6200095920413934	0.5447773369319283	0.8162742869854631	-0.5273234081321734	
11.16131053599123	0.6076839717870766	0.4102852144585225	0.5007133786224426	0.9455975475896434	-0.5055013881669961	
10.895971620705827	0.6368496348708573	0.21946552165802455	0.45254817715861734	1.0484777588359553	-0.4820540044785695	
10.660397202696268	0.6720847481600769	0.04795631616062775	0.4005092293367265	1.1277308437461495	-0.4573272396081904	
10.459131745209204	0.7110475366203501	-0.10448067663231578	0.3449903251042835	1.1866887029567021	-0.4315743228724536	
10.295633813974531	0.7516535876898888	-0.23858473756405252	0.2865071483836009	1.2290457991375283	-0.40497236141367493	
10.171998815865411	0.7921563571344995	-0.3555532857725261	0.2256666918644644	1.2587170522515858	-0.3776193767514518	
10.089283978608796	0.8310750266356305	-0.4568313894010762	0.16311415265168513	1.2796324745871746	-0.34956562882440145	
10.047320945831508	0.8672492576934698	-0.5440791830047772	0.09951663833555299	1.295622120345854	-0.32081478270307445	
10.044824738459281	0.8998265196870454	-0.6190212508527276	0.03552894157938087	1.310214189534379	-0.2913472501537563	
10.079538944016466	0.9282222187201675	-0.6833921385938634	-0.028214379604866828	1.3265984925951515	-0.2611305715918154	
10.148071802135506	0.9521591764316442	-0.7388243400396428	-0.09112387034843732	1.347380400933748	-0.23013609035943786	
10.246211383460576	0.9715604996675602	-0.7868083906577247	-0.15265040050441236	1.3746268927184235	-0.19835067119581387	
10.368806690591835	0.9865591775429345	-0.8286143384171731	-0.21229677596808338	1.4096895574925432	-0.1657899633059496	
10.509946740813588	0.997417412254844	-0.8652323465093406	-0.26960943893545447	1.4531653200524635	-0.13251380802808796	
10.663095760539603	1.0044911309808373	-0.8973792026856044	-0.3241694909004229	1.504953334294152	-0.09862757577102252	
10.821123388603468	1.0081958044157258	-0.9253892650633697	-0.37558541215405167	1.564067291055285	-0.06430627971067934	
10.976590884178732	1.0089677667068244	-0.9492920220793011	-0.42347420087860377	1.6288520183868107	-0.029784565909709983	
11.121819345003653	1.0072482583447098	-0.9687418754745128	-0.4674524708035516	1.696857316661837	0.0046260266392411644	
11.249203795418193	1.0034572402016733	-0.9830742881329838	-0.5071191070129193	1.7649763134997098	0.038540852337846446	
11.351336594687227	0.9979868707930853	-0.9913558531747635	-0.5420521216776883	1.8295496490537106	0.07151018250691624	
11.421414948632394	0.9911751265318839	-0.9923979888344824	-0.5717941573508314	1.8863880961491066	0.10301218085403219	
11.453365394360057	0.9833080616306382	-0.984877988318041	-0.595861723626429	1.9310181234300452	0.13247957200802957	
11.442245815860236	0.9745996488720794	-0.9673671334491508	-0.6137416446065312	1.9587348178117152	0.15929942497882	
11.384576062624689	0.9651899175366968	-0.9384511725480856	-0.6249116715414551	1.9648610023605297	0.18284165148352613	
11.278377339441768	0.9551499847971244	-0.8967745299066568	-0.628852459080308	1.9448448033785701	0.2024716051245567	
11.123875695680258	0.94446939817472	-0.8411780328160225	-0.6250846979897193	1.894564949954396	0.21758207972797663	
10.923166006126575	0.9330813924816155	-0.7707347517147032	-0.61318947259791	1.8104090674927078	0.2276098792208079	
10.68078903976796	0.9208570242347112	-0.6848797662677787	-0.5928505566963721	1.6895587379748886	0.23206785645339115	
10.403553323038796	0.9076325751485573	-0.5834863496593151	-0.5638910347832637	1.5301718174613859	0.23057374689686344	
10.100334879208859	0.8932222364832777	-0.4668644194861634	-0.5262787505343874	1.3314037800455187	0.22285583577118337	
9.78222745544679	0.8774454840544608	-0.33589568915234314	-0.48018928010262113	1.0938145979000686	0.20880676682399932	
9.461687626988603	0.8601415703829324	-0.19186897822095453	-0.42596649061926034	0.8191194183457193	0.18845860010208787	
9.152485181636099	0.8411886089069254	-0.03653481947948274	-0.3641690488809159	0.5105267788631744	0.16202760222289148	
8.868719875028454	0.8205014283392751	0.12809955847852572	-0.29553952911883496	0.17257291826106314	0.12989963364474996	
8.62443964231855	0.7980231839513093	0.2998509690440285	-0.22098749810639126	-0.18898654875699125	0.09261880716384151	
8.432563920720963	0.773699965984648	0.4765225375286987	-0.1415945269369069	-0.5671111494455721	0.05090359120355263	
8.304553083777634	0.7474492702815654	0.6559773031016807	-0.05855310683202597	-0.9539380789012417	0.005590539581422014	
8.249440363685862	0.7191195802137854	0.8362200129623021	0.026830410592015574	-1.3407705188954402	-0.04235544929475831	
8.273394720906396	0.688447035010247	1.0153813302459251	0.11319550131215225	-1.7185523251734267	-0.09189467781576413	
8.379639619894908	0.655046555239677	1.1916938804526276	0.1991498397017789	-2.078044911294644	-0.14193277946821048	
8.567540759938169	0.6183663119859666	1.3634199432613765	0.2833231587326255	-2.410270875704644	-0.19136187561149595	
8.833482066687788	0.5777427378091629	1.528778388698323	0.364395280667445	-2.7067218038621035	-0.23909352198633346	
9.170151828065809	0.5323965036280683	1.6858598992114229	0.4411452885619553	-2.95977300990822	-0.28409708807911194	
9.56739615953256	0.48153658186861614	1.8325606192124841	0.5124844422879673	-3.1629608833861544	-0.32543916961000846	
10.012531682668081	0.4244068966901592	1.9665720511941782	0.5774670709766796	-3.311082154468955	-0.36229762009380384	
10.49073026483844	0.3604453035936351	2.0853418568854307	0.6353480281715791	-3.400726725170403	-0.39402322287609864	
10.986054082632046	0.2893350946497848	2.186189686721855	0.6855459002730753	-3.4299786155451515	-0.4201172129324977	
11.481837646331266	0.21118017766511776	2.2663561188241412	0.7276931355995361	-3.398909107926375	-0.4402878996003486	
11.961780555148485	0.12658700830946523	2.3232337706365165	0.7616008977972787	-3.309316805249601	-0.45443215425882555	
12.410327487125683	0.036697744079098954	2.3544690707610556	0.787249358358658	-3.1646625621855855	-0.4626316094590978	
12.813817549924378	-0.05664735560101778	2.3583306737263925	0.804784853149937	-2.9701286041524453	-0.46516843583591366	
13.160481342763122	-0.15108205372010194	2.3337297734333085	0.8144603655965933	-2.7320456535345286	-0.4624636871986742	
13.441432733099646	-0.2436079619152941	2.280577873389305	0.8166343890438492	-2.457943363698854	-0.4550907410802305	
13.65062368188462	-0.33084044746430985	2.1997576333181	0.8117131860500919	-2.155942276269131	-0.44370915502631014	
13.784912820606793	-0.40909552532102134	2.0931182281778504	0.800134419586409	-1.8345626954796088	-0.429044354696822	
13.84450530457629	-0.474643840864396	1.9634777502943936	0.7823307317321905	-1.5022331740219665	-0.41183692285854395	
13.83208492801048	-0.5238973989276471	1.8142410074925965	0.7587186934403779	-1.1670584750626187	-0.3928101735572928	
13.753273827639676	-0.553680866240586	1.649321428305353	0.7296799876274755	-0.8364090088219507	-0.37262791218024394	
13.615755593933086	-0.5614470378418619	1.472729168201207	0.6955635587210531	-0.5167218659934951	-0.35186647404308835	
13.429082478473525	-0.5453796110799184	1.2884472578246653	0.656686335188022	-0.21338997056928702	-0.3310019724476176	
13.204248825154338	-0.5046963117630763	1.1001348588964555	0.613339077424394	0.06957189714284366	-0.310375190564327	
12.953008817375975	-0.43944596912574746	0.9111128188225801	0.5657989105573001	0.32925334941500134	-0.2902202150899305	
12.687562752399762	-0.3507458142910151	0.7241652735268397	0.5143352484719184	0.5641654631209458	-0.2706366355060845	
12.419855870194501	-0.24049180238159698	0.5415711426730392	0.45921925084750276	0.7739209211884761	-0.2516268085688888	
12.161316636341214	-0.11130679695340402	0.3650802098916402	0.4007263188468172	0.9591978131269912	-0.23310245460266985	
11.922147254531406	0.03362014345192273	0.19585007380995145	0.33913955058408574	1.1216337575951494	-0.2149041521670896	
11.711341093289082	0.19078684433350998	0.03458847861477286	0.2747477908491156	1.2634813659725468	-0.19683233762607535	
11.536014545667694	0.3564881989942784	-0.1185412790230709	0.20784648660616814	1.3875652635871556	-0.17865971667437208	
11.401457317401858	0.5270658674278198	-0.26377155088596715	0.1387348903008751	1.4969238040982926	-0.1601615782708511	
11.310978924397991	0.6989947665805	-0.401712862395518	0.06771576484630228	1.5947019705717416	-0.1411265884860248	
11.265553823066677	0.8690859436625945	-0.5332886252078891	-0.004904147533113497	1.6838600262747823	-0.1213846285174886	
11.264304673771969	1.034456954472367	-0.6596077895360059	-0.07881095836126448	1.7670897665495724	-0.10080827979880919	
11.30400696526777	1.192667709577211	-0.7819175352993345	-0.1536746008451843	1.8465585817632229	-0.07933940253400969	
11.379632118699664	1.341622857134511	-0.901450714723276	-0.2291323211688755	1.923847917369125	-0.056989161204962384	
11.484346303237658	1.4795701036837081	-1.0193646039445807	-0.30477656422282373	1.999867114377233	-0.03384582922162223	
11.609666914638462	1.605047539563923	-1.1365640431382378	-0.38011533453447	2.0746835108504995	-0.010089746253486822	
11.746004641351833	1.716780465570168	-1.2536791793289512	-0.45457264485043514	2.147679131052094	0.014025161138362096	
11.882706298638434	1.8136612922931483	-1.37087342795966	-0.5274388262726147	2.2173474652566565	0.03815161796332217	
12.00872219453158	1.8946595623305311	-1.4878337811284803	-0.5978759099308958	2.2815050749188774	0.06187361449434401	
12.112822068930786	1.9588053104018193	-1.6037073684381529	-0.6649045030614179	2.337286292415014	0.08470727447831312	
12.18428525550276	2.0051694000259976	-1.7170129936101568	-0.727394725850268	2.381236937765288	0.10611509597517774	
12.213139154825907	2.0328706742386498	-1.82578353755773	-0.7841106094779087	2.409525886421377	0.1255289065511172	
12.190942267202995	2.0411213611885177	-1.927472584931678	-0.8337090393264753	2.41800884542523	0.14236310338069516	
12.111078811634288	2.0292903620329668	-2.019183367481627	-0.8748156391581405	2.4025023744993357	0.1560451477258453	
11.969162575239658	1.9969600192667276	-2.0977128122407374	-0.9060535479257869	2.358890977541916	0.16603022802945458	
11.763805570149716	1.9440856286052268	-2.1597666373198003	-0.9261425169981923	2.2834392657384477	0.17184043618926018	
11.496219672329698	1.8709870570751064	-2.2020884363147633	-0.9339281365965647	2.17285432481269	0.17306745088142897	
11.171217554010546	1.7785597331758385	-2.2216682163764583	-0.9285017090854045	2.0246464234015806	0.16941884252586728	
10.79652635629638	1.668230882940363	-2.2158502476789748	-0.9092275681653776	1.837184121735728	0.16071726520322965	
10.3829890322854	1.5420276666744146	-2.1824296576332127	-0.8758003420124802	1.6098667109297742	0.14691992782482985	
9.944293055799507	1.402597966410535	-2.119771935507055	-0.8283235188110366	1.3433792654972703	0.12814175837417963	
9.496082555862579	1.253048635142055	-2.0267088183491353	-0.767241220669635	1.0394980030035836	0.10462666602557812	
9.055779655829204	1.0969730584636737	-1.9026586354568806	-0.6934404538796926	0.701458576487487	0.07678203509549289	
8.641302923191333	0.9381932012066181	-1.7474652150903534	-0.6081385636281282	0.3336329527509026	0.04513192269471476	
8.270611472813627	0.780690011380823	-1.5614186976543067	-0.5128992845566331	-0.05839071360892801	0.01031935981402583	
7.9603686557237445	0.6283390027757665	-1.345231983223229	-0.4095818432310924	-0.4679359303534854	-0.026922364225388292	
7.725662175033353	0.4848108180528624	-1.099965541865163	-0.30025112225866923	-0.8875486597730884	-0.06580270498264942	
7.578605289486603	0.353286084741186	-0.8271297432118866	-0.18715929671987014	-1.3090224386491598	-0.10549156530180029	
7.5282976393631404	0.23638100578744753	-0.5286295292758033	-0.07262472571164262	-1.723821031822865	-0.1451575797225368	
7.5801770548379395	0.13599960285888701	-0.2068315794991305	0.0410072733416092	-2.123193504852915	-0.18398404661358458	
7.735468895253449	0.05318630317106294	0.13535114342952656	0.15148260720497086	-2.498560038821441	-0.22120447452596087	
7.991883118921836	-0.011730404678071495	0.49452164615342764	0.2566681179498158	-2.841643672310132	-0.2561057543751748	
8.342668021019568	-0.059321395564703644	0.8666033123131234	0.35467409776104614	-3.144876375752138	-0.28806533474109064	
8.77784236899305	-0.0907711918330698	1.2469408480203028	0.4438635759302032	-3.40151367404292	-0.3165465593772788	
9.284003693491762	-0.10788850204454599	1.630211895416008	0.5229148129990732	-3.6058827437195524	-0.34111686007225506	
9.845042005764284	-0.11289358496294427	2.010432067475251	0.5908731459139658	-3.753697840147478	-0.3614617684586266	
10.442999651612741	-0.10824239043359402	2.3811154049717302	0.6470960595631754	-3.8419209641285827	-0.37736833657677293	
11.058489170381625	-0.09645563939439968	2.7352688091715063	0.6913421413470854	-3.869267369203436	-0.38875733413687896	
11.671863147742513	-0.07990611170856764	3.0657124321676505	0.723663822833107	-3.835889002475161	-0.39565472915959	
12.263709238371359	-0.060682162926770374	3.365202174925837	0.7444311683123006	-3.743592307009312	-0.3982054095852337	
12.816132418429328	-0.040349502010279044	3.6269178797731585	0.7542696349692641	-3.595786863337512	-0.39666655555648045	
13.312845914654098	-0.019986738345154745	3.844556888929879	0.7539888563062409	-3.397148801254809	-0.3913835572296434	
13.74023499489735	2.079755394970029e-05	4.012809170322562	0.744560207908683	-3.153738502779318	-0.3827972967111919	
14.087996327020202	0.019905537217620166	4.127825181494119	0.7270093645161836	-2.8725081654707902	-0.3714054530316276	
14.34989048775337	0.040587604824091655	4.187614920486643	0.7023862256868809	-2.561265125004284	-0.3577575166174716	
14.520016628030737	0.0630444179107006	4.190343308216487	0.6717427092078886	-2.227887960706058	-0.3424072944295684	
