1.8215428065563877	0.9722900238164685	12.245985102684704	-0.2331195017494261	0.29022089324873085	0.7151807030981037	-0.6118396686853439	0.021608936952918607	-0.8125345765679813	
1.766781677607784	1.6721506878671868	12.26840993196526	-0.25127966409152097	0.44461878696872853	0.6781407708317468	-0.6150791528120647	0.016538723337523115	-0.8099621191000874	
1.8861297219616608	2.2046140919941757	12.090324245191196	-0.24223213153153084	0.6197203840948888	0.6158474741719583	-0.6197872451138283	0.012021050627911724	-0.8065609202215709	
2.131640408162243	2.5392473148446837	11.747502881608987	-0.21589281202330274	0.7565639091697663	0.548825764703416	-0.625071033976945	0.00803885918972969	-0.8029986469788941	
2.4224959190489663	2.6932598608572698	11.276087833459005	-0.17586991962525278	0.8245447548104827	0.47523441516242226	-0.6305570048365143	0.004654402615717572	-0.799525548066555	
2.654792973636254	2.686435261495081	10.711560156562665	-0.12121696025014156	0.8278331936149138	0.3924939915477081	-0.6360356057452878	0.0020510088077471144	-0.7960756729055029	
2.765491566413582	2.514859387927916	10.098541101833542	-0.056914494320677585	0.7808906937524682	0.32686225968172716	-0.6409867721836496	0.00033505624825200416	-0.7927042939347859	
2.7855726983366034	2.2728980886757717	9.514593739021018	-0.00013716356091456744	0.6833239066114244	0.30260533733638806	-0.645227602168869	-0.000815878893830683	-0.7896478598809273	
2.746354124633549	2.088646766300607	9.054905485990385	0.03794788754913208	0.5472252253022308	0.30975875797762653	-0.6488306570666333	-0.0016895110526218395	-0.7871052616415644	
2.645980393554406	2.019459408403463	8.785885631921138	0.05493070511162145	0.39382733828447075	0.3228172818257291	-0.6514124122187249	-0.0027009244279683478	-0.7852368789641352	
2.4727342120396942	2.068039586148366	8.721607305505993	0.053133706556237795	0.2458329527877187	0.3242533486575725	-0.6530906530744591	-0.004006876732879001	-0.7840764506915078	
2.242269372901272	2.22441441296734	8.826472841099505	0.03749565986004198	0.12369328437301891	0.30875586411138795	-0.6541938929434115	-0.005324506771527162	-0.7834199796474999	
2.0088836621096435	2.4532438354316146	9.029806936002355	0.016217454803676562	0.04281009896942276	0.2713028849170769	-0.6541191026029732	-0.006446908717303758	-0.7829648562035424	
1.8291271304012238	2.67308261267289	9.24091148736742	-0.0021966737056168043	0.006580743843476594	0.20569256604636743	-0.6541102707513238	-0.007570458723916403	-0.7827527922441673	
1.7264581796155685	2.808496859603293	9.387316802762026	-0.01133876499047871	0.0026942137557437666	0.11744897019508621	-0.6541218165311706	-0.008281522330742062	-0.7822918945420704	
1.6983202986229287	2.8329708305260333	9.431322912317947	-0.009364056900144113	0.010454188053205029	0.020969618858367834	-0.6538872597133144	-0.00839598195044844	-0.781577694206823	
1.7272598652035134	2.763867644433765	9.370232063848189	0.002697480029515098	0.010781903149565277	-0.07345598209790029	-0.6535880957677805	-0.00796049067422924	-0.7811649428337879	
1.7872159932417886	2.6226919962375854	9.227985697731569	0.022903020095537338	-0.007342630159789981	-0.1662576416701713	-0.6533207006398576	-0.006854100023420517	-0.7812981996281033	
1.8509451007755644	2.4074627294420115	9.043563632559895	0.04610588834944247	-0.046569195923986194	-0.2588622227122353	-0.653139397963338	-0.005319111730792544	-0.7817278460740344	
1.8839588456429386	2.1283710014787687	8.861048913155075	0.06631203030070053	-0.10513798241508983	-0.3477444906393862	-0.6524452062054307	-0.002816139827959105	-0.7819693729491195	
1.8695270624534828	1.8057217029028192	8.711201773266833	0.07855626405702394	-0.17666111620854905	-0.42821752053988843	-0.651187747062213	0.0003993196155020664	-0.7828235971698663	
1.8075354039589253	1.4658749513902918	8.606156661573177	0.0798420644149239	-0.2523004915850124	-0.4968330339645898	-0.6493039193132839	0.0038336367408132437	-0.7845046057290586	
1.7068516337421502	1.1317770410254715	8.540955546329396	0.0693556651226123	-0.32309226114969636	-0.5525083197310126	-0.6466661624516464	0.007466201974888625	-0.7862694241460606	
1.5840750533905807	0.8116882447846446	8.497862117773515	0.047980016268034956	-0.38076312060618556	-0.5965293024574276	-0.6438859855538122	0.011248253743920137	-0.7883555587034465	
1.4525829594127535	0.509590635725133	8.460430262842191	0.017243176224835465	-0.4194454662412841	-0.6288675331145267	-0.6408452537294176	0.0151002679414537	-0.7902695098122691	
1.3391196785838557	0.22857957840506524	8.426097249288665	-0.020467264521763236	-0.4374470906223724	-0.6485284211573241	-0.6375182957491611	0.018558925079546856	-0.792020489258889	
1.2598212407186729	-0.023315349552660073	8.401818196530714	-0.06281113279657995	-0.43853884592128006	-0.6567030857399561	-0.6341212512579608	0.021412556742683126	-0.7939005668248665	
1.2121044935408283	-0.24022341405739042	8.40032352641818	-0.10708761164716757	-0.428576574341089	-0.6556325642226107	-0.6310113740468273	0.024012335842197266	-0.7959668018620931	
1.1869842395588013	-0.4270754752408553	8.432514330508928	-0.1499991806258272	-0.411058284480429	-0.6466279467395905	-0.6283058139803168	0.026485141394174138	-0.7978863932144475	
1.1759734891414757	-0.5931968801589254	8.491483512058618	-0.1893968919378105	-0.38707289460994426	-0.6320575315582551	-0.6255081821102063	0.02792545669987909	-0.7992338192799174	
1.1740570896412128	-0.7471339987956499	8.561447350676556	-0.2238579684281618	-0.35732491871220917	-0.6130641615975571	-0.6231659786564717	0.02910857627534649	-0.8004926871379827	
1.1929320545476712	-0.889425582262307	8.633804344971894	-0.25259276384953694	-0.32735201504028116	-0.5868915030414481	-0.6215655961534109	0.030338859429479493	-0.8018499959801638	
1.2331665926359092	-1.007069935396042	8.708685458302574	-0.27518089720957123	-0.30380054332404005	-0.5524048835220509	-0.6202458533442909	0.03124013111811476	-0.8033578012796866	
1.2764118813026983	-1.0895378627156502	8.785431695884334	-0.2912215831948351	-0.28918083639077674	-0.5131451151995554	-0.6185244606172982	0.03168697520179699	-0.8049022757217632	
1.3150746766844614	-1.145646929961523	8.858731448529834	-0.3007764633701083	-0.2820585857604733	-0.4731419149228715	-0.616312263590118	0.031944782595237003	-0.805924699661126	
1.3547761987175782	-1.1723692648437882	8.933067632493495	-0.305826329754095	-0.28111579126852626	-0.4339114225557266	-0.614435844270083	0.03196332285260397	-0.8070127734929059	
1.3849229902590319	-1.1711392234887292	9.00229618715304	-0.30678484473054835	-0.2831858255165447	-0.3987742676674135	-0.6128011488043836	0.032099420566318565	-0.8080792270636197	
1.4089580548136291	-1.1510616540018854	9.068367615784242	-0.304014589527405	-0.28526269951713	-0.3690950781148264	-0.611163082918208	0.032165503699410965	-0.8091528146753885	
1.4345310188815272	-1.1257178316855347	9.134254479133796	-0.2982931463320746	-0.28602924949039443	-0.3450499794614964	-0.6095799617023677	0.03183317801308077	-0.8104364230884453	
1.453434816375529	-1.1040258871761088	9.19112342616897	-0.2903739576996407	-0.2854615563923363	-0.3270690259535307	-0.6079959411584581	0.03139487424356815	-0.8118117491202455	
1.4673605519798223	-1.0791502675813271	9.238180461470153	-0.2815002955332131	-0.28398253768673487	-0.31241450440423	-0.6060829050958568	0.03098660468639658	-0.8133168352489225	
1.4792897879872253	-1.044855622508383	9.282551481542189	-0.2708265020318744	-0.28263687175780483	-0.30160822296708856	-0.6039193110794006	0.030614118107299942	-0.8150186704015369	
1.490386657955606	-0.9956219452766721	9.335729061484958	-0.2571776382715046	-0.28082422381009847	-0.29504069015323264	-0.6016681015661388	0.030720972018151046	-0.8163490569148624	
1.4988605669685313	-0.9301097469322289	9.407734693046022	-0.23949386758432173	-0.2767420334442928	-0.29243379649268286	-0.5995075240957352	0.031030611431181517	-0.8173304538033984	
1.5039095276003915	-0.8540221424729858	9.50012727653545	-0.21661078761205269	-0.26876173144822846	-0.294341056909201	-0.597504654514987	0.03109246918433347	-0.8184057292842776	
1.509665071965672	-0.7783518287539002	9.604309878160377	-0.1874783969519352	-0.25651411627259074	-0.30246283775951077	-0.595524455170631	0.031665392240680656	-0.8192516764268464	
1.5191988390739695	-0.7161662563743278	9.712169944533205	-0.15133973301058942	-0.24258932979697573	-0.31816979283539143	-0.5937711963443656	0.03223236360745388	-0.8205453985985365	
1.5442685895660844	-0.6774129715122298	9.819626153128725	-0.10737371821020378	-0.23266832270871504	-0.34304761961462904	-0.5922519624417174	0.03321359165017925	-0.8218270945851825	
1.579731893994991	-0.6745803626429091	9.929575501776107	-0.056979484776173164	-0.23333768628313165	-0.3788966532189898	-0.5903035400190626	0.034945461384688827	-0.8229616806214358	
1.6110199405831158	-0.7174267773363854	10.058390615628896	-0.002888221130525827	-0.2470989984381305	-0.4252258031659605	-0.5879767605086381	0.03720773491736475	-0.824184025560691	
1.6331167483077746	-0.8095996846374064	10.22616351687242	0.05186130555385447	-0.26759967405314156	-0.4786592134922297	-0.5862973683721717	0.03984277965467172	-0.8252930476962769	
1.6433240890949345	-0.9570087107163017	10.425797028090782	0.1020968502895171	-0.2817469747836159	-0.5357729556643417	-0.5848141925855819	0.043081203368812	-0.826271398530702	
1.648401962629935	-1.1529161369895997	10.625961321273357	0.14365184786788396	-0.28561958395166204	-0.5893060866960614	-0.5830301201098563	0.04725893655102416	-0.8272303573857669	
1.640182763178936	-1.391105094855391	10.79419122234326	0.17451631041346086	-0.28414398623758486	-0.6348822808829472	-0.5807893169325069	0.05157327063832593	-0.8281723608505802	
1.6058026476359801	-1.6681053502572984	10.90723067729667	0.19392411087708494	-0.28272011523126744	-0.6681296515653067	-0.5782072869048969	0.05598857580186884	-0.8290122183275915	
1.5391867940547062	-1.9632366638373102	10.958526537695459	0.20121638273055004	-0.2829962414055401	-0.6813848401409967	-0.5757020245238913	0.06100766617294932	-0.8299325925735143	
1.4357493618865722	-2.2261206512366227	10.959245821922364	0.19540738131944252	-0.28331517655919713	-0.6675018085770501	-0.5737376173584958	0.06573829772761171	-0.8313507890244568	
1.2926740983676899	-2.412835132476088	10.91731752636981	0.17551841877435978	-0.27618132433902964	-0.6267159851702734	-0.5718904458553546	0.07018064043414361	-0.8328326837079054	
1.1240235731079387	-2.4923526424155535	10.839608540011042	0.14281013436437712	-0.2546283834033012	-0.5630661415507489	-0.5704054311343288	0.07379788724178367	-0.8340814042590938	
0.9580025610948948	-2.4400000796513988	10.740075557962754	0.10155752030211276	-0.2169537719122321	-0.48112429775059	-0.5691377250050375	0.07660697139156299	-0.8347452720496911	
0.8108108264036517	-2.2430675776802445	10.633506387967568	0.05713637942258723	-0.16564039713576645	-0.38974853822035943	-0.5679985474799334	0.07895285870224195	-0.8348879064255539	
0.6801292161804092	-1.9100942853347436	10.52838723929673	0.014154256824094127	-0.10541710433758043	-0.30001587878121083	-0.567452700742176	0.08065460864169587	-0.8351405754654245	
0.5759817091840012	-1.4648988652597397	10.433288500293601	-0.02345462294348913	-0.04422923328069649	-0.2138866184811901	-0.5672467818300057	0.08151101315416194	-0.8355736669857947	
0.5118340148739954	-0.9249851857850923	10.35907949740738	-0.053316874564531234	0.009604855769129138	-0.13517577654040855	-0.5671920825561033	0.0818758166963883	-0.8357761193394954	
0.4958771933633009	-0.321953586751323	10.314521032412602	-0.0719237977526814	0.051166221654309646	-0.07268680507964279	-0.5674858177978197	0.08206753728271146	-0.835407886585433	
0.5250799562119498	0.29026228315221425	10.284162663296037	-0.07576383448080741	0.07868442366031621	-0.033385659035114416	-0.5680819062532718	0.08215838869220798	-0.834823691749332	
0.5854234786612034	0.8586615694697566	10.235568474602687	-0.06357449240250035	0.08804642918739575	-0.016803078495913792	-0.56871089953093	0.08209346237466718	-0.8344935237721054	
0.6616647172306412	1.3583995483057225	10.155642300558183	-0.03674682794740333	0.07293530884390248	-0.016855897510712693	-0.5693729968128356	0.08194466880971182	-0.8341191405296817	
0.753788138046313	1.7798898661593894	10.061448529094925	0.002419789595064975	0.04065897113197753	-0.028246113117597515	-0.5697948894657174	0.08212910382868692	-0.833645856065863	
0.8755670624403241	2.1277288776186483	9.967287256889067	0.051773232475316316	0.0008272707408596893	-0.04616903253906964	-0.5699564516897051	0.08273930359983167	-0.8333245448991906	
1.047970921213839	2.4009572941612674	9.899363431847949	0.11000422630120921	-0.03668464291420636	-0.07387388869272214	-0.5701619564839485	0.08404421892868304	-0.8332947237809862	
1.292491031825927	2.5867491919987224	9.884426029118707	0.17480009689136947	-0.06652649992517629	-0.11537935233625415	-0.5700929325684098	0.08609737099230155	-0.8336413376785997	
1.6073037266162813	2.674537841642038	9.92017829435146	0.24196339759209945	-0.09228305581230489	-0.17108290184028435	-0.5690811960854645	0.08866773741676018	-0.8343300563980285	
1.933686692449776	2.6734251148936115	9.97234353993262	0.30861851051464356	-0.12322892210301438	-0.24749930697562625	-0.567877289496138	0.09220135401910048	-0.8348919659194252	
2.1845755877935282	2.597920804683324	10.020049458266183	0.3766884563359201	-0.167095529866511	-0.34386430526393014	-0.5666944332720169	0.09672441182578151	-0.8355344864248224	
2.3144010455903974	2.437234409854076	10.083752869457458	0.4501935079003409	-0.22240008825525331	-0.4440317821274382	-0.5649603348397152	0.10224929040837676	-0.8363054186418379	
2.3503479358825277	2.1677368380779867	10.218434478194965	0.5287266482746302	-0.28257174126649093	-0.5253597749208465	-0.562778464555484	0.10844346235859212	-0.8370847897370851	
2.3428500413855393	1.783850342299305	10.436777565993086	0.6055651043858054	-0.3382728701319219	-0.5745042916183766	-0.5603686964456616	0.11507429732284304	-0.8379843745002098	
2.2973044999939	1.3049094011162197	10.660335626614643	0.6702216422111031	-0.378602690724134	-0.5926980098292884	-0.5571233448064364	0.12243686903224536	-0.8391646251216424	
2.2022156380305424	0.7516385008475631	10.839588541265336	0.710491911980933	-0.40118032157751937	-0.5801754288598797	-0.5541008189507773	0.12986104853425268	-0.8400446400599311	
2.082755057706027	0.21546712088244524	10.992806091816814	0.7238737188906864	-0.4053223514676597	-0.5360597220743777	-0.5505577085456889	0.13755406695463906	-0.840820907624579	
1.9535635881297988	-0.25235787049546254	11.129868397121847	0.7102674914208461	-0.383384284353817	-0.4701210037071601	-0.5468629596779061	0.14489958074640966	-0.8412916311880828	
1.8229500700140107	-0.6589691532726464	11.229808841407548	0.6704071080621998	-0.32836321813324143	-0.39457389470304993	-0.5438118843526897	0.1511276454381387	-0.8413857108242282	
1.7110718809104992	-1.017394139717286	11.266887704233241	0.6076676775564078	-0.24272730708204265	-0.313538164520143	-0.5413126780989436	0.15636112680608552	-0.8415890500889143	
1.627201738075239	-1.3284509742619153	11.225199770891441	0.5258000216877903	-0.13499655965360494	-0.2274386954498853	-0.5400012982549418	0.16062666853464208	-0.8416597857093906	
1.5787628108037581	-1.5815973135564447	11.091431496415856	0.42982582601740316	-0.01791816611847359	-0.1318580216652912	-0.5395548126872919	0.16430777066250937	-0.8414946662420326	
1.5678271715294607	-1.7539535375660122	10.864768122097724	0.32598305451265186	0.09566109986444124	-0.02643863372125165	-0.5401014567453226	0.1669134314034971	-0.8411560114690011	
1.5976892050388338	-1.8273941827154794	10.561788842580095	0.22189334511702857	0.19451437175588512	0.0861390428300302	-0.5415628093207767	0.16830607076998277	-0.8404919635148705	
1.665058179166139	-1.7963376255446395	10.214953338273501	0.12509513346451998	0.27255478472958083	0.20151899821810332	-0.543610070543999	0.16882295392124433	-0.839178783982022	
1.7547455294221892	-1.664351492496741	9.861026492754027	0.04098581459879228	0.33118355678031963	0.31247330377329374	-0.546381155265243	0.16822395626154932	-0.8371812213158427	
1.8678997788067364	-1.451394036693759	9.522856923394933	-0.027415358398077908	0.3734851817012941	0.4104696654202011	-0.549692595796115	0.16644748774734558	-0.8349630465552726	
1.9991438736359508	-1.2018461744055322	9.231445033492268	-0.08153266886432932	0.3996505656224238	0.48548877859340756	-0.5533158414873026	0.1637638924627737	-0.8330601805323131	
2.133326699811934	-0.9611138382864902	9.003736173417247	-0.1238606573543677	0.4117425781337958	0.5336207580196347	-0.5572468925266011	0.16042881234319079	-0.8311933924233641	
2.250606755916713	-0.7547807833573668	8.843041940237159	-0.157158273433832	0.41424604615598687	0.5590506000550126	-0.560981060694696	0.15664062316009844	-0.8293767314252797	
2.338709822131886	-0.5864802482727409	8.746219292233611	-0.18473571163361968	0.4123857916560425	0.5690476159562404	-0.5640288877370843	0.15262913164347097	-0.8280037238615209	
2.4041239703427397	-0.45213961080318804	8.695896777186348	-0.208792374185863	0.4117178468055742	0.5674812410372769	-0.5674119454089228	0.14859338201581107	-0.8262043973635173	
2.4552432803720943	-0.35181355803763814	8.669425642644454	-0.22895296759734182	0.4144253874320627	0.5544661363478413	-0.5707972538810947	0.14462273304432474	-0.8242721720470352	
2.5012387545708843	-0.2922141991071581	8.647508993118487	-0.24478534625941134	0.41913404328989773	0.5311534210968267	-0.5738143211149808	0.14028095485268263	-0.822200717062706	
2.5442421762349525	-0.2744131350009774	8.625742893388333	-0.2564661616259033	0.4225315897806748	0.5011548481945757	-0.5766978373047474	0.13598850107480745	-0.8200762528749417	
2.581361962407367	-0.2937488153843131	8.611343541323498	-0.26453190085455014	0.42210275841861145	0.4678900295427914	-0.5797039705708595	0.13233960382692164	-0.8180094027569212	
2.6120861320933506	-0.3491652809465282	8.610639134049716	-0.2697181839018474	0.41754577352657696	0.43291796797178467	-0.5825896454481304	0.12868468688608048	-0.8157277846957216	
2.6342281495795707	-0.4387203567098964	8.62850285382607	-0.27288507859344235	0.4087115254152002	0.39953083594156064	-0.5853387455951331	0.12496788831108709	-0.8136853985399533	
2.650484485181469	-0.5516822810926602	8.672762301640889	-0.27489934803387306	0.3955592268172186	0.37008953993062965	-0.5881994144515997	0.12161320786269157	-0.8119955310152096	
2.6542228721611423	-0.6778219007047146	8.74776910911855	-0.2759119312432063	0.379887379137164	0.34471675273311997	-0.5910981500594903	0.11832194910811247	-0.8103611291836057	
2.6435248574732855	-0.810680064157128	8.849291013315053	-0.27536788223321457	0.3637890966623657	0.3235509187661414	-0.5940350438333831	0.11489012086136571	-0.8088531098732862	
2.625898742696554	-0.9463899838049769	8.966992593650698	-0.2721957557315255	0.3482223061730737	0.3069846339216366	-0.597153954712405	0.11168754611999834	-0.8076779204445633	
2.597917293160626	-1.0825740449126855	9.090371132416722	-0.26478625999317706	0.3339880150953253	0.2934787951524812	-0.6000362277876238	0.10853419025791203	-0.8062637036398934	
2.563654726037456	-1.2126752714935645	9.20615965830171	-0.2517121380032267	0.32104480743590574	0.2841617957399756	-0.6025290886458121	0.10536211691702153	-0.8051448891889247	
2.530998629401016	-1.3338034732756636	9.308869459754508	-0.2322925130956627	0.3091579488545667	0.2779382852258398	-0.6049169817962982	0.10264325994007571	-0.8039963204443328	
2.5066821030879134	-1.4496061384867283	9.400454153983404	-0.20539586026059775	0.29895648172785644	0.2747936035429059	-0.6073534710772555	0.10045171932421464	-0.8025363280370292	
2.5007219459345644	-1.5650544110163016	9.488118068721432	-0.1703478121197777	0.29246035711249607	0.2769816014173139	-0.6097336572742285	0.098459173627775	-0.8010600117305733	
2.5252905418356004	-1.6806213261040952	9.581476640787718	-0.1282742844383492	0.2910966331496164	0.28612412722638797	-0.6119147872219398	0.09670140709840679	-0.7997976385786634	
2.5753404042548915	-1.7959267991123882	9.683346600630772	-0.08038074190409523	0.2913547180212947	0.30239646648993873	-0.6136432207809384	0.09526780188528158	-0.7987664141549755	
2.6415390781050334	-1.9177052313843117	9.783681033374682	-0.029689943718131256	0.2875335310703032	0.32503614061593733	-0.6151890295123268	0.09350178132332711	-0.7974150859696687	
2.705011775028547	-2.0427938436250015	9.878119319685082	0.019879364535160992	0.2706347524617952	0.35501262664682093	-0.6167462949641558	0.09165285128401544	-0.796064542542633	
2.746206315942888	-2.1585861991514412	9.966891753183397	0.06458727428391738	0.23403849896801943	0.3928003901982481	-0.6182994771417188	0.09007754938832732	-0.7948489357469768	
2.7603532893170786	-2.2493170284938584	10.050184996185603	0.10140936206334127	0.17932928854416194	0.4362629010001916	-0.6197228054680767	0.0883704633564064	-0.7934270440517055	
2.7599599592459656	-2.295178141422905	10.133537970122145	0.12793229711398665	0.11544252447104457	0.4814792809400903	-0.6207901818021474	0.08642623830032521	-0.7925550707308926	
2.756727694225782	-2.2797779121126136	10.221362161208631	0.14153401761850826	0.05381204152175248	0.5215119996517805	-0.6215977734716981	0.08470691755154573	-0.7922121712732545	
2.7539539349425777	-2.2036434180793067	10.309180824423212	0.14090708532886168	0.0002309207512588003	0.553271926328726	-0.6222120201681781	0.08290444818521495	-0.7917393232478589	
2.734874859741892	-2.075075593988735	10.401940215931285	0.1256432846845272	-0.04410653337749345	0.5768835323807101	-0.622438724659482	0.08056475121253935	-0.7910881186941489	
2.6857636868015677	-1.8964506109198442	10.515949260209151	0.09679250305573563	-0.07776346833303895	0.5947577003422206	-0.6224436544708537	0.0778415828582784	-0.7906748196489974	
2.6173211033124666	-1.6592602962562044	10.667843653055275	0.05715972165755222	-0.09702119149915286	0.6111333084520334	-0.6227904938439047	0.07520856817267488	-0.7905531325564512	
2.5301332822303	-1.3476680059526835	10.87822782967114	0.008576193468968627	-0.09925563398292497	0.6294853674187487	-0.622881672777969	0.0725630874920821	-0.7907631797067137	
2.4075993798429063	-0.9354437987396917	11.16516000158685	-0.04917048318471692	-0.08451111784416766	0.6559090241788323	-0.6225837936985193	0.06966719276213083	-0.7909021622925867	
2.210579293127804	-0.39273504035185924	11.523550075481944	-0.11846307926782705	-0.057180638372247544	0.6921551965925588	-0.6225045653363673	0.06587827458797416	-0.7908937504037625	
1.9432022347151061	0.2914920799796751	11.92511700386992	-0.1967166763939804	-0.012542906580243075	0.7274867653458028	-0.6230756908272992	0.0612037941508934	-0.7907927023417135	
1.6744827339654078	1.1056907934713727	12.331286640308305	-0.27426056180309466	0.06767989435423694	0.7405424344492993	-0.6241336593250043	0.05673549284164277	-0.7904251299729466	
