1.74709714759616	0.475403309491071	12.359663368695117	-0.2224793211266102	0.24567536334214252	0.5409541698689848	-0.6265689583698663	0.04801061184183137	-0.7884771139462943	
1.7118773151518254	0.9906378957350707	12.336695074295914	-0.22801133007993293	0.4051596594942529	0.5422502952744055	-0.6296442763249595	0.04441106693572552	-0.7862604169803361	
1.8443393555405938	1.394965930502174	12.155839241371872	-0.22287731448763695	0.5595868668783401	0.5353141998637105	-0.6328912484245574	0.040341071647977525	-0.7835200694782236	
2.0709111399894886	1.6816882143321739	11.840512781767513	-0.2054742038068207	0.67278429456016	0.5108876506299075	-0.6376534775039212	0.036302980512150446	-0.7804974738082232	
2.3039168624006616	1.8384997329443016	11.399789515163858	-0.16739926449278586	0.7417246444496594	0.4778301269787635	-0.6429742430655538	0.03323905967715162	-0.777229315739503	
2.4868558053121137	1.850274606013796	10.848092649315342	-0.11118373619074014	0.7666776851156615	0.45228719529437483	-0.6476723749616536	0.030930911587146476	-0.7738755768615913	
2.605346289528182	1.743360670641419	10.239572650535662	-0.056917508246619494	0.7307028519170585	0.44626960907921104	-0.651905674386607	0.028126356582064783	-0.7707079921387692	
2.6398800212393017	1.623623433134556	9.669548827205896	-0.020228164450381277	0.6338913944189978	0.46893980761958703	-0.655490609282596	0.02490422996624533	-0.7677339066085189	
2.586362512826332	1.596953836730312	9.225009920506196	-0.005432333583827774	0.49637902396242783	0.5053920904913307	-0.6586615770764619	0.02148479747666661	-0.7653396096734735	
2.4315958666712034	1.6927616547242534	8.937007733500387	-0.008361631513689469	0.3521470508044284	0.5322726078186429	-0.6606575201229975	0.01783696147044286	-0.7639670178917204	
2.197836885647668	1.8909157568995882	8.792828760901266	-0.023344118812172927	0.23266755083658613	0.5361120363785797	-0.6619552630981276	0.014230995606697258	-0.7629461165751428	
1.956572226269841	2.157029555976493	8.762608379538516	-0.044337315080762336	0.15534700635306387	0.5137201835210873	-0.6630174283716995	0.011054136054819213	-0.7619546321562273	
1.7895163574364719	2.444107041122405	8.802064290728376	-0.06461868494170535	0.11865216105087978	0.4634726727911838	-0.6638002601847974	0.008369570874176746	-0.7610787232103602	
1.735645424916397	2.6882091811928017	8.85536478432785	-0.07811849888255099	0.10383537928160787	0.38355805124391307	-0.6646422036779096	0.0060029466277702675	-0.7600442631136175	
1.7715146153143757	2.83676100339838	8.891218789272857	-0.08027698502284007	0.0856251815545913	0.27998719689168033	-0.6649039816820719	0.004033894300575672	-0.7597975869228382	
1.8362811714693135	2.8702945833019244	8.90106880146584	-0.06920510222617368	0.049218582620620545	0.16266642362837755	-0.6645890368343494	0.0027200458859651306	-0.7597415323726175	
1.8782515299301117	2.7933704089346474	8.891866614842053	-0.04539288237874521	-0.006255161040138408	0.04247059489144996	-0.6638507016519576	0.002066071660342933	-0.7597434101166278	
1.8822147326062382	2.618903083899974	8.875657570216632	-0.012433068547448961	-0.07110929463984011	-0.07357798949540245	-0.6627366187829535	0.002115229516364622	-0.7601251001214967	
1.8561397382944047	2.3579534998353893	8.854853392716505	0.023730286218090715	-0.13444725735232713	-0.18315258813942473	-0.6615951912516748	0.002973752945548684	-0.7611214026308905	
1.808738275405731	2.0229619692989633	8.821944641723293	0.056549889060002544	-0.1918159036210723	-0.28408512218178567	-0.6605892837227381	0.004780628914763806	-0.7627034175806212	
1.7489804381751317	1.639639935548143	8.777833509363948	0.08017473471950232	-0.24428326684677013	-0.370727450459036	-0.6588862816627712	0.0077549709868564905	-0.7644821918143907	
1.6812290646074046	1.243578162851185	8.730263094469331	0.09161859157667954	-0.294449799781142	-0.438949344609749	-0.6571265881258951	0.011137021069638577	-0.7665213108359812	
1.6003942881767415	0.8638047701774799	8.682486185136774	0.09045987158994777	-0.34224877053262104	-0.489624165655996	-0.6552320970094389	0.014557220826740226	-0.7687376192632296	
1.5063782360299562	0.5208068049927821	8.636454227708894	0.07834542090686256	-0.38507096017163106	-0.5240167447646366	-0.6527583429587211	0.01802193495209867	-0.7710652693535567	
1.4063792054088595	0.22486830448496672	8.594071028243398	0.05796112478499454	-0.4181282902415807	-0.5432233255848027	-0.649636970948943	0.02144919928380883	-0.7735153080811701	
1.311549831072934	-0.022167268319086122	8.555972212670607	0.031688515470040084	-0.43623100744351423	-0.5503746912333852	-0.6461845767682982	0.024648841558423867	-0.7760198119460562	
1.2372550847590542	-0.22298582328850622	8.525708260636293	0.0014660282548628958	-0.4375909870681373	-0.5500370531382527	-0.6428132733418555	0.02758692056423746	-0.7785662575731213	
1.1937801286055605	-0.3907948344797656	8.513979728943589	-0.029849471892498626	-0.42483406210377467	-0.5457337845974259	-0.6398586261867709	0.03028265834084754	-0.781480437074603	
1.173865734970317	-0.5420593547920587	8.515835258818484	-0.06139579409539384	-0.39948544396128344	-0.5404236767498118	-0.6373637328238123	0.032643701615920374	-0.7842694037646073	
1.1738777843449322	-0.6871485948833642	8.52962373453105	-0.09249288979536202	-0.3664552317002757	-0.5332255423246193	-0.6351823313865292	0.03483492664154436	-0.7864625181926365	
1.1957621181420781	-0.8263542383895878	8.56085457495716	-0.12213142160075191	-0.3321132785535414	-0.5214573269330365	-0.6329004233879345	0.03690390791856577	-0.7882532761099905	
1.23552579153574	-0.9552219413800939	8.609223223229524	-0.1495912097166923	-0.3014561917326654	-0.5060113068508778	-0.6304858651895815	0.03873644835831815	-0.789806886159952	
1.2795655802561487	-1.0691222940077838	8.67119072215792	-0.17452605311347993	-0.2787897972380037	-0.4900028631403875	-0.6283943191024	0.04035774051665371	-0.7910015251824692	
1.3131156075354087	-1.1577529084098428	8.75506668620977	-0.19613782064584473	-0.2661421565477577	-0.4703276588027346	-0.6261197458036284	0.041661186875720645	-0.7925570299594827	
1.3268510029753187	-1.2105143491634294	8.83466607510099	-0.21196692853154026	-0.2567502144976014	-0.4466420404903596	-0.6237284757165826	0.0426116661072264	-0.7940232782351487	
1.3344678168925626	-1.2329770986418704	8.907024945974863	-0.22098301073569998	-0.2492826091922711	-0.42164295615982367	-0.6217745404384873	0.04339994036721332	-0.7955605998856837	
1.3521143738825228	-1.2415076439279134	8.973504128331427	-0.22356454391368524	-0.24452593492625804	-0.3952484721780671	-0.6200591463682391	0.04397477164731203	-0.7968646578491693	
1.3854609918803196	-1.2415087598622003	9.029091106475693	-0.22152391872153182	-0.24409152761461222	-0.3691815590426833	-0.6183620185731713	0.044364921284944014	-0.7979690141327347	
1.42137259296972	-1.2319806704290694	9.076706316852142	-0.21748972650902137	-0.2497527719143818	-0.35053581980352533	-0.6168877703125962	0.04480060229248213	-0.7995828700731876	
1.4313352488094637	-1.2270684602238084	9.126976030393838	-0.2127071467244804	-0.257842863320802	-0.3413036961342419	-0.615088529281665	0.04510818106223101	-0.8010183229868748	
1.435751365552906	-1.2137419053620129	9.197320842675584	-0.20764134957118285	-0.26729627500669284	-0.3342422495330684	-0.6134574501151125	0.04562728362735382	-0.8027045865597698	
1.427283326900121	-1.1911199870215592	9.286275293500179	-0.20115745531730664	-0.27349351619748075	-0.3319171105184656	-0.6118922222486685	0.046017793198813044	-0.8045259917683195	
1.4035511294036482	-1.1598795500797103	9.38918933453268	-0.19219985977461895	-0.27223686783240986	-0.3322464738367323	-0.6104372378377746	0.04644871890976363	-0.8062007154006403	
1.3806805863320795	-1.1152085605851942	9.499355315627616	-0.18014177367079406	-0.2606859037022579	-0.3322009416933153	-0.6091339358781516	0.04723511757357142	-0.8079070010002971	
1.3762784289831538	-1.057049986197323	9.603595527915292	-0.16451120422879525	-0.2391421248728207	-0.33464953324102087	-0.6076712980626787	0.04799762441678532	-0.8097056585836852	
1.4005472089307853	-0.9931451192512253	9.692297010877398	-0.1449006214667726	-0.2144570929083685	-0.34081931440048324	-0.6060423371731983	0.04836280824816628	-0.8110841255855681	
1.448960174923103	-0.9256310399333263	9.767197624221804	-0.12011769434248974	-0.19444082669957088	-0.3509999205070621	-0.6047115502121857	0.04897209954087152	-0.8123638565448066	
1.4988945907671098	-0.8666899371121597	9.833936586059327	-0.09003054932516731	-0.18385115866687335	-0.3714336345701277	-0.6033117565577941	0.050145412172509764	-0.8138568366159424	
1.5441416836075914	-0.8365304134247159	9.903431980419883	-0.05552147110811312	-0.18343947464292024	-0.4057834819043798	-0.6019751689689811	0.05176445062878064	-0.8149764323950854	
1.5845959533083673	-0.84782247159811	9.989959228323778	-0.018022679112264142	-0.19351813936486573	-0.4517696048517963	-0.6006779391161103	0.05382784770029071	-0.8158158075772859	
1.6110641669585255	-0.903477019658648	10.103802773895007	0.020638197594359257	-0.2123101609419901	-0.5055800015208769	-0.5989571504504334	0.05662988095364954	-0.8169214884159633	
1.6137649885123782	-1.0073409883658828	10.245951461795247	0.05797274239839478	-0.232494192525942	-0.5641918741007717	-0.5969666726358509	0.06028150188641767	-0.8180300464827965	
1.5914126018916128	-1.1653618288334406	10.408234475083969	0.09108170488459305	-0.2460380538762274	-0.6209591245633208	-0.5953821115100455	0.06440005281921685	-0.8192518781104918	
1.541453811913428	-1.3753499676868604	10.567698598644997	0.11922763405083399	-0.24854780103587168	-0.6687370121632112	-0.5932938523722314	0.06911581895688484	-0.8204541002776276	
1.4666247627091147	-1.63039986108386	10.69287257682419	0.14235867209517206	-0.23968566532711846	-0.7005916278515751	-0.5908058072050376	0.07416135139569616	-0.8212334908239269	
1.378488097862728	-1.9118043098472386	10.752588643942149	0.159806068946592	-0.22434452498737795	-0.7115884555769486	-0.5885715833562668	0.07920876152056823	-0.8218474908598129	
1.2852767830399652	-2.181545677878075	10.743911929598296	0.17014924007754073	-0.21051070132053656	-0.6985460233755546	-0.5866985768712393	0.08420016261866656	-0.822606947536124	
1.1829256350760244	-2.3935286645943896	10.695104851906146	0.17124418581436293	-0.2025291437377356	-0.6608669123934311	-0.5848301112970832	0.088963343958829	-0.8233968054059678	
1.0635644751248479	-2.5133431555412864	10.629688153588097	0.16083415219731448	-0.19667156072898706	-0.6020217065850783	-0.5828168900448127	0.09301043914503349	-0.8244740667879281	
0.9225804520563298	-2.5090120314535027	10.569160946146892	0.13982606637428474	-0.18808586758926474	-0.5234403580113345	-0.5809019137931956	0.09643550185444216	-0.8254453412613759	
0.7654110710336891	-2.367407419095493	10.523424307431963	0.11238297596757332	-0.17147553467984855	-0.4295457986205118	-0.5790995240424215	0.09921839123177359	-0.8261939612607656	
0.6062397531156657	-2.0990946486463264	10.489227070382025	0.0833841224509875	-0.14547306875027444	-0.3252295598982047	-0.5779484312235958	0.1012946644810485	-0.8271669941237414	
0.47752255225797485	-1.7202967836741354	10.470682062077145	0.05730620291767177	-0.11324129469597521	-0.21587825992045323	-0.5770574033539894	0.1026302296042968	-0.8280262160170471	
0.4123004617903221	-1.2527355177060018	10.47664623512084	0.03879825613668403	-0.07904448789271043	-0.1106241412714164	-0.5757372056723279	0.10314340691480274	-0.8283330783190617	
0.4108128557773389	-0.734902335259433	10.490516371094985	0.03229309531493302	-0.04911736036386378	-0.02006818069746318	-0.5749387579715759	0.10290733510503852	-0.8289042806920893	
0.45633146308103156	-0.19725573475240638	10.473821465458768	0.03927312126803883	-0.038547909867631076	0.053211972429394266	-0.5743556059198877	0.10258187010579607	-0.8291598688248097	
0.5311759677372403	0.3315174347342397	10.412710598421636	0.05926646257117934	-0.056475978863385366	0.10548680062410015	-0.573814562762375	0.10262624276335762	-0.8295266393136224	
0.6375432351184125	0.8276109866038693	10.32600879378869	0.0925697678384594	-0.10041280194356017	0.13256140223168797	-0.572953696504361	0.10327103752457063	-0.8304877218246316	
0.7742083301051479	1.2657894838997998	10.241039016739112	0.1392488198015403	-0.15682028324290306	0.13010814123985925	-0.5716706371442625	0.10410748955125092	-0.8317598336961494	
0.9382677989246404	1.616097996813797	10.17586601750636	0.1963275061782356	-0.20963355171269474	0.09621145479989995	-0.5702524529716017	0.10498993594999763	-0.8329662096578775	
1.1402378578199535	1.8553487006761877	10.134444818293701	0.25915195035488087	-0.24963149249657504	0.033192260883810644	-0.5688426618616157	0.106777370189141	-0.8342707550634769	
1.3747652536365473	1.9782899801147706	10.104836663831172	0.3265740018593769	-0.2749969967106589	-0.05543854855898364	-0.5672864392435484	0.1097994983348827	-0.835646059182301	
1.6062971268816235	1.9740961433734001	10.079862443693884	0.3964336502502101	-0.28958626615397576	-0.16180527788788923	-0.5652895053346457	0.1138135993567994	-0.8369150817363858	
1.7858813132479197	1.8317973010085926	10.071293755268766	0.4648239508055872	-0.3032915071684255	-0.27226896549904483	-0.5627127842424097	0.11897210276040136	-0.8383463468276571	
1.8910404659229891	1.5463325597122113	10.11880371141897	0.5273414743371181	-0.32504875076437917	-0.3685409075177325	-0.5598209347826646	0.12478347675920502	-0.8398866701553171	
1.9242036737742587	1.133294292172042	10.243996237875672	0.5799446814290962	-0.3549326951297225	-0.4335401223163373	-0.556709785539348	0.130787652898031	-0.8412029139066076	
1.89075416184062	0.6319292183213047	10.422662364471236	0.6192691710082406	-0.3849641116462982	-0.45867924868895793	-0.553237732424126	0.13728267964963195	-0.8424695980217795	
1.799329677813285	0.08898549892391143	10.622589755263595	0.6425101732602013	-0.4067162095869844	-0.4447251258206328	-0.5497017904702491	0.14405055739593162	-0.844215799677038	
1.6690165199119011	-0.4413132843797926	10.81317555995334	0.6467400915559998	-0.41173596936562423	-0.39289419229859096	-0.546020724347103	0.15031517063760166	-0.8459335949834439	
1.5302834294412977	-0.9073229821713674	10.972851282758192	0.6315625751360597	-0.3942910409377651	-0.30666067829197885	-0.5426000936263236	0.15599805718136017	-0.8469737075950852	
1.4137804541289134	-1.2745655476150517	11.08085132673323	0.5980526106669513	-0.3502148848981255	-0.1967776522272483	-0.5398482236426264	0.16129355915900295	-0.8475906754491349	
1.3323357639116484	-1.5388795368878718	11.11237238396361	0.5490721519311103	-0.27928113711590635	-0.07847500380157874	-0.5377310888337021	0.16593390604508396	-0.8480501764115908	
1.2813691491517476	-1.7257993038778354	11.05014692610846	0.48650660207037266	-0.18646338284122807	0.04097056033709003	-0.5362192652628986	0.169313082924537	-0.8481913930523618	
1.2693726548800253	-1.8486540401614142	10.893227768536711	0.4104596692687745	-0.08064767990138962	0.16491028569189548	-0.5357995833151856	0.17122642101947794	-0.8481053737930783	
1.3342467443628427	-1.8597557938635043	10.64376119910249	0.32848035693048927	0.02383857017864638	0.28592511315199315	-0.5367286783469215	0.17209538654830497	-0.8478591168981052	
1.45140834256892	-1.7842597049468745	10.329809106576459	0.2483410176547987	0.10906602651833565	0.39290404725035377	-0.5383171831006061	0.17242574278565986	-0.8477680725329335	
1.5859586541380566	-1.6493829543331542	9.98991621438756	0.17529904265825247	0.1642516256110798	0.48506316639713615	-0.5403173173224469	0.1717443153863766	-0.8475636415079889	
1.7115355925456586	-1.4648746929956489	9.66874563812643	0.11371818720669921	0.190511929360498	0.5662259913752614	-0.5422684107506021	0.17012489111292586	-0.8470839759762331	
1.8220585187844784	-1.2465481640151894	9.398799214803862	0.06515232480137063	0.1958236717822703	0.6328888675298148	-0.5440197469594225	0.16796409776069682	-0.8463634444067012	
1.9269619148009631	-1.0267680879357175	9.185496531593792	0.026908083858401426	0.18818859685488573	0.6766868715484389	-0.5461259774549465	0.16521572997685427	-0.8453669462264817	
2.013043173032855	-0.8429434613862544	9.02876111221694	-0.0036086628345200684	0.1740979026970061	0.6991748641097392	-0.5480058846805557	0.16256331399255983	-0.8445501685490185	
2.083402755932755	-0.7119050064109287	8.934305518142587	-0.0301123586342338	0.15626315890516776	0.7054766761214881	-0.549696086214659	0.15899861200437163	-0.8437883202268981	
2.126051443615763	-0.6325543509598072	8.89772463104396	-0.05586537095480952	0.1378786455174397	0.6997382368936058	-0.5508613784489792	0.1548961610213646	-0.8432315544368659	
2.1275746720614053	-0.5982133790793646	8.908549164669882	-0.08250798058801315	0.12503149990081538	0.6851997214508043	-0.5520903087034525	0.1511222427866848	-0.8431004704674642	
2.091912286055623	-0.599374259014262	8.952369665858082	-0.11025088945926918	0.12346731782065179	0.6665826317694049	-0.5536839737511653	0.14758213918117416	-0.8430058770770091	
2.040276548542629	-0.6218796201239767	9.009990361313225	-0.13809458439420133	0.13512465586799735	0.6490666827134917	-0.5549689866957135	0.1438064896802332	-0.8423009657045214	
1.997941552042589	-0.6528163399179499	9.063043395565359	-0.16399474183329446	0.1580466405849093	0.6344553111027058	-0.5563928244639181	0.14000692054763236	-0.8411879903926359	
1.9768213149354847	-0.6882080103535642	9.101667950044117	-0.18662474344800248	0.18604086896172284	0.62361249444536	-0.5585925669483105	0.1358593380435437	-0.8403106612077419	
1.9767714929433717	-0.7107749671435843	9.131866904651764	-0.20468671657254103	0.21320857845525015	0.6184516258101728	-0.5606385671876386	0.13137573570101074	-0.8398394984106613	
1.9903000930349648	-0.7189629595334834	9.154961502537079	-0.21758481661560244	0.2367756025269552	0.6150602588688378	-0.5628776067071067	0.12705621125752023	-0.8393887939633403	
2.007070144890051	-0.7241163332222018	9.16899141758432	-0.22556486578752508	0.2564237631366295	0.6098795115719013	-0.5655371193740844	0.12295342260707627	-0.8385472313765834	
2.024503392271036	-0.7324242964946449	9.175570191134645	-0.22920365520827768	0.2720032539524072	0.6038539019843819	-0.5681292148432963	0.11872737619955791	-0.8374249961949943	
2.0494809432000407	-0.7445879534552045	9.17595631885192	-0.22921568224977099	0.28244261699761364	0.5967725661992607	-0.570985732931258	0.11438832250195542	-0.8363875602176463	
2.077340587979842	-0.7646486661539582	9.169971534717142	-0.22658453255629762	0.28724783015001626	0.5857079556435041	-0.5737330925260051	0.10984281603822302	-0.8351437276537805	
2.1027546477591508	-0.7980558717491726	9.158938943189364	-0.22111740554029924	0.28801938893678136	0.568625899606504	-0.5765839902984243	0.10574920162119496	-0.8338767549049945	
2.1279850377266514	-0.8502667694124466	9.143729833791458	-0.2125039280737221	0.285470798356613	0.5449719784535055	-0.5790269788467217	0.10172038703976796	-0.8325166960158666	
2.149748866402042	-0.9153973868269023	9.124596127040173	-0.1999290292181476	0.2791986795117938	0.5139743282021509	-0.5809774051168886	0.09797392134276016	-0.8311801499394844	
2.158455185287599	-0.9876913041168691	9.106129397571841	-0.18232781999362557	0.2692060294296948	0.4763169813589555	-0.582821053701516	0.0949743281495648	-0.8302153014521402	
2.1529935405141756	-1.0736388903099945	9.099919588144363	-0.16040948605980793	0.2565701501630841	0.43653001886994436	-0.5844737373604956	0.09218760568433154	-0.8295222350237136	
2.1445469784871336	-1.173233974767237	9.117739618181579	-0.13745751706159323	0.24412716300698764	0.40055465334060353	-0.5859975039758984	0.089652767985333	-0.8285873107553094	
2.142609317737163	-1.2767493047085388	9.162768601936683	-0.11459610504430806	0.23961224385506685	0.3718088193842741	-0.5876307190511747	0.08721528004660459	-0.8275195678704762	
2.168506749409562	-1.373036763033165	9.225657005362482	-0.09026112094446462	0.24522456820980498	0.3500447154361758	-0.5896374971730277	0.08509330221601753	-0.8268243709579824	
2.2273415503453386	-1.468978663740976	9.298767563867758	-0.06373069935031082	0.25360360895351247	0.33428500765112046	-0.5920475471675878	0.08307042239100303	-0.826207926394605	
2.298244353100631	-1.5742815391619946	9.384413254217282	-0.03702735813735848	0.2551380332460319	0.32515090526587176	-0.5947148277280104	0.0811284441656051	-0.8253204324825347	
2.3571542668379077	-1.681556141797305	9.486999775656052	-0.013392648204751468	0.2456847470763106	0.32423453505856614	-0.5973213171765526	0.07956687123821263	-0.8245669866441637	
2.398970508690498	-1.7740391912294047	9.602822482610113	0.005592632531095858	0.22593628869257104	0.3314529788868109	-0.5994210903083667	0.07794589126352289	-0.8241450764913287	
2.430213603683547	-1.837621804406148	9.728451613402202	0.020538849465009484	0.19744314701796456	0.34308817769680144	-0.6011504443749438	0.07639105285863286	-0.8235653045603528	
2.4619243117057112	-1.875738767663254	9.867931903183356	0.030858289198781436	0.1630403956580288	0.35232102592006603	-0.6024256693389644	0.07456588073155174	-0.8231288257985127	
2.498623128254839	-1.8849049850421615	10.032843114325043	0.035341653626894606	0.1267369993145022	0.3547450858968459	-0.6032195105198792	0.0726587078969936	-0.8231024680922746	
2.530551489737634	-1.8652010942882344	10.229233615601379	0.032615193897975396	0.0925359440993721	0.348487795693948	-0.6036007954947852	0.07088352178173855	-0.8232076256030276	
2.5431839628821917	-1.8239223631734365	10.454082466808538	0.021535234562824367	0.06440226159460631	0.3338961550262694	-0.6036482423964151	0.0693018881130296	-0.8230658398451723	
2.5309595198141923	-1.7609226832432945	10.703349183508607	0.002107703625382113	0.046860035595266566	0.3145804951956634	-0.6036207395081765	0.06802781149258837	-0.8226765052413822	
2.4917509936733913	-1.6735941661994267	10.974402427825341	-0.024461628457656613	0.043461503571436785	0.2958430139412106	-0.6039734625770027	0.06625262613920359	-0.8221807173534237	
2.426956956271424	-1.5405197019720391	11.27754964823739	-0.05793314389396738	0.05454487301946519	0.28583751531419543	-0.6045231490135143	0.06436891001727184	-0.8217170176983429	
2.337697605071322	-1.3323834854195638	11.637654173317705	-0.09980754570259957	0.07825218515109798	0.2910820778765599	-0.6052284359033987	0.06231433707712796	-0.8210941800321021	
2.2053803670034333	-1.02788916528746	12.056245185960138	-0.15186743357537513	0.10952340063604955	0.30998113622072787	-0.6059922437959536	0.05992770651319354	-0.8204134049523466	
2.017617585838602	-0.6196671257686329	12.479080237200654	-0.20864824841914784	0.1531438834254465	0.332364849914711	-0.6069838292324208	0.05720986948977562	-0.8197534146989298	
1.7940661150496964	-0.10898035004872608	12.808125366674723	-0.25495288665806004	0.23096706889078628	0.344203919249313	-0.6090477551373328	0.053936617334881344	-0.8185944721477582	
