15.132885454603588	-2.4143433387342284	-0.9459192591787547	0.6815794068844745	2.046494364314952	0.2259083385097469	
15.097160784894257	-2.2746516073991687	-1.1874610340799951	0.5783056569375472	2.1054870730589017	0.2690455037188371	
14.96717642946379	-2.1265539464111556	-1.4164280891211212	0.48245675843507674	2.1486232543511012	0.3253440338641448	
14.750176700280068	-1.9765281281805283	-1.6304844902457007	0.3983395631241987	2.1750072537296172	0.39403762345455595	
14.457285782031901	-1.8309463826168864	-1.8276563144403408	0.33050117521961164	2.184177301683644	0.4737517479922214	
14.104036008105695	-1.6956735519049844	-2.0065863590961377	0.2835636474326479	2.1762907979472095	0.5623760833960093	
13.708509162404798	-1.5755847249511192	-2.1666554782726637	0.2618062531087144	2.1521117227378213	0.6572738092061361	
13.290125281200224	-1.4742743718420281	-2.3080716367907494	0.2688352559707203	2.113038856362341	0.7553810919956203	
12.868021625149957	-1.3939042665384187	-2.4318549186498895	0.30723613472749967	2.0610663430586444	0.8533741085006417	
12.459626151294787	-1.3352411358605418	-2.5397197483140084	0.37831119087933246	1.9986978200706225	0.9478403978652632	
12.07951736263449	-1.297797675444448	-2.633882980006027	0.481919366718067	1.9288209024602287	1.0354530233712915	
11.738632058440642	-1.2799990219176376	-2.716828618396123	0.6164266404442166	1.8545509418791337	1.113141765512463	
11.443862213513473	-1.2793161260392751	-2.7910620665368926	0.778764533426125	1.7790553394536002	1.178253161726534	
11.198036140330853	-1.292331538609072	-2.8588865885700643	0.9645770466140734	1.7053717509884525	1.228692320955078	
11.000257911436243	-1.3147430166708718	-2.922228425735103	1.1684288384435895	1.6362329634431292	1.2630405215114027	
10.846580606522522	-1.3413764435737219	-2.9825382658610353	1.3840534749883473	1.5739214149860694	1.2806298503565423	
10.730835985542853	-1.3662823902554229	-3.0407694026777157	1.6046011946717194	1.520164108410239	1.2815772594215404	
10.645510963079065	-1.3829741758068281	-3.0974220424443764	1.8228849696317844	1.4760694241401944	1.2667787449112702	
10.582584029985087	-1.3848271168521102	-3.152640729669475	2.031632975870243	1.4421063615348002	1.237861910292883	
10.534248712786056	-1.3656171002353057	-3.206346075599079	2.2237567709153248	1.4181224588756518	1.1970980081879863	
10.493482802262164	-1.3201457026292478	-3.2583796698217933	2.3926470524513817	1.4033941184137164	1.1472747700410686	
10.454422211602267	-1.2448281743394027	-3.3086365641338173	2.532481494625652	1.3967089217260102	1.0915299361676332	
10.412551576059762	-1.138139503359432	-3.357162600512068	2.638521774048002	1.3964631430323	1.0331660623617105	
10.364746491148026	-1.0008640376252365	-3.4042094848171858	2.7073821463793655	1.400767220645753	0.9754572144987502	
10.309194469563366	-0.8361099041332778	-3.4502448400233634	2.737248278324252	1.4075538613050187	0.9214579359156878	
10.245228987183554	-0.6490776582940382	-3.495919340029672	2.7280296699970576	1.4146823087152278	0.8738255290746183	
10.173116646942212	-0.4465937176031363	-3.5419966750783227	2.681435456725212	1.4200337348383463	0.8346632302732484	
10.093834444152241	-0.2364387284833249	-3.589256721859216	2.6009338997371243	1.421590902778241	0.8054043095214786	
10.008888667284982	-0.02659294774074895	-3.6383900161585307	2.491607279154109	1.4174987081508668	0.7867420068887995	
9.920184377696637	0.17551236688834676	-3.689893821775989	2.3599071382920864	1.4061092509510478	0.7786048780866835	
9.829932643129409	0.36365688212026176	-3.7439771064537846	2.213310935260622	1.386014804391216	0.7801795311855796	
9.740572336988471	0.5333307036167663	-3.8004798268892666	2.0598942671995717	1.356072119684602	0.789978431191436	
9.654675681613098	0.6820145089971077	-3.8588089572332662	1.9078372127373955	1.315421394333388	0.8059475683019708	
9.574813693344238	0.8091661967710352	-3.9179023059247235	1.7649084098284724	1.2634959243334443	0.8256114319888181	
9.50339138882253	0.9159425036298801	-3.9762213394254515	1.6379944125690336	1.2000226255353434	0.846233124529653	
9.442478676940908	1.0047198589021014	-4.031773143321293	1.5327117075216308	1.12501334130242	0.8649777745716878	
9.393668717164555	1.0784840199213177	-4.082164645512068	1.4531349789345103	1.0387468029876206	0.8790720664769737	
9.3579924845059	1.140179662041449	-4.124690169378777	1.401664616805148	0.9417441360261832	0.8859531092908983	
9.335906726202598	1.1921141342424757	-4.156453431616262	1.3790393865432378	0.834743411432207	0.8834043682048079	
9.327362522842197	1.2355338417949935	-4.174522951534569	1.3845075325608842	0.7186775280668111	0.8696694401607299	
9.331922641889223	1.2704467102155845	-4.176105231150026	1.416103014694042	0.5946623016800464	0.8435399675623119	
9.34889296207613	1.2956888678759968	-4.1587247150959294	1.4709740735903707	0.463995681825258	0.804418938670407	
9.377443875207318	1.3092116950681878	-4.1204001068935945	1.5457251317428131	0.3281646821353271	0.7523557761879447	
9.416704792652698	1.3085354434302388	-4.059806449803664	1.6367304169425898	0.18885490605740374	0.688050468714858	
9.465827426403685	1.2912966452137236	-3.9764164318601716	1.7403851013324998	0.047956121673060174	0.6128257481631559	
9.52402703704522	1.255781654425764	-3.8705973162689618	1.8532645344168384	-0.09244740851456366	0.5285586750698589	
9.590619701386455	1.2013325040038196	-3.7436505920397125	1.9721852265681596	-0.23010678889698571	0.4375820090935424	
9.665067234977391	1.1285844320052307	-3.597789781869316	2.094192029629574	-0.3626592228204182	0.3425672273394278	
9.74702589644933	1.0395290239181272	-3.436047924782627	2.2164988209272236	-0.4876994937815176	0.24639709885916	
9.836383089586983	0.9374273993486886	-3.262114633141713	2.336410007816297	-0.6028696372616019	0.1520381460180243	
9.933257731568784	0.8266214316515877	-3.0801076493359414	2.4512451793400505	-0.7059649076321582	0.062421276950977156	
10.037934530355994	0.7122843321401566	-2.8942878746589287	2.558280564209459	-0.7950496422690376	-0.019660581217188722	
10.150729090696217	0.6001572960712318	-2.7087525168377264	2.654710869704454	-0.8685733644338612	-0.09163099059509541	
10.271803723037529	0.4962784587863546	-2.527131755963384	2.737628029943242	-0.925482289612333	-0.1511871743056687	
10.40096147176872	0.40668711195040114	-2.352311561626137	2.804017536107276	-0.9653180795017482	-0.19633816580285635	
10.537450634507694	0.33708908493606654	-2.18620617771844	2.8507776031671876	-0.9882952725568261	-0.2254271719497783	
10.679808435457018	0.29246845964730306	-2.0295961690127036	2.8747718907260578	-0.9953514677222276	-0.23714372891262606	
10.825782821607584	0.27666095090370924	-1.882062854343918	2.8729314671086947	-0.9881539219544265	-0.23052749441971565	
10.972355023968412	0.2919365565796134	-1.74202603414665	2.8424132544494802	-0.9690604814801643	-0.20497048586236255	
11.115867208032276	0.3386297291615675	-1.6068704796383022	2.7808170479590832	-0.9410425082356499	-0.1602250971867379	
11.252265598383321	0.41487091199087234	-1.4731544557378493	2.6864563057947635	-0.9075704992585639	-0.09641928775692163	
11.377459692640437	0.5164734492897641	-1.3368825069693753	2.558668705702712	-0.8724665815268107	-0.014079181170424272	
11.487791148525936	0.6370225822211306	-1.1938206214295985	2.3981501617630965	-0.8397268900577453	0.08584184192193661	
11.580566931143139	0.7682378833862948	-1.0398277339366409	2.2072603584145885	-0.8133150328193773	0.20193861147265862	
11.654542610778341	0.9006006218062753	-0.8711634453710716	1.9902386680308162	-0.7969395564226983	0.3323455807674503	
11.71024738148251	1.0241869527512861	-0.6847532922782441	1.7533009692693604	-0.7938236718701628	0.47474910513953006	
11.750050913993787	1.1296512240008831	-0.4783977412745238	1.5045781746066058	-0.80647903162909	0.6264259748297957	
11.777912599033616	1.2092699634814275	-0.250913349153379	1.2538719372091147	-0.8365015891379763	0.7843069619837691	
11.798810351070923	1.2579512071912127	-0.002204792314607972	1.0122156361814871	-0.8844064377754752	0.9450590901888428	
11.817918947803122	1.274045231291511	0.26673967297423107	0.7912324409497606	-0.949535815058165	1.1051791453407542	
11.839737892383075	1.2597828024462223	0.5539186408941589	0.602358024580116	-1.0300607318389472	1.2610851347711256	
11.867337380137116	1.2212896854269244	0.8564308955277871	0.456006692277494	-1.1230645276420383	1.4091996525706405	
11.901825766333287	1.1681331697871933	1.1706262965727052	0.3607509517396654	-1.2247041447616303	1.5460265281824332	
11.94210047337834	1.1124169552866727	1.4922841359362735	0.32259712864149886	-1.3304351650357966	1.668222960521583	
11.984890844033476	1.067494759591717	1.8168082347835555	0.3444260026711702	-1.4352826523994866	1.7726718851437213	
12.025083721534275	1.0464364945668319	2.1394318357424082	0.4257028083491818	-1.5341403038465162	1.856556576444689	
12.056249670182416	1.0605294067355748	2.455415821541651	0.5625153313459357	-1.622063567070162	1.9174349978416991	
12.07126489148835	1.1180202419022247	2.760227035562366	0.7478823979870474	-1.694536487158958	1.9533149102124303	
12.062977541461777	1.2232234436345366	3.049683631597177	0.9722974062422299	-1.7477020868270905	1.9627260689573771	
12.024869405072511	1.3760708449893955	3.3200507060774354	1.2244441784073243	-1.7785455942192836	1.944785569052835	
11.951679637365695	1.5721030619155527	3.5680741908801865	1.4920138192655692	-1.7850263595120568	1.8992546560179062	
11.839942697409604	1.8028929862369416	3.790945249870889	1.7625555135405901	-1.7661459728887507	1.8265784206278648	
11.688370225418742	2.0568008387217716	3.9862125292128123	2.0242596590904824	-1.7219459388179363	1.7278998724197812	
11.498063231561964	2.319901126585955	4.151681701739361	2.2666230980010673	-1.6534534792452993	1.6050527646821604	
11.272530274921458	2.57702083935686	4.2853336594714575	2.4809767206857454	-1.5625795938998426	1.4605282433065427	
11.017502583961816	2.8128221443834063	4.385289545773278	2.660856643740611	-1.4519778805591843	1.2974133100487908	
10.740557870081359	3.0128762475709348	4.449842875435584	2.8022172430544328	-1.324874924811395	1.1193012852162165	
10.450568070531117	3.164660619486183	4.477564509924285	2.9034681817760086	-1.184879551416981	0.9301710016549116	
10.157046391825915	3.258357389110387	4.467458132678454	2.9653324722216596	-1.0357896608600359	0.7342412429798271	
9.86948904451884	3.2874121427866063	4.419137186606241	2.990583175589426	-0.8814145723715666	0.5358140528131764	
9.596762439867776	3.2488178387930082	4.33299450260979	2.9836771332336105	-0.7254181548391927	0.3391130279282584	
9.346583130430805	3.1431081444396103	4.210338204062003	2.9503151800524146	-0.5711888558913316	0.14812603033378438	
9.12511626987699	2.9740792896965416	4.05347405370221	2.8969619215709215	-0.42173885604674616	-0.03353983661366812	
8.936714850530086	2.748260340188551	3.865709854744468	2.8303550052439497	-0.27963556052891453	-0.2027804822138027	
8.783817286721476	2.474208002655502	3.6512667025014727	2.7570567684848206	-0.14696962251390067	-0.357079266557209	
8.666962826325753	2.161754936989659	3.415119116485641	2.6830820380234672	-0.025349790888493904	-0.49455685869965166	
8.584913951671801	1.8212666118373568	3.16277596512968	2.613612385352508	0.08407895032276708	-0.6139860402659578	
8.534873828224118	1.462964769832007	2.9000220055096295	2.5528065120607053	0.18059860376594805	-0.7147729169172079	
8.512784181470835	1.096361163731193	2.632641855551956	2.5037062395315393	0.2638689792023463	-0.7969091008084989	
8.513697572232374	0.7298387736049481	2.3661480749216763	2.4682385616266913	0.333870357811013	-0.8608966101501769	
8.532197834794456	0.37041885030117505	2.1055453248736096	2.4473072828971394	0.3908434955616792	-0.907650736083768	
8.5628276654966	0.02368497848553791	1.8551405554733753	2.44093425235801	0.4352360661627855	-0.938396793289672	
8.600509934526228	-0.3061621654758849	1.6184023714748084	2.4484325698234173	0.46765616390282166	-0.9545653061715582	
8.64094408705121	-0.616148334502662	1.3978732865044348	2.468593086714823	0.48883400386324855	-0.9576917912573689	
8.680963471490342	-0.9043014372888848	1.195134747291494	2.4998667252313487	0.49959245810044733	-0.9493263395420299	
8.718833272132928	-1.1693880548894269	1.010829499667866	2.5405292260851176	0.5008260759706957	-0.9309567509109256	
8.754443585435224	-1.4106469469072698	0.8447466531317499	2.588812481666103	0.4934876897214513	-0.903950683363536	
8.7893966769269	-1.6275602327950542	0.6959469301570417	2.6429941003128197	0.47858153858869856	-0.869516183305977	
8.826973949130352	-1.8196741074656795	0.5629224828056347	2.7014477725357775	0.45716009648634814	-0.828678485721729	
8.871972933240505	-1.986479576283891	0.44378259486016486	2.7626571236872115	0.43032210189268066	-0.7822713531127428	
8.930413350300059	-2.127358554298735	0.33645510959531444	2.825197885765729	0.39920931742516597	-0.7309404108764282	
9.009108501695168	-2.2415979588332373	0.23889363079343334	2.887694072133436	0.364999178382546	-0.6751566058698087	
9.115125363446708	-2.328467324588532	0.14926832199025852	2.9487584620439358	0.32889086596352746	-0.6152384420806258	
9.255189273902012	-2.3873423244636096	0.06612330599292228	3.006930631089764	0.29208462097152454	-0.5513773264724134	
9.435063167660065	-2.417856993911872	-0.011507619228812969	3.0606220446272543	0.2557543344792538	-0.4836642372605477	
9.658938542745018	-2.4200647140442286	-0.08403476548794667	3.108077028042636	0.22101442991702636	-0.412115746336028	
9.92886996234214	-2.394587525936787	-0.15129915946407516	3.1473565240496395	0.18888238639136995	-0.336697622729792	
10.244287032313304	-2.3427310737967377	-0.21261431544775633	3.1763506918959714	0.1602384615582804	-0.2573450628445058	
10.601666563608166	-2.2665330922441975	-0.26686360462746767	3.192823806293819	0.13578762312401166	-0.17397916712267827	
10.994367155738127	-2.1687450211133656	-0.31263392419813707	3.1944845045152666	0.11602475076907873	-0.08652022938702743	
11.412652232036363	-2.0527477037358017	-0.34837745483990973	3.1790761828721905	0.1012047136398492	0.005100072816326675	
11.84393223625024	-1.9224076637597531	-0.37259298147682574	3.1444820621300456	0.09131911426897937	0.10092546775903405	
12.273239994297363	-1.7818879846396647	-0.3840162725199579	3.088838203648942	0.0860810528771076	0.20095901330765745	
12.683961806252375	-1.6354315325522129	-0.3818078566843289	3.0106481529998286	0.08492023487342634	0.3051424803174476	
13.058882167187043	-1.4871441698269343	-0.36572158869213106	2.908895986702148	0.08699408279914822	0.41332968355690386	
13.38115739774016	-1.3408455269978163	-0.33618659231076015	2.78310181073961	0.09121854355889918	0.525267839068269	
13.636050606394207	-1.1999139098916736	-0.2944573322850621	2.6334857765420994	0.09630635068279422	0.6405526713432574	
13.811128622537089	-1.067365767930844	-0.2424226912667142	2.460833566854744	0.100850533886061	0.7586534122740928	
