13.905128067187238	-0.9231897492226094	-0.1703045151096884	2.2259632423938784	0.1035307276035206	0.9028427736273564	
13.881662001714503	-0.8150217153621536	-0.10382134305123143	2.0029451531360034	0.10173181204989938	1.0278627985436042	
13.764514130342771	-0.7237277522187157	-0.03710271147818714	1.7636709479491683	0.09475979536937668	1.1529000485618772	
13.562183718050822	-0.6516081044159827	0.026054508055433856	1.5123608756458782	0.08167162227097194	1.2767331614555624	
13.286916864785727	-0.6009315268490106	0.08215141671362958	1.2537854238078936	0.061887383822294834	1.3980793529437083	
12.954559210408926	-0.5738588307079799	0.12827653510729903	0.9932722568158323	0.035310507714143805	1.5156068400476772	
12.582620527841742	-0.5723030716244595	0.16232965647440056	0.7364457302154536	0.0023062363349262652	1.6279757250148355	
12.189034666279076	-0.5977400754722744	0.18318068782315297	0.489031067650074	-0.03631081613292987	1.7338612095182349	
11.790751041946624	-0.6510054017505771	0.19074356990698008	0.25659356833182856	-0.07934208805123985	1.8319810220340358	
11.402616179432279	-0.7321030653219042	0.18596551144298495	0.044275469386735364	-0.12529499516584167	1.9211224903999229	
11.036569097463412	-0.840058181095019	0.17072686068535486	-0.14345754164023217	-0.1724952933366577	2.0001721207408143	
10.701202981221556	-0.9728242161835483	0.14767205212970114	-0.3030391469700181	-0.2192054302433903	2.0681480187543606	
10.401675561339573	-1.127252624428262	0.11998564042743126	-0.4319835393982578	-0.26373882106250385	2.1242348694199302	
10.139930905169114	-1.2991330932031844	0.09112868173026452	-0.5290147401036878	-0.30456096111852354	2.1678199286902795	
9.915169839836311	-1.4833102615668636	0.0645551159572145	-0.5941365219143068	-0.34036992589849796	2.198527633666212	
9.724486550590903	-1.6738796975245358	0.04343067193195881	-0.6286385641236503	-0.37015187428097185	2.2162500199585873	
9.563584499566177	-1.8644635945035632	0.03037764802054583	-0.6350363923808663	-0.393210328476968	2.221170037514968	
9.42748416208806	-2.0485585837677194	0.02727823336857223	-0.6169357139282816	-0.40916777648319685	2.213771769037951	
9.311129565011553	-2.219927124895722	0.03515339382780426	-0.5788360326131002	-0.41794603243298023	2.1948365381337025	
9.20985360145747	-2.3730050122319413	0.054120482898135695	-0.5258822121075435	-0.41973119537933573	2.1654236567861296	
9.119684128066883	-2.5032872872951493	0.08342526716956679	-0.46357412717738933	-0.4149284260715593	2.126834992769156	
9.037494010266503	-2.6076469481288447	0.12153639809072336	-0.39744976959433137	-0.4041119594369766	2.0805640505979546	
8.96101843783166	-2.6845411630778786	0.16628733692903863	-0.33276070208304687	-0.38797526320903564	2.028231517077797	
8.888776161215732	-2.734069314364107	0.21505321137347597	-0.2741603798422623	-0.36728528179617703	1.9715099605663282	
8.81993203112866	-2.7578540622464427	0.26495491946856187	-0.22544014880615706	-0.3428436289104963	1.9120424623262187	
8.754146938639657	-2.7587800545509302	0.31307565126469017	-0.1893388124775314	-0.3154568903848649	1.8513625465549741	
8.691440662530022	-2.7406416194615204	0.35667988430932	-0.16743865011744738	-0.28591522389227053	1.7908207168586894	
8.632077745154222	-2.707753631779247	0.39342089926960344	-0.16015411252755102	-0.25497761019679877	1.7315230148738052	
8.576475815011193	-2.6645766598585885	0.42151892451465417	-0.16680823911078352	-0.22336165872230196	1.6742863819847855	
8.525127233598601	-2.6153921411681296	0.43989195996046204	-0.18578240839385912	-0.19173573420252482	1.619614040487015	
8.478520836076546	-2.5640421693667648	0.44822518036268855	-0.21471961922424754	-0.16071140647900645	1.5676918696723425	
8.437054608577913	-2.5137389373124206	0.4469631154089448	-0.2507628847136166	-0.13083563862605516	1.5184072806190418	
8.400941424152768	-2.466934803990977	0.43723071271369107	-0.2907996471944884	-0.10258263768067508	1.4713848020170768	
8.370118905899602	-2.425242446569303	0.4206970206143274	-0.33169626278619047	-0.07634607159332983	1.4260326088295003	
8.344181360605843	-2.389405003632827	0.3993979670299728	-0.3705113804263852	-0.05243277950871274	1.38159528529593	
8.322352725057229	-2.3593211069890994	0.3755387967326734	-0.4046780112469503	-0.031058829785840205	1.3372081773335514	
8.303514822498101	-2.3341307973092125	0.3512966163849748	-0.43214591362420296	-0.012348329267834652	1.2919496704622881	
8.286297041608465	-2.312364527826239	0.32864028496468	-0.45147814850363477	0.0036651761306512997	1.2448890576405383	
8.269223528076706	-2.292150523705883	0.3091868710269314	-0.4618902343625573	0.017034326742880454	1.1951280278250767	
8.250897266266474	-2.271451197226333	0.2941079831100433	-0.46323265350261794	0.027891386756561786	1.1418340456832756	
8.23020026939819	-2.248299291286401	0.2840875790758012	-0.4559240697539878	0.036440123999403724	1.084265633374118	
8.206489152782494	-2.2210075039016792	0.27932762092783253	-0.44084387708460543	0.042946671568952564	1.021789709787689	
8.17976438762804	-2.1883292041111453	0.279592230909212	-0.41919715779389605	0.047730320923016774	0.9538915277571258	
8.150792875192137	-2.149555816891456	0.28427810032004996	-0.3923671773321477	0.05115522059236568	0.8801781318814652	
8.121168250325074	-2.1045459502122577	0.2924990628138878	-0.36177033982048784	0.05362365818883384	0.8003765539178952	
8.093292356819138	-2.053684868362651	0.30317622983122605	-0.32872921538547434	0.05557066278887269	0.7143268693710393	
8.070283414716972	-1.9977901979720125	0.3151238730109449	-0.2943780355445075	0.05745937231732371	0.6219716371105409	
8.05582599834728	-1.9379853904150188	0.32712734125198917	-0.2596062837863993	0.05977622364418997	0.5233432631396572	
8.053975724798281	-1.8755615421280925	0.3380126567299645	-0.22504241711113074	0.06302504261692342	0.4185505370222617	
8.068931734737628	-1.8118495268668022	0.3467080160693482	-0.19107575582182748	0.06771942715921495	0.3077660969058065	
8.104786285285812	-1.7481219902007565	0.35229777463906753	-0.15791044581785582	0.0743729752267446	0.1912166594573314	
8.165254300405168	-1.685539560630574	0.3540696515181895	-0.12564217841897693	0.08348674072468659	0.06917771839066326	
8.253389962793198	-1.625149473979068	0.3515527693359933	-0.09434551605321373	0.09553316036271578	-0.058026465384821736	
8.371305324694747	-1.5679308242956609	0.34454414018444424	-0.06415530966192981	0.11093585298431918	-0.19001738763763004	
8.519905387563155	-1.514868869450422	0.3331224418985216	-0.035329429035733585	0.13004475035283516	-0.32635188534383075	
8.698663147811212	-1.4670360233936843	0.3176474544268098	-0.00828339681272459	0.15310688479047116	-0.46650795344171464	
8.905461256506733	-1.4256550237665984	0.2987452120032279	0.016408711739792393	0.18023410229301867	-0.6098682630287126	
9.136526672638212	-1.3921226018695914	0.2772798105520492	0.038047765178254526	0.2113698723211268	-0.7557031433362025	
9.386479454601051	-1.3679788607188565	0.2543126386350168	0.0558735572054652	0.24625765466202698	-0.9031546623469853	
9.648523224480757	-1.3548165338401545	0.2310473574288414	0.06915117612436417	0.2844158377777791	-1.0512246586080873	
9.914772236461753	-1.3541405520024061	0.20876222597546865	0.07726598599931979	0.3251236266007457	-1.1987687309706268	
10.17668920398823	-1.367195025733167	0.18873389347011504	0.07981523159671251	0.3674202005664158	-1.3444968936550583	
10.425604724272088	-1.394776183606548	0.17215887555879283	0.07668559874876628	0.4101200327907033	-1.486982170078126	
10.653273772605347	-1.4370520028044216	0.16008100248136356	0.06810698855281988	0.4518457309767586	-1.6246779561937965	
10.852418039057376	-1.4934102543600325	0.15333225812989174	0.05467484517195118	0.4910782275572117	-1.755944803359639	
11.017207151384062	-1.5623554033100329	0.15249094408169164	0.037336705741846	0.5262227739825953	-1.8790872873381597	
11.143623909948968	-1.6414823742398599	0.1578596294290141	0.0173398604109588	0.5556877865263138	-1.9924017742525606	
11.229675452522233	-1.7275452281017	0.16946186976364608	-0.003853818792236099	0.5779694111242288	-2.094233534296253	
11.275452948853218	-1.8166220335602319	0.18705496287599094	-0.024674458332615983	0.5917355609022434	-2.183041275360239	
11.283044458974448	-1.9043740828545492	0.2101597705396858	-0.04356137898740054	0.5959037991157622	-2.257466400219065	
11.256317845555095	-1.9863838006618117	0.23810885820739264	-0.05907811380875428	0.5897076876567159	-2.3164028572400603	
11.200596837279537	-2.0585427470633557	0.2701133299609773	-0.07001273560771572	0.5727473638195836	-2.3590625225069934	
11.122254307817753	-2.1174522212835085	0.3053466626068864	-0.07545367567996494	0.545022275445668	-2.3850314232233556	
11.028239450000621	-2.1607820789237056	0.34303962294744583	-0.07483230969905993	0.5069423622852098	-2.394309336598757	
10.925572512256524	-2.1875244692031495	0.38257245207409024	-0.06793007412247773	0.459316511652638	-2.387326918636397	
10.820838645501864	-2.1981064836756286	0.4235510392194911	-0.05485794709504507	0.40332137721557765	-2.364940575852212	
10.719708080667019	-2.194337188977097	0.4658567974989318	-0.036017189871202275	0.3404507487380161	-2.3284040159604187	
10.626517327904905	-2.1791881442547734	0.5096643555473989	-0.01205277936997444	0.2724470351611274	-2.2793179422456693	
10.543948484548162	-2.1564327593084465	0.555426102728876	0.01618913699875262	0.20121730678797486	-2.2195613071373024	
10.472840650696801	-2.1301925657539513	0.6038262406128243	0.04769084507938416	0.12873705074292338	-2.151209033119117	
10.41217780390672	-2.1044564776869077	0.655706893271925	0.08127674913652798	0.0569459944111105	-2.0764409887781277	
10.359278017389324	-2.082659462863012	0.7119722376612113	0.115615330421059	-0.012354596176385936	-1.9974497628434966	
10.310162553458529	-2.0673813819515785	0.7734779170387255	0.1492190649512584	-0.07759459824003517	-1.9163527483249116	
10.26007452606245	-2.0601996471859234	0.840912081057304	0.1804555284772533	-0.13750968861512697	-1.8351111468330108	
10.204088855053563	-2.0617046752541612	0.9146771648417231	0.2075819580368339	-0.1911906171607763	-1.755458563567318	
10.137737646720106	-2.07165926090381	0.9947835728369006	0.22881219879357811	-0.23810227560952024	-1.678841676526851	
10.057573320275292	-2.089259283944677	1.0807668174766056	0.2424199300666391	-0.27807170769100414	-1.6063749934069154	
9.961593572742082	-2.113439415842935	1.1716427812063623	0.24687452367870052	-0.3112461518637203	-1.538814027607188	
9.849470159846682	-2.143155497197305	1.2659134904716245	0.24099247653117165	-0.33802788329812195	-1.4765514980864347	
9.722586249591123	-2.177594835914493	1.3616221466039309	0.22408487332127439	-0.35899767676315014	-1.419635074695429	
9.583901645048638	-2.2162936729861604	1.4564546818776278	0.19608054943436043	-0.3748348193702176	-1.3678061619422477	
9.437680190837245	-2.259157827259924	1.547880000305437	0.15760636900544528	-0.3862413900415551	-1.3205564471888744	
9.289121817475698	-2.3063974085622214	1.633318334888699	0.11001057810593687	-0.39387710750678473	-1.2771968524364654	
9.14394239020413	-2.3583959066321603	1.7103270812341849	0.055321727008783746	-0.39830906739569355	-1.2369322874402824	
9.007939461606966	-2.415538323863056	1.776792460071949	-0.0038619533176065353	-0.3999795308298655	-1.1989355151696008	
8.886588306556241	-2.4780333000663926	1.8311067518951498	-0.0645473789916773	-0.3991936152013237	-1.1624120786438408	
8.784696617759826	-2.5457647210530077	1.8723139147067331	-0.12356537992952117	-0.39612420836104206	-1.1266510846371727	
8.706130154778366	-2.6182015019396196	1.900205550362934	-0.17781374642420741	-0.3908313507293692	-1.091059900410743	
8.653616774958119	-2.6943844766017633	1.915353043672493	-0.22449855527321438	-0.3832928447347594	-1.0551823852673108	
8.628631639334303	-2.7729954301327178	1.9190694291438082	-0.26134639426695866	-0.3734427524111308	-1.018702230335191	
8.631364046720924	-2.8525001226204916	1.913303602130731	-0.28676397127168735	-0.36121487147282105	-0.981434543944927	
8.660775145786735	-2.931347596293977	1.9004745171681108	-0.29992395520657056	-0.34658868795651165	-0.9433088034789943	
8.714759232343397	-3.0081905881103976	1.8832648870124586	-0.30076083147133065	-0.3296333675315482	-0.9043459838203325	
8.79039699272907	-3.0820857858834763	1.8644033144356436	-0.28988569818632554	-0.3105450235570075	-0.8646329846446409	
8.88428928345049	-3.1526358370862706	1.8464551554972037	-0.26843248877972326	-0.28967172720429074	-0.8242954940343686	
8.992944285567859	-3.2200390019688467	1.8316418351015977	-0.23785807913467388	-0.2675207777629969	-0.7834707942974279	
9.113179868450024	-3.2850282562514606	1.8217038237457137	-0.1997266959016807	-0.24474444735700174	-0.7422822957655911	
9.242499358910347	-3.3487078657920017	1.8178133215952703	-0.15551131615055877	-0.22210319390115052	-0.7008173781600231	
9.379396604008793	-3.4123243674313133	1.820533183349584	-0.10644007877051433	-0.20040809840167365	-0.6591093787744252	
9.523539181058625	-3.477029638836635	1.8298160538133763	-0.05340461745950339	-0.18044940683361996	-0.6171239620277841	
9.675809997714579	-3.5436732590034903	1.8450362437550687	0.0030756072545118935	-0.1629205695560977	-0.5747487949141711	
9.838195847587919	-3.6126291488811964	1.8650602742236053	0.06284216347812469	-0.14834514403203047	-0.5317864208369714	
10.013525570111996	-3.6836546896637437	1.8883584441716919	0.12604608982465948	-0.13701355623940153	-0.48795089082465637	
10.205077210511462	-3.7557845483729877	1.9131503991323835	0.19306101878733462	-0.1289357695467445	-0.4428690228897118	
10.416087544409965	-3.8272689839166163	1.937568853937092	0.2643667851289846	-0.12381434877248416	-0.3960872274707328	
10.649207700607423	-3.895573923552433	1.9598220866017628	0.34041171637263695	-0.12104181927778807	-0.3470851489684518	
10.90597680262742	-3.957461841654277	1.9783336744209528	0.4214697779683387	-0.11972591499003579	-0.29529711697576666	
11.186374379516117	-4.009150404360687	1.9918476959153766	0.5075095168154202	-0.1187383279458851	-0.24014047216766884	
11.488496156724866	-4.046545251789839	1.9994958654327868	0.5980883648471351	-0.11678345705212242	-0.181049833285344	
11.80838640815549	-4.065533805562583	2.000825695665749	0.6922849632687802	-0.11248191603317235	-0.11751544650653724	
12.140043323830035	-4.062316293269496	1.9957912006093819	0.7886791199958991	-0.10446227691919606	-0.04912308466007731	
12.47559901286927	-4.03374235880683	1.9847091672931552	0.8853847233460973	-0.09145457491812414	0.024407056788855228	
12.805670627555136	-3.977615173584158	1.9681840014440213	0.9801371837839252	-0.07237963742343763	0.1031849936528051	
13.11986106234237	-3.8929073171995316	1.9470073760787519	1.0704279066164875	-0.046424061188264996	0.18712417639661003	
13.407406360037012	-3.7798781828209744	1.922040450099321	1.1536747440010764	-0.013102978556905637	0.2759212321077084	
13.657783084305974	-3.6400358925679774	1.894108553005158	1.2273779122788087	0.027715135073960798	0.36905530585221447	
13.861699876278589	-3.476095242766744	1.863865894328119	1.289335790658735	0.07575764863392816	0.4657747753301485	
14.01135815395231	-3.291626660670967	1.8317693743961985	1.3376836589975925	0.13042651420223	0.565150692032679	
