13.423260299569783	-7.023822315120545	-6.914297333780306	3.002722417173544	0.707911742290909	1.7184721958667335	
13.607294672503064	-6.656497963237459	-6.917543180037578	3.1708497269371434	0.6884878204322821	1.8410310175278293	
13.779990468086737	-6.234001558772441	-6.8547844898672565	3.303813794128926	0.6760223359566039	1.9649074038623269	
13.938111327213326	-5.772402407536928	-6.7341299903026925	3.3940231516947144	0.6686215576165169	2.088960147529285	
14.07841967446702	-5.28817394963872	-6.564964812349009	3.435761563993631	0.6641858291843191	2.212146908158536	
14.197454042269129	-4.797210252942441	-6.357588450574924	3.4255599790027444	0.6605557825064876	2.3335407826832166	
14.291314611981658	-4.313803662975784	-6.122541829100653	3.362196109894915	0.655688805556575	2.452313290085994	
14.355578647017897	-3.85001854773389	-5.870052491060424	3.2466904849632736	0.6477709926167227	2.567705135594347	
14.385369414906478	-3.4153499430785086	-5.609477303233458	3.082155829244663	0.6353018809904547	2.6789841940280503	
14.37559418216583	-3.0167026534895447	-5.348859335680367	2.8735820946173716	0.6171390763362269	2.7854009903320023	
14.321327770940195	-2.6585969797863567	-5.09461627147749	2.627555499304756	0.5925130734468721	2.886147709346576	
14.218297710611687	-2.343505332154691	-4.851390120731221	2.351933267715044	0.561018025909181	2.980327283301348	
14.063406570635408	-2.0722159566678187	-4.622059163165013	2.0554828954220126	0.5225872044324485	3.0669375659733884	
13.855215740453316	-1.844145616410849	-4.40789576740855	1.747494182085636	0.47746085418223755	3.144873697408057	
13.59431280182054	-1.65756340311594	-4.208838525022372	1.4373716762802746	0.4261519929238369	3.2129489439272856	
13.283502831080028	-1.5097315379205434	-4.023833512394005	1.1342215413564618	0.369413008154716	3.2699309929470286	
12.927800223547663	-1.3970024624346566	-3.8511950493986427	0.8464521934885442	0.30820314223714895	3.3145887273697765	
12.534227583716783	-1.3149222892879895	-3.68894301568004	0.5814135982719486	0.24365480723591249	3.345744548882115	
12.111452259588706	-1.2583765992486058	-3.5350837419273233	0.34510253032883426	0.17703660381015537	3.3623281330405965	
11.66930407429621	-1.2217899435240118	-3.3878158189959917	0.14195699244578078	0.10971172380622406	3.3634283727129417	
11.21822353227902	-1.1993671509781592	-3.2456571591500536	-0.025246396439369958	0.04309145811838097	3.348340705147147	
10.768691280065022	-1.1853499657624105	-3.1075023312753047	-0.1553903011742824	-0.021415510948878523	3.316607245330779	
10.33068652423935	-1.1742585188992243	-2.9726264746136493	-0.2489200657271917	-0.08245645717296986	3.2680475810148315	
9.91321318856439	-1.1610920597458845	-2.840652066518672	-0.30767242101444453	-0.13878822519889972	3.2027787767064027	
9.52391912978608	-1.1414738160390916	-2.7114894009231243	-0.33465507172698433	-0.18932828695253023	3.1212237571705717	
9.168820339811939	-1.1117369491774522	-2.5852564130454248	-0.33380349215552285	-0.2332004254991687	3.0241074226341453	
8.852136506867724	-1.0689593757778673	-2.462183306803144	-0.3097372365144204	-0.26977199020821774	2.9124392981466265	
8.576235621074046	-1.0109701750542837	-2.342512673747938	-0.2675341213584916	-0.29868058492814403	2.7874824569170906	
8.341685795699167	-0.9363617023805423	-2.2264112274688688	-0.2125304582018859	-0.3198485890860675	2.650708562329903	
8.147413849085225	-0.8445457083770335	-2.1139138707825396	-0.1501459181591822	-0.33348467908682367	2.5037397656373575	
7.9909684981457225	-0.7358795826028359	-2.004920018248519	-0.08572117542669835	-0.3400724625025339	2.348279826325345	
7.868879088116477	-0.611856903220249	-1.8992515437831854	-0.024348570441600614	-0.340346950428649	2.1860388458805327	
7.777087473458647	-0.4753146268264491	-1.7967617284811497	0.029323647104694938	-0.33525986865354757	2.018657832224054	
7.711414922874367	-0.3305766111771755	-1.6974634881417543	0.07132152242055886	-0.3259350128669787	1.8476401679862449	
7.668014304178077	-0.18344740134631762	-1.6016350056292992	0.0985986694380405	-0.3136152734709604	1.674296634397883	
7.643755061865724	-0.040996523402318116	-1.5098677571206933	0.10928199147851152	-0.2996037069440109	1.4997092194778627	
7.636495646828815	0.08887896209165866	-1.4230405134815176	0.10286888454568686	-0.2852020216975838	1.3247168706885692	
7.645210939945658	0.1980772180057923	-1.3422214129239876	0.0803343815690848	-0.27165096183162185	1.1499242159783991	
7.669961562977351	0.27902435489091554	-1.2685125945951905	0.04411773649356006	-0.26007794129492384	0.9757313366098088	
7.711715716512451	0.3254284891150853	-1.2028562686540485	-0.0020226451609275586	-0.25145641600469626	0.8023794905020689	
7.772050734621154	0.3329693026513449	-1.1458222059178458	-0.053283221357493374	-0.24657973152743748	0.630005978551587	
7.852776419545551	0.29984441885692686	-1.0974009073152573	-0.10420049878053307	-0.24604980816102315	0.4587000673728624	
7.9555318619090185	0.22710653859723462	-1.0568317618073664	-0.14911576238976954	-0.2502786465505817	0.2885519037993037	
8.081410430148553	0.1187451853679203	-1.0224950996136992	-0.18267550172133892	-0.25949889731862513	0.11968756673105696	
8.230663257436902	-0.01850490235469557	-0.991887219522588	-0.2003160870374565	-0.27377894816007303	-0.04771463021037463	
8.402520697874424	-0.17561487736993928	-0.9616820116861603	-0.1986817284034938	-0.29303806016248646	-0.21342917774849263	
8.595155392995945	-0.3419317963463412	-0.9278704748767113	-0.17593386030415653	-0.3170576790328161	-0.3772098611548689	
8.805790815436115	-0.5060117395225299	-0.8859659016235425	-0.13192457749435227	-0.3454858959037722	-0.5388351044755124	
9.030937237114996	-0.656556660055482	-0.8312660663364142	-0.06822166556707084	-0.37783327133742495	-0.698166863167831	
9.266717007813282	-0.783391651879694	-0.7591668278024462	0.012017619125146898	-0.41346060732941614	-0.8552149766679181	
9.50922653378864	-0.8784142223597261	-0.6655186046381717	0.10431149914724148	-0.45156196354422834	-1.0101973297331237	
9.754884892829796	-0.9364432240217511	-0.5470112594604829	0.2032378348750762	-0.49114904823533817	-1.1635858436789326	
10.000727328521627	-0.9558828954731952	-0.40156178649206975	0.30291138086270286	-0.5310446451359963	-1.316128442183115	
10.244610472678485	-0.9391095592901857	-0.22866659429602668	0.39751987739636185	-0.5698924493288915	-1.4688381775097625	
10.485303784104133	-0.8924955722888108	-0.029670463940763524	0.48187600795667657	-0.6061890274099212	-1.6229429963106607	
10.722451709833235	-0.8260172349892286	0.19209587825462543	0.5519338723993316	-0.6383411657812584	-1.779793454581135	
10.95640683116153	-0.7524498591426729	0.43134440552210573	0.6052150579290879	-0.6647489602648161	-1.9407306964638098	
11.187953186002245	-0.6862178215733166	0.6810379534003974	0.6410955729785726	-0.6839116903628066	-2.1069223100047934	
11.41795383937741	-0.6420166958619327	0.9327727145750682	0.6609214785375825	-0.6945499880854463	-2.2791784619233537	
11.646963024334552	-0.6333433799570277	1.1773213195296948	0.6679425681220393	-0.6957347772078861	-2.4577644508057506	
11.87484610180183	-0.6710688196035776	1.4053183921445553	0.6670689799265053	-0.6870110190404833	-2.6422294861970377	
12.100459772760859	-0.7621914715701179	1.6080510511875505	0.664466655081594	-0.668502773934968	-2.8312746101219424	
12.321453667754922	-0.908905860635543	1.7782872489881085	0.6670176575867444	-0.6409878644161878	-3.022680059573055	
12.534257242937185	-1.108127355405023	1.9110444283966836	0.6816773989629727	-0.605930835923766	-3.2133085513286663	
12.73429331996805	-1.3515958004606528	2.0041827408277757	0.7147776502332547	-0.5654638291011096	-3.399192206507435	
12.916405803650932	-1.6266166266677733	2.0587168312943596	0.7713430978159151	-0.5223066500898058	-3.5756998332927505	
13.075420361259926	-1.9173908593593485	2.0787785626907573	0.8545020558408499	-0.47962154303653837	-3.7377713740705296	
13.206706404042864	-2.2067620257234273	2.071221750008196	0.9650703774175183	-0.4408065483632159	-3.880200178310831	
13.30660725531496	-2.478112050771579	2.0449246041481977	1.1013678204674644	-0.4092430772282451	-3.9979419349571113	
13.372658329267773	-2.717108960139589	2.0098975556640766	1.259291817027955	-0.3880244382089118	-4.086429791675641	
13.403593403273417	-2.9130587759061117	1.9763262684276324	1.4326350269499832	-0.37969731238226045	-4.141875810378234	
13.399203995196293	-3.0597192669366495	1.953666649539657	1.6136025170061425	-0.3860449288541398	-4.161538487560139	
13.360137161650295	-3.1555383573081768	1.9498791357952223	1.793468511899328	-0.40793374298691437	-4.1439324432052285	
13.287700626295807	-3.203379205621309	1.9708536901346956	1.963301035811503	-0.4452339604166913	-4.0889595487619985	
13.183707063464464	-3.2098406910230644	2.0200456771002346	2.1146854853199244	-0.4968157945947026	-3.9979471014919414	
13.05035972227651	-3.184291007394221	2.0983263812074435	2.240380892029716	-0.5606188228494366	-3.8735863276804703	
12.890167216276096	-3.13773214020433	2.204041359680945	2.3348490295289355	-0.6337872881129434	-3.719774925952677	
12.70587264100255	-3.08161096770241	2.333262814724486	2.394611522433075	-0.7128597736896621	-3.5413775097042963	
12.50038648414381	-3.0266966159606516	2.4802123161464493	2.4184115555446697	-0.7939971036229196	-3.343926799119192	
12.276719970378801	-2.982146689422057	2.637814229909694	2.4071795889739076	-0.8732286308217507	-3.133294956407259	
12.037923475075658	-2.954867881329638	2.7983239445966896	2.3638222422435176	-0.9466957659976876	-2.915366856419414	
11.787041896666208	-2.949225030128213	2.9539684481738924	2.2928687533348446	-1.0108732869368386	-2.695744161616679	
11.527102223153951	-2.9670778837447065	3.0975423095784174	2.200020159768183	-1.062752889655473	-2.4795012230025897	
11.261143533847147	-3.008063654015609	3.2229100816275076	2.0916511765616868	-1.0999775273829937	-2.271004266014784	
10.992284745824813	-3.0700176235776655	3.3253714665646186	1.9743166425990597	-1.120919054458408	-2.0737972396121678	
10.723808995992934	-3.1494282675075818	3.4018659373112707	1.8543089654554947	-1.1246998844658314	-1.8905483139915409	
10.459237184117931	-3.241856749842202	3.4510169728723423	1.7372984622191878	-1.1111646458255335	-1.7230473078329749	
10.202367926075322	-3.342281166557321	3.4730360074381075	1.6280734020862104	-1.0808115517134635	-1.5722424136758182	
9.957270258228426	-3.445347924945332	3.4695154001746715	1.5303792185262983	-1.0346934918072965	-1.4383054539883275	
9.728222637983672	-3.545527894777962	3.443140748178039	1.4468393613141648	-0.9742971018053939	-1.3207179065741874	
9.519597549188166	-3.637199532180816	3.397351465291906	1.3789288086638525	-0.9014072952648914	-1.2183732894789927	
9.335700910783116	-3.7147180339863253	3.335976360603516	1.3269734564808942	-0.8179665160272955	-1.129693531574033	
9.180591809483214	-3.772552034534729	3.2628674023437196	1.290167082232076	-0.725940761566481	-1.0527566933142667	
9.057922256112894	-3.8055459815025223	3.1815520986217214	1.2666219364548064	-0.6272048668970837	-0.9854308718435649	
8.97083250332491	-3.809303371722158	3.0949269360920164	1.2534813199228945	-0.5234557713244723	-0.9255057126221842	
8.921909649925615	-3.780623402694262	3.0050230453583673	1.247115139822894	-0.41615725610756354	-0.870810533656376	
8.913180280416913	-3.71790154914523	2.9128764295897733	1.2433939503157305	-0.306515480274113	-0.8193087210800127	
8.946093986035658	-3.6214244479656696	2.8185208215223847	1.2380156329958258	-0.19548342297887256	-0.7691633206867184	
9.02147066693808	-3.493520401398263	2.721100499677816	1.2268487293242205	-0.08379265840263135	-0.7187743297921576	
9.139408131135307	-3.3385530365166227	2.619082203772229	1.2062555008697495	0.027990434735438458	-0.6667920241438815	
9.299158611951333	-3.1627609677466175	2.510536664632916	1.1733637206361605	0.1393894834095959	-0.612112179016113	
9.49898216035674	-2.9739535268087103	2.393459262816544	1.1262654544059867	0.2499317744756705	-0.5538592569454877	
9.735984324054408	-2.781074972495948	2.266102317723568	1.0641316386103823	0.35905968007950717	-0.4913635997157255	
10.00595623351718	-2.5936513437105853	2.1272949576561584	0.9872408007423966	0.46604878367585556	-0.4241384901460441	
10.303256102271682	-2.4211429080907148	1.9767262895660518	0.8969268135077358	0.5699414520372	-0.35186205033427065	
10.620789879008019	-2.2722465898094955	1.815161772911536	0.7954545652285642	0.6695047093057576	-0.2743668502640194	
10.950152643921564	-2.154222360774729	1.6445550442324854	0.6858357061533515	0.7632214567410285	-0.1916369667670619	
11.281973597883068	-2.072342986228412	1.468017243372009	0.571601830414355	0.8493231043781935	-0.103809015047385	
11.606466489259638	-2.0295562358956296	1.2896256346070771	0.45655947188085505	0.9258672523671342	-0.011172329636865652	
11.91414869419422	-2.026413660646282	1.1140772069586315	0.3445518621749093	0.9908597522745052	0.08583668853844435	
12.196652129193476	-2.0612648600550627	0.9462213974481748	0.23925155697309308	1.0424152440175898	0.1866498331739667	
12.447516132862077	-2.130654905743202	0.7905312202742062	0.1440026402794598	1.0789448117330547	0.2905940510986367	
12.662834911684378	-2.2298151323166095	0.6505882173949654	0.0617210495060232	1.0993538301759105	0.39693024986512626	
12.841639390256121	-2.3531210392607202	0.5286605887788194	-0.005152164815172912	1.1032279415466137	0.5049018445796813	
12.985930538598828	-2.494414747869066	0.42544376733189665	-0.05466389761514034	1.0909818628442427	0.6137885163309807	
13.100343284851352	-2.647148268072169	0.3400080125257264	-0.08535702440561349	1.0639461775013213	0.7229587494247843	
13.191489905735319	-2.8043768540900778	0.26996109089381154	-0.09630202914840395	1.0243725425391879	0.8319141870201163	
13.267086879962926	-2.9586896002147336	0.21179466915046072	-0.08717002536371678	0.9753474015361135	0.9403201020214598	
13.334996346146836	-3.1021862869220094	0.16135414812088086	-0.05834532487589191	0.920614954641924	1.048018374442426	
13.40231686163425	-3.2265886397198518	0.11435564032839696	-0.011056817634699623	0.8643240571765797	1.1550222270819908	
13.474629681548548	-3.3235279145202012	0.06687810617420605	0.05250328337555804	0.8107235779276621	1.2614944174741656	
13.555468302626887	-3.385001314241388	0.015770169116917275	0.1291072294821734	0.763836747852921	1.3677120421234883	
13.646035743465639	-3.403951330267862	-0.04107361957160958	0.21449573290686672	0.7271465007936864	1.474021830287348	
13.745158308369616	-3.374878787849854	-0.10459138322246048	0.30347442590720525	0.7033265549901472	1.5807909037346053	
13.849429868856367	-3.2944289842404886	-0.17458115178886435	0.3901169296738002	0.6940303697648047	1.6883542809910417	
13.953520878276315	-3.1617677477337804	-0.24985813745757787	0.46804050668581054	0.6997906553188399	1.7969693085579042	
14.050550489659223	-2.978937372917007	-0.32847527292582357	0.5307995121537191	0.7199390975677853	1.9067606507465371	
14.1326135667296	-2.750610580330628	-0.408012164386424	0.5722218000878507	0.7527556765482472	2.0176992446374684	
