13.645993986315606	-3.3884960880147794	0.913432136232867	-0.4340821293885762	-0.3711712138556347	0.8480092270893098	
13.688622502293695	-3.2331063831979163	0.8763297432209227	-0.5141025620602548	-0.44606294162306553	1.1062644822021768	
13.691909315887106	-3.0909146330221735	0.8252189971873971	-0.5950377830205765	-0.5169168591532569	1.359874234500206	
13.659638536346291	-2.9631280034823018	0.7591940017783326	-0.6730782880357714	-0.5834239553778389	1.6065948425608745	
13.59756536412533	-2.850487789435732	0.6779853466281103	-0.7443157708366899	-0.6453295019458275	1.8442699662954825	
13.513728246995319	-2.753165167997299	0.5822101057757803	-0.8048456212092726	-0.7024152657547209	2.0708956123196622	
13.417407078614008	-2.6709152607867575	0.4732748032814974	-0.851000343532026	-0.7544368863440655	2.284657228152924	
13.318398783206982	-2.603077710343743	0.35334720702154165	-0.8795281202713241	-0.8010937282128081	2.4839715672305376	
13.226020363096666	-2.548580370147427	0.22523034733627795	-0.8877831881420593	-0.8420106914992326	2.667515810826029	
13.148196628736358	-2.505915196639756	0.09219951868733502	-0.873883728411543	-0.8767468895567694	2.8342430858684065	
13.090701641722044	-2.4731137965586374	-0.042179737260985235	-0.8368400093276326	-0.9048269398101136	2.983388523896121	
13.056611382059014	-2.447744161732381	-0.17424350033945984	-0.77664460432564	-0.9257911429717871	3.114467189084282	
13.046018526009085	-2.4269431968687405	-0.3004182476917159	-0.6943163566133782	-0.9392593641291882	3.2272660468688725	
13.056022576183837	-2.4074966123105632	-0.4173983898459367	-0.5918959447469353	-0.9450028801574466	3.321833301499542	
13.08103647141471	-2.3859780206503447	-0.5222991540409784	-0.47237710945960887	-0.9430141332923657	3.398464940629517	
13.113360318763567	-2.35893919487813	-0.6127703357833951	-0.33957628239668475	-0.9335610603367767	3.457690182093598	
13.14391344049579	-2.3231358252906666	-0.6870758425223609	-0.19795970194846854	-0.9172214908669556	3.5002587903899416	
13.163068705882717	-2.2757738904481246	-0.7441408060822378	-0.05243026101948758	-0.8948924723679741	3.5271283116119587	
13.161516017761414	-2.2147539129630642	-0.7835695491943525	0.09191738550478293	-0.8677715154485117	3.5394501355475723	
13.13109181614693	-2.1388897469115973	-0.8056400645675635	0.23006677077439408	-0.8373086152477726	3.538553309608983	
13.065465603052179	-2.0480497898872643	-0.8112663349900582	0.3573560335828314	-0.8051269549055728	3.5259214624127555	
12.960602536712969	-1.9431952405444104	-0.8019347698671241	0.46972984510601323	-0.7729245127900568	3.5031627995988956	
12.815002592493768	-1.8263187648588837	-0.7796191414227752	0.5639535739722048	-0.7423667621843497	3.471972556286626	
12.629716171835094	-1.7002862766604452	-0.7466728718472644	0.6377751790295072	-0.7149783037716783	3.434086820236568	
12.408157388698449	-1.568596447678519	-0.7057013992089051	0.6900241889992571	-0.6920415882769237	3.3912284185092436	
12.155745940812306	-1.4350753792742474	-0.6594162093949844	0.7206412224062083	-0.6745088091902337	3.345045806089412	
11.879400905933531	-1.3035382766762977	-0.6104779678711846	0.7306160263612403	-0.6629412659958529	3.297051455156363	
11.586987375504167	-1.177466720109441	-0.5613442449863176	0.721859974431663	-0.6574766166285231	3.248565507091271	
11.286756117045792	-1.0597220203065576	-0.5141292655194925	0.6970266337670354	-0.657822863130261	3.200667406149765	
10.98680872975379	-0.9523139765424371	-0.47048547016806985	0.6592916201349189	-0.6632790984449672	3.154158516091159	
10.694617311837522	-0.8562390032208297	-0.43151554555143085	0.6121065215556872	-0.6727806022045504	3.109537004603972	
10.41662363634564	-0.7714045208920255	-0.3977264531208837	0.5589392881122114	-0.6849673920612945	3.06698684515577	
10.157966260169966	-0.6966661740310179	-0.36904305267255383	0.5030287022692815	-0.6982728602313018	3.026385179313968	
9.922328917755273	-0.6299554244840679	-0.344870743550869	0.4471743482006405	-0.7110195362521465	2.9873207333632417	
9.711907212381378	-0.5684895755453392	-0.3242018565895897	0.3935708658465245	-0.7215182131310536	2.9491219107582936	
9.52749090151288	-0.5090494878818121	-0.30575524232838724	0.34369676334820964	-0.728165151870529	2.910892728470878	
9.368650788709253	-0.4483056724675748	-0.28813460103522476	0.2982624614782128	-0.7295330589230562	2.8715542250291968	
9.234027680192733	-0.38316759306854864	-0.26998841863293793	0.25722895460143047	-0.7244488315920289	2.8298913621020096	
9.121685997063498	-0.3111046947590967	-0.25014648735764605	0.2198962772639018	-0.7120480049078288	2.784602801924042	
9.029477596335783	-0.2304103124272802	-0.22772404991295156	0.1850378870332335	-0.691806821602009	2.734350629641521	
8.95538679441356	-0.1403880325686104	-0.20219170062731778	0.15107161056548596	-0.6635508745328765	2.677810579698377	
8.897821823733105	-0.04144230984931757	-0.17340991637272235	0.1162531137283699	-0.6274408223933934	2.613721992809095	
8.855823682773803	0.06493578580287258	-0.14163010929847522	0.07887838710708006	-0.5839378507423133	2.5409374206080177	
8.829152209369786	0.17630725753168056	-0.10745874992096084	0.037474913720741805	-0.5337486460256798	2.458468433112821	
8.818240415424425	0.2895204536851847	-0.07179396208848415	-0.009044710433378024	-0.4777597692634478	2.365523742281888	
8.824041303851685	0.40100219193921516	-0.03574629387868464	-0.06127422520030989	-0.4169700462399202	2.2615394075522968	
8.847788533771768	0.5070765477957302	-0.0005494529871706206	-0.11925590432865917	-0.35242521245847697	2.1461992217766745	
8.890701459088604	0.6042769710874131	0.032532236714815206	-0.18247547647543316	-0.2851598944935115	2.019444138521801	
8.953667455722714	0.6896204530793437	0.062295424603333246	-0.24990767735514838	-0.2161508114453966	1.8814703213700916	
9.036960755640477	0.7607952811314735	0.08768172616211568	-0.3201128895069959	-0.14628657540461107	1.7327109677918546	
9.140047607045078	0.8162428164595206	0.107849134265653	-0.3913605682281433	-0.07635423614336974	1.5738064383184571	
9.261494248891013	0.8551387097038942	0.12222941885825059	-0.4617633996157995	-0.007038467892706554	1.4055654634864059	
9.39898327932891	0.8772818778063978	0.13056798857293886	-0.5294095026988507	0.061070567897866954	1.2289195390041059	
9.54942721178944	0.882909779972267	0.1329441212003904	-0.5924798907369794	0.12746523739355067	1.0448739350552008	
9.709157720760672	0.8724637801371029	0.12977027616405257	-0.6493403798215828	0.19170835098526168	0.8544584089205962	
9.874157329676201	0.8463474931797682	0.12176744004952465	-0.6985944453918472	0.2534228782499752	0.6586825248861499	
10.040289570104761	0.804725809892848	0.1099258344566649	-0.7390995691729275	0.3122847958241892	0.45849939293181413	
10.203520177542512	0.7473889472050209	0.09545193945926649	-0.7699529475346419	0.3680177632317426	0.2547784755695659	
10.3601262310972	0.6737027084157805	0.07970235831752104	-0.790452900477175	0.42038869175465843	0.04828882417669339	
10.506894962885037	0.5826591893034011	0.0641054077551288	-0.8000446087224846	0.469203839056473	-0.16030618474874744	
10.641308017471324	0.4730390369780317	0.05007113081638694	-0.7982599198011477	0.5143053249404708	-0.3704402681978813	
10.761686314950792	0.34366378303822054	0.03889798910405711	-0.7846664180445626	0.555568425317345	-0.5816210478759646	
10.867289563208061	0.1936907605471071	0.03168285120923794	-0.7588381433391475	0.5929003441812045	-0.7933963952481007	
10.958356693378226	0.022910619879131205	0.029238859465297813	-0.7203527689317479	0.6262399609642572	-1.0053130786620166	
11.036076368081092	-0.16799436631227968	0.03202713211091701	-0.6688174818229439	0.655558032835576	-1.2168716537113375	
11.102481325800328	-0.3772650317763208	0.04010671084818629	-0.6039233450247313	0.6808573949526602	-1.4274813994461177	
11.16024915926357	-0.6020013237113772	0.05311516883690288	-0.525522030715231	0.7021722251419129	-1.6364216834687786	
11.212422564685072	-0.8382361435187272	0.07028672690472387	-0.4337099942153458	0.7195657707418258	-1.842816481952664	
11.262076090041996	-1.0811223569709953	0.09050405726226636	-0.3289091872741761	0.7331260706493306	-2.045623410802366	
11.31195373695382	-1.3252200170507686	0.11238363587163051	-0.21193361894298568	0.7429587576697776	-2.2436391258148065	
11.364114842651212	-1.5648609421592679	0.1343897808462551	-0.08403226679743603	0.7491765386871149	-2.4355215028047152	
11.419626998471037	-1.7945689763263273	0.15497109844570417	0.053099132305776967	0.7518853498819783	-2.6198280471645985	
11.478375792117346	-2.009491834638	0.17270506009787845	0.1973527382331092	0.7511689027860049	-2.7950690333865547	
11.539018559780185	-2.2057868773976512	0.18642785109250598	0.34628630073950206	0.7470748685298746	-2.959767065330034	
11.599072325657025	-2.380931921540865	0.19533720164836604	0.4972379468179801	0.7396049441205983	-3.112517763992274	
11.655125621260526	-2.5339287548819676	0.1990580380644559	0.647473181154243	0.7287106646597634	-3.252047337996936	
11.703150677417884	-2.6653729151891103	0.19766502010941525	0.7943545812772972	0.7142961602126296	-3.3772631762693943	
11.738890042012798	-2.777365228526729	0.19166004822610042	0.9355229397009602	0.6962286192021371	-3.48729465709904	
11.758269428131289	-2.873236073579216	0.1819044402849138	1.0690593380115092	0.6743562796524152	-3.581516742483794	
11.757777783325066	-2.9571455667573994	0.16952968049687556	1.1936051885278431	0.6485308370269021	-3.659558497108152	
11.734788929654275	-3.033608149131696	0.15584218739265376	1.308427381272053	0.618632234292892	-3.7212981023263283	
11.687800815981554	-3.106994136577628	0.14223481509194474	1.4134187257686501	0.5845938087451302	-3.766845587455194	
11.616577749331833	-3.1810614272772515	0.1301156204448375	1.5090318670495484	0.5464260959731639	-3.7965158502219105	
11.522178234072038	-3.258569410097878	0.12086046990534666	1.5961473317263069	0.5042373345858884	-3.8107933736686066	
11.40685301354968	-3.341037346584534	0.11579192570303544	1.6758919496374964	0.4582469734813098	-3.8102909224991666	
11.273856511521196	-3.428637522714863	0.11617733678261344	1.7494412970169289	0.4087924052045098	-3.7957085579043977	
11.127192696852715	-3.5202108161210335	0.12323743897461911	1.8178224542780166	0.35632824174258704	-3.767794458725855	
10.971322276450158	-3.6133911381695123	0.13815700171885614	1.881733502083537	0.30141793164130615	-3.7273099877407847	
10.810859132055235	-3.7048211943166542	0.16208847521057282	1.9413910772801652	0.24471836731141697	-3.6750012871608275	
10.65028424241706	-3.7904564820750304	0.19613929748786776	1.9964226256281499	0.18695765076615625	-3.6115800856109774	
10.493714373658525	-3.865930573572067	0.24133739043815605	2.045817810591823	0.12890890522930956	-3.537715972887014	
10.34473356907052	-3.9269525503418397	0.298574706633825	2.0879323853644016	0.07136346548160231	-3.4540389343239415	
10.206286901374575	-3.969723553879288	0.36853214359356584	2.1205463974548917	0.015104652054363699	-3.3611507466713317	
10.080633782093626	-3.991348553624542	0.45159138471508037	2.14097595166289	-0.039116434867009095	-3.2596432771325756	
9.969351797507423	-3.9902223228685134	0.5477387532941907	2.146237524173131	-0.09060241547668843	-3.1501214188716657	
9.873390626620683	-3.9663279283496866	0.6564781375504594	2.1332635025623015	-0.1387267369744957	-3.033226931271422	
9.793156615192514	-3.921404155345567	0.7767665482181587	2.099144931544494	-0.1829459297694632	-2.909658614515372	
9.728612592025927	-3.8589764462153022	0.9069763592585844	2.041384897192378	-0.2228082179092815	-2.7801866776244895	
9.679388648706198	-3.7842375192685	1.0448914663415192	1.9581472544915923	-0.25795880849884995	-2.645659468933261	
9.64489808600108	-3.703778980663911	1.187741262898513	1.8484837654130162	-0.28814242901787074	-2.5070012714507564	
9.624454912280077	-3.6251796382227837	1.3322758454023997	1.7125258872860802	-0.3132038607871348	-2.3652000730501337	
9.617386675320397	-3.556468002145364	1.4748896012873745	1.551599519721551	-0.3330853149069348	-2.221284168538877	
9.623132506470006	-3.5055353383753043	1.6117766842364938	1.3682601380689743	-0.34782241089488186	-2.0762906461815924	
9.641323833834297	-3.479538696562534	1.7391098905712594	1.166248301447262	-0.3575390399924104	-1.931227757193313	
9.671843027199365	-3.48433352841921	1.8532336579729254	0.9503620945987563	-0.3624407611690752	-1.7870332675946752	
9.714854307832645	-3.523972803531636	1.9508599580855308	0.7262506725695305	-0.36280662433998073	-1.6445309161955841	
9.770797508434908	-3.600313000275875	2.0292538926904444	0.5001303857541551	-0.3589788941539702	-1.5043872611730036	
9.840332923892543	-3.712808992059459	2.0863771275743512	0.2784413795832233	-0.3513502831578531	-1.3670759630010376	
9.924246032250178	-3.858478710322787	2.1209820525437837	0.06748770307164287	-0.3403509727914044	-1.2328511184217887	
10.023323953066516	-4.03203334461609	2.1326515948282467	-0.12692007979210845	-0.3264362617545795	-1.101732074417741	
10.138221686693836	-4.226163348464471	2.121782012207602	-0.2997969174244076	-0.3100756333205293	-0.9735018728137886	
10.269338005860766	-4.4319589580778604	2.08951280432625	-0.4472733605708048	-0.29174354086825366	-0.8477198106785904	
10.416723683873698	-4.639457154793522	2.037604254808669	-0.5668162228826176	-0.27191125988331455	-0.7237500091626528	
10.580038186204455	-4.838263536024852	1.9682773569112277	-0.6573454981837547	-0.25103862121947934	-0.6008038899988619	
10.758540938460975	-5.018184368557314	1.8840430209630243	-0.7192630040950456	-0.2295641489904628	-0.4779891772060873	
10.951100844879402	-5.169838297709494	1.7875287011233851	-0.7543905891683784	-0.20789286303546597	-0.35436283429362075	
11.156205334159353	-5.28520523844818	1.6813124852363501	-0.7658222870086189	-0.18638203443607365	-0.22898450016398414	
11.371948771324158	-5.358080572276296	1.5677710916795822	-0.7577008973558276	-0.16532585403880895	-0.10096808955376142	
11.595992939622732	-5.384367359641797	1.4489530893296818	-0.7349204466461806	-0.14494285362450737	0.030471651592709793	
11.825509778400928	-5.362177686621572	1.3264892093985714	-0.7027936547056257	-0.12537066281189133	0.16598053058870246	
12.057129512099184	-5.291779775713694	1.2015396346340699	-0.6667161583137269	-0.10667027021822918	0.30603257035535963	
12.286929950975182	-5.175408089635718	1.074782475713366	-0.6318411309722314	-0.08884151095657691	0.4509032232403134	
12.51049705362506	-5.016969831097372	0.9464450201775295	-0.6027838191205886	-0.07184928485277468	0.600648013393515	
12.723087650531262	-4.821685821364617	0.8163770604369969	-0.5833662303373522	-0.05565866513428119	0.755085732126617	
12.919931953749522	-4.595687914382625	0.6841668692013473	-0.5764162244570024	-0.0402745879933	0.9137883010315537	
13.096531884962246	-4.345658239278236	0.5492613362638459	-0.5837058551947066	-0.02577004905636147	1.0760911806862825	
13.249261815821626	-4.078446694532467	0.4111187655392716	-0.6057505113515596	-0.012322703635027665	1.2410748753350176	
13.375362086106405	-3.800861383339326	0.26926976593531	-0.642129783465569	-0.0001948768252215	1.4076386638430851	
