16.108737466495636	-1.8136512303605616	-0.4079622347145811	-1.3461740555941506	-0.0762191595000864	4.530955469167758	
16.09587350503579	-1.6776482901960847	-0.5367834588836276	-1.3552156089060947	-0.12128098246607051	4.664992931240457	
16.028768503894415	-1.5725441077481623	-0.6548496997945275	-1.3616598774221758	-0.16682215179531126	4.780107189665379	
15.904951070511185	-1.4970328554288101	-0.7593216158351205	-1.3633076405606788	-0.21422172298813946	4.875715836555594	
15.724445541931736	-1.4486816548961314	-0.8477692005736077	-1.358236437286418	-0.2649098624142761	4.951415266667037	
15.490296821613574	-1.4239354551738872	-0.9184766119371961	-1.3449045289671082	-0.3202585762790212	5.007055015493765	
15.208025471370954	-1.4185975246264648	-0.9706096879455115	-1.3221371237787203	-0.3814140464396159	5.042753203019523	
14.885246576674108	-1.4280486427335253	-1.0042956843526984	-1.289103751785227	-0.44917055548161683	5.058919112245409	
14.530998987027557	-1.4474954682454537	-1.020581227311225	-1.24526022740088	-0.5238585678320244	5.056249387657102	
14.155025715019624	-1.4721393448219608	-1.0212854562497315	-1.190286554354056	-0.6052682105097958	5.035707149423078	
13.767033307603114	-1.4972993125338385	-1.008761904360211	-1.12403203484314	-0.692616282521373	4.99847995249042	
13.376023860857824	-1.5184966663341426	-0.9856114096221241	-1.0464820096982412	-0.7845560217662839	4.9459225574904835	
12.989746036288043	-1.5315184559944839	-0.9543805210514792	-0.9577509188667179	-0.8792266324822801	4.87948850361523	
12.61430057238893	-1.5324733848935759	-0.91727914252075	-0.8581020846966813	-0.9743375639140152	4.800655290232148	
12.25392047303114	-1.5178500301749172	-0.875948713363082	-0.7479911147969105	-1.0672797700590164	4.710848780129256	
11.910927214175969	-1.4845849747599127	-0.831305883701449	-0.628126903627713	-1.1552550013469283	4.611372077690219	
11.585851601580648	-1.430146543734859	-0.7834795718334769	-0.49954255650398	-1.2354150928856635	4.503342989518091	
11.277710679569807	-1.352630157587659	-0.7318582792393655	-0.36366197458938576	-1.3050016934131503	4.387645982089628	
10.984392807359008	-1.2508621392458645	-0.6752365081543231	-0.22235067131485128	-1.3614765398811948	4.264900714407245	
10.703115552162902	-1.1245024211137122	-0.6120418082075646	-0.07793996028318317	-1.4026373883462926	4.135448241912829	
10.430920088935117	-0.9741307229332379	-0.5406167165648714	0.06678549976937474	-1.4267147708132726	3.9993562168102805	
10.16515987979775	-0.8012981439836588	-0.4595220582739224	0.20864344560718792	-1.4324455623083228	3.856443527901204	
9.90394043417419	-0.6085261374675057	-0.3678256733774651	0.34415536337695946	-1.4191208507492536	3.7063238455574643	
9.64647050867449	-0.39923795264119744	-0.265343911689068	0.46969179932623517	-1.3866075305744194	3.5484668118545324	
9.39327467779851	-0.17760912311210048	-0.1527981583456318	0.5816528667096553	-1.3353391201969542	3.3822743620695963	
9.146249902795828	0.0516464752702329	-0.03187094183052517	0.6766649059549683	-1.2662818446784194	3.2071646574123007	
8.908570626364499	0.28353319878683	0.09484143980744113	0.7517769094257426	-1.180880829483326	3.022657157630863	
8.684458886088331	0.5130447183404393	0.22397749089157537	0.8046391484797126	-1.08099028857549	2.828451580736258	
8.4788515675608	0.7354147299397603	0.3516464033918747	0.8336465771527446	-0.9687924301957523	2.62449317075502	
8.297005620125288	0.9463116932355701	0.473726017578199	0.8380327693972678	-0.8467094447111029	2.411017670556801	
8.144081417325912	1.1419474220275085	0.5861901163792145	0.8179066477526304	-0.7173119482356126	2.188571310438722	
8.024748138971844	1.3190767239212757	0.6854221741075055	0.7742244313271125	-0.5832267964818906	1.958000184688767	
7.942848828697281	1.4749009827397297	0.7684782893639812	0.7087119224624745	-0.4470496419743914	1.7204114015103482	
7.9011405541251145	1.6069105435569349	0.8332852890314122	0.6237539988627495	-0.31126417442371	1.4771105324001492	
7.90111725943301	1.7127076252333877	0.8787688109331608	0.522264639616416	-0.17816967305476253	1.229521116691882	
7.942912909074867	1.7898511804364459	0.9049127022701173	0.4075499373786386	-0.0498186405453427	0.9790945279991183	
8.025274111926477	1.8357549024294824	0.9127540677699332	0.28317372739010577	0.07203375669879367	0.7272196814903117	
8.145586519569454	1.8476546192496535	0.904318078163911	0.15283281901191242	0.185967060274794	0.4751416408153949	
8.299954737322407	1.822649588586815	0.8824859189018148	0.020248618120141344	0.29091452137622115	0.22389976855058052	
8.483327242740605	1.757810277924096	0.8508048779384921	-0.11091620371335455	0.3861631318210187	-0.02570783719711272	
8.689670500513806	1.6503472703485103	0.8132501826256432	-0.2371131390506496	0.4713358855169202	-0.2731321857469878	
8.912205361380307	1.4978403134308507	0.7739488735147211	-0.3549362004905277	0.5463576617414727	-0.5180538760818155	
9.143713247242122	1.2985247240081335	0.7368807447325563	-0.4611285160802606	0.6114084583320274	-0.7603393427194473	
9.37691067881225	1.0516264158317201	0.7055727876100062	-0.5525768909424703	0.6668690806172177	-0.9999781612515497	
9.60488121562078	0.7577312049335186	0.682802267295131	-0.6263072038416004	0.713264824379838	-1.2370078034690386	
9.82153081342586	0.4191445173802592	0.6703376786040667	-0.6794933462359987	0.7512115209167856	-1.4714335717146199	
10.022014465430335	0.04019326468640598	0.668748050622074	-0.7094908845756425	0.7813687933069029	-1.7031532164954097	
10.203088596832183	-0.3725705212834694	0.6773047516111687	-0.7139021584339618	0.8044018805072217	-1.9318920500905727	
10.363339543871506	-0.8103110861936743	0.6940031588820129	-0.6906750850656282	0.820951708427597	-2.157153023522164	
10.503246070722257	-1.262034745081431	0.7157226782847044	-0.6382338698734563	0.8316122033207313	-2.3781852320554986	
10.625052859857659	-1.7149282322873645	0.7385286990661705	-0.5556350329653333	0.836913166932571	-2.5939732007270386	
10.73246045335046	-2.1549237337706764	0.7581015474128201	-0.4427390876698172	0.8373068287849852	-2.8032481857406197	
10.830163614577241	-2.567486118934199	0.7702496268856822	-0.30037302086127515	0.8331580235680341	-3.0045239219648066	
10.923324645940934	-2.9385467844465833	0.7714219647562666	-0.1304558842246646	0.8247394101773348	-3.1961538288904054	
11.017059174440117	-3.255486106451276	0.7591427569010448	0.06393477881973429	0.8122338562891452	-3.3764043046954315	
11.115984248673788	-3.508047562853306	0.732306267611896	0.2785779070240116	0.7957457915906709	-3.543538460876295	
11.223860099806462	-3.689056346115149	0.6912954715486193	0.5082147848806773	0.7753209391463514	-3.6959033142102817	
11.343338813765676	-3.794836179521549	0.637919483394529	0.7467391007622943	0.7509712675383102	-3.832013923721154	
11.4758210394174	-3.825270384675804	0.5751929154440701	0.98744818766872	0.7227003587119775	-3.950630178462501	
11.621431299225103	-3.7834945166290765	0.5069898309928338	1.2233227467270085	0.6905243395370575	-4.050821010865568	
11.779107274042598	-3.675326387244055	0.4376296088058487	1.4472920767664126	0.6544857405036506	-4.132012524392975	
11.94677997023339	-3.5085858011981794	0.37144382986623614	1.652462716325846	0.6146615673770499	-4.194019988724	
12.121618876606968	-3.2924202570165155	0.3123606377845675	1.8323083048001165	0.5711683651647126	-4.2370619764504225	
12.300304700602478	-3.036728670336276	0.2635436544541322	1.9808291937222262	0.5241670398797382	-4.261755751293353	
12.47928964018894	-2.7517333157552764	0.22711875442109153	2.0926972896317566	0.47386925176981554	-4.269093931074678	
12.65501082860131	-2.4477080663203634	0.2040130399487832	2.163404661562007	0.420545899142621	-4.260403874747638	
12.82403231408632	-2.134839277366989	0.19392994355116566	2.189423373677329	0.364536314511596	-4.23729018202815	
12.98310658126598	-1.8231734149784269	0.19545859484306158	2.168374663460947	0.306255798891803	-4.2015654517492225	
13.129169465876021	-1.5225959053010159	0.2062904709977967	2.0992034839821905	0.24619928277777994	-4.155175729565195	
13.259292969930897	-1.2427958316489018	0.2235182060137876	1.9823411088771887	0.18493863915325334	-4.100124954473804	
13.370628126714406	-0.9931829955530987	0.24398308574636637	1.8198349834038812	0.12311203462569416	-4.03840334591806	
13.460372830159123	-0.7827364768054484	0.26463397145871004	1.6154234685541229	0.06140505949103652	-3.971923915170898	
13.525796432863253	-0.6197734534627004	0.28286152611435444	1.3745370193565563	0.0005249798182249861	-3.9024696027868506	
13.564342730860504	-0.5116427925503911	0.29676809985683117	1.1041988273991135	-0.05882880617189943	-3.831653093282554	
13.573809961178412	-0.46436884115150734	0.30533624249935	0.8128156479993247	-0.11599279047381647	-3.760889749584379	
13.552586969403205	-0.482272146606586	0.3084844575752703	0.5098714818177373	-0.17036121797079995	-3.691380311547571	
13.499909897584995	-0.5676062149631745	0.30700885189901267	0.20553217500110194	-0.221398393484249	-3.624100561421564	
13.416093286611755	-0.7202538800516877	0.30242606964674484	-0.0898185532627896	-0.2686398006992395	-3.559795001206703	
13.302687356558923	-0.9375270204010161	0.2967494109302142	-0.36608387292856703	-0.31168301538179277	-3.498972272697227	
13.162523721483305	-1.2141047521034094	0.292241355903758	-0.6139707387928558	-0.3501722502396431	-3.441901020912315	
12.99962422087437	-1.5421540088617656	0.2911882540276801	-0.8254821925842405	-0.3837825849093571	-3.3886081324999813	
12.818988388686476	-1.9116495343999638	0.2957352339471505	-0.9943374324404084	-0.41221072354669647	-3.3388823230770015	
12.626313015039445	-2.310864266639548	0.307787818814271	-1.1162973585525477	-0.43517611611640766	-3.292283698269571	
12.427690219510623	-2.7270033613275397	0.32896581209209164	-1.1893709617489048	-0.4524324505035972	-3.2481605390084107	
12.229325798907043	-3.1469283680451787	0.3605874603709672	-1.2138844325589102	-0.46378702614422235	-3.205672603892912	
12.03730538138011	-3.5579016185883425	0.4036613534914608	-1.192405176918848	-0.4691239219481838	-3.16381901777015	
11.857417987772758	-3.9482789712264523	0.45886880025310506	-1.129527479111481	-0.46842661433329774	-3.1214680913435444	
11.69503290680933	-4.308078841287591	0.5265306477842553	-1.031529324116755	-0.4617955027810495	-3.077387046090718	
11.555015541020278	-4.629368182382529	0.6065651718264315	-0.9059356718107345	-0.4494565562299641	-3.030269578699955	
11.441656168754276	-4.906474009175133	0.6984471258580008	-0.7610432158889058	-0.431760812989941	-2.978760050593695	
11.35859310854701	-5.1360431856829	0.8011805438996824	-0.6054391379860149	-0.4091753005217633	-2.9214752086205507	
11.308720142693147	-5.316982528646956	0.9132939959388909	-0.4475450653082148	-0.3822673631456186	-2.8570244384919485	
11.29407759558215	-5.450309680794795	1.0328622696281302	-0.29520945954977346	-0.3516851396149032	-2.7840295785057365	
11.315733213178392	-5.538936624347356	1.1575533504407753	-0.1553606444574448	-0.3181370083947511	-2.701145188998408	
11.373669147058902	-5.587384716511339	1.2846975623633172	-0.03372994634992087	-0.28237205655055453	-2.6070797109409134	
11.466699579415517	-5.601425334346548	1.4113720501525093	0.06534213449942	-0.2451631665246732	-2.5006168780703137	
11.592428474644096	-5.587655712892682	1.534492197916719	0.13902507843150871	-0.2072934320837455	-2.380637302576508	
11.74726165045263	-5.55301076975935	1.6509083846461001	0.18604163451531736	-0.16954535710285706	-2.2461399112949025	
11.92648119886336	-5.504232145255907	1.7575065853091472	0.2066338841977034	-0.13269204732458847	-2.0962630748464854	
12.124384525291578	-5.4473331033993215	1.8513110274389917	0.20245262715311346	-0.09748945100243646	-1.9303056196961115	
12.334485576664713	-5.387108080268661	1.9295868324640248	0.17637515376443308	-0.06466878993065855	-1.7477486165961955	
12.549778150675998	-5.3267461116400625	1.9899389299172834	0.13225658043492053	-0.034928776934123246	-1.5482786641386064	
12.763056185519458	-5.267614134248332	2.0303992338267234	0.07463111355734071	-0.008927915234949466	-1.3318119413063905	
12.96728105480105	-5.20922526019068	2.049500077263955	0.008394899306870042	0.012723407150156041	-1.0985200416391636	
13.155991220801678	-5.149396201535475	2.046331021833938	-0.061510434260577326	0.029471666654508386	-0.8488558949423637	
13.323738611130628	-5.084579304384743	2.020576524349297	-0.13039237114532853	0.04083085586680812	-0.5835772181648274	
13.466525273921954	-5.010336714791256	1.9725322261811014	-0.19406109017087186	0.04639619681265417	-0.3037643094890272	
13.582206667013162	-4.921911027838224	1.9030984109128724	-0.24902791687035275	0.04586205501506792	-0.010829131878615277	
13.670813134868594	-4.814838445194342	1.81374774984886	-0.2926372063207358	0.03904476052793795	0.2934882637713706	
13.734714675929315	-4.68552585190533	1.706464619979226	-0.3231204219287182	0.025909203030573345	0.607140555273432	
13.778591876713513	-4.531728352284375	1.5836642265758911	-0.33958348851746917	0.006598350200141267	0.9278092297167198	
13.809174338447363	-4.3528846567923285	1.4480957744465932	-0.34193713455392366	-0.01853766135579238	1.2529549092363577	
13.834734850690188	-4.150279460368982	1.3027357212386552	-0.3307834490638118	-0.04891809196340393	1.579878241864447	
13.8643649548443	-3.927019123438216	1.1506772430555001	-0.3072744435513143	-0.08372026387330847	1.905785777632535	
13.907094183007896	-3.687824971458427	0.9950207569858752	-0.2729591128354975	-0.12188666027869184	2.2278546504687347	
13.9709450159906	-3.438657987368153	0.8387685814119008	-0.2296336660290498	-0.1621562665883147	2.5432907494623715	
14.062064540327865	-3.186208803198407	0.6847292729716501	-0.17920985691344116	-0.20312286091041304	2.8493758589418	
14.184039164754918	-2.9373212552154775	0.5354355955744241	-0.12361422867495107	-0.24331483280529584	3.143503727713248	
14.337457923975375	-2.698404894802121	0.39308017411782475	-0.06472211166062766	-0.28129053842640167	3.423208055419629	
14.51976209256605	-2.4748981644433243	0.25947285953998295	-0.0043271494687482075	-0.3157407206689039	3.686186222284958	
14.725384770904121	-2.2708415466698533	0.13602114549396405	0.055857550193915154	-0.34558806046137897	3.9303227695413474	
14.946153795831538	-2.0886072299159126	0.023730641810813025	0.11417571201471666	-0.3700740870702353	4.153716562348976	
15.171915401999273	-1.9288166017798505	-0.07678053794253763	0.16899524633562213	-0.3888240195249061	4.3547146149254505	
15.39130522605552	-1.7904607938983432	-0.16525774162963203	0.21868291630753361	-0.4018774584491028	4.5319492485425945	
15.592604441182164	-1.6711809601085126	-0.24178897137479896	0.26160677866824783	-0.40968592110347757	4.684386167762753	
15.764469284537872	-1.567643684572871	-0.3067728123841047	0.2961562464531597	-0.41306999573748926	4.811349592262757	
15.89690781560612	-1.4759996326777587	-0.3609187676723483	0.32083584215367567	-0.4131609223378464	4.9126070699271045	
15.981454371951124	-1.3922659006401612	-0.405171316394855	0.3343025635639533	-0.4112821608558178	4.988306801066642	
