14.05106929475754	-4.098136046924736	1.2544677142440697	-0.6080411235438546	0.2425698456416959	0.7424164259486481	
14.08265033157164	-3.9420407463420877	1.1815727373281115	-0.5931857410040009	0.23962650511703312	0.9616621257404584	
14.076351981774646	-3.7862697718667335	1.1119607784095598	-0.5829831838218996	0.23116498754851536	1.179891133677287	
14.04150126494602	-3.63393154746673	1.044120133497871	-0.5762457388807943	0.21700638916463252	1.3951231077609159	
13.988610419070637	-3.487607481162832	0.9762638207565086	-0.5714618870938208	0.19730979684509314	1.6054870381032227	
13.92898322995928	-3.3490737275327347	0.9063860002534361	-0.5667875966096798	0.1726983557098334	1.809302934142923	
13.873239631962415	-3.2192730936222804	0.8325549368708733	-0.5602756805585934	0.1441904778627238	2.0051229405665465	
13.83033190575313	-3.098257844457912	0.7531146063619851	-0.5500253276742398	0.11315464384525903	2.191767315647482	
13.806576626226715	-2.9852283240435686	0.6669038552770848	-0.5343666612206666	0.08119634968394825	2.368336586214016	
13.805056052135516	-2.878641068486351	0.5734220431325779	-0.5120192757646513	0.05001543245663585	2.5342023379531518	
13.825361839651531	-2.77637079960615	0.4729411519993997	-0.4822222090119179	0.021250219905170384	2.688984644309606	
13.86368010237386	-2.67592043872251	0.3665562670776689	-0.4448283932933318	-0.0036791315486386774	2.8325194410881385	
13.913200324877456	-2.5746657366494063	0.256166805601021	-0.40035576812641177	-0.023713763788465264	2.9648197539188814	
13.96479964032353	-2.4701202812678473	0.14438684588715453	-0.34999262761107275	-0.038275686122704086	3.0860346989424565	
14.007964265767251	-2.3601949120704577	0.03437572281591916	-0.2955455322857131	-0.047345545356364094	3.1964085528002504	
14.03180633954224	-2.2434087142720576	-0.07039216182848734	-0.2393335415596101	-0.05148545003270347	3.2962445772839892	
14.026051565810688	-2.119033973578447	-0.16638830221972298	-0.18404597019324748	-0.05181325632540718	3.385875964752519	
13.981927003150133	-1.9871631114921107	-0.25030229151934036	-0.1325705508499803	-0.04992918072595875	3.465643246836526	
13.892877058285295	-1.8486936759293173	-0.31930070652224923	-0.08780335994958824	-0.04780038076926915	3.5358776140891717	
13.755063622903819	-1.705237490240894	-0.37125248068749533	-0.05244972617295448	-0.04761082343131044	3.5968887526056563	
13.567562905831721	-1.5589597035720426	-0.40488304693950344	-0.02883441681393813	-0.05158675415994752	3.648955969952614	
13.332278201041483	-1.4123858278428296	-0.4198427206536872	-0.018739619252069423	-0.06182217808156593	3.692321046967026	
13.053634541122728	-1.2682029628212823	-0.4166971271059899	-0.02327410793325009	-0.08011659831244519	3.72718127622691	
12.73809512990914	-1.1290696275372845	-0.39684295709961054	-0.042779682351828774	-0.10783445093584516	3.7536820197856295	
12.393557923219916	-0.9974474960408831	-0.3623599930706763	-0.07677856377393173	-0.14579427012812463	3.771908348079866	
12.028689718927563	-0.875463053903201	-0.3158126071961736	-0.12396390067966602	-0.19419226678029153	3.7818755008302625	
11.652273675448225	-0.7648147504858173	-0.2600196874393977	-0.182248888001581	-0.2525760553417233	3.7835203738050476	
11.272658467232846	-0.6667235419535623	-0.19783213278991998	-0.24885746898932798	-0.3198581694666501	3.7766951051485993	
10.897327356206262	-0.5819203850651893	-0.13193400382744197	-0.32045015228542634	-0.3943630564739049	3.7611644119709164	
10.532599101932314	-0.5106656725942533	-0.06468103250913708	-0.3932802223420072	-0.4739039113394541	3.736608415581243	
10.183460245402907	-0.4527917836744402	0.0020132884998072826	-0.4633730786871718	-0.5558833939909145	3.702632110046344	
9.853526211865077	-0.40775907306906906	0.06673488821974903	-0.5267239140354609	-0.637415285217387	3.6587829231573417	
9.545132231154918	-0.374712895276538	0.12855985027851088	-0.5794977560547536	-0.7154599769661725	3.604576591790522	
9.259500030204537	-0.35252169800204763	0.18699716850976994	-0.6182188406662235	-0.7869597135156206	3.5395286057910855	
8.996957395049394	-0.3397918865298881	0.24189558110893908	-0.6399461442820392	-0.8489708628623519	3.463190008075779	
8.75718714604349	-0.3348596841598187	0.29332775030580566	-0.6424298545240796	-0.8987886091740602	3.375185640042498	
8.539482380181456	-0.3357649509117714	0.34146579287201406	-0.6242481566293058	-0.9340618774298037	3.2752532597321187	
8.342990477799669	-0.34022387816864363	0.386462102941598	-0.5849133835145363	-0.9528924684071699	3.163280137526502	
8.16692124823338	-0.3456255351059569	0.4283548320370459	-0.5249320906927784	-0.9539088918636532	3.039331706937459	
8.010712601843633	-0.3490656832828673	0.4670062394371257	-0.4458270342610511	-0.9363195729419936	2.9036720790542625	
7.8741565118060635	-0.3474290810220772	0.5020758671235284	-0.3501137706460038	-0.8999430933226961	2.756774956984104	
7.757484378758483	-0.33752408167279585	0.5330277079883191	-0.2412286788814074	-0.8452139116921081	2.5993243489729747	
7.661411804172916	-0.31627031344958295	0.5591663282533617	-0.12340856296778469	-0.7731643475168078	2.4322056785932187	
7.587131105995166	-0.2809282153193735	0.5796944584847022	-0.0015123525396941676	-0.6853740808714209	2.2564848189860953	
7.536252893468533	-0.2293392494415466	0.5937762297260386	0.11919644824270165	-0.5838938782511977	2.07337752007713	
7.510706169375897	-0.16015429348987759	0.6005961784966888	0.2332899329363368	-0.4711526220574986	1.8842118616925485	
7.512600254490875	-0.07302540469112112	0.5994102916456219	0.33543031140415497	-0.3498493270665912	1.6903838804060576	
7.544053998823568	0.03126116725569099	0.5895873378905998	0.4206255821836879	-0.22283490216133492	1.4933076310084683	
7.606993847189787	0.15072601780526795	0.5706415635618151	0.4844763810385203	-0.09298722433698356	1.2943602855170597	
7.702934103261265	0.2822416456710851	0.5422551100228036	0.523383006553103	0.03691199579825288	1.0948259232259494	
7.832757977403235	0.42165471225682666	0.5042929582448087	0.534699870826725	0.16428653500119159	0.8958425415266205	
7.99651026790641	0.5639607418148859	0.4568135981786046	0.5168386592171265	0.286857444102574	0.698354354695919	
8.1932163351624	0.7035132619428642	0.40007749227771555	0.4693187789782461	0.40271292178608115	0.5030726723092248	
8.420738665538707	0.834246116001561	0.3345561562951153	0.39277074235536985	0.5103535938764644	0.3104482056238941	
8.67568332132418	0.9498930994876887	0.26094408954443005	0.28889881164362646	0.6087107632975723	0.12065831899804466	
8.953389724341925	1.0441877980411596	0.1801700126710073	0.16039926015320435	0.6971303504588536	-0.06638352340457933	
9.247990710751887	1.111034429777822	0.0934076475305391	0.010865289671820882	0.7753333142148291	-0.2510009694981436	
9.552549784228416	1.1446601140982495	0.002080850080532703	-0.1553160060327975	0.8433564314062626	-0.43371215501741	
9.859282619205583	1.1397583055438905	-0.0921434915258532	-0.3330707085537836	0.9014779198515266	-0.6151735302423379	
10.159866905442076	1.091637848170747	-0.1873818716503589	-0.5167447716550762	0.9501338433800047	-0.7961132377064525	
10.445849228624601	0.9963897810005479	-0.28159115166481996	-0.7002141251860285	0.9898307602501519	-0.9772565519692364	
10.709118312960902	0.8510681771730699	-0.3726615414460543	-0.877001017415968	1.0210657499066573	-1.159250582843505	
10.942401808076477	0.6538947796089681	-0.45853905991886834	-1.040393829049027	1.0442620482694662	-1.3425927190604718	
11.139752611517428	0.40448046403183374	-0.537370163279999	-1.1835795069384873	1.0597228953488027	-1.527564773739104	
11.296981677648125	0.10405202596081262	-0.6076555495980446	-1.2997943465053576	1.0676060203040922	-1.7141755907446654	
11.412002723733872	-0.24432261890075113	-0.668399626730991	-1.3825017434983988	1.0679191973076545	-1.9021130266168293	
11.485013374647126	-0.6355566375576736	-0.7192283215545415	-1.42560106155141	1.060538206657084	-2.0907117386175678	
11.51846848721424	-1.062453874473414	-0.7604494848705124	-1.4236584635912488	1.0452424833281062	-2.2789402246718087	
11.516868680340066	-1.515708801958469	-0.793051748676859	-1.3721580184009847	1.021760956624278	-2.4654039042250777	
11.48637091659253	-1.984023260502892	-0.818633302131448	-1.2677639406769885	0.9898233548328441	-2.6483664481769593	
11.434255418960712	-2.454353341136091	-0.8392577342509966	-1.1085827191089808	0.949211725598692	-2.825790022442357	
11.368295759866754	-2.912297816558353	-0.8572356227519315	-0.8944203550000239	0.8998081774755676	-2.9953949428382862	
11.296107656779705	-3.3426508723722277	-0.8748401475625152	-0.6269865596852708	0.8416326853769832	-3.1547412713013605	
11.224581545499344	-3.7300698817910027	-0.8939979149620655	-0.31003097405025015	0.7748690094384247	-3.301323258860866	
11.159434886537147	-4.0598260252428515	-0.915987317819014	0.05059491924030695	0.6998805668200867	-3.432671431823661	
11.104903535947013	-4.318600178219894	-0.9411771947394901	0.4469719675001518	0.6172166363356585	-3.546458290896427	
11.06357751039784	-4.495272715886875	-0.968836336738108	0.8692545475664597	0.5276095254833224	-3.640603013887783	
11.036375322790363	-4.58165315966297	-0.9970407256620352	1.3059306834886513	0.4319625170060401	-3.7133721490012794	
11.022669812492278	-4.5730072167585885	-1.0227193693585852	1.7442188501217575	0.331325494766195	-3.7634632912994994	
11.020512425937255	-4.468365449667752	-1.0418163442935753	2.170540559884635	0.2268619338014381	-3.7900711715649225	
11.026935830635125	-4.270621066132882	-1.0495559036677355	2.571044194663261	0.1198087550878503	-3.7929358073409403	
11.038317802021	-3.9864303290472987	-1.0407970424373811	2.9321551168441133	0.011431729782289242	-3.7723705240853573	
11.050783109056095	-3.6259574364512384	-1.0104590628725885	3.2411309515619653	-0.09701961681942531	-3.729270017141338	
11.060616133538236	-3.2024891086398	-0.9539972810649333	3.4866050820321104	-0.20435249763667113	-3.665094767106856	
11.064622546103736	-2.731932684513836	-0.8678661758169551	3.6590651058784895	-0.30945887506364744	-3.581825171105393	
11.060399222803937	-2.232267673660056	-0.7499285125102485	3.7512668654674646	-0.411328817627219	-3.4818969075441277	
11.04649567797235	-1.722923812160099	-0.5997778388758099	3.758573336259949	-0.5090497678824164	-3.368117527662242	
11.02245752707139	-1.2240686616590442	-0.4189393934432061	3.6792024964406074	-0.6017937923953776	-3.2435667519366866	
10.98875749460151	-0.7557855955313322	-0.21092605554135027	3.5143813869422447	-0.6887966555055086	-3.1114837357270977	
10.946620350408853	-0.3371417831008474	0.01889611934144718	3.2683617402937357	-0.769333468164087	-2.9751438787243014	
10.897780468647255	0.01475873222753062	0.26363115526705644	2.9482752588116896	-0.8426979052719141	-2.837736972253377	
10.8442204219635	0.2856651947564894	0.5153047961736816	2.563871433361319	-0.9081896663807058	-2.702253916541808	
10.787914390934114	0.4649385495202882	0.765413340366038	2.1271303558142356	-0.9651120045759627	-2.571385841948013	
10.730600964631225	0.5461046098244529	1.005522410191636	1.6517616460202578	-1.0127804567003225	-2.44744016237411	
10.673603573983646	0.5271584424519086	1.2278716144855928	1.1526039697009496	-1.050543509382222	-2.332274819244875	
10.617725453418432	0.41050934929542154	1.4259105479339778	0.644941863383729	-1.0778140631222497	-2.227260296477509	
10.563229510283293	0.202606498047623	1.5946971149496656	0.14382085365247702	-1.094107700954593	-2.133268402402332	
10.509893980930435	-0.08666231789475812	1.7311490349532763	-0.33659547242947013	-1.0990843824226004	-2.050681297043382	
10.457137770969618	-0.4447518345484825	1.834139019901643	-0.7835948764099933	-1.092589563423315	-1.9794199350777797	
10.404204285886923	-0.8573467712007764	1.904438593975208	-1.186382329934058	-1.074690923740946	-1.9189887135839263	
10.35039287183267	-1.309286568118608	1.94452613752576	-1.5364272470502185	-1.045707575661805	-1.8685329078089445	
10.295312970729803	-1.7854377997667765	1.9582639785251623	-1.827634027389047	-1.00622290935598	-1.8269093368388463	
10.239130442679812	-2.2714148363305964	1.950518247342176	-2.0563691105239634	-0.9570813124055864	-1.7927583936672675	
10.182790205327375	-2.754137888092793	1.926754108884072	-2.221373033818729	-0.899368569556628	-1.7645735691527311	
10.128195664414894	-3.222221270583301	1.8926289981277578	-2.3235721171465458	-0.8343751844219295	-1.7407653847639177	
10.078326502989368	-3.6661962104020684	1.8536068268081347	-2.365814651597128	-0.7635436434503949	-1.7197159917226714	
10.037268602515084	-4.078572425367905	1.8146125312112384	-2.352548092058248	-0.6884004614869025	-1.699821383780801	
10.010115832046235	-4.453726566013288	1.7797679041545318	-2.2894526496691854	-0.6104787385680331	-1.6795175850920663	
10.00275778202477	-4.7876871454823435	1.7522154835138686	-2.1830902579651816	-0.5312411557129837	-1.6572919571234326	
10.02155685225509	-5.077847485620741	1.7340282007493555	-2.040578183478225	-0.4520085650507669	-1.6316830973295118	
10.07292846516223	-5.322640862047531	1.7262022566881454	-1.8692998175445066	-0.3739000517937344	-1.6012728340492604	
10.16284334001357	-5.52121643415509	1.728722652958003	-1.6766618795998054	-0.29778889039663387	-1.5646745204838068	
10.296284821612877	-5.673150406936925	1.7406973997674844	-1.4699032913003383	-0.22428110960962974	-1.5205223039195503	
10.476740466848549	-5.778237313233533	1.760541865195195	-1.2559625857718273	-0.15372185660108734	-1.4674665649383114	
10.705764964452282	-5.836385931980373	1.786177596470145	-1.0413906522507064	-0.08622342164197033	-1.4041787162232617	
10.982647282505221	-5.84762056460796	1.8152337684830109	-0.8322951890647472	-0.02171224130702448	-1.329366429900782	
11.3042091284364	-5.812184147282073	1.8452358300000988	-0.6343042871174275	0.04000973887960363	-1.2417995460600597	
11.664743610086177	-5.730733182344942	1.8737687733426145	-0.45253283569476666	0.09919445621024199	-1.1403469884682158	
12.056138676090892	-5.604588970262117	1.8986012124906835	-0.2915430200995569	0.15607391409723284	-1.0240222499515037	
12.468169727555475	-5.435982558379607	1.9177610771755462	-0.15528982451478132	0.21079314067778307	-0.8920327997884039	
12.888918193505377	-5.228250887176677	1.9295708227904766	-0.04704583905582768	0.2633539251545699	-0.7438315455818417	
13.305316333029486	-4.985947200856036	1.93264957396332	0.030689038025719043	0.31357210491786247	-0.5791675990777401	
13.703796485819707	-4.71484359082961	1.9258905018329289	0.07628392922693297	0.3610509560992139	-0.39813302689648844	
14.071037809321686	-4.421816157294306	1.9084234398032633	0.08907293994017401	0.4051725229577942	-0.20120420903941966	
14.394819237960437	-4.114595830147876	1.8795728336141773	0.06943430829890909	0.4451137923142267	0.010727621835894851	
14.664634007027074	-3.801472891385917	1.8388151937297823	0.018776699234289717	0.4798826446824949	0.23636385581941474	
14.872910748566728	-3.4908668012918187	1.7857767593750782	-0.060332461380121924	0.5083806173574595	0.4739559797365078	
15.01460754674084	-3.191090655384387	1.7201899963003908	-0.1644829557316532	0.5294686137584812	0.7214321050690374	
