14.176769737013036	-3.14135779441088	-0.2458697978631734	0.5637422456103114	0.2382266600104986	0.7848607717366649	
14.167141613401217	-3.009667517044947	-0.31806763033187135	0.6456759171307925	0.26322793994049676	0.8935619303848034	
14.12438696214209	-2.862570150048256	-0.3836656090313459	0.7251319663430078	0.28746446977371237	1.005041791379666	
14.052171330760364	-2.7022324994550826	-0.4411378880288028	0.8004968016261049	0.31010494178980913	1.1187994977135716	
13.954486173622088	-2.531086857784221	-0.489023878057412	0.8701817052856861	0.33035753082397906	1.234288671310509	
13.83568430565559	-2.351892404431388	-0.5260152731779045	0.9326486749664624	0.3475109292190842	1.3508963759589518	
13.699929392683373	-2.167370162470055	-0.5510462420053935	0.9864241219005255	0.36095886548661876	1.4679797168486337	
13.550883676146276	-1.9800166379390824	-0.5633652200598622	1.0300990506070216	0.37021804774036554	1.5848826845909596	
13.3914508814041	-1.7919670849958282	-0.5625735035618448	1.0623239006335536	0.3749327753646198	1.700954044074118	
13.223598199077161	-1.6049255085696843	-0.5486419778359289	1.0818069172146618	0.3748727614463043	1.8155615811071517	
13.04826435511778	-1.4201660265380123	-0.5219076896745957	1.087320551146971	0.3699250592308194	1.928101911713404	
12.865385992419405	-1.2386171620236688	-0.48304311134938865	1.0777245836019524	0.3600782347548382	2.0380049672316547	
12.67407887947618	-1.0610170362561044	-0.4330004289573135	1.0520079173472296	0.3454013387045406	2.144730798917769	
12.472882096009181	-0.8880790651860043	-0.3729592656337779	1.0093484016345053	0.3260268641369804	2.2477627877057027	
12.260058277979041	-0.7206581613445945	-0.3042765627774196	0.9491893189376106	0.30213745429228045	2.3465983826560897	
12.033954566331241	-0.5599049538919352	-0.2284413315833328	0.8713398223963538	0.27395880026014663	2.4407379123521444	
11.79335858479197	-0.40734776794964267	-0.14703525127752473	0.7760689028294424	0.24176014129049475	2.529674232433127	
11.537775842903184	-0.2648941045388714	-0.061705689126354275	0.6641828387749861	0.20586249591105948	2.6128859863195917	
11.267638151922272	-0.13476962390044261	0.025854945069233012	0.5370861862050215	0.16665202223477477	2.689834087463303	
10.984446861170392	-0.01938996009292191	0.11392770459368413	0.39682611805393014	0.12459857713728976	2.7599616499863284	
10.690787168891832	0.07884344657149811	0.20078948987009976	0.2460852196136634	0.08027442883211713	2.8226989935208193	
10.390214479753627	0.15776921667436594	0.28474127391343196	0.08811765016694147	0.0343659938960684	2.8774726018476278	
10.08708522149543	0.21568677306665124	0.3641426484476835	-0.07334084465789933	-0.012319915581525311	2.9237162421219147	
9.786332075409401	0.2515738859944496	0.4374550327809806	-0.23419475899820927	-0.05885648733820708	2.9608845470764895	
9.493177175301312	0.2652891106928054	0.5032970222152217	-0.39015389533700806	-0.10420786095116723	2.9884697723230498	
9.212827087564756	0.25768059715317565	0.5604978903156362	-0.5369261414452577	-0.14725556437604587	3.006018047823999	
8.950206429040703	0.2306339121719164	0.6081484371981087	-0.6704033735167076	-0.18683131917635656	3.013144920733808	
8.709718946141729	0.18706572749897785	0.6456485689259472	-0.7868462644115244	-0.22175640091857393	3.0095504083389883	
8.49502795835524	0.13086169060966818	0.6727536980457355	-0.8830788449069202	-0.25089038458373447	2.9950347267519595	
8.308915524127503	0.06670841169678245	0.6895944729429381	-0.9566504480003845	-0.2731845460313985	2.9695083976667753	
8.153220779531328	-0.00012442826353623423	0.6966699185957539	-1.005951379912109	-0.28773066773540484	2.9329970208774214	
8.028826701399986	-0.06402823397726819	0.6948208227118411	-1.030299828662265	-0.29380631583802097	2.885642968546423	
7.9356919538821336	-0.11933939415702513	0.6851794970290893	-1.0300046240763876	-0.29091883559212933	2.8277040475116912	
7.872955780055097	-0.16066566158367032	0.6690820378007976	-1.0063718970751159	-0.2788407530091203	2.759545789427533	
7.83910690330552	-0.1831851021174895	0.6479566429560603	-0.961633475262848	-0.2576243615700594	2.6816271396554607	
7.832158494204027	-0.18290520546581984	0.6232122504184618	-0.8988502054377653	-0.22760698807465357	2.594485902923593	
7.849835779739709	-0.1568901177200278	0.5961263590238944	-0.821782745146445	-0.1894061100051869	2.4987229567826024	
7.889776912891857	-0.10345316910866229	0.5677344003187184	-0.734720995239525	-0.143902422964634	2.3949850080913	
7.949715559502891	-0.02222145849749695	0.5387552671104664	-0.6422668976333655	-0.09219944238580358	2.2839461109115957	
8.02761372087509	0.08587368320962906	0.5095540302863042	-0.5491259341060357	-0.035577934314373526	2.166291903007549	
8.121755045690172	0.21866194595361338	0.4801345339276671	-0.45990269059188227	0.02455428835207651	2.0427052688568064	
8.230799949742849	0.3728508234597189	0.4501620791547481	-0.3788902892683174	0.08671917691996002	1.9138522920583798	
8.353775904959818	0.5442290268296711	0.419031165339416	-0.3098799118301967	0.14943182851784725	1.7803691464340339	
8.490016370773231	0.7278890543638203	0.3859529773899405	-0.256022007668542	0.21125754679737252	1.6428510082206658	
8.639076684025868	0.91842754675173	0.3500431820702793	-0.2197189189283484	0.2708620487274837	1.5018414890138858	
8.800628446192494	1.1101322404408118	0.3104113780755022	-0.20254076047821137	0.32705773145377015	1.3578216981515976	
8.974334672951297	1.2971518821420092	0.26624833400530723	-0.20517502998337442	0.37884331988363157	1.2111991484208389	
9.159735040502722	1.4736321591845842	0.21689373318685848	-0.22744031254626226	0.42542447673315914	1.0623008305110657	
9.356152337200863	1.6338234460021908	0.1618894790120161	-0.2683132709681578	0.46622476767945087	0.9113684641570354	
9.562612793501069	1.772182258201013	0.10102602668791323	-0.3259720614497514	0.5008882072351661	0.7585568879643496	
9.777774322357066	1.8834866897490197	0.03438904897943855	-0.397854683484771	0.5292741232418819	0.6039368462352863	
9.999881477391758	1.9629590913650072	-0.03760765816201464	-0.48076520294864566	0.5514341871704714	0.4475087573852201	
10.226734890852374	2.0063954578747083	-0.11419874112379616	-0.5709891291019042	0.5675834417561433	0.2892233512874959	
10.455669909323001	2.0103063859045185	-0.19425230056630202	-0.6644148348355541	0.5780677371529211	0.1290077290182054	
10.68354590361156	1.972083056543999	-0.2762650444629513	-0.7566689986254788	0.583325862328212	-0.033201353547731495	
10.906777231840199	1.890163839154347	-0.358387772749788	-0.8432753029847384	0.5838434519574403	-0.19741724601910662	
11.121425673849306	1.7641655706590775	-0.43848316215866323	-0.9198108645353822	0.5801071823802443	-0.36356542137402387	
11.323340746893852	1.5950104917869967	-0.5141973237928038	-0.982054009410055	0.5725636848102384	-0.5314487014370283	
11.50835906348013	1.3850461754918237	-0.5830488853749003	-1.0261344936198171	0.5615818234751143	-0.7007145828006706	
11.672585410671342	1.1381503634624934	-0.6425411346474557	-1.0486943720503163	0.5474208168918666	-0.8708251094641761	
11.812693548971785	0.8597241638146829	-0.6902808866400524	-1.0470224680230265	0.5302175910054615	-1.0410414615818	
11.926186628503809	0.5566297420451598	-0.7240861036417464	-1.0191751504131568	0.5099894022515629	-1.2104158143716308	
12.011605837331443	0.23706138771158322	-0.742084984013459	-0.9640876344575513	0.48664925502537076	-1.377790613935327	
12.068675119508937	-0.0896697685743163	-0.7428108156364712	-0.8816871278996152	0.4600353205412961	-1.5418061992007264	
12.098282122755515	-0.4135020438413415	-0.7252640637123473	-0.7729524465715866	0.4299554755848557	-1.7009302153783108	
12.102335469860346	-0.724052493200452	-0.688942050327616	-0.639926772146033	0.3962336733044154	-1.8535018553100668	
12.083561430323407	-1.0110770040223176	-0.6338528426928657	-0.4857055121748776	0.3587547419127754	-1.9977857548783238	
12.045243372284045	-1.264986830339508	-0.5605165540712408	-0.3143951986274345	0.3175090718709662	-2.132039279461487	
11.990908324611087	-1.477413185782063	-0.46994427769722047	-0.1310108007380393	0.2726329606459793	-2.2545961475112724	
11.924037395027051	-1.6416923758221993	-0.36359004509500936	0.058698606124211475	0.22443300319650758	-2.3639498638785352	
11.84784088798663	-1.753290885256673	-0.2433026363397073	0.24844381084701547	0.17340027796521948	-2.4588327375548955	
11.765086697253999	-1.8101798814837462	-0.11127224711045856	0.43162421086032765	0.12021482312003033	-2.5382924835645224	
11.677992313588026	-1.8131638224817057	0.030029255014400916	0.601611593024684	0.06573891494929093	-2.601768762114655	
11.588227281997144	-1.7659635163067426	0.17792121132935676	0.752068826467523	0.010990047231840199	-2.6491392872006774	
11.496976409150426	-1.6751503302357742	0.3295799894546901	0.8772577023353235	-0.042892841096837435	-2.6807442437695217	
11.405032722649322	-1.5499516182315245	0.4821016395519824	0.9723424640378007	-0.09468791893355671	-2.697392924370747	
11.312906776305674	-1.4019086566024914	0.6325661861782534	1.0337090449274235	-0.14313523824608368	-2.7003528372002688	
11.220928800543836	-1.2442721725351022	0.7781056545059438	1.0592328939243911	-0.18698759586636168	-2.6912992544275367	
11.129303090124537	-1.091266955127333	0.9159687514478535	1.0484421710448932	-0.22505869131742015	-2.67223817095249	
11.038119786368142	-0.9573282887599994	1.0435851206757498	1.002620146186477	-0.2562693805302967	-2.6454218165819743	
10.947335040821686	-0.8562760084577755	1.1586340537663466	0.9248442258742579	-0.27969546342638946	-2.6132523925718423	
10.856730161115467	-0.8004252099173405	1.2591195190554318	0.8199213200082268	-0.2946176920337765	-2.5781705745990706	
10.765887451435841	-0.7998410173419815	1.34343237675528	0.6941572505027117	-0.3005593658281552	-2.5425457126501505	
10.674191668226703	-0.8617335031805535	1.410411645988772	0.5550735293167853	-0.2973168667904562	-2.508579042496397	
10.580859458177365	-0.9899660462765544	1.4594058286602265	0.4110592905719251	-0.2849827808773047	-2.47821408636013	
10.485005684243148	-1.1846570435496224	1.4903415629357524	0.27093471017241505	-0.2639621196577536	-2.4530487282073516	
10.385749861225989	-1.442123974543089	1.5037639666021967	0.14343240048125014	-0.23496187224730844	-2.434273441232245	
10.282333141700418	-1.7550659119459056	1.5008531512759147	0.036699828766753546	-0.19896466414366565	-2.42263305679378	
10.174236994164087	-2.1129109772146206	1.4834208685222903	-0.042176139470534425	-0.1571919427629633	-2.4184031784468374	
10.061304896096319	-2.5023542431318213	1.4538821859073996	-0.08764478842009106	-0.11105443706813548	-2.421379120789294	
9.943841949267513	-2.9081994648331024	1.4151702239205302	-0.09609188569956252	-0.062082923995530566	-2.4308946283085744	
9.822656087440794	-3.3143548433990806	1.3705957781698572	-0.06604836044772777	-0.011852007267618462	-2.445872255291646	
9.699059776041622	-3.7048073461455924	1.3236860396862127	0.0017187904360557622	0.038091753482251495	-2.464881867037545	
9.574834139943096	-4.064601533927999	1.277998149032498	0.10423506731107184	0.08629988838757564	-2.486211359195456	
9.45215027255593	-4.380802359922024	1.236905277781651	0.236499659407074	0.13148903926308905	-2.5079532970157437	
9.333452209162049	-4.643159899501134	1.2034066545457955	0.39188561252166343	0.1725856721846327	-2.528103156896443	
9.221350148422951	-4.844503958931148	1.1799817593334057	0.5625786671089673	0.20875313579397442	-2.544647061739564	
9.11852499503345	-4.9809361679756625	1.1684771042969582	0.7400459299109771	0.23940588199454926	-2.5556431833844124	
9.02764606330485	-5.051846853948008	1.1700166519612036	0.915541276195312	0.2642133074483341	-2.5593004968719124	
8.951312576282072	-5.0596227276832995	1.1849702848886243	1.080607276637688	0.28308250742803964	-2.554041966015971	
8.892020793540471	-5.009209731401854	1.2129644679449807	1.2274783443833561	0.2961303826570207	-2.538545412221536	
8.852142887472539	-4.907647042028154	1.2529108749955309	1.3494086979441753	0.3036532584489477	-2.5117713583814334	
8.83391047515293	-4.763556953790349	1.3030549912436644	1.4409496422650445	0.3060927824215247	-2.4729806860149877	
8.839398107182856	-4.586572092636385	1.3610621327115988	1.4981471522987586	0.30399580136575666	-2.4217362728730025	
8.870506241659255	-4.3867791399514475	1.4241434475254577	1.5185970533934312	0.29797297019214064	-2.357882779937503	
8.928935575453108	-4.174252065097891	1.4891843892543857	1.5014443193516922	0.28866352241043475	-2.2815228927359765	
9.016151808363105	-3.9586337918633507	1.5528839325915746	1.4473297551379443	0.27670344087729176	-2.1929883944926165	
9.133332596184346	-3.748750824883313	1.6119109522004247	1.358286341449395	0.26269666213437276	-2.092806087913773	
9.281308390192127	-3.552336604093765	1.6630623264155167	1.2375331009581978	0.2471947631916441	-1.9816535382285854	
9.4604927682956	-3.375844584052444	1.7033998794139156	1.089259026157504	0.23068517721489673	-1.8603186869206327	
9.670802074799074	-3.224313375730248	1.7303738358534024	0.9184018664457372	0.2135848537107012	-1.7296623446897996	
9.911556709121966	-3.1012618884178123	1.7419418838829444	0.7304138259448264	0.19623810082243948	-1.59058193003904	
10.181389324980238	-3.008665771874462	1.7366603571475465	0.531004609809789	0.1789206025144798	-1.44397692159482	
10.47818331403789	-2.947007302177156	1.7137317850749874	0.3259078132002401	0.16184713876232237	-1.2907214992940048	
10.799024180094335	-2.9153398899043474	1.6730308627554702	0.12067679452496717	0.1451794166333463	-1.1316427676870167	
11.140165576046074	-2.911376570209944	1.6151080205155908	-0.07950626791639492	0.12903423617008183	-0.9675023190476051	
11.497020379223732	-2.931619989309337	1.5411588866242278	-0.27000916634295113	0.11349178083181538	-0.7989811778227269	
11.864212685911728	-2.9715644097959553	1.4529364274278689	-0.446872323294262	0.09860295169045734	-0.6266730235604944	
12.23564881943229	-3.0258950481899216	1.3526485929602294	-0.6068980126347354	0.08439262964202657	-0.451081946305647	
12.604618291471638	-3.088700607451974	1.2428383227930038	-0.7477137933057385	0.07085920536354796	-0.27262468903335935	
12.963941422785139	-3.1537107383129084	1.1262413749296678	-0.8678178472432975	0.05796881154637895	-0.09163816361720263	
13.306204575357315	-3.214566465299524	1.0056268283882337	-0.9665616499985789	0.04564501917138581	0.0916026508114124	
13.624034517077382	-3.26507107450399	0.8836602865182579	-1.0441006120231768	0.033756965818274864	0.2768623266744494	
13.910428185865507	-3.2994524815729216	0.762783007015132	-1.101332207466467	0.022107618810645085	0.4639188735698573	
14.159130435666123	-3.3126377964722966	0.6451075698983625	-1.1398168454524633	0.010423872662971425	0.6525344193685777	
14.364944387618348	-3.3004557374545973	0.5323658705380419	-1.1616540837937241	-0.0016438124623874028	0.8424293000078856	
14.524424081780078	-3.2601685754737524	0.42579455349790074	-1.1693730665905628	-0.014516905239084405	1.03323483865405	
14.63525917029165	-3.189961628738802	0.3263278080890875	-1.1657198721745234	-0.0286558342569231	1.224522032481225	
