13.732388461902245	-2.576227243270352	0.8017913773151518	-0.0903630773157472	0.20350997393538	0.8576580831296219	
13.746759519721142	-2.4692091937548173	0.6945554149199263	-0.045095091947123696	0.21536399284211682	1.0138943513149365	
13.743909660052433	-2.362652673601365	0.5834213426263425	0.009646479565290703	0.22939389305243024	1.1690570629803627	
13.726960306382802	-2.2549099725248882	0.47161485683406806	0.07404206561401479	0.24580132132583965	1.3218368973004058	
13.699047128023821	-2.1442050453480097	0.3625393647033968	0.14770683481117425	0.26472654002513885	1.4709723034445834	
13.663174984230126	-2.0286240605641535	0.25976795955817444	0.22932559118990375	0.2862119349686243	1.6152945723521732	
13.621863092481291	-1.906307975398617	0.16672541119851442	0.3167606750127374	0.31021910273298536	1.7537507755653723	
13.57688791880546	-1.7755778172997951	0.08646553188606211	0.4070368982121335	0.33662173230919035	1.8854267230501955	
13.529105447177757	-1.6350961813230667	0.02146205321746476	0.4964267514898704	0.3652002820332694	2.0095560907342938	
13.478357108796208	-1.4840592826042192	-0.026560243643397253	0.5805681007239716	0.39563187707484176	2.1255231664194536	
13.423466369077353	-1.3224236926452508	-0.056750130296704546	0.6546208310632288	0.42747616300032676	2.23285969747255	
13.362342270009357	-1.1511891012106321	-0.06921070813845748	0.7134900635106751	0.4601582000114779	2.3312360354154564	
13.292231463780846	-0.9726491789000881	-0.06498089103053993	0.7521181221931135	0.49295895955583646	2.4204433688906666	
13.210030468936813	-0.7905755350131594	-0.04596467390034611	0.7658020422258249	0.5250148145499719	2.5003764246912756	
13.11263147814674	-0.6103113367473965	-0.01482138410473462	0.7505329260037984	0.5553277746095099	2.571017818268717	
12.997296793973806	-0.4387462309051426	0.025181964522984136	0.7033678168390216	0.5827893766314962	2.6324250478412803	
12.8620203973773	-0.2840675026561668	0.07036859329414219	0.6227937882359251	0.6062257010625043	2.6847205073361224	
12.70578392908915	-0.15528513716542602	0.1168674505135257	0.5089879336525901	0.6244576627003238	2.7280857928371405	
12.52872039614605	-0.06163515399382782	0.1608175638313173	0.3639995423411176	0.6363675735617418	2.7627613911147257	
12.332188216206866	-0.011864733505630318	0.1985695671789257	0.19184323754517332	0.6409716449613798	2.7890503464399696	
12.118747508685303	-0.013377923134596436	0.2268920335876482	-0.0015094169340802606	0.637500207163356	2.8073267135234468	
11.891981249721512	-0.07140183385195559	0.24315055359923493	-0.20834602611131245	0.6254668754889302	2.8180447439981458	
11.656243400906023	-0.1882862022023152	0.2454540286456192	-0.41954153614630707	0.6047217258813428	2.821747765075381	
11.41636512554391	-0.36293444795255103	0.2327768515546555	-0.624971388366078	0.5754908727391964	2.8190752865051416	
11.177323293011248	-0.5903700905704374	0.2050609037349873	-0.8140221051066854	0.5384030107620686	2.8107669279973333	
10.943890087597033	-0.8615838677231615	0.16326939651179875	-0.9762160196273394	0.49449100268509	2.7976575651763667	
10.720346876723346	-1.1638001881013995	0.10935855110082267	-1.1018450819771481	0.4451595705937858	2.7806590623427474	
10.510275314597402	-1.4809681973984359	0.04621113252977612	-1.1825677980449323	0.39213909592585394	2.7607326561001444	
10.31641602915276	-1.794494905271145	-0.022474051429595736	-1.2119755056584698	0.33742325853478333	2.7388507473367056	
10.14059217592599	-2.084257904948604	-0.09234177549156405	-1.1861445903254408	0.2831885668405602	2.715944400134877	
9.983737328931202	-2.32989859755707	-0.15861517520995025	-1.104005417563459	0.231692994555789	2.692840263555558	
9.845976189412841	-2.5121278363310866	-0.21636457502747422	-0.9675262449375882	0.18517396966011665	2.670196754219344	
9.72673018707531	-2.6139976446115183	-0.26080913413107804	-0.7817497082133135	0.14574757069879976	2.648441290836035	
9.624844904147453	-2.62214708388666	-0.2876659459547063	-0.554669063078872	0.11530628327496076	2.627708825792244	
9.538743929031005	-2.5278982854839787	-0.2935454598130413	-0.2968536312407957	0.09542042325548111	2.607790850129145	
9.466592832047054	-2.3278451822251864	-0.2762891505467147	-0.020799966008857584	0.08726805503424119	2.5881175946628994	
9.406443711453223	-2.024084445169977	-0.2352284013989095	0.25980216648968185	0.09158431300122793	2.567762573982282	
9.356368324812097	-1.624096622439895	-0.17134947089806224	0.5308890327276045	0.10862894591698252	2.545470788153542	
9.314583049622591	-1.1402774754817375	-0.0873485451020208	0.778932671879474	0.13816868854442982	2.5197126387438558	
9.27955355833171	-0.5889519938248072	0.012527062591953804	0.991819869338376	0.1794950929029123	2.4887726650985456	
9.250075272417954	0.010789955789872243	0.12277651950804229	1.1595452859624145	0.2314616319829064	2.4508488647052764	
9.22534154311391	0.6382850923137608	0.23701702337161307	1.2747469497582165	0.2925292192143276	2.4041536040107694	
9.205004361311618	1.2725176316394724	0.3484257591653149	1.3330961745719787	0.360821738432837	2.3470168159957936	
9.189224121525	1.8933269263272392	0.4502444591891648	1.3334873109009195	0.4341962783903751	2.2779873765422707	
9.178682434003376	2.482368662005462	0.536247039195727	1.2779069823304383	0.5103275420062261	2.195908593109933	
9.174572436743079	3.023818197766062	0.6011252681682795	1.171167672876178	0.5867892381523864	2.0999719216612176	
9.17855916202989	3.504874740762114	0.6408080729463773	1.0205110670487008	0.6611365288508819	1.9897515892309896	
9.192700746455063	3.9161044804708887	0.6527281872437485	0.8350858114231332	0.7309924658900062	1.8652227033014912	
9.21930230941213	4.251482837492372	0.6359609647938557	0.6252585805679532	0.7941312926899894	1.7267456846980784	
9.260726328562132	4.508208237888134	0.5912413834886915	0.4019128335790028	0.8485468108695825	1.575028249671008	
9.319176018367266	4.6863978896791005	0.5209068822419861	0.17578572886747953	0.892509754083451	1.4110784570824335	
9.396449023588263	4.788657335164587	0.42876081125905147	-0.04316757388715402	0.9246157766757905	1.2361486615738373	
9.493662169777375	4.81949996464131	0.31983386033818145	-0.2463563239711514	0.9438215564181076	1.0516706350611646	
9.611020085584133	4.784652798515768	0.2000327454505954	-0.4269282041781908	0.9494515188539231	0.859187705786009	
9.747637837530178	4.690440507163733	0.07577899362894065	-0.5799651585246343	0.941191989483548	0.6602986939147498	
9.901425688164752	4.543251333639154	-0.04636303331609591	-0.7025278398737925	0.919073768268123	0.4566101850963304	
10.069045732847702	4.349111476400216	-0.16007216148274928	-0.7935595166570961	0.8834455460888492	0.24969629292981685	
10.24602223401744	4.113462697836823	-0.25963561860828155	-0.853592998723908	0.8349299998666951	0.04106924160486758	
10.426991266463814	3.841175126048384	-0.34023454445920465	-0.8843657652355792	0.7743748229121322	-0.1678370908502609	
10.606032279889362	3.5367120390765048	-0.39816958205696834	-0.8884361400938845	0.7028080752224591	-0.37567551980857766	
10.777081538197567	3.2044119434483145	-0.43103310001086775	-0.868805439947037	0.6213959827005984	-0.5811873627902262	
10.934429013215636	2.8488608730830185	-0.4378201316635729	-0.8285709024259598	0.5314042560883971	-0.7831980418044059	
11.07319136483729	2.475229113486153	-0.4189032578825098	-0.7706754118541626	0.4341647094478166	-0.980605460216989	
11.18968788562636	2.089491097643737	-0.3759361504420985	-0.6977739693426682	0.3310522163410464	-1.172368371356409	
11.281715542113554	1.6985224037255506	-0.3116912448875354	-0.6121881166736357	0.2234680830776286	-1.3574960363026372	
11.348715246848947	1.3100544074521396	-0.22982952016202507	-0.5159420845502343	0.11282831723164759	-1.5350410430984696	
11.391736514374303	0.9324250540777882	-0.13457843507264572	-0.41088401076789066	0.0005548862107804314	-1.7040975931503237	
11.413215071676541	0.5741829386142411	-0.03038492193492383	-0.2988447539193392	-0.11193190125850025	-1.8638076189421449	
11.416667575767788	0.2436249999166188	0.07841184797768042	-0.1817958628871573	-0.22322171909181118	-2.0133748401032077	
11.406316028294196	-0.051719692399542695	0.18788849751910866	-0.061996670754391026	-0.33192442352314916	-2.1520860995723576	
11.386657869352177	-0.30565316014157023	0.2948124588399437	0.057886117722641364	-0.43668363797034343	-2.2793414448360614	
11.362054659496003	-0.5137667090581705	0.39679915890432427	0.17473895366832679	-0.5361914861013618	-2.3946834170686055	
11.336412460683672	-0.6737677308023264	0.4923603198632874	0.2850341841236094	-0.6292038554921046	-2.4978225929586877	
11.312935908736238	-0.7856881116700344	0.5808667437505632	0.3849240765143681	-0.7145566636181855	-2.5886580954930185	
11.293946299208134	-0.8519796300784207	0.6624319238920789	0.4704000447968439	-0.7911848446604001	-2.667292989414256	
11.280795668732923	-0.8774091486372751	0.7377053820137551	0.5375231866923822	-0.8581430402876915	-2.734036783688421	
11.273886681402324	-0.8687631324138423	0.8076321957456402	0.5826764168124228	-0.9146251251751871	-2.789393075954999	
11.272743988729308	-0.8344827487891994	0.8732314387314403	0.6028134926200028	-0.9599853917285942	-2.8340416082190463	
11.276135071183147	-0.7842195516090911	0.9353965008848653	0.5957020357888584	-0.993760570736304	-2.868813863362054	
11.282241018703592	-0.7283041141369868	0.9947307724199083	0.5601606871224963	-1.015693975437319	-2.8946621120731684	
11.28888148136688	-0.6771563021877578	1.051464257245425	0.4962096352540317	-1.0257497020259176	-2.912620317188843	
11.293735999985362	-0.6407470340681897	1.105443419404451	0.4051460523454612	-1.0241204277764262	-2.923766660413202	
11.29455714495312	-0.6281057345669765	1.1561721202552093	0.28955724053434445	-1.0112292831585616	-2.9291873810171194	
11.289376946904204	-0.6468596203785769	1.202897507129749	0.1532717155270464	-0.9877255625804351	-2.9299406253507607	
11.276685432398924	-0.7028529778165231	1.2447399015835596	0.001209994779336007	-0.9544677053393145	-2.9270211538591306	
11.255536299371213	-0.7999301842405455	1.280834827376946	-0.1608572715184486	-0.9124931302784565	-2.921331663019217	
11.225597410170261	-0.9398067531945876	1.3104646230627297	-0.32657971891473114	-0.8629858504669572	-2.9136587334864545	
11.187152131363232	-1.1220251824661123	1.3331793881411615	-0.4893349640957061	-0.807240509759806	-2.9046525110496404	
11.141053931686507	-1.3439870571442911	1.3489054481201612	-0.6425835743655068	-0.7466229073762258	-2.8948086252955125	
11.088622114454635	-1.6011572318222194	1.3580074220722236	-0.7802370441400829	-0.6825276559557033	-2.8844600128388485	
11.031526071902903	-1.88735396177688	1.361302760679582	-0.8969828907149816	-0.6163398191371987	-2.873774631027579	
10.97166994999389	-2.1951069970970023	1.360035662394863	-0.988568108592506	-0.5493989018023676	-2.8627569931753225	
10.911077455658628	-2.516099032043364	1.355807095451542	-1.0520421009632182	-0.4829631764335921	-2.8512533996087006	
10.851777595097209	-2.8417113793860502	1.3504470653167622	-1.0859114654993824	-0.4181754301012955	-2.838963925881323	
10.795706096516174	-3.1635670343514977	1.3458550509512817	-1.090135834595179	-0.35603828945700294	-2.825462249255964	
10.74462608284938	-3.4739849318462204	1.3438514573757996	-1.0660393812476534	-0.2973962855176315	-2.810215684329201	
10.700065984823938	-3.7663451148891354	1.346046511930126	-1.016145633418257	-0.2429245021153344	-2.792606759907535	
10.663276873480804	-4.0353543790356605	1.3537342751075356	-0.943945531859985	-0.1931226976622295	-2.7719563570381442	
10.635231689508256	-4.27712817156282	1.3678388242532569	-0.8535965794949726	-0.14832172075464303	-2.7475493493987804	
10.616656671817859	-4.489150746086406	1.3888983551864813	-0.7496410513865642	-0.10869506737421605	-2.7186580043138364	
10.608080547484311	-4.670178255992758	1.4170658232619942	-0.6367544196726381	-0.0742720138158993	-2.684563328360369	
10.60989773447501	-4.820099370288041	1.452119375387091	-0.5195161321766053	-0.04495243734376951	-2.644575342843764	
10.622441030506948	-4.939752713618317	1.4934819026918622	-0.4022071108113937	-0.020524664498038497	-2.598052017103322	
10.646047169835233	-5.0307100844348405	1.5402562271004523	-0.288666408317059	-0.0006869296831738864	-2.544413246302563	
10.68110537066669	-5.095081707714486	1.5912618524936961	-0.18219247397886038	0.014933329257572136	-2.4831516889067595	
10.728090727275527	-5.1353320148909845	1.6450783500171053	-0.08547884142524187	0.02676082281752613	-2.4138411237568884	
10.787580298968845	-5.154107702204138	1.7000972893271409	-0.0005767372655120133	0.0352543749557588	-2.3361434282880107	
10.860241105121764	-5.154090691631326	1.7545888493652944	0.07109106132615842	0.040889562134019286	-2.2498108180899306	
10.946792610033652	-5.137901482187972	1.8067696492410004	0.1286874395308201	0.04414473854203615	-2.154685251391694	
11.047949617957409	-5.108042186450256	1.8548687302201943	0.17190971349554365	0.04548968945209727	-2.0506972122927296	
11.164344268108975	-5.066871508536256	1.8971938612368662	0.20093112540622454	0.04537594163855557	-1.9378639201018502	
11.296423634933026	-5.016609673868858	1.9321977537205401	0.21633609865633474	0.04422836901595841	-1.8162867795189477	
11.444344555504063	-4.959363403678916	1.9585302702066976	0.2190490012312927	0.04243926654953677	-1.6861460434880806	
11.607873699637095	-4.897146887842893	1.9750793307568846	0.2102781208668615	0.04036351076790653	-1.5476964920895389	
11.786295554346651	-4.8318921494288185	1.9810022955682536	0.1914678110612369	0.038314464526089206	-1.401263291964193	
11.978325992499805	-4.7654397920174585	1.9757504854469805	0.16425839161350486	0.036560054369457494	-1.2472384142767612	
12.18206217831358	-4.699503210319814	1.9590748358773025	0.13044695499907238	0.035320853811929516	-1.0860753411839739	
12.394973219411876	-4.63561095928164	1.9310164338449054	0.0919518622636828	0.03477017818724155	-0.9182831666393395	
12.613914746102123	-4.575033438586243	1.8918911899924162	0.05077957975768448	0.03503502168350654	-0.7444212428189447	
12.835171024742056	-4.518696792887425	1.8422677449195515	0.008989233481696751	0.03619787665305297	-0.5650939702251294	
13.054535619801635	-4.467086782594793	1.78293731981401	-0.03134975165818874	0.03829922369682782	-0.3809459826139362	
13.26745455965423	-4.420179187602614	1.7148713085334204	-0.06820657166619788	0.04134096543265286	-0.19265780518106543	
13.469199972657927	-4.377394754279887	1.6391809705951421	-0.09963859382794177	0.04528830480858964	-0.0009441252622149184	
13.65510122483109	-4.337583097629789	1.5570765370981776	-0.12384742675492168	0.05007085643907766	0.19344560155163182	
13.820841255607371	-4.299040971456784	1.4698257651249975	-0.13924213036120775	0.055583387950057364	0.3897243380151819	
13.962723856579872	-4.259599271650339	1.37871585194489	-0.1444798149134591	0.061689108775103786	0.5870664758872715	
14.078305642858266	-4.216754298232922	1.284999325039056	-0.13859252474098477	0.06822933865258735	0.7846009370764685	
14.166030091596404	-4.167843980387865	1.189895143803657	-0.1208617777723384	0.0750354817387882	0.9814286473418048	
