14.7676912283297	-2.917363479602344	1.4308116335313446	-0.9286139072340324	0.4886621252097818	1.3493347924920374	
14.767282975746834	-2.841333941582269	1.2607336547881762	-1.03926811802883	0.4676261125116643	1.6087527986459245	
14.723763707923537	-2.784174997658151	1.0902875750059304	-1.1320751002534615	0.4377876898743606	1.861361220889654	
14.64936745378371	-2.743205258429768	0.9209087049772191	-1.2044621749730695	0.3993290769665786	2.104679966618645	
14.557174415343253	-2.714737902110144	0.7538580304763411	-1.2542669715021797	0.3529064256994823	2.3364979198282407	
14.460234855350977	-2.694042331483638	0.5902886755136739	-1.279957635583791	0.2997574945131791	2.5549618072307925	
14.370040935160512	-2.675759053059556	0.4314063096057725	-1.2807439990739946	0.2416088648486441	2.7585594767708472	
14.295462000236595	-2.6541615118016986	0.27856512410940654	-1.256707852008614	0.18060845360899644	2.9461097301110906	
14.241858832480863	-2.6235106728609856	0.133346916241536	-1.2088815333981402	0.11919345486872976	3.1167146161596513	
14.21060958527687	-2.5784129032923144	-0.002409736071453252	-1.139286549163213	0.05993833141674121	3.2696981817531725	
14.19908311246696	-2.514192612823701	-0.1266341101124206	-1.050909311729236	0.005390302798104343	3.4045362960026244	
14.201008431881792	-2.427258285803469	-0.23710084206550067	-0.9476173819757653	-0.04208648756640749	3.520791233208794	
14.207166522561979	-2.315444139819656	-0.3315554233718932	-0.8340154786514572	-0.08044699562080523	3.61805839345655	
14.206320440171568	-2.1783006341922673	-0.4078797597217388	-0.7152434536655776	-0.1080728273054675	3.695930693277046	
14.186286328993274	-2.0173032857132687	-0.4642854533515465	-0.5967238932910071	-0.12384581409267528	3.7539844402412847	
14.13504691987817	-1.835950616463266	-0.49951861375441947	-0.48387060255888253	-0.1271862127707201	3.791788420939093	
14.041821852546617	-1.6397240042685888	-0.5130577121584403	-0.381770069595684	-0.11805764245832877	3.8089365133581405	
13.897990666341121	-1.4358705654326136	-0.5052726011732597	-0.29485997723067375	-0.09693918821890617	3.8051011946474627	
13.697804938096166	-1.2330161530949255	-0.4775241205744373	-0.22662857939865436	-0.0647757373136572	3.7801023876868323	
13.438867915418074	-1.040613518350567	-0.43218840912923884	-0.17935310655474918	-0.022913568300830165	3.7339860053348963	
13.122366886498686	-0.868241017782865	-0.37259243075040016	-0.15389814000017962	0.026974235983028037	3.667105983372797	
12.753055571642347	-0.724787525028902	-0.30285444099616543	-0.14959455635794508	0.08296903148279798	3.5802033254535286	
12.338992495146078	-0.6175784396356093	-0.2276320979485967	-0.1642175580866522	0.14299245057892374	3.4744758068484476	
11.891044442954101	-0.5515126049818957	-0.1517902105394663	-0.19407968751513982	0.20489592221129244	3.3516323749480676	
11.422158150617229	-0.5283401454680234	-0.08001930945961985	-0.234260671964905	0.2665511573494035	3.2139196956157776	
10.946479388560798	-0.5461892717590473	-0.016456200505988904	-0.27895787728740157	0.3259348554179176	3.064115101035556	
10.47839530318787	-0.599424622532594	0.03565193866287104	-0.32193799732025385	0.38120205235785143	2.905480130540373	
10.031586488737613	-0.678900837274054	0.07420135612612336	-0.3570602440923522	0.43074278244180236	2.7416700848244377	
9.618179035191503	-0.7726248065672148	0.09837254977721499	-0.37882523845008914	0.4732190487554857	2.5766001661473856	
9.248067827234124	-0.8667794434041927	0.10864214899518676	-0.38289369680684576	0.5075825424494411	2.4142740617874145	
8.928446953650933	-0.9470057826469982	0.10667089190759563	-0.36651800793822403	0.533076770589925	2.258584479031736	
8.663579778844436	-0.9997671735447653	0.0950899012676555	-0.32881420364526337	0.5492258654511571	2.113103555348318	
8.454777406839103	-1.01357899716402	0.07724287248163203	-0.27084734243580305	0.5558156269669765	1.9808842960654067	
8.300549200976725	-0.9799700666804865	0.056923771044536414	-0.19553750175312834	0.5528696969896308	1.864287246284419	
8.196906141864286	-0.8940971631038166	0.03812818828073209	-0.10740511039856733	0.5406219225176202	1.764845275878533	
8.137796783018647	-0.7549896882698959	0.02482455496147018	-0.012188654023928856	0.5194860810154663	1.6831759914943831	
8.115654506004127	-0.5654490284545761	0.020744133177723664	0.08362629583812863	0.4900241696270682	1.618946983839735	
8.122032975331575	-0.3316571072402105	0.029186771636485098	0.17332938332089623	0.4529147656340866	1.570894210999031	
8.148296642513131	-0.06253725898394163	0.052848933890595286	0.2505162938680089	0.40892306361726544	1.5368986414968477	
8.186299101031159	0.23102955267325842	0.09367937377099829	0.3095762592293267	0.3588765673339623	1.5141102089489213	
8.228993668898639	0.5370522917143326	0.15276424474200367	0.34610504416716537	0.3036492198719686	1.4991089118745238	
8.270920797250673	0.8432768649134267	0.23024766456342244	0.3572170921813875	0.24415525087953083	1.488094890756258	
8.308525853581944	1.1379683325906955	0.3252947906399073	0.34173804652434464	0.1813521681816075	1.4770954959537246	
8.340283151144792	1.4105761475597491	0.4361053268491355	0.30026957191433795	0.11625013627246969	1.4621757568033236	
8.366630812644823	1.6522510871568303	0.5599849612213149	0.2351304335022767	0.04992358640593239	1.4396395122117913	
8.389728765237543	1.8561802541117722	0.6934875783483962	0.1501721486004694	-0.016480183016235633	1.4062047918152145	
8.413093385301861	2.0177432634946313	0.8326193671570045	0.05049822509038816	-0.08173913468309857	1.3591402572214024	
8.441156520401206	2.1345189045854682	0.9730860050432186	-0.057884038266072524	-0.14456366523543396	1.2963591164066317	
8.478784108605886	2.2061654778989466	1.1105593585122817	-0.16845799904283743	-0.20361526143868286	1.216467843202166	
8.530794788592862	2.23420199663515	1.2409352924076253	-0.2746133917654452	-0.2575386515194155	1.1187702611999524	
8.601518763902813	2.221714704577937	1.3605575476252403	-0.3700588739951548	-0.30500846739633625	1.003230856328515	
8.694428973887222	2.1730065157288636	1.4663922565648149	-0.44921094833913605	-0.34479016677173413	0.8704047474539564	
8.811873730859597	2.093192543875872	1.556139962599886	-0.507528936273327	-0.3758110108535785	0.7213402417418726	
8.954913680972483	1.9877632976872543	1.628285172902976	-0.5417672445654556	-0.39723327845839107	0.5574689051109941	
9.12324053576721	1.8621367042302754	1.6820930860729673	-0.5501318636262007	-0.4085230157147236	0.38049570880280137	
9.31516111875479	1.7212255832575312	1.717558972442723	-0.5323276163447983	-0.4095074964643453	0.1922967448404592	
9.527635572235045	1.569059249407824	1.7353171905614004	-0.4894913104239107	-0.40041582781539753	-0.005168799091528158	
9.756368199771972	1.4085016495918148	1.7365188820020283	-0.4240158132660295	-0.3818988965367679	-0.2099280132350816	
9.995958265094487	1.2411042046340162	1.7226910750052469	-0.33928004065889006	-0.35502725498639526	-0.42004303693948397	
10.24013154256026	1.0671358361378167	1.6955932950658414	-0.23930403702447325	-0.3212635727406321	-0.6336386418995538	
10.482053880159768	0.8857974412204802	1.6570950488440077	-0.12837380714884591	-0.2824116013351371	-0.8489106029421122	
10.714716031087496	0.6955904547866028	1.6090877703271391	-0.010678862793221373	-0.24054590437876375	-1.0641198935506242	
10.931373802515802	0.49479253131415474	1.5534319222637318	0.11000254848819731	-0.19792470270592027	-1.2775779248024222	
11.126013224153159	0.28197029741012825	1.4919307024625315	0.23053996149738942	-0.15689006979127562	-1.487628271448367	
11.293799983984552	0.05645160074038316	1.4263161997514262	0.3485904905123303	-0.11976053394868903	-1.6926299174330977	
11.43146778369491	-0.18130855243627658	1.3582350691814675	0.4626392271390936	-0.08872083514776993	-1.890946077615218	
11.537578756838347	-0.42952133446076207	1.2892299748178198	0.5719445610114632	-0.06571548718599514	-2.080941555790398	
11.612599371136648	-0.6850293820737183	1.220722726994901	0.6764099873632279	-0.05235473151639565	-2.2609901911528643	
11.658779683300077	-0.9434140526305158	1.1540060768707119	0.7764099122130902	-0.04983738491708647	-2.429492773871923	
11.679842751606603	-1.1992160347904743	1.090247663683282	0.8725875951826839	-0.05889566088213552	-2.584905457570114	
11.68052508599304	-1.4462380351537962	1.0305046213883842	0.9656431019764065	-0.07976563441755634	-2.725778016464437	
11.66603337721426	-1.6779014238647476	0.9757437028556226	1.0561274588004428	-0.1121848301883421	-2.850800284057127	
11.64149159820121	-1.8876359324207255	0.9268602050641134	1.1442564918720586	-0.15541537865464167	-2.9588545824573047	
11.611453249614433	-2.069284432575931	0.8846899163853796	1.2297603290939079	-0.20829221539034215	-3.049069510541677	
11.579545722430707	-2.2174951235403944	0.8500102946889426	1.3117848528863922	-0.26929087029151655	-3.1208692652571894	
11.548270450970183	-2.328083620054761	0.8235295243791317	1.388850243321979	-0.3366065105997325	-3.174016058324889	
11.518964167638355	-2.3983465677040066	0.8058636043214694	1.458871222285799	-0.40823986333934165	-3.2086424350802107	
11.491910127233545	-2.42730862450283	0.7975023127653527	1.5192392385652103	-0.4820846641789225	-3.2252710606297494	
11.466571566615858	-2.415888241670421	0.7987659509705545	1.5669624145633934	-0.5560115955623045	-3.2248200330409227	
11.441906485727605	-2.3669753931127118	0.8097555326486576	1.5988559078300586	-0.6279447425886259	-3.2085927502616833	
11.416714388979337	-2.285405366268929	0.830302551065932	1.6117732798300912	-0.6959270430575246	-3.178249385055288	
11.38995144597478	-2.1778211571238555	0.8599286580612557	1.6028588398270698	-0.7581714107097748	-3.135759546013247	
11.360966887081407	-2.05243747798787	0.8978241092819093	1.5698024820920833	-0.8130985637023045	-3.083339856508049	
11.329635227573306	-1.9187037871023171	0.9428544460448891	1.5110793462113765	-0.8593631078056448	-3.023377976040813	
11.29637538437362	-1.786872040079027	0.9936011335303109	1.4261545803684583	-0.8958699524792741	-2.958346506517178	
11.26206597827655	-1.6674821639452826	1.048436927918194	1.315633875088949	-0.9217834095148619	-2.890711040937292	
11.227880599950394	-1.5707842431785064	1.1056318277484012	1.1813442730156447	-0.9365315751125709	-2.8228364021844947	
11.19507464118902	-1.5061286135047736	1.163481262049534	1.0263257399425052	-0.9398067392259347	-2.7568956354646312	
11.16476477447022	-1.481384457439483	1.2204402502971519	0.8547222362695227	-0.9315617684076336	-2.694788467046074	
11.13773381340672	-1.502433577686174	1.2752482339515339	0.6715850919973726	-0.9120042888679737	-2.638071787838177	
11.114282136690827	-1.5727848834504743	1.3270315884900683	0.482598316785722	-0.8815878762771429	-2.5879050691677565	
11.094141764299932	-1.6933490564322113	1.3753719733631082	0.2937459039875408	-0.8409998846781727	-2.5450132760455233	
11.076462910476515	-1.8623987195463008	1.4203318520301418	0.11094839295581509	-0.7911455562264443	-2.5096689191298953	
11.059875874200243	-2.075718391109057	1.4624334006546713	-0.06030144888104594	-0.7331281806621925	-2.4816930565867406	
11.04262679082127	-2.3269401320691907	1.5025898950213155	-0.21527036573292466	-0.6682240533165973	-2.460475740678584	
11.022772631563061	-2.6080297382013855	1.5419968542251523	-0.35024352707360523	-0.5978515162594366	-2.445014920163927	
10.998410447149894	-2.9098503451571274	1.581999085835361	-0.4626947735326766	-0.5235355172246311	-2.433967155092944	
10.967920873605504	-3.2227543663562397	1.6239453094317264	-0.5513593329541642	-0.44686772010539666	-2.425707872040675	
10.930205407131094	-3.5371527803478724	1.6690420373624595	-0.6162089927797224	-0.3694631175594343	-2.4183980893783437	
10.884899122209786	-3.844018079216015	1.7182169424658333	-0.6583388603518043	-0.29291451749129743	-2.410054480554627	
10.832545227002734	-4.135290519741499	1.7719996950096721	-0.6797827505752985	-0.21874623453198605	-2.39861986372248	
10.774717000842072	-4.404165765679419	1.8304292083724645	-0.6832757170348976	-0.14836842695101685	-2.3820317098622183	
10.714068196358888	-4.645246877528559	1.8929995434771345	-0.6719908219021725	-0.08303492594049006	-2.358284810332589	
10.654310607446197	-4.854581143241531	1.9586460939873316	-0.6492831672871876	-0.0238052890168429	-2.3254857745801547	
10.600111254291738	-5.0296010297213725	2.0257736316087627	-0.6184594474778232	0.02848772639515938	-2.281898623175437	
10.556906094699292	-5.168991942145492	2.0923242820739887	-0.5825884688256636	0.07326384142195921	-2.2259809031306754	
10.530632545042103	-5.272510381512661	2.1558808545334056	-0.5443624650820202	0.11021263659293304	-2.15641041071997	
10.527387598875405	-5.340774937259169	2.213799707541991	-0.5060127185798808	0.1393015166030617	-2.0721036278088927	
10.553021468739887	-5.375048359507928	2.2633677055235277	-0.46928000624569094	0.16077226849727053	-1.9722271247588472	
10.612697338969962	-5.377032304115835	2.3019715068378406	-0.435438289370834	0.1751231683242563	-1.856202569820922	
10.710451988947709	-5.348701932880191	2.3272648825695312	-0.40535729955228716	0.18307807174083504	-1.7237097589686325	
10.848792786713858	-5.292194676541523	2.337322659534635	-0.37959178817859596	0.18554213661221988	-1.5746894937953182	
11.02837051751003	-5.209762979709081	2.3307694305123383	-0.35848298825656927	0.18354551563073562	-1.409347605193745	
11.247763819790446	-5.103791305663391	2.3068727054722746	-0.34225683943412977	0.1781780373797059	-1.2281604813739517	
11.503399941346023	-4.976866503610267	2.2655933589920414	-0.3311044571550316	0.1705191043534837	-1.0318816008266252	
11.789630053100835	-4.83187883372454	2.207587418713614	-0.3252325803991959	0.16156772376389938	-0.8215470424144795	
12.09897170528226	-4.672115681259307	2.1341533638660937	-0.3248754406860258	0.15218001333847944	-0.5984754064641792	
12.422483930681611	-4.501313341005909	2.047134965997813	-0.3302685876751114	0.14301887958046106	-0.36426171614174924	
12.750256281057087	-4.323640329374335	1.9487861682176455	-0.3415914843332236	0.13451878613933127	-0.12076310868137037	
13.071986936016778	-4.1435985362108	1.8416080276791131	-0.35888961010153386	0.126867848979189	0.12992499648945605	
13.377618539611879	-3.965844945308757	1.728171030237725	-0.3819895835344899	0.12000837505861399	0.38550268011371136	
13.657998050416449	-3.79495139125532	1.6109373878678876	-0.4104211274286813	0.11365603209851033	0.6435092115941706	
13.905522470144673	-3.6351306567514423	1.492098062195236	-0.44335872797084686	0.10733786927014637	0.9013768643520341	
14.114688061214922	-3.4899772300199805	1.3734453507539335	-0.47959650699528145	0.100447964444519	1.1564929520904172	
14.282525964481307	-3.362235745027264	1.25628466392034	-0.5175567369530801	0.09232025752343621	1.4062726444876585	
14.40873888913712	-3.2536861536511403	1.1414139227941864	-0.5553352697314504	0.08229886575904656	1.6482207911320497	
14.495883316639222	-3.164945109194748	1.0291035891210774	-0.5907687018633194	0.06984635684574404	1.8800384533770598	
14.548679151424247	-3.0956630741517355	0.9192324128596854	-0.6215448841126631	0.0545748776429872	2.0996346095985903	
