14.513037024898084	-4.164364750887541	1.5505875067126678	1.622628459285615	0.7172568820254642	0.1357840697744136	
14.60017587980606	-3.7400394663752627	1.595934775920729	1.4897326422486143	0.807978686307533	0.30279748139455864	
14.645472587876334	-3.3418955355273017	1.6240932372912398	1.3123031058894372	0.8879751418310986	0.4792202446873053	
14.65484165540555	-2.978341965032139	1.6302081780708608	1.0990095120664005	0.956204903115492	0.6644815099235101	
14.635990472806348	-2.6557659525734705	1.6104724736490366	0.8595795857808275	1.0121052557066346	0.857699549471397	
14.598096738872101	-2.377991830952148	1.5624952037553248	0.6044786328103742	1.0556978639613703	1.05765173921124	
14.550670216049584	-2.1463804053588196	1.4853450363050527	0.344136365446018	1.0875319077890127	1.2628524400798093	
14.502642383416914	-1.9598451927392964	1.379597515430579	0.0884057657565655	1.108640724322219	1.4716004574341803	
14.46137777855031	-1.8150893190697124	1.2472508381677103	-0.15398916731971302	1.120434754765514	1.6820504582939444	
14.431864152264316	-1.7069327071164817	1.091577596086673	-0.3758839898762437	1.1245657828132978	1.892282120729246	
14.416130720360137	-1.6287454267439723	0.9169127082283264	-0.5719892378117771	1.122764074030831	2.100368816952423	
14.412994598294585	-1.5729546731356974	0.7283959856188672	-0.7390568948281623	1.1166663702802597	2.304439149756975	
14.41814810286029	-1.5315848480745695	0.5316914781359542	-0.8759063664591774	1.107652447768764	2.502727824109277	
14.424577021327293	-1.496801222228999	0.33269522979212734	-0.9833176489224013	1.0967054890642014	2.693614119363779	
14.423267299009757	-1.4614244251415422	0.1372437735121412	-1.0638051061887668	1.084310755278437	2.8756473119226946	
14.404123460374054	-1.4193826524271886	-0.04916317457409883	-1.1212922163967132	1.0704041055670217	3.0475597807044887	
14.356996533868967	-1.3660712349639863	-0.22161170526920151	-1.1607124702998843	1.05437744849539	3.2082695406501576	
14.272707373497495	-1.2985968359198794	-0.3759816194367765	-1.1875648376323493	1.0351423653404128	3.3568745267751603	
14.143952624308874	-1.215889787860054	-0.5091017824817267	-1.2074518685087754	1.0112481654251466	3.4926404490885314	
13.965980462584676	-1.1186717019832164	-0.6188403958418761	-1.225635086799148	0.9810432382969024	3.6149829955512294	
13.73698829249857	-1.0092962180033476	-0.7041340823104616	-1.246637424490746	0.9428600412936757	3.7234462679693108	
13.458231859480184	-0.8914760607648445	-0.7649588276033087	-1.273911929070798	0.8952064963839595	3.8176783813471027	
13.133864095848427	-0.7699138159165638	-0.8022463181107435	-1.3095937722072732	0.8369463574376115	3.897405882297421	
12.770547534630548	-0.6498585878118469	-0.8177495356621829	-1.3543484960364995	0.7674529240528322	3.962409166817785	
12.376901090221772	-0.536615538326651	-0.8138629977101475	-1.4073250553940695	0.6867236881524748	4.0125012314470805	
11.962850213500532	-0.43503882158574986	-0.793407012236647	-1.4662164442793801	0.5954481021856057	4.047511940546374	
11.5389455166798	-0.34904166163409905	-0.7593896048966121	-1.5274290950449605	0.4950232913200459	4.067279648775373	
11.1157163991553	-0.2811682109190832	-0.7147681634172471	-1.586355725026142	0.38751513762744116	4.071651399292088	
10.703110579793986	-0.23225662487938095	-0.6622344966530399	-1.637728123131314	0.27557327763007244	4.060491755604089	
10.310042833412489	-0.2012198632404399	-0.6040425329034129	-1.6760318858514052	0.16230667393941758	4.033699408018799	
9.944063645557776	-0.18496758406093752	-0.5418962970787142	-1.6959587094070312	0.051128909326686005	3.9912299986385946	
9.61114468670209	-0.17848652677991803	-0.47691044355586176	-1.692867394321948	-0.05441626530742543	3.9331228341273383	
9.31556886896124	-0.17508968173445624	-0.40964794098411256	-1.663221993523246	-0.15083843849071726	3.859528342109724	
9.059909027325784	-0.16683573395149445	-0.3402307258728198	-1.6049762607864433	-0.23488366821686787	3.770732562863529	
8.845088438601161	-0.1451131930148928	-0.2685119596032838	-1.5178689310541833	-0.30370828574571146	3.667174185705102	
8.670524103074731	-0.10135356770040188	-0.1942858454126315	-1.40358833112134	-0.35503141157989593	3.549449622610113	
8.534342883113867	-0.027811232172543568	-0.11750131446746999	-1.2657895746985557	-0.3872593804817934	3.418304794346875	
8.43366796446127	0.08165996664283796	-0.03844589382497076	-1.1099493081667773	-0.3995745168454323	3.2746135542190924	
8.36496301369823	0.23091548533644599	0.04213252893590385	-0.9430580605089846	-0.39198146260546723	3.119344717678358	
8.324411331704548	0.42099420401395454	0.12298915399060167	-0.7731675120396962	-0.36530640018024085	2.9535212393312107	
8.308298616510243	0.6498230925626349	0.202438916602333	-0.6088267514725031	-0.32114741607234015	2.778175945970181	
8.313363538140248	0.9121894024324428	0.27849609226242583	-0.45845422855191165	-0.261778097569806	2.5943081741790066	
8.337077785701814	1.199995588609558	0.34906926209204925	-0.3297028028225977	-0.1900079465797942	2.4028450511158153	
8.3778213617163	1.5027675595488275	0.4121664789793025	-0.2288897686743135	-0.10901016093659892	2.2046102719198264	
8.434946187197767	1.8083368006566707	0.46606776720740234	-0.16054180330525036	-0.022133317033517216	2.000300521874153	
8.508734346706149	2.103629121104034	0.5094398622158695	-0.1270888849235615	0.06728999655908757	1.7904691081828523	
8.600266284499078	2.375491106797123	0.5413871662667764	-0.12872607778468798	0.15612407736356992	1.5755166724635958	
8.711216016850669	2.611492298179828	0.5614497817285744	-0.16344615149258288	0.24158880992114493	1.3556896971424524	
8.843586867709856	2.800648903619311	0.5695684373759669	-0.22723219646532988	0.3213868411585189	1.131088442442808	
8.999396316094625	2.9340241002327856	0.5660362888291884	-0.3143869960953956	0.39379290884466256	0.90168633357983	
9.180319691791118	3.0051555302399957	0.5514498979773621	-0.41797187378845685	0.4576983022210583	0.6673629201091956	
9.387319695270284	3.0102682608487736	0.5266641180808826	-0.5303080893802672	0.5126058718357613	0.42795011188291987	
9.620298350520617	2.9482764036878915	0.49275029838174633	-0.6434864662619935	0.5585791827730139	0.18328896190990734	
9.877818309068564	2.8205907782177566	0.4509534996151119	-0.7498427549197704	0.5961498156052161	-0.06670634220716007	
10.15694191670853	2.63077792615927	0.40264631895895053	-0.8423597826927959	0.626191756751998	-0.3219815319162022	
10.453224613245796	2.3841352516030874	0.3492798492385187	-0.9149690525585346	0.6497756926264299	-0.5822766546711455	
10.760876986032738	2.087253057900458	0.29233520436271654	-0.9627397121894862	0.6680182941727459	-0.8470657442313717	
11.073082343930317	1.7476253259997592	0.23328042765134904	-0.9819602316371833	0.6819413859287017	-1.1155047760851873	
11.382433318842464	1.3733468103177793	0.173536936162888	-0.970126546539915	0.692355142076328	-1.3863922402980862	
11.681417681769934	0.9729095380578205	0.11445702055655421	-0.9258638821254567	0.6997771354163174	-1.6581463919035	
11.962876710294463	0.5550832459699557	0.05731055513761	-0.8488174616325841	0.70439102963321	-1.9288005866025937	
12.220371260445363	0.12884725349227794	0.0032788828903819447	-0.7395366942997385	0.7060448446101059	-2.196019658240707	
12.448409461129616	-0.29666234698992594	-0.04654550342903161	-0.5993732608801713	0.7042844834648793	-2.4571397866719558	
12.642524816391571	-0.7122252395878113	-0.09115440755154448	-0.4304060917244669	0.6984146949846145	-2.7092337494236176	
12.79923348585143	-1.1086577817679906	-0.12961552248065383	-0.2353976883163475	0.6875778896532124	-2.949202133475443	
12.915931950878946	-1.4770019560744934	-0.16106176340066922	-0.0177785094171312	0.6708417867486267	-3.173889070406239	
12.990803262833015	-1.808789024181968	-0.18468024321741655	0.218354733516826	0.6472889156943299	-3.380217574563904	
13.022785485746693	-2.096366192285961	-0.1997034734847871	0.4682451368924404	0.6161017593947397	-3.5653333332647477	
13.01162061461841	-2.3332651509343236	-0.20540553562119873	0.7265036483758722	0.5766402067827582	-3.726746053360774	
12.957969051278223	-2.5145797263982996	-0.20110606448758994	0.9871768795620365	0.5285085577190735	-3.8624580857036994	
12.863557940936499	-2.637312965175978	-0.18618481097921838	1.2438659809740928	0.47160914266260595	-3.9710713302936576	
12.73132375131491	-2.700653606230596	-0.16010796273485944	1.4899002577254954	0.40617992872482805	-4.051865614490348	
12.565509748430484	-2.7061487404143616	-0.12246483959028164	1.7185609622806401	0.33281421215424417	-4.104844087990065	
12.371685927638154	-2.657754287481497	-0.07301187001444141	1.923344497430175	0.2524619256135032	-4.130744116871346	
12.156660317173683	-2.561746040331999	-0.011719687644861709	2.0982464497558704	0.16641139411433653	-4.131010098768751	
11.92827211249858	-2.426500704184654	0.06117975223129754	2.238042215263251	0.07625367630008216	-4.107730874053662	
11.695074145534505	-2.2621674093735016	0.14514897407474245	2.3385464995135257	-0.016167138222114776	-4.063547751990794	
11.465918988526784	-2.080240454801255	0.2393105338823666	2.396834432269275	-0.10881579776773041	-4.001537457078378	
11.249476796061511	-1.893048467832184	0.3424316956793089	2.411408575687283	-0.19953758840869432	-3.925076589461802	
11.053722781171398	-1.7131786477441338	0.45293773783054886	2.3822983258161603	-0.28613745528039314	-3.8376951424450754	
10.885438077903979	-1.5528603947169388	0.568960395794847	2.311081522878859	-0.3664639497547032	-3.7429270175586185	
10.749766578782626	-1.4233364980320886	0.6884228900030512	2.2008236158308008	-0.43849557354031893	-3.6441647614329042	
10.649881575241512	-1.334267282895826	0.809157597247705	2.0559272084344555	-0.5004254567707364	-3.544527035338021	
10.58680308657029	-1.2932188917182428	0.9290434652108507	1.8819036714200144	-0.5507395711336847	-3.446746747171598	
10.559385994304302	-1.3052725660838718	1.0461481799221999	1.6850847678701606	-0.5882849331774243	-3.353083201255754	
10.564491117209526	-1.3727902473942148	1.1588595123199703	1.4722918866669086	-0.6123233059356208	-3.265260589444608	
10.597329987045189	-1.4953597104767191	1.2659909650231944	1.2504860526935302	-0.6225661760915947	-3.184433076967137	
10.651952142938999	-1.669926462232729	1.3668498867743053	1.0264234130986096	-0.6191876564048812	-3.111174876145905	
10.721823976589942	-1.8911008506387237	1.4612603074174204	0.80633998972657	-0.6028135314077873	-3.045492339959171	
10.800436827732351	-2.1516097986371245	1.549536874582627	0.5956850961302775	-0.5744869008155224	-2.986854169855873	
10.881873175650549	-2.4428517649300945	1.6324070936424457	0.39892504699675996	-0.5356109825506904	-2.9342389329357306	
10.961265835339406	-2.755481272966341	1.710888560940398	0.21942705592053288	-0.48787551720301864	-2.8861952962112314	
11.03511706303859	-3.0799612348134975	1.7861320826488418	0.059420881748444086	-0.43317326426752184	-2.8409117454947426	
11.10146242784304	-3.4070391319735074	1.8592451396066272	-0.07996802289582179	-0.37351210006514063	-2.7962942383979787	
11.159882140281555	-3.728121220221145	1.9311144827182138	-0.19862631575070516	-0.3109285314485961	-2.7500496792903455	
11.211378492977138	-4.035541358729464	2.00224773411154	-0.2973167252802744	-0.24740776531677602	-2.6997731453007012	
11.2581499343365	-4.322738765282562	2.0726522112187893	-0.37751319437734837	-0.18481428520670523	-2.6430367370241847	
11.303297623050437	-4.584368179591529	2.141765324168405	-0.44121968655536753	-0.12483501922565064	-2.577478108559226	
11.350496764396178	-4.816355074282122	2.2084502541315882	-0.49078100016864984	-0.06893708571409463	-2.500885285840735	
11.403668495277406	-5.015908912840714	2.2710576945070025	-0.5286979739433446	-0.018339467740772504	-2.411274274027014	
11.466673223282703	-5.18149830476205	2.3275464749701937	-0.5574548825209721	0.026003160142031075	-2.3069577694625756	
11.543040657150389	-5.312785892089143	2.3756503685544006	-0.5793661577125649	0.06340570675119402	-2.1866032970746767	
11.635750013959207	-5.410524132036737	2.4130714568940186	-0.5964493563727249	0.09344865842188126	-2.049279455629459	
11.747070152902497	-5.476417012484401	2.4376763554263152	-0.6103292194923867	0.11596679724595314	-1.8944890315945107	
11.878462945165538	-5.512955223018954	2.447671151015675	-0.6221746412753091	0.131033169052068	-1.7221876399455467	
12.030543243352747	-5.523230462197738	2.4417349384231635	-0.6326670859064375	0.1389412437801671	-1.5327865146348805	
12.203082839422054	-5.5107277383252224	2.419095122583886	-0.642000253296098	0.14018676798502308	-1.3271353929203333	
12.39503090662252	-5.4790972716295725	2.3795434383323326	-0.6499059776559054	0.13545121790535408	-1.1064869368411008	
12.604529989069029	-5.431905506679498	2.323402048784213	-0.6557039234676193	0.12558570265464164	-0.8724448522678853	
12.82892180849871	-5.372373770177236	2.2514534632760967	-0.6583748635275958	0.11159211455828698	-0.6268991170725762	
13.064754392672803	-5.303125920066168	2.1648504258352443	-0.6566564763002234	0.09459766522839336	-0.37195372854390324	
13.30781949198884	-5.225976363584835	2.0650205464853792	-0.6491584767324724	0.07581928953125831	-0.1098530256652364	
13.553260420806371	-5.141793155155128	1.9535768344833044	-0.6344907445780823	0.05651606318912882	0.15708788171217136	
13.795791693876144	-5.050465760898137	1.8322407120317696	-0.6113954743073229	0.03793040176517469	0.4265449255478303	
14.030052955180766	-4.950997681240414	1.7027800534255244	-0.5788700226892782	0.021223539702440026	0.696237531173864	
14.251070881204514	-4.841708071006674	1.5669619665519692	-0.5362689723080803	0.007414437796790686	0.9639727913615423	
14.454765823175336	-4.720509669728697	1.4265162911276108	-0.483379379844594	-0.0026689560408860833	1.2276845250211879	
14.638411062861577	-4.585221069564705	1.2831050624835934	-0.4204670509869592	-0.008418794782255793	1.4854695667343507	
14.800944160755424	-4.43386986869482	1.1382937421914334	-0.3482956624269109	-0.009453286126640585	1.7356220297155462	
14.943045650097487	-4.264950824432727	0.9935221349797144	-0.2681228331620975	-0.005600966127620968	1.9766643290188748	
15.066938127338187	-4.077615530708372	0.8500761756399855	-0.18167776471626818	0.0031303755780813054	2.207372167724126	
15.175907802248082	-3.8717831541317094	0.7090651389420821	-0.09112365384045333	0.01659021660560253	2.4267898485010533	
15.273610075472297	-3.648168804890866	0.571412014000914	0.0009960975596946505	0.034516079792675944	2.6342310622658243	
15.363296124157564	-3.408244725853115	0.43786135620395156	0.09182483218496107	0.056549704669644846	2.829264772138028	
15.44705440265429	-3.154157628681845	0.30900705480199214	0.17827868834366706	0.08223110212926998	3.0116888471555607	
15.525296929238367	-2.8886087884429834	0.1853350303116409	0.2571388727331406	0.11098468156784053	3.1814906283747795	
15.596260002204476	-2.6147508870555645	0.06728209738650626	0.3251909111668423	0.14206749873939134	3.338810272965036	
15.656284114629278	-2.33603210374612	-0.0447161636385213	0.3793176577460008	0.1745693921178107	3.483885880009001	
