14.249702017385909	-3.729846711781153	0.5060336228131825	-0.0259865772593776	-0.1857027879662646	1.7027538151503	
14.279485534044296	-3.6103847555070705	0.42661391838911	0.043867208359226854	-0.19128896735603526	1.8902513246207726	
14.284320307826471	-3.4827563172031653	0.3522992236372901	0.11508685101861965	-0.1954997401670753	2.069259866808709	
14.26904287706504	-3.3460381357097977	0.2826225297916628	0.18648196379017906	-0.19848593969703063	2.2391621616307997	
14.238696482463263	-3.199649246258261	0.21704738284068376	0.25677443508029274	-0.20033092219164966	2.399463091441302	
14.198395987034683	-3.043584675935083	0.15496314275495923	0.32456281267544873	-0.2010128444831174	2.5498592709490717	
14.152686189335633	-2.878376209916332	0.09578871581612325	0.38838764935423487	-0.20043367992616978	2.690194796416096	
14.105159470872799	-2.705107510769461	0.039031809959933016	0.4467678917486446	-0.19844290742352938	2.82045117745837	
14.058177948760017	-2.5253591964747457	-0.015657586455005295	0.49824842234500205	-0.19487485345168	2.9407227335455133	
14.012710318439254	-2.341129567945366	-0.06844746068923174	0.541447395800975	-0.1895877652220668	3.0511933653072134	
13.968282600665965	-2.154730941619718	-0.11929855160111474	0.5751029207987709	-0.18250299653900934	3.152115004893159	
13.923041776189992	-1.9686525195176974	-0.1679535932630043	0.598121770554138	-0.17364411878586863	3.2437861335418647	
13.873988622645237	-1.7854019419371174	-0.21395491260244615	0.6096157946746134	-0.1631639922136865	3.326532060767162	
13.817273950107511	-1.6073604378904407	-0.25667856297186215	0.6089276212079683	-0.1513591611196216	3.400689951366336	
13.748535032201929	-1.4366544091552238	-0.295381569289838	0.595648284284617	-0.1386733243526409	3.4665970490969977	
13.663271330048858	-1.2750440049997003	-0.32926303869672463	0.5696289406701217	-0.1256897071439301	3.5245812787705395	
13.557243632941297	-1.1238491026059267	-0.35753934692325395	0.5309816109761842	-0.1131070006457766	3.574954145586846	
13.426814641820036	-0.9839311426434342	-0.3795173830041804	0.4800690343306299	-0.10170194620066135	3.6180060712569464	
13.269222972784858	-0.8557069758607876	-0.394659177541803	0.41749563031297277	-0.09228704328167094	3.654002588314147	
13.08279752513751	-0.7391919879093629	-0.40263732505416827	0.3440984383484287	-0.08566297022016116	3.683180757393764	
12.867112373454829	-0.63407144207796	-0.4033794108640279	0.2609407023929071	-0.08256453920047996	3.705744863247707	
12.62300918647834	-0.5398033685407154	-0.3970822773911269	0.16930046332174564	-0.08360888327917107	3.7218622978024585	
12.352538827389873	-0.45572066302196773	-0.3842041335776952	0.07066142199696744	-0.08925199007770682	3.7316588200156713	
12.058851463113369	-0.38112674734265095	-0.36544121696764836	-0.03329500950537585	-0.09975232684647486	3.735213081414887	
11.746041635563143	-0.3153833966509243	-0.3416900500038139	-0.14069778206543448	-0.1151406112693486	3.732550180466605	
11.41893850432367	-0.25797997844344556	-0.3139921048285602	-0.24950039409596084	-0.1352021453697218	3.7236354813815717	
11.08287219043188	-0.20856421253379256	-0.283469291447398	-0.3575059757999869	-0.1594792031238741	3.708371702810466	
10.743462205473143	-0.16693925350832928	-0.25126191333158404	-0.4623979130206939	-0.18728217968923094	3.6865981789740783	
10.406416385808187	-0.13302833837519698	-0.21846738123009682	-0.5617798540248511	-0.21771040178581863	3.658093266885916	
10.077336703052593	-0.1068002510859603	-0.18607859174104643	-0.6532302686952599	-0.2496827148136242	3.622580813167415	
9.761550999188584	-0.08815502465349648	-0.15493236237990274	-0.7343746565226381	-0.2819836086684806	3.5797438002649726	
9.463983742901108	-0.07679625538958508	-0.12567210677471527	-0.8029674256487094	-0.31331283416077693	3.529241800112663	
9.189051331264844	-0.07210164669185108	-0.09872112171447817	-0.8569838267912839	-0.34233643816978154	3.470731061501111	
8.94057340011588	-0.07299664611521871	-0.07426585636184585	-0.8947265728437236	-0.3677408918660546	3.4038877414657986	
8.72170469198921	-0.07785535032692155	-0.052255455901425024	-0.9149465114576475	-0.3882902780427667	3.328434046535213	
8.534907655441492	-0.08447948831632457	-0.03242572603366051	-0.9169477544427259	-0.40287655652757626	3.244161477105322	
8.38193697314995	-0.09014208664010089	-0.0143349769707709	-0.9006821116276813	-0.4105633808060295	3.1509505095408237	
8.263839064082902	-0.09169913248953017	0.002587559520262693	-0.8668272583440225	-0.4106247012071823	3.0487865481947654	
8.18096256913303	-0.08578351524286928	0.018979250222834303	-0.8168484176611073	-0.402580560548817	2.9377724152534315	
8.133008273315573	-0.06908571707298533	0.035469395943609254	-0.7529946581247027	-0.38621702755140835	2.818130768473884	
8.11909505931987	-0.038654177616829745	0.05260840989517333	-0.6782387726561085	-0.36159185578928615	2.6901987943813586	
8.137828375675978	0.007809811485941711	0.07080360537127321	-0.5961764605470241	-0.32903083866765787	2.554418353310039	
8.187372156709323	0.07166896784492356	0.0902616099836035	-0.5108790143331535	-0.28911395721648875	2.4113214372024148	
8.265524401864678	0.15311102649443936	0.1109433354576356	-0.4266852418096866	-0.24264660109214362	2.2615097365419388	
8.369792583771112	0.251045788102523	0.13254801391248366	-0.34795547143048683	-0.19061248476868092	2.105629495054737	
8.49744947226658	0.3630934143018314	0.15451493371075833	-0.27883048220161527	-0.1341232309522039	1.9443472462357907	
8.645576898301485	0.48565665876894965	0.17604120658622419	-0.22299539181044775	-0.07436364679526467	1.7783256395298221	
8.811097853644576	0.6140738338309166	0.19611496939398917	-0.18344441204370968	-0.012532244033538274	1.6081987229855537	
8.990804113898605	0.7428814168070469	0.2135706200137675	-0.16229545767343073	0.05021843823641648	1.4345493067560202	
9.181381374041308	0.866110293755936	0.2271534391824046	-0.16067752574909192	0.11283038722864559	1.257891522719428	
9.37943563187973	0.9775795971071447	0.23558886085205288	-0.1786662519500119	0.1743784535755719	1.0786573975228384	
9.581525038441285	1.0711929226964536	0.23765948698415307	-0.21526621069352922	0.2340993866592741	0.8971875031103483	
9.784200885492957	1.1412330420886045	0.2322930217399365	-0.268450554436994	0.29140907094513135	0.7137276581858909	
9.984050312998493	1.1826012159503478	0.21864534987806208	-0.3352864658092534	0.3458992032513053	0.5284371968390149	
10.177731662470876	1.1910043065666844	0.19617511527871337	-0.41208150664409177	0.39732367197299057	0.34140399386214054	
10.362003868633426	1.163104550408206	0.16470923330573617	-0.4945515145347414	0.44557576238942564	0.1526659435699698	
10.533753992930802	1.096647922566744	0.1245006177608724	-0.5780095180673789	0.49065628677285555	-0.03776040367983948	
10.690029585048642	0.9905368898431348	0.07625383330418861	-0.6575793517765464	0.5326301857399093	-0.22984455416437316	
10.828091317539066	0.844855957068438	0.021111608412432495	-0.728396010321608	0.5715814622139717	-0.42350757054676363	
10.945496391120532	0.6608868470093544	-0.03938453408327272	-0.7857879845308225	0.6075713954755673	-0.6185897893502315	
11.040216986357922	0.44111019288187503	-0.10336209665081747	-0.8254507839447991	0.6406001699779662	-0.814820366571378	
11.110804364011956	0.18919185656968013	-0.1687195268260075	-0.8436168116007947	0.6705744672367873	-1.0117890234328388	
11.156550096801302	-0.09009678776692827	-0.2332558777760786	-0.8371860896108946	0.697291520392953	-1.2089294949775171	
11.177629200499803	-0.3909782055804293	-0.29479637470549297	-0.8038324513884763	0.7204368639972047	-1.4055106393255004	
11.17521155341965	-0.7067976228380287	-0.3513118801407239	-0.7420914158265282	0.7395937278847138	-1.600634489867455	
11.151532673222412	-1.0301889626838234	-0.4010320334342447	-0.6514391680386492	0.7542643893867644	-1.793240723987394	
11.109855770769752	-1.3533068887547801	-0.4425323682391348	-0.532332083155336	0.7639063957184149	-1.982123407217837	
11.054311587088456	-1.6680902444391945	-0.4747769334323116	-0.3862002776057232	0.7679753344770636	-2.1659573461499306	
10.989665529561497	-1.9665311196142712	-0.4971306718892365	-0.21542590644026285	0.7659678657367291	-2.343328386975788	
10.921012498015308	-2.2409589049231995	-0.5093434187680149	-0.023299659945011306	0.7574644288280272	-2.5127694916063037	
10.85339711513981	-2.4843502437383918	-0.5115046114690813	0.18604723111621263	0.7421704217532535	-2.672804988386041	
10.791430624563656	-2.6906093796997443	-0.5039644272666164	0.40776636130461064	0.7199439258536928	-2.8220000508311744	
10.738978018088659	-2.8548140324094287	-0.4872526504196174	0.6364275948665717	0.6908119552650124	-2.9590092071436382	
10.698915313228976	-2.973435540364132	-0.4619992962455266	0.8661705029313369	0.6549778311805111	-3.082624499599162	
10.67295771428399	-3.0445459852268515	-0.42885889124274523	1.0908792196669053	0.6128210554966973	-3.191825474123807	
10.661612864390568	-3.067959932923418	-0.388445727566012	1.3043918487686068	0.5648852277035944	-3.285824785879879	
10.664268553041756	-3.045266253565432	-0.3412940618991607	1.500715217106523	0.5118563069728922	-3.3640995794420965	
10.679341155421469	-2.979806691114157	-0.28784033545360976	1.6742341985397464	0.45453937017980367	-3.4264152734222444	
10.704479232225207	-2.8765883149753044	-0.22842501888091593	1.8199206519749371	0.39383292531727965	-3.472840772791287	
10.736816276835157	-2.7421220080559614	-0.16331646760076	1.9335496054571604	0.33070101929278745	-3.5037553080806068	
10.773251438398965	-2.584132056128195	-0.09275787113167303	2.011865707909205	0.2661437042618229	-3.5198319756228744	
10.810688772368726	-2.411232825909042	-0.017023012670214697	2.0527055619162287	0.20117149375302634	-3.522011463504627	
10.846236909754763	-2.232581829516213	0.06352479376472321	2.0550861271543392	0.13678239849445836	-3.511468654420968	
10.877372643114288	-2.057499924182445	0.14837247612308274	2.0192647808374105	0.07394010244542096	-3.4895719983796547	
10.902052161424264	-1.8950575849287146	0.23680706941809876	1.9467392512156316	0.013553367824907596	-3.457832010780023	
10.918755578100097	-1.753695157663066	0.3278948834107943	1.8401688135799386	-0.043540634064518066	-3.4178454166838512	
10.92649929865398	-1.6408853758302884	0.4204851581832346	1.703270603912791	-0.0965910499546377	-3.371242769448268	
10.924822835740933	-1.5628300721419661	0.513238964886644	1.540681322787949	-0.1449463491328296	-3.3196364850404643	
10.91375552650998	-1.5241808474403749	0.6046879243545246	1.357781310170928	-0.1880665048795992	-3.264567012582232	
10.893746600044752	-1.5278803305699218	0.6933247183296574	1.1604612555780598	-0.22552857744893823	-3.207453631848472	
10.865584245056509	-1.575097349264518	0.7777018911003692	0.9548867670072352	-0.2570287799201177	-3.1495535104181775	
10.830310307525897	-1.665227757733447	0.8565320475790195	0.7472645596938328	-0.28238295913414974	-3.091926663833499	
10.7891310344622	-1.7959581130859983	0.9287887529037699	0.5436024967794296	-0.3015261797743871	-3.03540545352098	
10.743328184588924	-1.9634280871217986	0.9937965263505963	0.34946836933637376	-0.3145101529295311	-2.980573609492394	
10.694190227642364	-2.1624988693129894	1.0512818816481528	0.16979347027047487	-0.321496691901416	-2.9277635781412465	
10.64297061796707	-2.387039368039096	1.1013964741276943	0.008712649168405456	-0.32275172212314607	-2.8770612624615577	
10.590868600191754	-2.6302413062195935	1.1447132837264504	-0.13056342189163195	-0.3186384095993776	-2.828318932578506	
10.539034151115045	-2.8849654127595765	1.1821960388046873	-0.24585126258341877	-0.3096095044821012	-2.7811753557190606	
10.488598697057213	-3.1440998523401746	1.2151275297677313	-0.33602157028629626	-0.2961951424991926	-2.7350901466396325	
10.440718237349179	-3.4008670957672757	1.2450204261594493	-0.4009754986825056	-0.27898914725598095	-2.6893811279127227	
10.39662041585126	-3.6490863580434074	1.2735184362098064	-0.44159208046664206	-0.25863432600879377	-2.643261561311132	
10.35765248209376	-3.8834011718832344	1.3022847045785169	-0.4596458462020433	-0.2358057888883384	-2.5958782511454537	
10.325322232482678	-4.0994566419755145	1.3328753128069648	-0.4576809798252693	-0.21119112761615869	-2.5463507986250584	
10.301314638740413	-4.293973805772609	1.3666201186080278	-0.43883912114982665	-0.18546968347601156	-2.4938069451989096	
10.287488351322157	-4.464768874647533	1.4045182420264979	-0.40668803106398466	-0.15929318349659435	-2.4374113616914395	
10.285852081531633	-4.610722430913105	1.4471478558783561	-0.36504340961579435	-0.1332673151604086	-2.3763899208226755	
10.298517312044691	-4.731706112754886	1.4945888028521945	-0.3177808692608873	-0.10793360443353249	-2.310050663854595	
10.327621347332038	-4.828437598051205	1.5463888846202611	-0.26864916286654317	-0.08375566518791323	-2.2377971955856095	
10.37523513860277	-4.902315198446738	1.6015716040701768	-0.22111424416060227	-0.061110914821757886	-2.159135159037468	
10.443260945205353	-4.955256242789975	1.6586703014061612	-0.1782281239499922	-0.04028582675616632	-2.0736751065487193	
10.533317458281156	-4.989535217314405	1.7157899228606894	-0.14251700259503206	-0.021474646764422015	-1.9811323066300655	
10.646611512368255	-5.007621360786612	1.7707038290235428	-0.1158930300662874	-0.00478268375069133	-1.8813230938292946	
10.783827834801233	-5.012029431109378	1.8209833768608394	-0.09961991526580634	0.009763413849549148	-1.7741557213632357	
10.945032021658928	-5.005195533673642	1.8641306135889022	-0.09430424451237332	0.022203657153096395	-1.659621334219557	
11.129587453671238	-4.98936669271273	1.8977156334673777	-0.09991108715511458	0.03263079049548878	-1.5377845179224676	
11.336080342428733	-4.966496709545982	1.9195218054349763	-0.11580065139301456	0.041174547514067024	-1.4087739141295015	
11.562286523346383	-4.93816214521689	1.9276807632819726	-0.14080744785465285	0.04798391917875969	-1.2727714466214006	
11.805176407219587	-4.9055075266702985	1.9207748545846006	-0.1733412039383006	0.053211004429406156	-1.130002587862368	
12.060937042591233	-4.86921013312154	1.897914696686021	-0.21149278176952138	0.05699690820703576	-0.9807287678208894	
12.325015832442979	-4.829465344408373	1.8587921430077037	-0.2531489739567048	0.05945904183921633	-0.8252415424034134	
12.592195026502228	-4.785999037835395	1.8037015531161862	-0.29611767841036657	0.060679783137462286	-0.6638591674938908	
12.85672435115224	-4.738125558289586	1.733500799963225	-0.33824866613974314	0.0606988095839549	-0.4969259905070219	
13.112473359391558	-4.684820044405568	1.6495462932306013	-0.3775322775284727	0.05950774148268487	-0.3248151873660512	
13.35313149498533	-4.624806941281008	1.5536033001827736	-0.41218436582851403	0.057046299666649626	-0.14793530116425177	
13.572464812256083	-4.55666286758748	1.447734041125858	-0.4407173507046204	0.0531997803075568	0.03325934337122094	
13.764566365615137	-4.47891928884013	1.3341704732638968	-0.4619641819873275	0.04780178348661096	0.2182607157451131	
13.924468957176472	-4.390232464532605	1.2151561226591896	-0.47515469979687985	0.04063652411089478	0.40647813204395755	
14.047908168031448	-4.289374035678693	1.0929019778212326	-0.4797671069260327	0.0314604414384274	0.5972655852786075	
