14.481816379201248	-2.2219990496493534	-0.1223484230092381	2.5130385030736	2.133626283832007	1.9972458136235531	
14.461606216566015	-2.0592397572935925	-0.236754146729346	2.509416462831347	2.208378985771195	2.0022428041832985	
14.382119683732668	-1.9032646351857672	-0.33533057790650955	2.484371224986969	2.2748344314851625	2.006314909940816	
14.242237378445765	-1.7568431232714907	-0.41897327203674634	2.4389462886149227	2.332272907660195	2.010922052795222	
14.042472107086208	-1.6224669335824975	-0.4887986891677012	2.374656290491628	2.380076174465681	2.0172931968325116	
13.785775197919682	-1.5021316648071001	-0.5462233167136581	2.293709347004543	2.417794349731078	2.0262738033131695	
13.47690593473678	-1.3972809623762583	-0.5928153622331853	2.198802325896007	2.445141252696982	2.038335492747382	
13.122260520235757	-1.308737909695025	-0.6302222895939087	2.093049368043556	2.46200824397795	2.0535427635971972	
12.729494711529819	-1.2367063760565407	-0.6600794802342351	1.9798457368991766	2.468459114845532	2.071563677148328	
12.307169515941386	-1.1807977042843183	-0.6839336846355069	1.8627335597505874	2.464720720943948	2.091692360528466	
11.864412757717172	-1.1400795647107729	-0.7031820745708993	1.7452681448756222	2.4511693251218163	2.1128842789022015	
11.410576096985427	-1.1131419503411335	-0.7190246912611788	1.6308768624392491	2.4283128144768806	2.133805343378034	
10.95490870485271	-1.0981839665854614	-0.7324442565673482	1.522724744393891	2.3967666142310207	2.1529007679881866	
10.506284666229854	-1.0930999859212105	-0.7442130382894735	1.4236030853381172	2.357227994503724	2.1684710927476267	
10.07297372580772	-1.095555981535499	-0.7549166686480252	1.3358348351126164	2.3104514219751757	2.1787482507737326	
9.662446042217338	-1.1030608101543864	-0.7649928816355759	1.2611956352521647	2.257223957745193	2.181973219913303	
9.281201273108957	-1.1130347604157083	-0.7747830885621578	1.2008469507196984	2.198340357174696	2.1764762456236366	
8.934665960069278	-1.1228777436777013	-0.7845906344053258	1.155308632221525	2.1345794172480486	2.160749257105609	
8.627132956246156	-1.1300329310737116	-0.7947297836323036	1.1244536067499433	2.0666837584363775	2.133505767559979	
8.361729743553417	-1.1320503035303118	-0.8055622266853607	1.1075193101502379	1.9953420559208137	2.093731237186564	
8.140410890711753	-1.1266541171984694	-0.8175182048587444	1.103135096170891	1.9211731308980737	2.040725542272027	
7.96398271159818	-1.1118173336249402	-0.8310954093096773	1.1093719707468102	1.8447124375253405	1.974135045773192	
7.832184591979775	-1.0858310495398205	-0.8468321316975266	1.1238236371073353	1.7664046050947229	1.8939625127108795	
7.743780195297619	-1.0473720526021042	-0.8652646504432986	1.1436932590738598	1.6865992709950595	1.800568345110309	
7.696667673845159	-0.9955653746812402	-0.8868738661595381	1.1658905715208798	1.6055504034711698	1.6946623834616679	
7.688007581374188	-0.9300426001160428	-0.9120236072208623	1.1871403265448575	1.5234187489659452	1.5772884629674573	
7.71438679028808	-0.8509748626249413	-0.9409016030995867	1.204105354221566	1.440280182499221	1.4497934161867214	
7.771996436001083	-0.7590680159305897	-0.9734799800639133	1.2135069131905054	1.3561388894076138	1.3137840089761552	
7.856801455590438	-0.655534121605851	-1.009495246200283	1.2122372215369506	1.2709421331963766	1.1710806457271692	
7.964705267063182	-0.5420367798508952	-1.0484500355145678	1.1974661556046404	1.1845968941394227	1.0236645030930094	
8.091707137089388	-0.420611871768267	-1.0896394387887312	1.166745664224982	1.0969880418311424	0.8736163516591934	
8.234031110756483	-0.29356207633613746	-1.1322089926642345	1.1180916150497469	1.0079967179932323	0.7230454112172752	
8.38821331381111	-0.16335953551324842	-1.1752254975050171	1.0500441301424968	0.9175152943165038	0.5740182881097883	
8.551158157564473	-0.03256713307612899	-1.2177503759948871	0.9617148815503078	0.8254586929326159	0.4284883080679052	
8.720168278026872	0.0962181313217655	-1.258910566891875	0.8528231413710998	0.7317718573633901	0.28822447384566313	
8.892950485713254	0.22039272273558036	-1.297958104517496	0.7237209852439589	0.6364322845632896	0.15474056495121102	
9.06759176088653	0.33734595035879383	-1.334297996112977	0.5753867279348696	0.5394459129366381	0.02924211876818827	
9.242528040090395	0.44444908075120765	-1.3674854572868411	0.40941017285133574	0.4408390092148547	-0.0874119104623565	
9.416505223466686	0.5390503493815169	-1.3971965685160084	0.22796688900219617	0.340647147363852	-0.1947326587897129	
9.588532066172517	0.618490257390662	-1.4231732264469135	0.03378251781098701	0.238901826391967	-0.2926107452378565	
9.757816910987613	0.6801590736473756	-1.4451436286921366	-0.16992593192395405	0.13561600402524485	-0.3813015820798043	
9.923694033209282	0.7215999615090534	-1.4627383905151643	-0.37953292925956517	0.03077228659417766	-0.4613846725342867	
10.085556189478433	0.7406455729422261	-1.475415648230117	-0.5910944012960362	-0.07568528523115262	-0.5337134308933574	
10.242800234174833	0.735577539490253	-1.482400502389746	-0.800450838764271	-0.1838552443078417	-0.5993547706860968	
10.394799784223979	0.705305633708434	-1.4826444193715285	-1.0033469316335237	-0.2938774813225624	-0.6595202744578709	
10.540930345865915	0.6495157092214751	-1.474826490736515	-1.1955679332860523	-0.40592353132285025	-0.7154904622727054	
10.68064825113701	0.5687524816089355	-1.4573951061705528	-1.3730734495222983	-0.5201794961925225	-0.7685468676323286	
10.81360233958873	0.4644432211777624	-1.4286390701000233	-1.5321272554202476	-0.6368229535929415	-0.8199134946523069	
10.93975964277433	0.33885725180293247	-1.3867868366425287	-1.6694240050911517	-0.7559935881403721	-0.8707063431389075	
11.059517903873875	0.1949950283740129	-1.3301352744473376	-1.7822149927734585	-0.8777560947514759	-0.9218905290923718	
11.17373341023659	0.03640142926707337	-1.2571883286741719	-1.8684008361505493	-1.0020617194849808	-0.974252919081668	
11.283657254621115	-0.13302785992909183	-1.1667850358421037	-1.9266009675682756	-1.1287118350911594	-1.0283844743661312	
11.39079329268201	-0.309232041904237	-1.05821361578718	-1.956203777049325	-1.2573245665560704	-1.0846689568434058	
11.496683949412576	-0.4881542829608825	-0.9313100052959007	-1.9574006173256067	-1.3873047876834845	-1.1432759809667326	
11.602638581974546	-0.6658805160744617	-0.7865261488914286	-1.9311927965368045	-1.5178224781476113	-1.2041602750735596	
11.709479462299482	-0.8387282401440583	-0.6249429832403377	-1.8793543168663813	-1.6478090313930172	-1.2670714452339005	
11.817339666436993	-1.00330246500315	-0.4482529445315379	-1.8043814430313803	-1.7759639035639745	-1.3315666714069816	
11.925521783744468	-1.1565336627291507	-0.25871248852708795	-1.7094231438500218	-1.9007731269401196	-1.3970284005238764	
12.032424703688573	-1.2957122125870237	-0.05906847400151059	-1.598193932147162	-2.0205401399512675	-1.4626869563874083	
12.135583537282326	-1.4185235149895912	0.14755105378179126	-1.4748532090503694	-2.1334354551781325	-1.527652566263256	
12.231806478009194	-1.523090064652627	0.3577591566772626	-1.3438694801065703	-2.2375576251652243	-1.5909515346943635	
12.317364064477069	-1.6080262902886364	0.5680319847983245	-1.2098822544765955	-2.3309998013612745	-1.6515625085350205	
12.388225112753599	-1.6725003463967316	0.7748346455414783	-1.0775569994530525	-2.4119227282892317	-1.708453632164187	
12.440335309208043	-1.7163026900660254	0.9747553904695692	-0.9514293787557508	-2.478636226387126	-1.7606208774204224	
12.46990496217641	-1.7398833006313115	1.164636457838562	-0.8357549282560214	-2.5296766324645517	-1.807123236158365	
12.473660111903596	-1.744359799345807	1.3416901355867832	-0.7343778376412122	-2.563873424523376	-1.8471119256706874	
12.449057492907835	-1.7314969659918513	1.5036003944673417	-0.6506153438143939	-2.580406045303746	-1.8798552167229685	
12.394463365612035	-1.703653827353159	1.6486080892803874	-0.5871564161562705	-2.57885076482394	-1.904759768130807	
12.309283215362253	-1.6636880674856367	1.7755682469731573	-0.5459809288872438	-2.5592128751671384	-1.9213880022124488	
12.193996729298073	-1.6148172647561543	1.8839487804334394	-0.5283299770384511	-2.521927288714884	-1.9294659838688908	
12.050142353694627	-1.5604756395550194	1.973796511033758	-0.5347012644489464	-2.4678445572118566	-1.9288879079331043	
11.880255028861344	-1.5041690370958953	2.0456746199307276	-0.5648693564983474	-2.398201951626192	-1.9197172302375671	
11.687763441207688	-1.4493320085521553	2.100578187433988	-0.6179258407000614	-2.3145815302169463	-1.9021859242725403	
11.476828773687886	-1.3992000396409192	2.1398290432188225	-0.6923524977379175	-2.2188481593335685	-1.8766885894042076	
11.252149545393053	-1.356720661652826	2.1649757198341804	-0.7861152977688215	-2.113076456667808	-1.8437719295989619	
11.018766372749129	-1.3244972718751438	2.17771501001274	-0.8967543804709754	-1.9994788639046481	-1.8041245954763796	
10.781862435342923	-1.304761942558927	2.1798308686571146	-1.0214729926718913	-1.8803328391199654	-1.7585659826024775	
10.5465601396436	-1.299372616655254	2.173150784906767	-1.1572209695823723	-1.7579072867544596	-1.7080346401945379	
10.317733624061717	-1.3098396473706437	2.159516577429666	-1.3007728231948896	-1.6343945342486879	-1.6535724590379532	
10.099862685815156	-1.3373573859518075	2.1407649721400346	-1.448788406072667	-1.5118561891259878	-1.5963078320278288	
9.896923981358787	-1.382828998295325	2.1187117200714	-1.5978609727947088	-1.3921798636827871	-1.5374377012433875	
9.712320128172689	-1.4468813510748506	2.0951361988703083	-1.7445583400581597	-1.277045239694409	-1.4782067192382222	
9.54885366152878	-1.5298634298399807	2.071764228509764	-1.8854628233122641	-1.16789877498931	-1.41988096333375	
9.408768403029507	-1.6318327271302624	2.0502514824180103	-2.0172137924439943	-1.0659450357178706	-1.3637153700464673	
9.293819739218444	-1.7525246264423904	2.0321664471333984	-2.1365564722752612	-0.972143772989017	-1.3109172504140858	
9.20536201346539	-1.8913121208695822	2.0189719337345045	-2.2404005450503863	-0.8872107991938255	-1.2626052528204126	
9.14444301278214	-2.0471583915129514	2.01200295250679	-2.3258935447485554	-0.8116200977789287	-1.219762027575372	
9.11189525033476	-2.218577516876958	2.012440488974738	-2.3905088110407746	-0.7456092392262251	-1.1831823073896919	
9.108401465863784	-2.4036254810873694	2.0212851321842735	-2.4321304642773423	-0.6891897227640946	-1.1534269448836156	
9.134521721249328	-2.599911671347243	2.0393276854528217	-2.4491363381164084	-0.6421546602510664	-1.1307808919448272	
9.190684831948392	-2.8046350705231595	2.0671186833631405	-2.4404734743196483	-0.6040864199302584	-1.1152171586635735	
9.277136499113364	-3.0146465497363666	2.104934960342924	-2.4057277285298397	-0.5743630197392855	-1.106365322888031	
9.393845681216934	-3.226548904342842	2.152754799477924	-2.345158040410282	-0.5521700103017	-1.1034991529876435	
9.540386463727275	-3.43681521375765	2.2102443979079425	-2.2596935639139684	-0.5365155691838638	-1.1055425955376221	
9.715805467727256	-3.641914518164377	2.2767517829384403	-2.150906483429899	-0.5262466239147008	-1.1110871406752463	
9.918483649303765	-3.8384441778718257	2.351310595690954	-2.0209563493048144	-0.520068168050042	-1.1184228961389486	
10.145997692968827	-4.023267862482532	2.4326547411549453	-1.8725025697431315	-0.5165670118182276	-1.1255853661479271	
10.395038374154264	-4.193629909703025	2.519253551222748	-1.7085731700378683	-0.5142436112866728	-1.1304249048771633	
10.661382201215087	-4.347236580412519	2.609350932069943	-1.53242387381	-0.5115457407654842	-1.1306829201098643	
10.939917334817817	-4.482306338585955	2.7010047441140244	-1.3473919158129137	-0.5069045561925545	-1.1240739062630494	
11.224730825806876	-4.597588870592177	2.79212391325027	-1.1567458646546749	-0.4987742176996164	-1.1083743221586306	
11.509283444356674	-4.6923428748397615	2.880500809570251	-0.9635376465894195	-0.48567607049306954	-1.0815177975559431	
11.786674030731032	-4.766267233456871	2.9638370472964692	-0.7704864242391508	-0.4662411910437216	-1.0416802804029426	
12.049946793113264	-4.819418959351992	3.039762501402498	-0.5798950328927429	-0.4392509421925743	-0.9873544846112349	
12.292442213560928	-4.8521224422148475	3.1058545521652805	-0.39359727729948385	-0.4036755534110947	-0.9174138027993972	
12.508202067374615	-4.864878227066365	3.1596638300144733	-0.2129343868546633	-0.3587125875279007	-0.8311686252722805	
12.692399830574368	-4.85828310484852	3.1987572263537514	-0.03877706453000042	-0.3038174569268118	-0.728400514214206	
12.84172691157012	-4.832984477309456	3.220781420108248	0.12841644920029316	-0.2387208078005785	-0.6093707388973413	
12.95473720221901	-4.789670526976794	3.223547312576307	0.2885292347939405	-0.16343774898997973	-0.47481694931251994	
13.032128194415412	-4.729090249252726	3.2051357147252215	0.44170358402017024	-0.07826624675032162	-0.325936031428071	
13.076939144228087	-4.652100617533536	3.1640299578586935	0.5882529097064444	0.016226583898694146	-0.16435500042647538	
13.094502894338055	-4.559718204191873	3.099245349388072	0.7285736982607955	0.11924189625263334	0.00792418368334848	
13.092175924067824	-4.453153011279899	3.0104339484568494	0.8630735042794888	0.22979764893690777	0.18858899100783977	
13.078876193238376	-4.333819868004641	2.8979580684479935	0.992112441700589	0.34678249989679977	0.37508742803926026	
13.064422832139318	-4.203324735168531	2.7629245712049872	1.1159560326712448	0.4690128844557696	0.5647081962784358	
13.058663094991303	-4.063421780691253	2.6071634873341907	1.2347397040795942	0.5952890130597347	0.7546733046481391	
13.070540052433666	-3.9159460533669077	2.43313091010099	1.34845135448273	0.7244379649810647	0.9422357855716951	
13.10725932980631	-3.762741574832925	2.243786837355796	1.4569251646465349	0.8553390197173816	1.1247717497954495	
13.173586184870052	-3.6055892472971065	2.0424577930815464	1.5598442040599454	0.9869343042600018	1.2998679533592696	
13.271294758812523	-3.4461376225346445	1.8326936666851208	1.6567500102509007	1.1182259310719251	1.465406540001385	
13.398906085041123	-3.285847243134421	1.618128041848145	1.7470610669571995	1.2482601016404757	1.6196371577555961	
13.551789929145732	-3.1259631247187465	1.4023626699670304	1.830097747369565	1.3761056280691704	1.7612223410399896	
13.722468551190362	-2.9675096550610243	1.1888766707656393	1.9051079529803532	1.5008341543408696	1.8892653652901714	
13.901122364523548	-2.8113083957351983	0.9809458429016596	1.9712966549750446	1.6215045854874086	2.0033214047468433	
14.076276618035772	-2.6580189952425854	0.7815638879901615	2.027860622337569	1.7371544325278072	2.103393345189529	
14.235575930812788	-2.508199777416596	0.5934020845789042	2.0740195742512237	1.8468003998785227	2.189881582910543	
14.366875428983883	-2.362396408900121	0.4186529418420554	2.1090888657237636	1.9494574198938945	2.2635716310097718	
14.458465038372251	-2.221172502380183	0.2591780803800513	2.132462209605297	2.0441456676561742	2.325474706650616	
