13.383155674692835	-5.306516128007433	3.554408607096932	0.3189767198220402	0.0374990975190648	-0.52868051633462	
13.375530076013074	-5.23492051095513	3.488534348621622	0.5036256090418246	0.12263477368311386	-0.3687509989981386	
13.340824290808559	-5.1367770727222934	3.395001848681316	0.6838604311218588	0.21460839833561152	-0.19633761845304537	
13.287988241885408	-5.01482574876815	3.2736860952529527	0.8586727716745641	0.31302767978204327	-0.014108281757354933	
13.226727373661163	-4.872021363348989	3.1251322602344787	1.0271219408274381	0.41742246226531793	0.17508357037691344	
13.167689341564246	-4.711605822710967	2.9510134542198023	1.1883612606542824	0.5272127199686033	0.368128744351349	
13.121413652950357	-4.536866480305694	2.7539520729055598	1.3415703927416582	0.6417803098916398	0.5618525250748689	
13.097542159921732	-4.351005431829447	2.5374473598566634	1.485917565964548	0.7604986214705904	0.7531240797051767	
13.104014876373155	-4.157020097735128	2.3056839347916216	1.6205230929465733	0.8827532740983985	0.9389748987914712	
13.146363051369406	-3.9576160568377063	2.0633131645537057	1.7444326409136748	1.0079475506669464	1.1167084794765934	
13.227117464506877	-3.7551558847893234	1.8152175887061697	1.8566029678704372	1.135490910053565	1.2840015865220429	
13.345429937122454	-3.551653123297889	1.5662536739781843	1.9559065278246226	1.264769971761648	1.438994280756407	
13.497117667567155	-3.3488220903808936	1.3210346874318972	2.0411616465192557	1.3951108793032032	1.5803367946837013	
13.674915979558138	-3.1481458946701664	1.0837635270378354	2.111178450288704	1.525742910119038	1.7072149251797268	
13.868923669199397	-2.9509566758473804	0.8580993370027068	2.164819751889082	1.6557659756234941	1.8193551470986775	
14.067257168216944	-2.7585230159217473	0.6470501038916109	2.2010819879464525	1.784125065707886	1.9170095359802384	
14.25692045681432	-2.5721253828850954	0.45292707271787863	2.219181487546572	1.9096079165871185	2.000895340087276	
14.424638225659004	-2.3930998757723296	0.27733041192365027	2.2186341800225224	2.0308606830858627	2.0721207318555863	
14.557641704841114	-2.2228547528610862	0.12115117462000732	2.199329908254935	2.1464168785517264	2.1321021669015643	
14.644437674592506	-2.0628575586438838	-0.015415293745233911	2.1616053970491076	2.254741039108872	2.182470096618465	
14.675466585021399	-1.9145836762319848	-0.13282070307281849	2.1062951964822747	2.3542893472373656	2.224958146055784	
14.643521559115703	-1.779440143678338	-0.2320852005497585	2.034747466665228	2.443573158993909	2.2612968566149574	
14.54402272655578	-1.6586792949913418	-0.3147131025760786	1.9488232118366875	2.5212199483254136	2.29311836054961	
14.375170276464408	-1.553303447070279	-0.3825941462140553	1.8508764224054883	2.5860335551395384	2.321866122103567	
14.137951711242893	-1.463964223954998	-0.4378809240807658	1.7437060509226696	2.6370522965735184	2.3487104230534634	
13.83590398861243	-1.3908918393012732	-0.48284759157310103	1.6304651755754502	2.67358546143295	2.374493823503699	
13.474824095723124	-1.3338481621149363	-0.5197587229547151	1.5145599317055098	2.6952367649572073	2.3996964527862863	
13.062428164611108	-1.2921025143992002	-0.5507434118499139	1.399534964728437	2.701916957412292	2.424417366416817	
12.607961141784177	-1.264431265634398	-0.5776707111245621	1.2889385313152324	2.693847514927501	2.4483699251493003	
12.121725400786014	-1.2491697807647535	-0.6020550248790644	1.1861757202522578	2.6715404778089185	2.4709108375742868	
11.614647192020092	-1.2442902209470852	-0.6250041080596764	1.0943760747470817	2.6357674691183983	2.491086324125333	
11.09788548499113	-1.2474884564852489	-0.6471979191263881	1.0162721385547193	2.587525102450655	2.507685955814463	
10.582455445001605	-1.2562812211798764	-0.6688976278735755	0.9540815613576772	2.5279954428277067	2.519306742827727	
10.078870862061956	-1.268112278502414	-0.6900014296044786	0.9094073929368134	2.4584975869980683	2.524432518971039	
9.596864830046774	-1.2804460034110074	-0.7101408101307253	0.8831846988094606	2.3804367672762115	2.5215161724419253	
9.1451627600903	-1.2908424524422377	-0.728785397123182	0.8756458191402237	2.2952590569236064	2.5090549598247693	
8.731289441045208	-1.297021123462787	-0.7453575834623445	0.886304089197636	2.204407833784788	2.4856635983036983	
8.361400191212416	-1.2969163447070975	-0.7593565641740463	0.9139561401646594	2.1092802868755642	2.450147737539833	
8.040217620547612	-1.2887118025445243	-0.7704642267611996	0.9567362266440301	2.0111906530712202	2.401560228077117	
7.771015266541648	-1.2708658296425916	-0.7786178454957151	1.0121820086475726	1.911341092816488	2.339243349735319	
7.555637029729913	-1.2421331167244383	-0.7840546932468286	1.0773109284947469	1.8107972709980542	2.2628616223718128	
7.394546080320518	-1.2015887853760658	-0.7873274794931903	1.1487092121175948	1.71046619246745	2.172429106483088	
7.286958464895129	-1.1486456313715896	-0.7892685123713618	1.2226487346478447	1.6110836427810635	2.068315744542278	
7.231019258977936	-1.0830671313382	-0.7909157999474433	1.295208284244607	1.5132114095905196	1.951236055145608	
7.223977580040704	-1.0049836618881325	-0.793422052087955	1.3623907210966764	1.4172384586177897	1.82223205918602	
7.262370536211938	-0.914910058310594	-0.7979462251867988	1.4202452796322178	1.3233864027797044	1.6826486225733122	
7.342221128835187	-0.8137563745459806	-0.8055309585098074	1.4649990162286965	1.2317222471932108	1.5340952520491082	
7.459224984368606	-0.7028106422956965	-0.8170000075949311	1.493173664189761	1.1421811734718745	1.3783907672137015	
7.608886763382467	-0.583711286465676	-0.8328838502060386	1.5016890277165056	1.054589228992931	1.217507675222083	
7.786620934598282	-0.4584072531842344	-0.8533701345993396	1.4879583536505934	0.9686872764640723	1.0535120035927814	
7.9878137158508515	-0.32910558052728855	-0.878281191804387	1.449983449797859	0.8841563074409652	0.8884948625849497	
8.207840789057808	-0.19820411086795414	-0.9071017350243976	1.3864136863930285	0.8006435692776148	0.7244996304200643	
8.442057331031469	-0.06823491812989732	-0.9390312028691121	1.2965827878139877	0.7177832589838273	0.5634565208872327	
8.685781345394382	0.05818056046296763	-0.9730477718224612	1.180534084864517	0.6352127737844975	0.4071222345138228	
8.934282678047133	0.17836585865762575	-1.0079825793868533	1.0390389113525955	0.5525852707013708	0.2570207745471548	
9.182803996624063	0.289613724566959	-1.0426003339768994	0.8735853035329695	0.4695769133309038	0.11439510635587363	
9.426629012205062	0.3892053478317991	-1.0756649674885437	0.6863354897244723	0.38588814192566956	-0.019819646815504063	
9.661189450288292	0.47443485506113275	-1.1059858054755656	0.48008110777864005	0.3012418334079398	-0.14501314984226443	
9.882211195294262	0.54264820385212	-1.1324480082802313	0.25818921922913146	0.2153792155132408	-0.2609072299346343	
10.085906776446526	0.5913130001044964	-1.1540242585461113	0.024532733000051255	0.12805403903744222	-0.3675512587058022	
10.269156507691415	0.6181184710842939	-1.1697641219989172	-0.21661054475768232	0.039026723675226	-0.4652923166948804	
10.42966614497411	0.6210949160074948	-1.1787751078324449	-0.46065904895102716	-0.05193924502397525	-0.5547406864605492	
10.566102495909728	0.5987461131567225	-1.1802008847589445	-0.7028363750659634	-0.14507859996615316	-0.6367298107560075	
10.678215555355878	0.5501995423622058	-1.173200350163992	-0.9382963798714272	-0.24062229034512353	-0.7122700600571549	
10.766887679364102	0.47532185345155264	-1.1569355556536534	-1.1622648706330003	-0.3387908715429258	-0.7824915705062861	
10.834127524689453	0.37477830847845967	-1.130573961836101	-1.3701746203308176	-0.43978380973427567	-0.8485897361060657	
10.883033072484476	0.25005220624806523	-1.0933021823474243	-1.5577961092253352	-0.543765051097782	-0.9117747115715615	
10.917713431138104	0.10342297128445486	-1.0443513990009468	-1.7213728143229878	-0.6508435999591357	-0.9732212387214584	
10.943120275382547	-0.06212298114720172	-0.9830342681851282	-1.8577523558008455	-0.7610485139620813	-1.034018930937894	
10.964772155364658	-0.2430410746160493	-0.9087824282530097	-1.9644786520870743	-0.8743039375855467	-1.095131501145343	
10.988430736111408	-0.4353786812423324	-0.8211830819428846	-2.0398681382674235	-0.990403489624968	-1.1573612718058826	
11.019718991419662	-0.6349291822969948	-0.7200152711999888	-2.083071220707103	-1.1089842368425762	-1.2213165524297018	
11.06366195931452	-0.8373859894853367	-0.6052884022249602	-2.094122740772135	-1.2294992723914289	-1.28737932265801	
11.124251163993511	-1.038475024476641	-0.4772697295217964	-2.073933636282118	-1.3512022216663184	-1.3556872304337326	
11.204095713565978	-1.234051178291689	-0.33650866963721043	-2.0242634495407485	-1.4731395038348527	-1.4261231673231198	
11.304150266656796	-1.4201756696958374	-0.18386043284308382	-1.9476777926458742	-1.5941495602675535	-1.4983112273370056	
11.423513553046513	-1.593186686830377	-0.020512857590406705	-1.8474910668854316	-1.7128695919643513	-1.5716187924506588	
11.559406533499844	-1.7497629723878139	0.15199685867904617	-1.727663844445032	-1.8277607386843366	-1.645177395196929	
11.70732122020738	-1.88698435332347	0.3317798746214634	-1.59267475805919	-1.937147572148624	-1.717918221080017	
11.861249352291786	-2.00240242987231	0.5166012732557806	-1.4473882561749887	-2.039264631180844	-1.7886129384640947	
12.01400032810809	-2.0941255090056563	0.7038989102224676	-1.296906843833221	-2.1323133614275074	-1.8559226387352086	
12.157636469902428	-2.1609178533693685	0.8908294902910474	-1.1463970804458576	-2.2145337921390484	-1.9184582131273393	
12.283976709778027	-2.2022704336767847	1.0743546073342918	-1.0009102741574138	-2.2842793160633903	-1.9748442308988896	
12.385069864900702	-2.218457352455264	1.25134451348374	-0.8652166073826723	-2.3400877443339843	-2.02377717202806	
12.453653872866752	-2.2105708525009584	1.4187007149989106	-0.743644996043732	-2.3807502538513288	-2.0640806498793056	
12.483616367518744	-2.180530897259906	1.573504170772927	-0.6399192675877154	-2.4053818806679383	-2.0947602424961644	
12.470344781566364	-2.1310154503443295	1.7131616328063644	-0.5570368248641037	-2.4134696458995095	-2.1150434329218077	
12.410948190725914	-2.0653487060900364	1.8355226185435158	-0.4971905067249352	-2.404900107313622	-2.124404952118925	
12.304394778494178	-1.9873650045082676	1.9389717978144152	-0.4617183972797063	-2.379973551047268	-2.122583311085492	
12.151578949867853	-1.9012437509998876	2.0225007576276566	-0.4510773622808199	-2.3394060289958527	-2.1095905897782963	
11.955253781181414	-1.8113100062644478	2.0857351669514395	-0.464870978465053	-2.284304382363672	-2.0857071918421908	
11.719834314447807	-1.7218427173969533	2.128912257399887	-0.5019334693773982	-2.2161150808475134	-2.0514613169627265	
11.451175126449654	-1.636907529712252	2.152846987396682	-0.5604249121323787	-2.1365675621293034	-2.00760671135563	
11.15630861752422	-1.5602056206002741	2.158887092401491	-0.6379440692456926	-2.0476081779083275	-1.9550968250934484	
10.843133835154784	-1.4949410759965822	2.1488585196091	-0.731662883079695	-1.9513214621706465	-1.8950546484919122	
10.520062256693056	-1.443750768670447	2.1249895720604632	-0.8384795797965139	-1.8498436791033182	-1.8287355170407633	
10.195700940484722	-1.4086744393504504	2.0898402320625125	-0.955150462753474	-1.7452859557081994	-1.7574947119743338	
9.878553665967768	-1.3911540394925666	2.046228148118402	-1.0784079289794803	-1.6396633862725851	-1.6827572497506376	
9.576723495566576	-1.3920569591613954	1.9971440309241266	-1.2050683331888319	-1.534826903929346	-1.605988541787796	
9.297653115561129	-1.4117424242726373	1.9456459286900787	-1.3321166050525948	-1.4324113414253212	-1.528665278734032	
9.047937197728118	-1.450141206642957	1.8947502776252396	-1.4567593143746056	-1.3338051145434744	-1.4522501671610528	
8.833181390047187	-1.5068319609867218	1.8473233282371502	-1.5764593308400823	-1.2401326209328598	-1.3781684338825997	
8.657898451109547	-1.5811165593010368	1.805967698802836	-1.6889577276277388	-1.152247289194718	-1.3077831311389458	
8.525468213581691	-1.6720940206052262	1.7729114867686666	-1.7922804353105168	-1.0707406260053063	-1.2423675348030825	
8.43819147580396	-1.7787206326474279	1.7499331529827042	-1.8847275818964309	-0.995969569122621	-1.1830784727668988	
8.397364009501528	-1.8998460138896271	1.7383102905279604	-1.964864470999663	-0.9280843927634675	-1.1309273605835892	
8.403369086439444	-2.034232541909121	1.7387908662313887	-2.031513889398957	-0.8670582827109002	-1.0867480908533398	
8.455777547269491	-2.180557575068186	1.751588570646918	-2.0837536068696334	-0.8127170875642616	-1.0511579557731459	
8.553463720311447	-2.3374071165338663	1.7764314550191203	-2.120909471911918	-0.7647706125861131	-1.0245250504318377	
8.694680763414226	-2.5032689205162386	1.8126304406975609	-2.1425525028943992	-0.7228356252787426	-1.0069394137558565	
8.877100613265966	-2.6765299127760827	1.8591597989493411	-2.1484975680084815	-0.6864528255765898	-0.9981868668475339	
9.097814719927914	-2.855481138368288	1.9147501552053783	-2.1388028019121115	-0.655098494400715	-0.9977234577632859	
9.353312221506574	-3.0383380243116935	1.9779952459755172	-2.1137575249145004	-0.6281926761240765	-1.0046651540928055	
9.639454154756429	-3.2232703338101403	2.0474466011977492	-2.0738578090220106	-0.6051043170552953	-1.0177961042655126	
9.951444574194028	-3.408433456648979	2.1216888494640056	-2.0197774255953425	-0.5851538714817766	-1.0355841427225332	
10.283810277082695	-3.592000092970683	2.1993995453499426	-1.9523314585883458	-0.5676148783942894	-1.0562064610619897	
10.63040995093892	-3.7721883670826566	2.279387165478919	-1.8724292759045935	-0.551715812018888	-1.07759187516762	
10.984512492944427	-3.9472753550090838	2.360592760545396	-1.781021549520928	-0.5366449047423356	-1.0974851034080992	
11.33890757039445	-4.115597311687993	2.4420668101916982	-1.6790535415038188	-0.5215562914632002	-1.1135144582948415	
11.686053199316328	-4.275539359596086	2.522925780722873	-1.567423432900801	-0.5055783390259326	-1.1232660913207622	
12.018275730777038	-4.42551454103915	2.6022853595895152	-1.4469462586081754	-0.4878255566379442	-1.1243697676452715	
12.328027903428707	-4.563936861945833	2.6791770286495744	-1.3183347056765604	-0.4674156789322436	-1.114589439675068	
12.608149041893554	-4.689200223001658	2.752470661674246	-1.1821972670636476	-0.4434884436833794	-1.091902315533963	
12.852158350141792	-4.799670669224274	2.8208056728048296	-1.0390494574483604	-0.41522825095721433	-1.0545770597589708	
13.054573930390598	-4.893693191835141	2.8825343141471373	-0.8893370199630919	-0.3818901267239287	-1.001249095568937	
13.211141238018895	-4.969614208863012	2.935705913421253	-0.7334697148845472	-0.3428201157057073	-0.9309580315102103	
13.31954145269047	-5.025888488434604	2.9780680792157677	-0.5718783854137018	-0.2975134997662986	-0.8432875589220413	
13.378701372548033	-5.061056797470944	3.0072011452386103	-0.4050184718048577	-0.245562379403828	-0.7381578361332906	
