13.073916715983543	-5.200969427689574	3.226789166484238	0.339826860883227	0.0843137355589073	0.1915250267650343	
13.06164116196492	-5.161881885250161	3.139093922661763	0.544795829502792	0.18098265811761388	0.3578498568386388	
13.028758222015602	-5.092734584031833	3.028584027268525	0.7578369494735251	0.282340773366568	0.5233712689068541	
12.98682221002068	-4.993265819917689	2.8941120149862787	0.9765767470422382	0.3881884190111948	0.6857992951486873	
12.948227638203186	-4.86396461565494	2.735587027167176	1.1982131224759456	0.4982697634639937	0.8429209310074882	
12.925289956047079	-4.706174580887688	2.554213892000898	1.4195363049566412	0.6122729481173274	0.9926755129987693	
12.928777502776976	-4.521962333808212	2.3523649976428254	1.637085683129513	0.7298408040409277	1.1332293594464646	
12.96672610878136	-4.314036750816906	2.133432373544114	1.8472455501461245	0.8505626883639786	1.2630530792581425	
13.04343418001777	-4.08562086359895	1.901558663511738	2.0463593790967702	0.9739572966497189	1.3809936994738095	
13.15888149729667	-3.8403368532433717	1.6613497101441146	2.2308305724286703	1.0994452927705922	1.4863355817491097	
13.308604767678126	-3.582101498466167	1.4175956582883926	2.397220028409202	1.2263190495732272	1.5788429362242065	
13.484044504453811	-3.3150373376460314	1.1750320453529344	2.5423386933758065	1.353717491830483	1.6587760695105112	
13.673273925712188	-3.0433944105978554	0.9381491819036658	2.663335814592675	1.4806133580849379	1.7268775449567002	
13.861978117719424	-2.7714738456440307	0.7110405510833282	2.7577841262881564	1.6058163046337768	1.7843290109393093	
14.034567059016634	-2.5035434787577633	0.4972759332973904	2.823762379453967	1.7279924525239492	1.8326799236867903	
14.175315809936613	-2.24373693875194	0.2997888433706305	2.8599355978642347	1.845698250086996	1.8737514986788624	
14.26944655514222	-1.9959294643148855	0.12077664872309957	2.8656326665186707	1.95742498457873	1.9095203239196006	
14.304087949960092	-1.7635887667009427	-0.03837808887348772	2.840918826086923	2.061649823991875	1.941986814812906	
14.269066189862745	-1.5496092457925852	-0.17714958250961332	2.7866579281983204	2.1568896076900907	1.9730342322527594	
14.157495294509424	-1.356152557854308	-0.29585660008727976	2.704555470885961	2.241754246261225	2.0042847581830343	
13.96613100666584	-1.1845329151974904	-0.39558263111901765	2.5971678829329634	2.3149961216735377	2.036963491156495	
13.695498279150621	-1.0351748662101035	-0.47803489005407473	2.467871169593725	2.3755532262333503	2.0717804547953023	
13.349804409291021	-0.9076577675036986	-0.5453557637583553	2.320781995753833	2.422584416964195	2.1088407121164034	
12.936658713987056	-0.8008449802969407	-0.5999083774861396	2.160629631156461	2.455495570923291	2.14759185330201	
12.4666298330418	-0.7130790528006957	-0.6440622826089194	1.9925837365138215	2.4739560473105495	2.1868154287127957	
11.952678432012565	-0.6424085344382949	-0.6800053511357919	1.8220483031138175	2.4779054207874904	2.22466542205682	
11.409505714985238	-0.5868018431034543	-0.7096046140815007	1.6544347922885312	2.4675509129365896	2.258753088624278	
10.852854372891114	-0.544305141487485	-0.7343325776025013	1.4949263540882687	2.443356372367362	2.2862740132924193	
10.298790317002592	-0.5131151837779832	-0.755269782006242	1.348245085240429	2.4060224900356135	2.3041713000642563	
9.7629985774363	-0.4915628758300911	-0.7731802878306164	1.2184339848563	2.356458941420654	2.309322030748066	
9.260115981030156	-0.47802593682906686	-0.7886429377042175	1.108660993607903	2.2957489601180745	2.298733913101691	
8.8031249171791	-0.4708000729057001	-0.8022124100017873	1.021053846624267	2.2251062318611887	2.2697395025233034	
8.402838574831357	-0.46796344005980145	-0.8145771710648537	0.9565747788374254	2.1458248862969667	2.220175139890059	
8.06750950944178	-0.4672690242216439	-0.8266804739699314	0.914943959302135	2.059224361009669	2.148533144282987	
7.802589611923068	-0.46609504616243247	-0.8397757645247449	0.8946196243562009	1.966592124559094	2.054078030056402	
7.610657698334003	-0.4614755495755717	-0.8553989260966133	0.89284038661894	1.8691283038551312	1.9369208042058905	
7.491519134554384	-0.45022340839432806	-0.8752546153645523	0.905734304892467	1.767897097826291	1.7980471570752827	
7.442468106917131	-0.4291406438306822	-0.9010342662782772	0.9284969490603576	1.6637907460829968	1.6392954742240375	
7.458663864558995	-0.3952898823085504	-0.934200710049834	0.9556272864427015	1.557509057043074	1.4632901082899525	
7.53357785370884	-0.3462912502987471	-0.975776932793412	0.9812121866085053	1.4495555930902106	1.2733329256478805	
7.659464276464451	-0.2806052507703914	-1.026173076118443	0.999245100583902	1.340249492070307	1.0732582298897413	
7.82781006019597	-0.1977664436571965	-1.085076457102519	1.0039605803612959	1.2297500496612728	0.8672584033907204	
8.02973200800907	-0.098540917796271	-1.1514180155534581	0.9901640244966441	1.1180900737280937	0.6596896264429528	
8.256306880444582	0.015010925402148517	-1.2234181257847276	0.9535353777630828	1.0052136734395827	0.45486869777390504	
8.4988413069989	0.13957666152164527	-1.2987065339882582	0.8908878739174303	0.8910144869770146	0.25687215271242103	
8.749102185649352	0.27074690761423653	-1.3745064282684376	0.8003585240613816	0.7753710083422579	0.06935109193612317	
8.999532171841906	0.40326965707679385	-1.4478605397430557	0.6815170354668847	0.6581760560212052	-0.10462612544045195	
9.243467604346982	0.5313780612757967	-1.5158741963971203	0.53539010135338	0.5393588736461188	-0.26269636340473973	
9.475356600612978	0.6491579204839317	-1.5759483416954894	0.36440148295521707	0.4188991342828261	-0.4032836280937272	
9.690956279250159	0.750915002040779	-1.6259739336193257	0.17223599708059054	0.29683278392640583	-0.5256370803144689	
9.887475402509954	0.8315065050392652	-1.6644619888902092	-0.03635914012178914	0.17325036476486225	-0.6298241198995677	
10.063628162194595	0.8866122682162485	-1.6905907054475757	-0.2558192287845569	0.048289071623532215	-0.7166797734038628	
10.219580055897149	0.9129355592698748	-1.7041624378506368	-0.4800364298432433	-0.07787969103161509	-0.7877161551042368	
10.356791132743695	0.9083319719468954	-1.705475496392251	-0.702649218195878	-0.20506508877760485	-0.8449967066833396	
10.47779292722027	0.8718675531760824	-1.6951321923773883	-0.9173309587947636	-0.3330711415616311	-0.8909833434283406	
10.58595936668385	0.803819491773167	-1.6738203157527256	-1.1180632298322304	-0.4617073384466542	-0.9283703476838212	
10.685311808762151	0.7056281529561179	-1.6421059048732123	-1.2993845599524019	-0.590792713672392	-0.9599162048469116	
10.780366148469898	0.5798077013318581	-1.6002727669711323	-1.4566058363708492	-0.7201510522613344	-0.9882850966123006	
10.875989034565142	0.429818969776039	-1.5482337360146727	-1.585985596745413	-0.8495960967477305	-1.0159078903970655	
10.97720101460897	0.2599054145115723	-1.485523089797714	-1.6848605091127187	-0.9789072845296971	-1.044869101461701	
11.088864246462126	0.07489444194900607	-1.4113632297519172	-1.751728508376808	-1.107798262462198	-1.0768224286022234	
11.215225467855598	-0.12002773237989056	-1.3247864640631655	-1.7862847555721173	-1.235881592297716	-1.1129338424209014	
11.359352958336281	-0.319551702519153	-1.224786657834992	-1.789406181507751	-1.3626344613713335	-1.1538522313149688	
11.522566884152404	-0.5184676706309861	-1.1104746625161361	-1.7630894681879001	-1.4873696503493388	-1.1997046068757484	
11.703974977450875	-0.7118595720551615	-0.9812215625927416	-1.7103471033380457	-1.609214810571477	-1.2501139950178335	
11.900208063960273	-0.8952626155058373	-0.8367825995133852	-1.6350644486388757	-1.7271027426322645	-1.3042402762293253	
12.10540884902481	-1.0647846284549265	-0.6774004780103614	-1.5418230733569096	-1.839775011214453	-1.3608436403579607	
12.31148173288599	-1.2171984542750778	-0.5038884880998025	-1.4356972568707234	-1.9458011188229007	-1.4183689009670728	
12.508574240485	-1.3500154078665367	-0.31769099508292886	-1.3220322703035616	-2.0436151586135547	-1.4750467655889072	
12.685738444517924	-1.4615485725178745	-0.12091353200642206	-1.2062140381351694	-2.131571043498652	-1.5290061483168966	
12.831714604480656	-1.5509673287173633	0.08369269505887215	-1.0934402478746785	-2.208016048053861	-1.5783904680673393	
12.935765420122406	-1.618334864470654	0.29280825989597115	-0.9885062441624766	-2.2713786491142782	-1.621468910489203	
12.988492477331699	-1.6646183621995687	0.5026897086510735	-0.8956155580656189	-2.320264062590583	-1.6567355074616978	
12.98257451548322	-1.691654269309674	0.7093769524723289	-0.8182238910406283	-2.353549523291284	-1.6829910930868466	
12.913366741668074	-1.7020548021470203	0.908947201659209	-0.7589253745054133	-2.3704701842282767	-1.6994045016613115	
12.779308649413329	-1.6990520943941265	1.09778846190179	-0.7193883876053803	-2.370686809167322	-1.7055510862736776	
12.582103950813247	-1.6862900900031852	1.2728602617868492	-0.7003452449738284	-2.3543279736318907	-1.701428226893143	
12.326659699486582	-1.6675864469308497	1.4319104732685282	-0.7016355751209729	-2.322002107594411	-1.6874488961536493	
12.020797778140022	-1.6466927928091737	1.573625055061252	-0.722298173088078	-2.274777868294283	-1.6644154196326848	
11.674764957282985	-1.6270848645571805	1.697693211242087	-0.7607043236099198	-2.2141324163667355	-1.6334746100334923	
11.300609654940587	-1.6118095788283862	1.8047889938741983	-0.8147150187871423	-2.1418738215540696	-1.5960590637170695	
10.911486019128832	-1.6034033385433712	1.8964763208537379	-0.8818454647260453	-2.0600444489305563	-1.553818485030075	
10.52093692819904	-1.6038834121997898	1.9750451425993047	-0.9594210237925095	-1.9708129532527885	-1.5085445820452004	
10.14220141636784	-1.6148006188137294	2.04329057344579	-1.044710342627108	-1.8763639143120339	-1.4620933997544843	
9.787584270637721	-1.6373326293138954	2.104252385094324	-1.1350260156988505	-1.7787944136155893	-1.4163086187157676	
9.46792051598098	-1.6723948418720804	2.160939317842545	-1.2277889686272683	-1.6800260427975684	-1.3729485918581927	
9.192161786495785	-1.720747778878022	2.2160682076835747	-1.3205586111272853	-1.5817385552156338	-1.3336185350322	
8.967111948830315	-1.7830826496321415	2.2718515248600264	-1.4110350995830194	-1.4853291846956758	-1.299708538934173	
8.79733064209003	-1.860069834182165	2.3298640905318186	-1.497043712151682	-1.3918983051227918	-1.272338127417052	
8.685192043656855	-1.9523640227128234	2.3910002872090326	-1.576513323998772	-1.302256567707749	-1.2523064054839201	
8.631079940399854	-2.0605677920268572	2.455518563479312	-1.6474588422246053	-1.2169479268238625	-1.2400481134188834	
8.633685231430873	-2.1851590700777312	2.5231563389762672	-1.707975163109683	-1.1362821161509598	-1.2355966887256853	
8.690361829425928	-2.3263897675531195	2.593288907803693	-1.756247304457818	-1.0603704325695493	-1.238556197475482	
8.797492337866505	-2.4841645068947305	2.665102204996459	-1.7905783979026915	-0.989159758266297	-1.2480845652875814	
8.950815959676236	-2.6579106985839323	2.737751231653807	-1.8094345884588225	-0.9224612033178349	-1.262890635103048	
9.145677873260754	-2.8464536511931624	2.8104823620472543	-1.811503867126488	-0.8599713609435173	-1.2812473605427646	
9.37717161788841	-3.0479173206904555	2.882704954840171	-1.795762000781867	-0.8012862203317516	-1.3010249792020265	
9.640165128171542	-3.259667885980024	2.954008740958287	-1.7615378121638232	-0.7459087034948689	-1.3197438192651259	
9.929227761975282	-3.4783146946327004	3.0241324678837835	-1.7085690262125226	-0.6932524011024055	-1.334647101756137	
10.23849631681129	-3.6997784316950475	3.092894186881768	-1.6370392416803545	-0.6426445764420765	-1.3427936572255663	
10.561534216107471	-3.91942864441976	3.160096771586504	-1.5475876402635458	-0.593331370772362	-1.3411692125804724	
10.891245477562634	-4.132284865736982	3.2254229353108204	-1.4412853876029355	-0.5444875681721927	-1.3268137660283044	
11.219900829800434	-4.333267877797718	3.288332509105497	-1.319576305812731	-0.4952322985356116	-1.2969611941593675	
11.539317588260971	-4.517481345827031	3.347971374813437	-1.1841839439831832	-0.44465089452036327	-1.2491862573386021	
11.841210502498104	-4.68049699251279	3.4030993455290375	-1.0369914139648733	-0.3918220161806054	-1.1815510986577142	
12.117688255319523	-4.818609379771879	3.4520422142409704	-0.8799076584169168	-0.33584768998352726	-1.092739788435205	
12.361837245863107	-4.929033288162799	3.4926698195451937	-0.714736997171089	-0.2758836809199856	-0.9821718416517639	
12.56831750341559	-5.010022281966642	3.52240469598348	-0.543068481695434	-0.21116813328975578	-0.8500840735352845	
12.733891511653688	-5.060896933970755	3.538268053335829	-0.366200570213433	-0.14104722399978206	-0.6975713835560576	
12.857820797120885	-5.081984192176831	3.536972085624105	-0.18511230017643077	-0.06499758832621487	-0.5265796904806002	
12.942090832429631	-5.074482232039425	3.51506822718317	-0.00048538869567305015	0.017354211166117378	-0.339848112734098	
12.991452146785864	-5.040274373408976	3.469158262137066	0.1872262355680759	0.10621537392983832	-0.14080227360581207	
13.013278563964352	-4.981717321726446	3.396168389903055	0.37768980531207286	0.20161557383793058	0.06659537153600772	
13.017224802155756	-4.901423913338919	3.2936669001050323	0.570565914597729	0.3034055420902929	0.2780293102875895	
13.014667012898204	-4.802055997695067	3.1601871451242176	0.7653778328848557	0.41126902976308555	0.4890331132987302	
13.017892396551112	-4.686135723138228	2.9955051174615868	0.9613916163658642	0.5247489195719177	0.6951984055106162	
13.03903822884745	-4.555888157964861	2.8008179215999283	1.1575177618711527	0.6432831259846487	0.8923800366757533	
13.088851370594146	-4.41313345524165	2.5787837149275847	1.3522426771311353	0.7662412938907263	1.0768876051881537	
13.17541307184725	-4.259246252146307	2.3334105680956716	1.543596245854434	0.8929518174576672	1.2456543607693764	
13.303020057057065	-4.095191758785216	2.0698120734493837	1.7291599564143247	1.0227110742080219	1.3963751081698967	
13.471406250365646	-3.921634340161801	1.7938711597267876	1.9061176760268923	1.1547720372756232	1.5276062383925915	
13.675460011132365	-3.7391008373548815	1.5118623379041656	2.0713496035713335	1.2883160418988737	1.6388184097485963	
13.905495411307955	-3.5481677444799855	1.2300834598067805	2.2215644333276967	1.4224172538155588	1.7303960962647893	
14.14800292171846	-3.3496382134977907	0.9545353381282115	2.3534561056994696	1.5560110824223214	1.8035853191526163	
14.386811848844872	-3.144688750657521	0.6906441331442484	2.4638872254123787	1.6878755965247247	1.860391780312914	
14.604375779176877	-2.9349466521765257	0.4430880180427372	2.5500440970039726	1.816634433310373	1.903433220051381	
14.78339082396868	-2.722544741883881	0.21555836538166234	2.6096669916674937	1.9407774435241467	1.9357617878837126	
14.907762221020308	-2.5100273026018254	0.0108169024108314	2.641084810796541	2.058710157813719	1.960654059631872	
