12.952368068569331	-4.9288632549754965	2.76467294609348	0.0796511693982132	-0.2880226263612508	-0.1776020577962429	
12.904989041793591	-4.919612127074279	2.748631508154947	0.24898045603225535	-0.22522070043999773	-0.012418977656363118	
12.827981384762968	-4.885330032409617	2.7063258204660254	0.42916026236916904	-0.15340404987988293	0.15773906430227574	
12.734446930994613	-4.825410122024178	2.634765409847098	0.6185918176703249	-0.07299802360089155	0.33058315772679037	
12.638660334712235	-4.739700036271146	2.5322049055619127	0.8151212271838235	0.015422693005122454	0.5037690040801425	
12.55525403001133	-4.6285632801997325	2.3986390885929993	1.0160140899748655	0.11116291905276662	0.6749562852682552	
12.497703553878788	-4.492808640277841	2.2359182198267096	1.2181056832323494	0.21348340520720552	0.8419005310655586	
12.477011066652734	-4.333668305532151	2.047767206311986	1.417896107002883	0.3216381469903062	1.0025307005999666	
12.500457759912853	-4.152765098305038	1.8395684888666457	1.6116811847262733	0.43489495893746766	1.1550304360054056	
12.570723110465147	-3.952103511984673	1.6179913060733124	1.7956778271040403	0.5525234511406173	1.2979113489331318	
12.685458034541478	-3.7340789019713	1.3905027302176551	1.966151978330545	0.6737569381888806	1.4300756384538418	
12.837396810447316	-3.5015021007488043	1.1648232242396959	2.11954406761408	0.7977369222944941	1.5508600445907432	
13.014975036466673	-3.257628511216866	0.9483903813088075	2.2525901110613304	0.9234550818136288	1.6600555651501094	
13.203341303031795	-3.006178148988017	0.7478769391045175	2.3624377680975273	1.0497068688799274	1.7579008319043243	
13.38563231152059	-2.751330751488449	0.568792409810336	2.4467560758202946	1.1750679235254933	1.8450478246376036	
13.544361992885507	-2.4976821450350757	0.4151870492399304	2.5038372069950254	1.2978998594669215	1.9225012469819174	
13.662783086402053	-2.250151398765573	0.2894683194679796	2.532688278128766	1.4163867912479633	1.9915349364431887	
13.726103650989089	-2.0138322915370965	0.19233449421319904	2.5331106074040584	1.5285993484797764	2.053590246415368	
13.722475847811612	-1.7937875446892375	0.122824849582922	2.5057630529384953	1.6325795354894856	2.110162257192188	
13.643707933729413	-1.5947914425801617	0.07848197015575374	2.4522036234962274	1.726437976408333	2.1626798254365096	
13.48566462683486	-1.4210426773562919	0.05561665286851551	2.3748976719998267	1.8084527602332048	2.2123875124647525	
13.24838377565722	-1.2758775266021225	0.04964606891375113	2.277186881956016	1.8771604722261246	2.2602370298104004	
12.93593979511685	-1.1615160224557919	0.055480535150553345	2.163209884151902	1.9314326526766772	2.306795189545624	
12.556086468261391	-1.0788747335345135	0.06792932617383982	2.0377682771430004	1.97053274992661	2.3521755987378308	
12.119714441269094	-1.0274742878856464	0.08209214146609523	1.9061378352959701	1.994150603609185	2.396000281266663	
11.640162638053784	-1.0054569186534508	0.09370259666765429	1.77383203425509	2.002413155820047	2.437395378283654	
11.132430515548055	-1.0097111828749976	0.09939407240877221	1.646331990920586	1.9958715596304775	2.47502234299536	
10.612344847623467	-1.0360831067398268	0.09686696680337964	1.5288005401941092	1.9754664464795502	2.5071430620918274	
10.095738621943358	-1.0796447076401774	0.08494081747248333	1.4258026102317762	1.9424729194355699	2.5317161395873287	
9.597704562428172	-1.1349805407227869	0.06349294395432317	1.3410541356168888	1.8984304508379368	2.5465161406402177	
9.13196004182056	-1.1964628762680147	0.033301026981952905	1.2772135995920446	1.8450632595321994	2.549266726102316	
8.710345115256905	-1.2585003697306227	-0.004186614911419232	1.2357280554579537	1.7841956652324797	2.5377791268265706	
8.342464563079018	-1.3157542519047487	-0.04712073863766948	1.2167418675261175	1.7176671617408286	2.5100869641708736	
8.035474701476518	-1.3633237037709987	-0.09352550103537514	1.2190728727373872	1.6472516156595454	2.4645692016992307	
7.794008304380375	-1.3969056847815076	-0.14154446748990074	1.2402571551902353	1.574584623266554	2.4000543975982875	
7.620224241075651	-1.4129342374167881	-0.18963323454115932	1.2766594538406861	1.501102455336265	2.3159016288001735	
7.513967215818358	-1.4086990487570474	-0.23668404595189493	1.3236442327375095	1.42799562704325	2.2120548743935364	
7.473021764121111	-1.3824337379692049	-0.28207788888571017	1.3757987729281222	1.3561803851749579	2.0890673270010685	
7.493422410156309	-1.3333695514996582	-0.325675266144394	1.4271893200718255	1.2862878143458958	1.9480982645899447	
7.5697920877849425	-1.261749932098548	-0.3677608221270209	1.4716371737264913	1.218669641713859	1.7908831772305887	
7.695679695688758	-1.1688061176709492	-0.4089576775159145	1.5030014537487246	1.153418428861313	1.6196781687393786	
7.863872215152054	-1.0566981622703229	-0.45012522536740884	1.515456999292254	1.0903986430975068	1.4371801455422877	
8.06666640084837	-0.9284279188846035	-0.4922500601483374	1.5037582399959843	1.0292845409081126	1.2464249693479734	
8.29609647732069	-0.7877308965831213	-0.5363353666057322	1.4634818913074723	0.9696008637760309	1.050666895150507	
8.544124752543546	-0.6389532311495036	-0.5832906473377806	1.3912436592548545	0.9107629439017754	0.8532438340164883	
8.802807931865422	-0.48691630991638707	-0.6338242239528902	1.2848777595906444	0.8521139388177895	0.6574352264796867	
9.064452887341197	-0.3367726914473427	-0.6883436485233239	1.1435713116562305	0.7929570529806642	0.46632266509366377	
9.321776125162296	-0.19385041671815398	-0.7468707021640514	0.9679480934348615	0.7325819427501261	0.2826618568780774	
9.568075720455294	-0.06347816659208508	-0.8089792554236093	0.7600934159138549	0.670285206399427	0.10877389562791721	
9.797416307690725	0.04921500547551952	-0.87376189781492	0.5235144279148721	0.6053852615740782	-0.05353762277337376	
10.004818160218756	0.13952607372470535	-0.9398262419006248	0.26303316262050314	0.5372324543293256	-0.20303930824945926	
10.18643343094967	0.20342190905211877	-1.0053167094482347	-0.01538653888274217	0.4652157353450891	-0.33908849873982155	
10.339691223867185	0.23778268006958697	-1.067954860551701	-0.30487268014835917	0.3887676626811306	-0.46162216089726593	
10.463396922893768	0.2406179846444202	-1.1250935686198318	-0.5979317645401239	0.3073697144381381	-0.5711157574389901	
10.557780640209291	0.2112224779644278	-1.1737849496626087	-0.8867739977548712	0.220559855601666	-0.6685155705493546	
10.624511983004155	0.15025349135012503	-1.2108645501540714	-1.163656349264431	0.1279444735036569	-0.7551536135647892	
10.666691648068122	0.059718802765790564	-1.2330586396162462	-1.42122693615177	0.029216260058141295	-0.8326520458858525	
10.688814906044502	-0.05712824052375752	-1.2371191808440494	-1.6528526593564865	-0.07582095154897585	-0.9028242226609622	
10.696677727096	-0.19598077679989642	-1.2199857023195806	-1.852912750928958	-0.18722029850031352	-0.9675781614653104	
10.697177237149546	-0.35174397604831015	-1.1789663889723547	-2.017042748435751	-0.3048540819328153	-1.0288259295703637	
10.697958724095642	-0.5188513659381785	-1.1119246663165705	-2.1423164615144996	-0.42837251851025493	-1.088400042404833	
10.706885933693366	-0.6916015878235546	-1.0174551838611239	-2.227358515667241	-0.5571624740119674	-1.1479758924023329	
10.73136187360541	-0.8644788989521377	-0.8950284205659833	-2.2723762545553843	-0.6903120768123301	-1.2090001026896906	
10.777585906419834	-1.0324223383983013	-0.745090346786458	-2.2791144983902845	-0.8265860405345731	-1.2726254877164807	
10.849849861091792	-1.1910258028406735	-0.5691105578036343	-2.250739700076179	-0.9644158708883087	-1.3396547088844162	
10.949974128429814	-1.3366649411268614	-0.3695754300555397	-2.1916587688421023	-1.1019091417153675	-1.4104972300499807	
11.076962258081833	-1.4665594840411431	-0.14992750122696344	-2.1072809693589196	-1.236880937418355	-1.4851449836311252	
11.22691669869278	-1.5787884185958656	0.08554518858249789	-2.0037331761226427	-1.3669093245408985	-1.5631715402388806	
11.393219574416502	-1.672277602453084	0.33186509472336967	-1.8875409863972048	-1.4894150964908	-1.6437574788597682	
11.566949077928037	-1.7467750725699922	0.5835613413776511	-1.7652904048582	-1.6017641907586162	-1.7257413892452376	
11.73748791986156	-1.8028173455368839	0.8349004820347253	-1.6432877087249054	-1.7013891127486942	-1.8076934323188756	
11.893264809593562	-1.8416788769544739	1.080138618269322	-1.5272430464933264	-1.7859210600996784	-1.8880046749178017	
12.022564122142555	-1.8652964178997826	1.3137763314688953	-1.4219996583496053	-1.8533230960930296	-1.964982794300335	
12.114355263795012	-1.8761584346142657	1.5307987699278813	-1.3313275529321755	-1.9020140810811097	-2.036946839604647	
12.159089409406649	-1.8771573417288996	1.7268840654436985	-1.2577966750280676	-1.9309726251929096	-2.1023143419485733	
12.14940963132905	-1.8714109942223562	1.8985681331637674	-1.2027378937668363	-1.939811400979402	-2.1596756272215423	
12.080721918075984	-1.8620680121635296	2.0433601126039775	-1.166292324922675	-1.928814317098631	-2.2078520137445015	
11.951582123203858	-1.852117137146684	2.1598083249056317	-1.1475413211403365	-1.8989321893561657	-2.245936395792689	
11.763868331175239	-1.8442219503896669	2.2475204227500116	-1.144702375408821	-1.8517361734719853	-2.2733164267009123	
11.522708722225904	-1.8406018791908143	2.307137188572239	-1.1553724970571675	-1.789329545521027	-2.2896802021463856	
11.236183633458516	-1.8429701311739626	2.3402671613988266	-1.1767892238829945	-1.714227627746319	-2.295007572224288	
10.91483567885797	-1.852529708423281	2.349387100389911	-1.2060842217466536	-1.629216492996194	-2.2895504323631695	
10.571031935508493	-1.8700239955407056	2.3377117098085827	-1.2405076274024427	-1.537201891624115	-2.2738050252771975	
10.218234690420456	-1.8958328794941173	2.309036827019007	-1.2776048019152457	-1.4410607398280588	-2.2484793205158606	
9.870240019315371	-1.930099170382742	2.2675605522289146	-1.3153330677892097	-1.343506628356506	-2.2144579835388436	
9.540440369280516	-1.972864221679983	2.217688028080528	-1.3521131321078732	-1.2469788530762902	-2.1727666573454436	
9.241158876335449	-2.024189261884366	2.1638276402618066	-1.3868179687992612	-1.153561232108405	-2.1245364413677494	
8.983098823646742	-2.0842422806466403	2.110189867608774	-1.4187082024304716	-1.0649345553488434	-2.0709683347572194	
8.774946561271022	-2.153339534348009	2.0606058298429053	-1.4473308566980243	-0.9823627836270601	-2.0132970649520803	
8.62313403840163	-2.231943797849856	2.0183793741468925	-1.4724030020458467	-0.9067066647479648	-1.952753168381328	
8.531754751056116	-2.3206274885518794	1.986182341629483	-1.4936980707505707	-0.8384583049928225	-1.8905215896175718	
8.502611886056444	-2.420010198752173	1.9659973189015154	-1.510949502574763	-0.7777892729431017	-1.827695784934846	
8.53536695500389	-2.5306784797742137	1.9591067710192112	-1.523781460751091	-0.7246050167412227	-1.7652274832732477	
8.627753081382648	-2.6530929479791494	1.9661235066186262	-1.5316711261390181	-0.6785993541911134	-1.7038738059735494	
8.775818450001902	-2.7874863572496373	1.9870549406022744	-1.5339423182153091	-0.6393041522737846	-1.6441449738000231	
8.974171836698067	-2.9337574564222217	2.02139265493883	-1.5297863619138767	-0.6061308664631375	-1.5862569647323566	
9.216216695975783	-3.0913719713432553	2.0682199625920195	-1.5183032470191404	-0.5784023633449678	-1.5300962511859952	
9.49436214218554	-3.2592829396155607	2.126325614916984	-1.4985526691997204	-0.5553742333851228	-1.475201598417447	
9.800216887245496	-3.4358817707050084	2.1943137302781617	-1.469605457795366	-0.5362467483854999	-1.4207671236830879	
10.124779655662925	-3.6189887804809366	2.2706988680697084	-1.430587641430901	-0.5201693702510378	-1.3656695625179265	
10.45864233128483	-3.8058866716019883	2.353973958291018	-1.3807120661300796	-0.5062402688375593	-1.3085203264451513	
10.7922225945016	-3.9933947470912323	2.442639574321234	-1.319295928784772	-0.4935037658632204	-1.2477405111490436	
11.116039993179399	-4.17797663838903	2.5351861083174936	-1.2457660855736785	-0.4809488302074436	-1.1816546566822026	
11.421044507895964	-4.35587103327566	2.6300256771533794	-1.159657011522014	-0.46751161649947687	-1.1085973102004574	
11.698995632937851	-4.52323399987705	2.725378879898215	-1.0606079164411568	-0.4520847959659811	-1.0270247769639402	
11.942871125085103	-4.676279738205919	2.8191343707519616	-0.9483661509543344	-0.4335352812352202	-0.9356220217506427	
12.14727752719529	-4.811409783959626	2.908708209792057	-0.822803080274632	-0.41073049858225763	-0.8333964816316146	
12.308825570091468	-4.925324745258274	2.9909363155041984	-0.683945790440405	-0.382572461730997	-0.7197515531581717	
12.42643401714465	-5.015116236895399	3.0620344850206886	-0.5320249449137109	-0.3480378103067976	-0.5945341019495141	
12.501533856907566	-5.078341233979155	3.117655620018251	-0.3675353166130264	-0.3062210423971459	-0.45805284327657964	
12.538155789654084	-5.113084158189965	3.1530635381494245	-0.191301643169757	-0.2563771673290594	-0.31106734504862354	
12.542890832396239	-5.1180116092819254	3.1634280620741118	-0.0045395955868687485	-0.19795887986111407	-0.15475034937495488	
12.524706259356607	-5.092419479555175	3.144229075994106	0.19109933178279376	-0.13064214323443438	0.009371916801779262	
12.494569810150564	-5.036260731371271	3.0917282586051176	0.3935108573394059	-0.0543325045428651	0.17949665727187972	
12.464842404102454	-4.950143161884327	3.0034441694097977	0.6001523620561171	0.03085076322582102	0.3536311802678237	
12.448407177500009	-4.835290724590113	2.8785584802881137	0.8080883856626736	0.12461021031712965	0.5296850632789117	
12.457558824359209	-4.693473668862466	2.718182962972103	1.014064093698419	0.2265165225157073	0.7055642146826585	
12.502753611380346	-4.526923833172143	2.5254369750141237	1.2146023338270286	0.3360520468641226	0.8792630477121622	
12.591383004806922	-4.3382549882492745	2.3053181798756617	1.4061200587783984	0.45263765968239694	1.0489505855581507	
12.726759764400446	-4.130403137392742	2.0643856829605745	1.5850601958211359	0.575633278793249	1.2130458654521905	
12.907480507149737	-3.906591329050615	1.8103039468684712	1.7480350205163258	0.7043094672258012	1.370278243230488	
13.127290094497063	-3.670311352474555	1.5513079586602017	1.8919744610270028	0.8377962806754964	1.5197272358203997	
13.375476353730955	-3.4253073195904937	1.29565609049205	2.0142697408805303	0.9750230921281479	1.6608381832468022	
13.637701705986089	-3.1755472129043296	1.0511285113972262	2.1128995296746864	1.1146655475949736	1.7934135145710173	
13.89719788840234	-2.9251654623800345	0.8245704295499368	2.186541002674096	1.255112011766259	1.9175808603853537	
14.13603656368872	-2.678386680723469	0.6215934221894029	2.2346163463884015	1.3944652957196078	2.0337383505891173	
14.336702278370712	-2.4393910820975915	0.44618133235196156	2.2573817496650497	1.5305675330135369	2.142487397957097	
14.482986007328392	-2.2122250197992948	0.3007955158989758	2.2558062111365853	1.6610835868405214	2.2445440769415828	
