14.306859061738065	-1.751525365891316	0.1205867260767498	2.590952987120661	2.0179142503425664	2.084632666995511	
14.291126580536389	-1.6002597622622985	0.07252211333444443	2.5584837819621766	2.096210925423283	2.100120534304328	
14.233025856650215	-1.4600944182738496	0.03560207128244648	2.5087847248549413	2.1681752183195773	2.1135677529698884	
14.131244938277606	-1.3326802175855879	0.008209321330874661	2.4427238269962737	2.2331008830531034	2.1259598165994635	
13.984760671485368	-1.2195881299572708	-0.011315444103718958	2.3612714467967995	2.2903026969998055	2.138245647505158	
13.794112088267378	-1.1219552156844743	-0.024857139803971202	2.265951327618091	2.3392096228685455	2.15117551155156	
13.560966697216935	-1.0405212047499073	-0.03437434818438498	2.158674695438942	2.3793569514810886	2.1653134244439607	
13.288018185099514	-0.9755895890240125	-0.041807865211550464	2.0416910522002816	2.4103990980505237	2.181014190129231	
12.978977613869935	-0.9269721825030165	-0.048985939369457804	1.9175566960096262	2.4321326511463224	2.1983844361089604	
12.638320819332282	-0.8940680353281845	-0.0575701288148769	1.7890267879513244	2.4444817674811663	2.2173102909519677	
12.271231390440766	-0.8758448183195444	-0.06896813529457503	1.658999053921307	2.447513773659096	2.237433165927029	
11.883383736677612	-0.8709169019059646	-0.08426751801861042	1.5303923066058702	2.4414317542700648	2.2581690495696565	
11.480767169925604	-0.8776341592203599	-0.10424178211755564	1.4060714454645238	2.4265540655182845	2.278748264373175	
11.069557242452625	-0.89412213134797	-0.1292810411377546	1.2887422468509482	2.403318915701452	2.298217121998877	
10.655910335267793	-0.9183920036477334	-0.15942043928821806	1.1808550769804427	2.372257713861945	2.3154940854072086	
10.245863920411052	-0.9483975514292506	-0.19437679669473015	1.0845671531111873	2.3339775246094203	2.3294056659028333	
9.845162835412383	-0.9821053871951728	-0.23354139829771575	1.0016220084444147	2.2891509048733796	2.3387225817748045	
9.459161692362464	-1.0175549948215339	-0.27607642663889004	0.933338453333582	2.2384875643932687	2.342216997947829	
9.092761127943561	-1.0528890572778447	-0.3209600969307462	0.8805906490050356	2.182721365851204	2.3386930614417785	
8.75024849965656	-1.086412018802345	-0.3670523987045677	0.8437275866769515	2.1225906041780633	2.3270455269993247	
8.435316001180652	-1.1165937059828457	-0.4131865811203793	0.8226405686295863	2.058820635859921	2.306288910734378	
8.151000072642162	-1.142090266572181	-0.458220270808767	0.8167495948857011	1.9921122083100191	2.2755893580263735	
7.899595823882132	-1.161772307210168	-0.5011260339038007	0.8249993251088443	1.9231219150988894	2.2343170761843183	
7.682751636658545	-1.1746986607285428	-0.5410267814489691	0.8459580286686197	1.8524579515555424	2.1820407189157405	
7.501415111106454	-1.1801328181363842	-0.5772495506038849	0.8778194731281641	1.7806675910569798	2.118561540796131	
7.355856805087499	-1.1775360325922586	-0.6093726835384169	0.9184677126904095	1.7082262944360527	2.0439322655469105	
7.245789882881591	-1.1665323144162039	-0.6372073516070319	0.9655635755188073	1.6355422489391023	1.9584288681967803	
7.170353521463606	-1.1469135515585784	-0.660833080756241	1.0165763392249154	1.5629444232724405	1.8625767024284805	
7.128228479061514	-1.118609419145094	-0.6805708754128456	1.0688751109069439	1.4906843178472025	1.757126385677843	
7.117737917209613	-1.0816637845480959	-0.6969410384871261	1.1197860070316594	1.4189437718735143	1.6430198864658663	
7.136889925532544	-1.036235291126113	-0.7106534623944039	1.1666566773138578	1.3478279130153266	1.521392805535082	
7.183507280609462	-0.9825815426521435	-0.7225328300843641	1.2069296324429728	1.2773779324529941	1.3935210813014016	
7.25528899722412	-0.9210570460287902	-0.7334761860277254	1.2381792037414403	1.2075785317146006	1.2607909556895887	
7.349879536911595	-0.8521362809602523	-0.7443938776376604	1.2581974293727736	1.1383597525787705	1.124669088159905	
7.464928658371111	-0.7764206026302352	-0.7561445659392466	1.2650241874972237	1.0696137080591266	0.9866488782791089	
7.598115398890463	-0.6946544370782691	-0.7694972421629033	1.2569819504419029	1.0012009100906412	0.8482229267754166	
7.747173970503605	-0.6077702915846301	-0.7850592878107885	1.2327573917221297	0.9329597493625891	0.7108323325200131	
7.909880420725235	-0.5168829032567606	-0.8032635818765022	1.1913841681634596	0.8647186693179951	0.5758380487579791	
8.084046404841617	-0.423311449551954	-0.8243369071280889	1.132284643941994	0.7963021933024009	0.44449064589000414	
8.26749276281791	-0.32859526734404604	-0.8482724499191105	1.0553131623603176	0.7275406957136917	0.3178872276647697	
8.458030549545072	-0.23445132781911543	-0.8748659736881783	0.960704794176685	0.6582744246155344	0.19697311031026157	
8.653445173861314	-0.1427730520011756	-0.9037060594790779	0.8491156137503151	0.5883585689779057	0.0825106293830503	
8.851490543537894	-0.055573105370939055	-0.9342114595932471	0.7216057596202091	0.5176663983601341	-0.02493303552149596	
9.049903788235461	0.025077029238184598	-0.9656787025186758	0.579577633706227	0.44608759630984507	-0.12496678543603063	
9.246423566641012	0.09710417701154624	-0.9973051730578145	0.42479407958229276	0.37353013834588134	-0.2173988544389003	
9.4388407091788	0.15852759858461216	-1.0282457147587958	0.25931012668171866	0.29991668519573755	-0.3022167614436226	
9.625031258551807	0.20750560012268476	-1.0576407128081096	0.08541971951037011	0.22518148027569568	-0.3795662185373785	
9.803031365685007	0.24243755815184828	-1.0846499617384529	-0.09436532658720748	0.14926837424084105	-0.44975792158567074	
9.971091961484213	0.26201235685047247	-1.1084723042992857	-0.27740064511668927	0.07212604532990392	-0.5132301189830983	
10.127713702500495	0.26523626003769596	-1.1283511951608218	-0.4609515810117209	-0.006294000365219965	-0.5705318051795693	
10.271747386824648	0.2515230568358726	-1.143582988827978	-0.6422543632519722	-0.08603987840329723	-0.6223098310759432	
10.40240081206238	0.22066335906255355	-1.1535009883590304	-0.8185831440300951	-0.16715990330578404	-0.6692718800327933	
10.51928012251082	0.17284276703989354	-1.1574688857224835	-0.9872932405079275	-0.24970219263146257	-0.7121716106929266	
10.622469630729155	0.10866953208245775	-1.154866219893945	-1.1459032817163337	-0.333711891905338	-0.7517820330107485	
10.712487592700231	0.029097549809687984	-1.1450774471783784	-1.2921246897698775	-0.41922710472811964	-0.7888719968086657	
10.79033044003457	-0.06456755631598488	-1.1274871844442578	-1.4239179206332704	-0.506273948449015	-0.8241890877739221	
10.857477002468826	-0.1707076582134982	-1.1014815434092997	-1.539560964632486	-0.5948563077438729	-0.8584340475495861	
10.915792889976535	-0.2874701213681866	-1.0664573523504017	-1.6376422249934233	-0.6849507395016874	-0.8922532976481408	
10.967525289619656	-0.4127851472355619	-1.0218360667439432	-1.7171282673390975	-0.7764945113461101	-0.9262192964942343	
11.015169389179738	-0.5444403592278554	-0.967091340514485	-1.7773860433364161	-0.8693730975626786	-0.9608177813145118	
11.061346457990211	-0.6801351421810424	-0.9017635562371464	-1.8181552986170302	-0.9634174384710696	-0.9964496270827928	
11.108674309246062	-0.8175245030094045	-0.825497058293666	-1.8396105103867382	-1.058386052022612	-1.0334113509236165	
11.159571684768373	-0.9542836683957775	-0.7380653067135957	-1.8423260867797662	-1.1539602322946736	-1.0718972148515675	
11.216160885289892	-1.0881394749319344	-0.6393805619718665	-1.8272465905708768	-1.249743942020122	-1.1120030656699924	
11.280051118292704	-1.2169293844947904	-0.529538844681758	-1.7957182197637231	-1.3452474304344084	-1.1537113033584354	
11.352264917470972	-1.3386338778911753	-0.40881690554391636	-1.7494116760554306	-1.4398966051772737	-1.196905544733792	
11.433180484871135	-1.451401775323455	-0.277679207512574	-1.690296537970721	-1.5330345538409647	-1.2413736243639943	
11.52238780893647	-1.5536136701559602	-0.13680734629887722	-1.6206214989094843	-1.6239179620616566	-1.286804302327062	
11.618793189794529	-1.6438844211905987	0.01292922249491478	-1.5428241248544745	-1.711738369872799	-1.3328101159605785	
11.720602770428268	-1.721097221108767	0.17046669427053834	-1.4594986506665355	-1.7956277556226037	-1.3789318784434657	
11.825357990596707	-1.7844572147712094	0.33454592087047147	-1.3733240458479958	-1.8746753566152168	-1.424652174208427	
11.93011546830233	-1.8334690961917155	0.5037517642571472	-1.2869909355806926	-1.9479519343416445	-1.4694181110742508	
12.031494028424264	-1.867981603599147	0.6765124378658711	-1.203145251620379	-2.014526177903178	-1.5126522989635238	
12.12584700658414	-1.8882064972238923	0.8511266868383844	-1.12429569804591	-2.0734974938762183	-1.5537769044866967	
12.209410928365156	-1.8946786771299577	1.02579999619147	-1.0527750247878278	-2.124014284728514	-1.5922286630449802	
12.27843326191735	-1.8882956800048654	1.1986595426073243	-0.9906546639143329	-2.1653063287154497	-1.627478295366199	
12.329360120391083	-1.8702843162963871	1.3677982145306051	-0.9396827935712909	-2.1967155680428703	-1.6590503449109189	
12.358921233910797	-1.8421555224078572	1.5313027672924655	-0.9012759387732214	-2.217705143833777	-1.6865293844175688	
12.364315942280351	-1.8057115312176586	1.6872921433136137	-0.876425427084968	-2.22790242702661	-1.7095831696559858	
12.343303000365388	-1.762967439627528	1.8339598460857138	-0.8657038381503089	-2.227106411718929	-1.7279667193099948	
12.294242181381886	-1.7161072036704	1.9695979317925558	-0.8692707760559609	-2.215290876746731	-1.741523806268092	
12.216263704855217	-1.6674349847328918	2.0926573427826027	-0.8868131306704227	-2.19263953248196	-1.7502042861093323	
12.109217249517787	-1.6192866186439019	2.201771731524929	-0.9176193854875201	-2.159522118478613	-1.7540514598712835	
11.973698118628631	-1.573981038066276	2.2957880022541883	-0.9605910139511774	-2.1164951982010916	-1.7532022167335966	
11.811115245098833	-1.533725580060843	2.3738367161730407	-1.014254312465433	-2.0643084072496642	-1.747889934970364	
11.62354753674623	-1.5005629903079352	2.4353303868665277	-1.0768640758134373	-2.0038613635936358	-1.7384233552973594	
11.413753190287407	-1.4763094201206357	2.480009575940719	-1.1464311597716303	-1.9361980030090293	-1.7251843061183312	
11.185109320223816	-1.462466970751962	2.5079987120403655	-1.2208030847092166	-1.862478337982256	-1.7086153248360219	
10.941455484103841	-1.4602250035956295	2.519776751676396	-1.2977506994922234	-1.7839364490186749	-1.6892000863265817	
10.687060537770611	-1.470392066660443	2.5162317080163703	-1.3750270883089148	-1.701860044350665	-1.6674555899531671	
10.426476897452966	-1.4933732775976714	2.4986614767140938	-1.450467108615799	-1.6175447878450024	-1.6439128545463138	
10.164421330386036	-1.5292129411498148	2.468719229536246	-1.5220331569518994	-1.5322670107949081	-1.6191045541738462	
9.905678099310498	-1.5775548489957647	2.4284379494835333	-1.587899980720024	-1.44724716097723	-1.59355130956611	
9.654946617712872	-1.637709455097528	2.380145603551354	-1.6465071790702381	-1.3636162189926997	-1.5677473554682215	
9.416765536899439	-1.7087119552155332	2.3263968888149686	-1.6965684972565778	-1.282404030453957	-1.5421550676615416	
9.195362353163663	-1.789351091870285	2.269915735209074	-1.7371442170325968	-1.204499978141813	-1.5171900867337744	
8.994573720699345	-1.8782789887425357	2.2134680830813918	-1.7676136145857353	-1.1306518843021487	-1.4932192137482136	
8.81779624760559	-1.974065835675725	2.1597943058877176	-1.7876653657594814	-1.0614628444987098	-1.4705583632742942	
8.667849645165353	-2.075287623408401	2.1114833937804898	-1.7973131952440893	-0.997369492186446	-1.4494631474295985	
8.547015686477362	-2.1806021170581813	2.0708996384342977	-1.7968175526337522	-0.9386678142168448	-1.4301360341567253	
8.457005710554796	-2.288799781180763	2.040116807474181	-1.7866655633578696	-0.8855129636276259	-1.4127243232822837	
8.398923641773715	-2.398886605220737	2.0208089092623926	-1.7675261308831467	-0.8379221356272287	-1.3973163982333803	
8.373376186496023	-2.510084205272366	2.0142635521378316	-1.7401774082097663	-0.7958053940036116	-1.3839495016003276	
8.380460373191966	-2.6218649293213767	2.021321774646465	-1.7054748787003013	-0.7589676262676807	-1.3726050983811884	
8.419813099312828	-2.7339522737031854	2.04234963889562	-1.6642896265706189	-0.7271244457397407	-1.363205724037169	
8.49070335080328	-2.84626462252937	2.07730163402068	-1.617473258694674	-0.6999235002521577	-1.355619876091159	
8.592027079767737	-2.958902974780103	2.1256839654488195	-1.5658214438699445	-0.6769476450402673	-1.3496528250267905	
8.722357421743546	-3.0720712576892044	2.1866093216915767	-1.5100431267112842	-0.6577301665907167	-1.3450440041733167	
8.879985750521664	-3.1860191990786464	2.258865837068015	-1.4507576111687324	-0.6417656508878966	-1.341470520181848	
9.062893525605215	-3.3009794300573954	2.3409238085208943	-1.3884710241500173	-0.6285129677990303	-1.3385351856868213	
9.268772592194699	-3.4170967694382894	2.4310317535293935	-1.323585841940937	-0.6174058061306387	-1.3357705113326035	
9.495034571409548	-3.534398752412488	2.5272698212452718	-1.2564099527364212	-0.6078579892376084	-1.3326424526980885	
9.738763178116846	-3.6527304543195354	2.627601232777419	-1.1871542774398145	-0.5992674517677041	-1.3285434678587962	
9.996752124256243	-3.7717520033664806	2.7299531911280197	-1.1159574438258193	-0.5910245471779738	-1.3228074045022806	
10.265512068445299	-3.8909311150483457	2.832256034092363	-1.042893912226593	-0.5825163145758072	-1.3147150821655784	
10.541270651900398	-4.009524973539727	2.9325101272591545	-0.9679821445894475	-0.5731345441758413	-1.303502719957916	
10.820062729041132	-4.126626488216665	3.028818145773198	-0.891201103543037	-0.5622826482440876	-1.2883837694412754	
11.097767262770184	-4.241172149850011	3.1194177603538495	-0.8124938901755384	-0.5493820216937525	-1.268560679399787	
11.370209476390933	-4.351972751728474	3.2027241576988663	-0.7317727930735882	-0.5338835977805866	-1.2432510123460712	
11.633262256715355	-4.457760390163016	3.2773185930379856	-0.6489265801834342	-0.515271262532374	-1.2117060792288816	
11.882942430548969	-4.557209566823921	3.341972386899115	-0.563821160609817	-0.4930718453379326	-1.1732339168601111	
12.115555490193696	-4.648979175590304	3.3956434934254194	-0.4763044389587984	-0.4668645635414678	-1.1272291476452765	
12.327756452667295	-4.731738800829343	3.4374467013713774	-0.3862146627780637	-0.4362814250592263	-1.0731822148156098	
12.51670196276536	-4.804198301178762	3.466659914502399	-0.2933877235969877	-0.40102104264077787	-1.0107132353604626	
12.680079481515422	-4.865125173509914	3.482684479115211	-0.19766814255462886	-0.36084651600080875	-0.9395745421367088	
12.816200000787804	-4.91337302462177	3.485028960113431	-0.09892816630887237	-0.31559260435126885	-0.8596666384073116	
12.924294902938286	-4.947946561060938	3.4733157744439445	0.0028952663347279854	-0.26519520820495635	-0.7710992188709702	
13.003765869674032	-4.9678785057934896	3.4471882967209884	0.1078531886553002	-0.2096089308909666	-0.6740206615814561	
