13.38485902562863	-5.3207541390452	3.3582919066357086	0.1960070419737654	-0.1084458015677493	-0.3921093236211649	
13.358503284744067	-5.230039306465822	3.3384897488087666	0.4464689479591167	-0.03781662159772845	-0.22857596427442967	
13.279548223142426	-5.09879119619135	3.282269340694306	0.6923571655776284	0.04422276712275762	-0.05318152567098225	
13.161992759771739	-4.931668491938475	3.18677232858658	0.9308506439464239	0.1372366932750367	0.13107219798735326	
13.023049976843224	-4.734349091206307	3.050976156156496	1.1594571402529605	0.24047491207584193	0.32076810097527547	
12.882297274489064	-4.513238934954197	2.876141985842108	1.3760530364379255	0.3529319397906571	0.5121643903749024	
12.759668237024956	-4.27489986941789	2.66578395598203	1.5788207201138635	0.4734850187402539	0.701405439171934	
12.67351054283895	-4.025612843960206	2.42551949851577	1.7661657023577773	0.6009860892042631	0.8847083844653737	
12.63851609864539	-3.7709829738836236	2.1626646108634873	1.9365991401624991	0.7343310793608782	1.0585743197623165	
12.663992572694784	-3.515694528469409	1.885702462174586	2.0886233712768094	0.8724765577929576	1.2199851084294382	
12.75266535845485	-3.2634204234644537	1.6036789696308735	2.2206422051028056	1.0144083467228127	1.366576578242533	
12.900188268571444	-3.0168913097874626	1.3255986287313484	2.3309197353727757	1.1590703981157704	1.496769808890223	
13.095411724326663	-2.778098061606731	1.0598672306818981	2.4176032125593983	1.3052722409675708	1.6098488586935877	
13.321373842274316	-2.5485839945814703	0.8138134401094094	2.478817529039995	1.4515968263076076	1.7059758544963881	
13.556880267759084	-2.3297646395134706	0.5933091248799157	2.5128274737659617	1.5963308682532908	1.7861410265218347	
13.778470932329238	-2.123208396723325	0.4024969677485463	2.518253418665121	1.7374347767643368	1.8520528826927385	
13.962554696764837	-1.9308199786023377	0.2436339540730756	2.4943173674221355	1.8725632480869991	1.905976642995606	
14.08747864876936	-1.7548864669036166	0.11705890774751707	2.4410888926220693	1.9991397746446895	1.9505334305284123	
14.13531498055449	-1.5979754239038264	0.021288521603004942	2.3596965627210977	2.1144798119184784	1.9884758579954545	
14.093194532999872	-1.4627091246133035	-0.04676223712572183	2.252471547440941	2.2159494503534765	2.022457809167405	
13.954087007162071	-1.3514659920553247	-0.09145120062044537	2.1229967491760235	2.3011406350502064	2.0548172484836424	
13.717009508786173	-1.2660690844805709	-0.11799849795011004	1.9760458956355882	2.3680414186149727	2.0873903018765696	
13.386719834120521	-1.2075122384767023	-0.13202888838915022	1.8174102783143866	2.4151809783215716	2.121371982616505	
12.973002793367797	-1.175757574312974	-0.1391045785190666	1.6536234578260904	2.441733772341364	2.1572337756832187	
12.489674844628233	-1.1696259968509803	-0.14429004387990652	1.4916053325109304	2.4475718242241657	2.1947038405151003	
11.953451084618267	-1.1867854051898854	-0.15179003027564583	1.3382594153449505	2.433263465775889	2.232806343313366	
11.382787262572586	-1.2238296802809234	-0.16469368795637873	1.2000583326006111	2.4000225914286193	2.269951755369833	
10.796779481500607	-1.2764333936887153	-0.18484729832427715	1.0826516385896578	2.3496162800857707	2.3040671376968547	
10.21417725182808	-1.3395624024283035	-0.21286217276817498	0.9905258992346054	2.284241698738058	2.332753394178425	
9.652540478260999	-1.4077209694928394	-0.2482469537114165	0.9267403012953792	2.2063845805416733	2.353456036919753	
9.127552764725936	-1.4752196162377063	-0.289638685030242	0.8927535169392936	2.1186715485158043	2.3636366595424017	
8.652492841976128	-1.536451202900075	-0.33509724793984064	0.8883500280564389	2.0237273540796927	2.3609337989900445	
8.23786157916484	-1.5861628367705185	-0.3824238666310058	0.9116668471985814	1.9240460455220112	2.3433039722087066	
7.891160248913015	-1.6197085937335753	-0.4294659677366085	0.9593141797182795	1.821882427589442	2.3091363972391106	
7.61681911138301	-1.633265249446581	-0.47437600813409125	1.0265786663503307	1.7191678820123528	2.257337106640827	
7.41627662973701	-1.6239940531802135	-0.5157990225882059	1.1076917468904968	1.6174529759302476	2.1873799430639713	
7.288197333761769	-1.590141406680145	-0.5529768332527323	1.1961391343576286	1.5178762048686423	2.099325928066466	
7.228818039643922	-1.531076693780962	-0.5857678184024441	1.2849908102359406	1.4211576611551966	1.9938129583636162	
7.232401767019201	-1.4472709027118649	-0.6145905772754688	1.3672318216452077	1.3276157062383087	1.8720187567338145	
7.291765780474433	-1.3402240413193611	-0.6403074592437421	1.436077247935283	1.2372040595141989	1.7356005321612438	
7.398837719961678	-1.2123519247251404	-0.6640682749686099	1.4852586934961574	1.1495659584579783	1.5866150637396732	
7.545186398448209	-1.0668434882563296	-0.6871351174396185	1.5092734575779927	1.0641011600963055	1.4274232108312417	
7.722475642569564	-0.9074996084601353	-0.7107073035638949	1.5035904792064392	0.9800407253257086	1.260583315754322	
7.922802248983913	-0.7385653187578192	-0.7357631955320663	1.4648093568898854	0.8965239978286225	1.088738551456984	
8.138901547155294	-0.564569120859098	-0.7629338951434917	1.3907711894381405	0.8126721829795848	0.9145036395392615	
8.364229291400388	-0.3901832348587086	-0.7924226649560033	1.2806190266614823	0.7276531571705922	0.7403570509964991	
8.592955296743643	-0.22011552045989635	-0.8239779703017274	1.1348106830816145	0.6407328479415761	0.5685451091095413	
8.819917730464347	-0.05903412135917073	-0.8569195718627963	0.9550888437051611	0.5513104020889981	0.40100319891257447	
9.040583183569009	0.08848460549187688	-0.8902092649076248	0.7444128019854065	0.4589359243226234	0.23929836828276044	
9.251043194584922	0.21800260551660802	-0.9225500776528487	0.506857045408766	0.36331122804071975	0.08459592565297164	
9.448057350228638	0.3252822823112534	-0.9524926247924522	0.2474816237577313	0.26427557350823055	-0.06234939495641542	
9.629133915722692	0.4063826976022893	-0.9785264393581055	-0.027821597971157398	0.16177962178278632	-0.20117905149673423	
9.792627145297581	0.45779972603900465	-0.9991383782588202	-0.3125038213397047	0.055851799281914104	-0.33189597710911467	
9.937829143943254	0.4766479267514121	-1.0128291946956334	-0.5995533939344031	-0.05343802039412305	-0.45481352865112806	
10.065042747245837	0.46086950260304693	-1.018091158649539	-0.881707752352449	-0.16601217524957437	-0.5704929507375913	
10.17563374201661	0.4094454177882451	-1.0133612280692004	-1.1516820466773385	-0.28181078403816323	-0.679674638569633	
10.272064898224176	0.32257465848948935	-0.9969730800042904	-1.4024108236712516	-0.40080410928966465	-0.7832087560541081	
10.357908598977318	0.20179070307530322	-0.9671329649717414	-1.627297057265002	-0.5229880195899407	-0.881990549511281	
10.43780867203908	0.049988857142269194	-0.921938938225627	-1.8204613989827316	-0.6483606744717635	-0.9769032039644151	
10.517337762215519	-0.12864925059293073	-0.8594532473249715	-1.9769818724093329	-0.7768806589698528	-1.0687687763788971	
10.602692435573616	-0.32882956540764374	-0.7778263131554576	-2.093112643261744	-0.9084091815498236	-1.1583054750597215	
10.700195930120394	-0.5443954977250381	-0.6754606681189287	-2.1664699919576447	-1.0426412991621947	-1.2460883221687695	
10.815632453881928	-0.7686201278168455	-0.5511962642058323	-2.196174114833751	-1.1790331186142762	-1.3325106721681228	
10.953495999106769	-0.9945066235349651	-0.40449555300172724	-2.1829365100748404	-1.3167332575171922	-1.4177461332246637	
11.116275796366939	-1.215072281390422	-0.2356074942521588	-2.129084103542954	-1.454527368509865	-1.5017134350839803	
11.30390311063751	-1.423605911726796	-0.04569357512322893	-2.038513379849344	-1.5908040757417403	-1.584049434528354	
11.513459658053476	-1.6138994969442064	0.16309827683484743	-1.9165670806387516	-1.723550496552284	-1.6640974950947895	
11.739192865505164	-1.7804605432080773	0.3876205253912915	-1.7698323920388155	-1.850383130428974	-1.7409175440148443	
11.972821851596319	-1.9187128733737062	0.6237772002798907	-1.605866065511545	-1.9686165614856181	-1.81332095582077	
12.204082493577635	-2.025187053127777	0.8666426531200778	-1.4328552196360547	-2.0753698831934355	-1.8799302413825048	
12.421436757055389	-2.097693297765564	1.110647214993488	-1.2592299880031688	-2.1677066573302155	-1.9392596420116333	
12.612867136555309	-2.135462123299899	1.3498226016639234	-1.0932500866477777	-2.242800094201543	-1.989809842015243	
12.766685311994062	-2.139233500533917	1.578091849129085	-0.9425914164898032	-2.298111475728027	-2.0301685643192893	
12.872297748236091	-2.111275013640559	1.7895820182056128	-0.8139604263754874	-2.3315672666630185	-2.059108813768251	
12.920884591431005	-2.0553139392913153	1.9789355117900105	-0.7127630265575021	-2.341719322313029	-2.075677589975416	
12.905960030234432	-1.9763771564905206	2.1415982706746632	-0.6428512492384445	-2.3278734186716536	-2.0792695252129185	
12.823791913154443	-1.8805440886475677	2.2740688592312788	-0.6063652878189424	-2.290173739248111	-2.0696815773797153	
12.67365858182127	-1.774628275691415	2.374095358955347	-0.6036857768416778	-2.2296324717290683	-2.0471451511145258	
12.457939435499728	-1.6658153898865138	2.440815620612591	-0.6334961163102549	-2.148101597774015	-2.012334593584227	
12.182041339126883	-1.5612851189712356	2.4748374811407836	-0.6929480108313961	-2.048187858055761	-1.966351615844161	
11.85416763943106	-1.4678448011550072	2.478252578768392	-0.7779156237381349	-1.9331161909841506	-1.91068622224381	
11.484940808249158	-1.391602698149276	2.4545735316208424	-0.8833152856775508	-1.8065516952204852	-1.8471563905687824	
11.08689206211497	-1.3377057097638096	2.4085822757775386	-1.0034612794315252	-1.6723942950410429	-1.7778303723108544	
10.673835416990261	-1.3101575105234111	2.346081869574529	-1.132425054401927	-1.5345635398416955	-1.7049368484147371	
10.260153021493837	-1.3117198976715696	2.273556578721653	-1.2643667893269697	-1.3967926319500303	-1.630769022496596	
9.86003447613293	-1.3438892309238422	2.19776221311827	-1.3938146657386308	-1.262450069123449	-1.557588870885489	
9.486730081247776	-1.4069367598307598	2.125283267914623	-1.5158771690986357	-1.1344035060867594	-1.4875369562465102	
9.151890853028101	-1.5000067823194376	2.0621011223900982	-1.6263829477377358	-1.0149352368976647	-1.422551931553752	
8.86506799861773	-1.6212676272470212	2.013218447556882	-1.7219508930596763	-0.9057116961313965	-1.3643024612639811	
8.633416968139631	-1.7681040416338198	1.9823721651183457	-1.8000018260591084	-0.8078004140184807	-1.3141317069851222	
8.461623711629413	-1.9373352540281008	1.97185489269668	-1.8587249085422932	-0.7217240680277099	-1.273013594440002	
8.352038552298698	-2.1254369991378264	1.982452631936659	-1.8970131503364536	-0.6475383499125129	-1.2415194921193762	
8.304973337909598	-2.3287463766894185	2.0134957272791274	-1.9143818349481405	-0.584919753045751	-1.2197938999210167	
8.319095373568198	-2.54363471521778	2.0630116695419782	-1.9108813586307178	-0.5332508201889687	-1.2075382369055225	
8.39184046783524	-2.766640919577868	2.1279617117416283	-1.887012277623254	-0.49169345558628164	-1.2040026557708017	
8.51976973520676	-2.9945617930893214	2.2045378608673576	-1.8436462311514268	-0.4592450353077572	-1.2079867945548959	
8.698811285164242	-3.224496333652854	2.2884924449245716	-1.7819530393216654	-0.434776474436935	-1.2178512671990114	
8.924356094688749	-3.4538414357099927	2.3754703886925634	-1.703332359446589	-0.41705525353242345	-1.2315423059251749	
9.191214060156288	-3.680239814449737	2.461314527684434	-1.6093475057689342	-0.4047591708743185	-1.2466331864615983	
9.493471766946547	-3.9014902760831642	2.5423189060869404	-1.5016602680864102	-0.3964871668286391	-1.2603845357104881	
9.824318879511171	-4.115437945270247	2.6154152351247517	-1.3819659210114514	-0.3907727357656181	-1.2698252328637705	
10.175919014749304	-4.319865973155355	2.6782848812003524	-1.2519287024924661	-0.3861034140262987	-1.2718544668465193	
10.539393110971332	-4.512410360012693	2.7293945895900196	-1.1131196283332083	-0.3809473980083541	-1.2633632100497223	
10.90496142780375	-4.690515764393532	2.7679584646725313	-0.9669601049294331	-0.3737862663146938	-1.241370793250328	
11.2622598273617	-4.85144313143423	2.7938319483805603	-0.8146761571694064	-0.36315144209810524	-1.203169649844949	
11.60081412215885	-4.992330495681175	2.807346723661767	-0.6572688658427353	-0.347661569024416	-1.1464691408700423	
11.91062996956487	-5.11029862157466	2.809099753149418	-0.495506525591725	-0.32605827746458016	-1.0695281672558627	
12.18284113244026	-5.2025867969451784	2.799715505212174	-0.32994272531665847	-0.29723872207744	-0.9712666314035041	
12.410357124436983	-5.266703461028798	2.7796075902079136	-0.1609619508266327	-0.2602842744805263	-0.8513469044567754	
12.588456891617044	-5.300579265136716	2.748774924196019	0.011150438763958348	-0.21448520191615406	-0.7102179213315805	
12.715299432239028	-5.302715632266107	2.706670163645315	0.18612300163874268	-0.1593615842267436	-0.549120673235503	
12.79232783419641	-5.27232156105979	2.6521752955028512	0.3636101648129067	-0.09467866217675126	-0.37005554406531693	
12.8245275301183	-5.209425320722805	2.5837075458168197	0.5431144938980725	-0.020452162191468077	-0.1757141961784938	
12.82046568481042	-5.114939971679698	2.499455782738812	0.723929242804978	0.06306259556028244	0.030620231125722736	
12.79200869306881	-4.990658913560603	2.3977174476579646	0.9051051647011628	0.1554027200858689	0.24520080577243475	
12.753620283047704	-4.839165341781606	2.2772775883668004	1.0854392867014673	0.25595065713899906	0.46396862758142177	
12.721202040890587	-4.663657257189273	2.1377554798864113	1.263479258938791	0.36400014906172373	0.6827243514448182	
12.710541195073247	-4.467710942832276	1.9798482703459241	1.4375362419489601	0.47882065681750774	0.897313165035768	
12.735538613541566	-4.255021730305709	1.8054257911982197	1.6057016188080584	0.599703005657685	1.1038147501582418	
12.806476206582492	-4.029167271722358	1.6174650516221138	1.7658671437072686	0.725971788057252	1.2987263562231803	
12.928604256744716	-3.7934349564227685	1.4198529993301352	1.9157514465619925	0.856958378781623	1.4791251442539257	
13.101264167736755	-3.5507399387198744	1.2171093221494333	2.0529377986248565	0.9919391436426657	1.6427974621754449	
13.317676489244606	-3.3036431733336586	1.0140802244184404	2.1749296316834856	1.1300519571056618	1.788324781580437	
13.565404316958881	-3.054457408865244	0.8156478897487579	2.2792253704880903	1.2702106137116966	1.9151179756051302	
13.827437284041109	-2.8054199936790165	0.6264660625365893	2.3634232249006923	1.4110341991998312	2.023402226754954	
14.083655239559622	-2.5588759582891685	0.45076428767035404	2.4253280060415916	1.5508156196225735	2.1141412815189464	
14.312697628050973	-2.317476199285271	0.29211599040427466	2.4631273223908368	1.6875182339339094	2.1889437731506405	
14.493550003191606	-2.084243233508735	0.1533777610299628	2.475475038034005	1.818848972280689	2.2498806600712973	
