20.76549469639909	8.945846647578273	9.875397036727293	0.7792891647214832	-3.4864441152828407	0.6791792981988322	
20.422264230425434	8.632339059298452	10.304660218690914	0.6978254938802341	-2.9921021326111923	0.5407497983654914	
19.977545838936674	8.094079788446203	10.431939905889339	0.6133251635473662	-2.4814222590805595	0.40130388294766084	
19.458674402208402	7.351085957069069	10.249347146250148	0.5291717889818696	-1.9656925277893338	0.26266333493327765	
18.891348419739167	6.437053160612877	9.766481590612704	0.44867946463506764	-1.456085317513258	0.1263545053006436	
18.29794773882286	5.400378067174868	9.013304823877938	0.3747965429147135	-0.9632207239346153	-0.006509797626320808	
17.696285428615308	4.3001753227784745	8.0370022216977	0.30980150685459873	-0.4966904972579392	-0.13523329972058035	
17.098915942085387	3.2024120270880476	6.898701362795175	0.2551185826452262	-0.06469785224677842	-0.2594802332850312	
16.5130274041162	2.174126305934553	5.667570067871382	0.2112456265087512	0.32620912445469064	-0.3791318379323128	
15.940914265345803	1.2771343954080931	4.413863052587232	0.17782142666811476	0.6712768717400489	-0.4940842009548799	
15.380994067467478	0.5618690980306883	3.2016682673131305	0.15381256768434423	0.9675751736273961	-0.604019585656298	
14.82932786347255	0.062604402208281	2.082906491258247	0.13777159971452596	1.213941844871764	-0.7082055087643581	
14.281487795990174	-0.20499611108310717	1.093894054130069	0.1280866258197033	1.4108858015320875	-0.805375667800044	
13.734468524976199	-0.24387070015411352	0.2548050303431172	0.12315562216671196	1.5604697725600265	-0.8937214134009005	
13.188235230361839	-0.07357634449660062	-0.42852819705377915	0.12145851997354858	1.6661558742941032	-0.9709975228873109	
12.646530783648663	0.2728831912840878	-0.9615019963844662	0.12154200672462387	1.7325878687937835	-1.0347260697951959	
12.116758442522528	0.752741840218412	-1.3572813975583913	0.12196426489589406	1.7652960350550777	-1.0824698505266912	
11.609017315330814	1.3173072868196893	-1.633613133338911	0.12125830752345843	1.7703344655406072	-1.112140301887237	
11.13458115310139	1.9158544296025826	-1.8101979963955543	0.11796165167451683	1.7538817503860924	-1.1223020346387833	
10.704204863028991	2.499545757591419	-1.9067262978979311	0.1107334635249504	1.7218469919488701	-1.1124340643406607	
10.326643341572678	3.0251493321364156	-1.9416083702203117	0.09854357498751687	1.6795311238165642	-1.0831016847584005	
10.007630411602229	3.4581769421316912	-1.9313251598760337	0.08088592510254812	1.6313809007632456	-1.0360089123904526	
9.749392532281366	3.7750688423320393	-1.8902371423920796	0.05795268409479819	1.5808530325885328	-0.9739154072752053	
9.550657625773834	3.9641744695580354	-1.8306643805462508	0.030708134243235017	1.5303879096140678	-0.9004236252296169	
9.407056721914794	4.0254936675521416	-1.7630686065464212	0.0008259789547050207	1.4814763522604808	-0.8196658338369534	
9.311798174666901	3.9693452773634474	-1.6962250335099343	-0.029510144589107376	1.434793907718327	-0.735937450893911	
9.256496347611073	3.814261706972523	-1.6373360483932997	-0.05790980320792495	1.3903754881459072	-0.6533286684790125	
9.232044479385602	3.584450206571114	-1.5920797556455026	-0.0821299464105969	1.3478060928581779	-0.5753998888499596	
9.229433821924536	3.3071165914787723	-1.5646059183392396	-0.10041764790055173	1.3064087674032554	-0.5049385586745424	
9.240437559558492	3.0099126865827417	-1.5574901490185236	-0.11178005068746567	1.2654128888838405	-0.44381828656477146	
9.25811764051165	2.7186527470526354	-1.5716655078908461	-0.11613966045927807	1.2240943642492423	-0.3929610098156524	
9.277131224476143	2.4553964640289876	-1.606370732992784	-0.11435071328272225	1.1818843211535617	-0.3523946659533944	
9.293828900734773	2.237000489802939	-1.6591688238731126	-0.10807446663722219	1.138443715653894	-0.3213902085291434	
9.30615955432393	2.0742379491118155	-1.7260940542217853	-0.0995350825950167	1.093701498778866	-0.29865524678886307	
9.313425131574059	1.971558311085916	-1.801966910640855	-0.09119878425975317	1.0478552341822855	-0.28255703787786596	
9.315953944379103	1.9274927231923302	-1.8808724601205664	-0.08543171779987181	1.0013369312038674	-0.27134588482657945	
9.31476644417928	1.9356268690731713	-1.9567425852921958	-0.08419314303235763	0.9547519156664113	-0.2633521945966517	
9.311287439133647	1.9859704314274722	-2.0239366677005624	-0.08881354383478259	0.9088031512967468	-0.2571348341209203	
9.307122927577215	2.0664753406681107	-2.0777291612073516	-0.09988072360695648	0.8642150019507295	-0.2515718123374535	
9.303887092969056	2.1645157300656614	-2.114661864267649	-0.1172366205298159	0.8216667938589682	-0.24589555091777474	
9.303059009857352	2.2681866146748684	-2.132749137706736	-0.1400729518883464	0.7817439110021245	-0.2396810622421038	
9.305854358037275	2.3673259793387427	-2.13153761013633	-0.1671023978251682	0.7449102959766702	-0.2327990766326301	
9.313109788580432	2.4542041624481694	-2.112025222511367	-0.19677535060946919	0.7115017858084911	-0.22534748377322605	
9.32519082771267	2.523855123655407	-2.0764495355628094	-0.22750987607999995	0.6817359493244475	-0.21757408994031033	
9.341943126265363	2.574054360589856	-2.0279672651541962	-0.2579040172602643	0.6557322269429239	-0.20980205256687479	
9.362710870218068	2.604970360305521	-1.970261876619095	-0.28690072126943456	0.6335368615633663	-0.20236712433505405	
9.386432092615578	2.618579328803257	-1.9071371053289126	-0.3138837209110543	0.6151482045839056	-0.1955732901788712	
9.411802722433796	2.617961349703736	-1.8421471649607035	-0.33869771718637465	0.6005403412762657	-0.18966872524990291	
9.437486265315991	2.6065989838847257	-1.7783024991876915	-0.36159766320157444	0.589684426684324	-0.18484078848046395	
9.462333830499984	2.587790334635559	-1.7178769644467216	-0.3831429067495136	0.5825675543951417	-0.1812259367346534	
9.485575716594623	2.564255515625823	-1.6623249361664643	-0.4040593027587682	0.5792089846012523	-0.1789282494606877	
9.506953011901501	2.537969204261102	-1.6122992779948424	-0.4250951532673741	0.5796732194282845	-0.1780394174955323	
9.526776191925022	2.5102038473232713	-1.5677482965454277	-0.44689481194531144	0.5840791103243899	-0.17865389156063155	
9.545921095374363	2.4817306219621114	-1.5280682387316427	-0.4699084280103955	0.5926041047377955	-0.18087512866003053	
9.565790195839977	2.4530969525116704	-1.4922910136206973	-0.49434879559119327	0.6054831458038061	-0.18481202161341284	
9.58826989068884	2.4248905045656985	-1.4592894360415367	-0.5201936589531231	0.6230028843505964	-0.19056788308263584	
9.615699134195562	2.3979179318878594	-1.4279908456940082	-0.5472244054613595	0.6454920636445751	-0.19822607817383098	
9.650855707687743	2.373250768915767	-1.397591668054681	-0.5750869785929775	0.6733094779185477	-0.20783689933168978	
9.696960598790442	2.3521238406009246	-1.3677675853857514	-0.6033584653730119	0.706831360283245	-0.21940979855332168	
9.757695885942042	2.3357073205840453	-1.3388769442110922	-0.6316038614687287	0.7464401370212876	-0.23291394185329908	
9.837225750844304	2.3248051881190297	-1.3121574644437868	-0.6594118995136596	0.7925160147281398	-0.24828849537549724	
9.94020393342801	2.319552940766491	-1.2899152142070438	-0.6864058346110727	0.8454318288490681	-0.26546227375451126	
10.0717416292063	2.319198785187828	-1.2756864808249664	-0.7122333577810226	0.9055501507209398	-0.28438009981346873	
10.237309666222677	2.322034210722447	-1.2743405040972982	-0.7365478814158517	0.9732199274222927	-0.3050307564680608	
10.442550128184909	2.3255064412941455	-1.2920791005185435	-0.758996552074104	1.0487686878031826	-0.3274705715661851	
10.692977646478992	2.326510199631542	-1.3362826984020892	-0.7792291662117843	1.1324859129284068	-0.3518365007852815	
10.993561772410322	2.32181246994142	-1.4151606290641972	-0.7969377624182168	1.224593666041436	-0.378343437135725	
11.348197243669864	2.3085244945075813	-1.53718286457034	-0.811929150310248	1.3252022212228642	-0.40726246238748537	
11.75908780478742	2.284514569363457	-1.7102993944699652	-0.8242230009403758	1.4342510662792072	-0.4388796281924596	
12.226085575074794	2.2486670952062564	-1.940985125908315	-0.8341586636779568	1.5514384587576617	-0.47343804220598523	
12.746048629183635	2.2009372797420794	-2.233186740821779	-0.8424855561538658	1.6761461037970298	-0.511069365042732	
13.312301427441227	2.142224497520734	-2.58730060299797	-0.850408608256518	1.8073691615656349	-0.5517247025664677	
13.914262364851732	2.0741571378832826	-2.999307078925945	-0.8595699461206877	1.9436600480871968	-0.5951145214658174	
14.537310713250788	1.9988882934007526	-3.460188622193358	-0.8719562679830383	2.083094658094484	-0.6406657732924239	
15.162953261998235	1.9189785435496083	-3.955743634485912	-0.8897315294519841	2.2232677646336687	-0.687502184608852	
15.769325781533784	1.8373983162361907	-4.466879191497802	-0.9150045671246768	2.3613216404358446	-0.7344513331190815	
16.33203143558759	1.757627579926532	-4.9704260465266605	-0.949550933610124	2.494009003090585	-0.7800800505527881	
16.82528546772792	1.6837756896283835	-5.440471057008168	-0.9945165386174526	2.6177887423085178	-0.8227576041314745	
17.223312510127187	1.6206054576426356	-5.850157463025548	-1.0501350509946752	2.7289512757249375	-0.8607441342100527	
17.501900433989988	1.5733466122868824	-6.173840813160945	-1.1154988333647493	2.8237681009890645	-0.8922992761251998	
17.63996435423226	1.5472563215331805	-6.389409622801933	-1.1884134229440184	2.898654575658494	-0.9158021005051836	
17.62096650924183	1.5469657568499808	-6.48055663896943	-1.2653583131705466	2.9503336213498406	-0.9298731264860417	
17.43403488476616	1.5757122614011232	-6.438735781532736	-1.341575641974711	2.975985814554883	-0.9334869098238888	
17.074655583192445	1.6345982310576002	-6.2645114180850765	-1.4113037558569674	2.9733714916881926	-0.9260616650060329	
16.544870276814077	1.7220404812959946	-5.968026693135138	-1.46816445272513	2.9409134725156894	-0.9075117480319331	
15.852979709575141	1.8335685885900017	-5.568403878400188	-1.5056975085764726	2.877733830586457	-0.878250116742362	
15.012833680519762	1.9620760805201858	-5.092049168682882	-1.5180135308942118	2.78364445014349	-0.839131794386359	
14.042849429786543	2.0985170219327403	-4.570028696929245	-1.5004990500873538	2.659095393554489	-0.7913351693902833	
12.96495819640824	2.2328636802081063	-4.034952415187595	-1.450455197586426	2.505091946006023	-0.7361933312187396	
11.80364837545558	2.355046049414642	-3.51791543314915	-1.3675442065192687	2.323096768724807	-0.6750053128361886	
10.585137770009664	2.4556782927697487	-3.04593459858273	-1.2539413314872558	2.1149283521497835	-0.6088651250965288	
9.336624299693595	2.5265341965732717	-2.640153767072866	-1.1141544110417079	1.882664049792284	-0.5385451395781551	
8.085541747561326	2.5608712700136493	-2.314890896361754	-0.9545535411354358	1.628552723442698	-0.46445502777502795	
6.858789090219986	2.5537328852648864	-2.077439061532305	-0.7827147097582479	1.3549410664607546	-0.386675388573052	
5.681964375020189	2.5022713725399566	-1.9284479222398838	-0.6067003804370089	1.0642190046637983	-0.305046624629852	
4.5786597387246015	2.4060038888050075	-1.8627180176784381	-0.43437332314543176	0.7587896632315269	-0.21928682797619042	
3.5698633748422233	2.2668379840224127	-1.8703419515848512	-0.2728004479115224	0.4410616913781087	-0.12911634288542936	
2.6734691288937538	2.0888094401567594	-1.9381482949791953	-0.12776759418032163	0.11344776151242197	-0.03437460177629347	
1.9039098734425426	1.877614843892393	-2.051385368866654	-0.0034125805594030956	-0.2216500403108734	0.06487747492978735	
1.2719721360418128	1.6400832309566973	-2.195461036224709	0.09800609381757937	-0.56187543666748	0.16827721994308248	
0.7848518608473363	1.3837028622839664	-2.357471144358213	0.1761841634211731	-0.9049669453427536	0.2751130197811462	
0.4464697886166883	1.116253221150574	-2.527270533071211	0.23267719807607667	-1.2488064780502495	0.38432090836657445	
0.25800217643599693	0.8455459426500886	-2.697943031493193	0.27064206984550937	-1.5914550590851333	0.49452951208221263	
0.218533003932654	0.5792676778866608	-2.8656546062035027	0.2944421423939695	-1.931169508214548	0.6041475119596118	
0.3257233332785307	0.3249205449072619	-3.0289665571662745	0.3091602374942433	-2.266398149569326	0.711478746615799	
0.5763956805933756	0.0898471651058674	-3.187772846000683	0.32008265070607245	-2.595755802320109	0.8148435206035101	
0.9669591220079718	-0.11868806325875089	-3.3420595780383646	0.3322141354158909	-2.917979270155867	0.9126873277741316	
1.4936324661767229	-0.2933952681788388	-3.4906591849677016	0.34986771976803643	-3.2318638169456975	1.0036650222187153	
2.152438998481435	-0.4268662145152289	-3.630152205037147	0.37636013733217405	-3.5361827594881854	1.086694542681702	
2.9389655610002516	-0.5115194703731987	-3.7540386850016447	0.41382585825049883	-3.829594556977587	1.1609799824548483	
3.8478998273866645	-0.5396035815612124	-3.852268667862685	0.4631456485357181	-4.110544077169966	1.2260076153545942	
4.872382270528879	-0.5032747287754226	-3.9111891646361303	0.5239725208093557	-4.377166321229199	1.281520225965036	
6.003231670557783	-0.3947706218223785	-3.9139393398399607	0.5948325112372319	-4.627201592740546	1.3274749478517425	
7.228149735630722	-0.2067103979473284	-3.841306809843774	0.6732831990483015	-4.8579340066211065	1.363988603775066	
8.531020744889302	0.06744781348256448	-3.6729927315783244	0.7561106395738559	-5.066161376035439	1.3912757503534774	
9.891435425223623	0.43276714643940783	-3.3892233360066615	0.8395588209008242	-5.248203877252334	1.4095830893103307	
11.284573032974418	0.8920085846646219	-2.9726147397372418	0.9195888244636697	-5.399958396204903	1.4191245955327711	
12.681552456223411	1.444656710484669	-2.410158913693373	0.9921605980318512	-5.517004209936748	1.420023110729072	
14.050313616855473	2.0858704492240903	-1.6951626772880375	1.0535215217029974	-5.59476394038184	1.4122654096836949	
15.357020758980468	2.8054812791887622	-0.8289458048322162	1.1004759720928616	-5.628720446070078	1.3956782886622698	
16.56790726092544	3.5871944012273875	0.1778906190605174	1.1306055666310533	-5.614685286601013	1.3699323101655514	
17.65140302145812	4.408193424682316	1.304831445843609	1.142410926784322	-5.549103219393366	1.3345779560367999	
18.5802975888912	5.239322456257904	2.521584298764982	1.1353656962602847	-5.429364965960467	1.2891139209788358	
19.33364932599621	6.045885689081579	3.788965675948179	1.10989892527343	-5.254091490008943	1.2330793125606236	
19.898319659543986	6.789202650430106	5.060566854868757	1.0673393674159248	-5.023387938672755	1.1661663043501054	
20.269576803769827	7.4285223429826175	6.2848914741846444	1.0098182618394052	-4.738957114644845	1.0883151812654541	
20.45172226575277	7.924188136453205	7.408446107892294	0.9402087607400962	-4.404296627223967	0.9998371106500323	
20.45639798523362	8.239695760097486	8.378338841579911	0.8619363040726762	-4.024436645996363	0.9014064162109998	
