20.69768610425104	7.329181178955762	9.247150486650156	0.8148084759967439	-3.777354241471544	0.6883878875144896	
20.44234749221479	7.106789693506836	9.899072047578992	0.7680611497919212	-3.3313222843307555	0.5717843554211934	
20.05656410376416	6.682029555455131	10.254973217367942	0.7256664406201948	-2.860003511045124	0.4471343424459595	
19.569663476416572	6.066702406580493	10.293174738980964	0.6892271730032374	-2.37364526324379	0.31659799825500595	
19.010680363888877	5.285678107761241	10.009723738625032	0.6596245514905498	-1.8828433553642396	0.18250251373118428	
18.406499837054575	4.378180927629766	9.42167196796788	0.6368752573815011	-1.398183397346316	0.0471770593703497	
17.780109322918456	3.3952509091218737	8.565558818033058	0.6201862539502789	-0.9297328992391992	-0.08725949812013555	
17.149611937764575	2.396932060834455	7.495453911291357	0.6080298754953992	-0.48663139558177404	-0.21902217646783806	
16.52780884414993	1.447566172238222	6.27845724538918	0.598321311092226	-0.07671641519621211	-0.3467151074753349	
15.922390244557224	0.6100744268953112	4.988618077073308	0.5886654570623817	0.2937478019536222	-0.46928753793969996	
15.33659775117586	-0.060381755429232145	3.699599417314465	0.5766691579252263	0.6202317309506966	-0.5859016470601826	
14.77025304773617	-0.5223438662852746	2.4772199533825447	0.5602796192058287	0.8999902082902355	-0.6957405326058961	
14.22106925363127	-0.7524254542180014	1.3733167782451672	0.5380840274254189	1.1320239254438609	-0.7978087477794936	
13.686143595895683	-0.7471160664830865	0.422324389664249	0.5094884260486374	1.3169848373523636	-0.8907838957391878	
13.163431840252759	-0.5219016879836703	-0.3590105057950057	0.47472505915861535	1.457047128054391	-0.9729585187003766	
12.652921273329426	-0.10831066138732953	-0.9693855657296988	0.43469174544914924	1.5557305008651066	-1.0422867317943016	
12.15723812029365	0.4501695583329706	-1.4193182789903005	0.39068016649664206	1.6176531689345868	-1.0965318179273171	
11.681580032186037	1.1025041578691193	-1.7271957285560327	0.34407974493995724	1.648207984961952	-1.1334988172405855	
11.233057860438153	1.794443262453163	-1.9156440849499512	0.29614241324084634	1.6531813499201407	-1.1513269278823608	
10.819666371734295	2.4726910652567273	-2.0085182520974563	0.247867251617369	1.6383533944181972	-1.148806732485767	
10.44914389835156	3.088891882818574	-2.028666405734598	0.2000242374718931	1.6091237296101837	-1.1256755599164765	
10.127940907205746	3.603246198857215	-1.9965541520495482	0.15329338949138724	1.5702040578116052	-1.0828346095115913	
9.860436083512065	3.9873273835137146	-1.9297018389384248	0.10845622618910358	1.5254140797928974	-1.0224282911506115	
9.648444185377892	4.2256521489057235	-1.8427037722496962	0.06655388831580866	1.4776008164882455	-0.9477502406513303	
9.490997102763394	4.315846960220726	-1.7475223190980929	0.028943959636126337	1.4286728110246465	-0.8629848067446069	
9.384389767481373	4.267520634293217	-1.653838630506419	-0.0027700996747597843	1.3797223580524958	-0.7728261832016257	
9.322492189918432	4.100152396298148	-1.5693546658081818	-0.026922967368883638	1.331200331691436	-0.6820385383710434	
9.29730734974772	3.8403773336936444	-1.5000197705973124	-0.042045811477991836	1.2831105003502614	-0.5950234745594718	
9.299712737943164	3.5190281374306998	-1.4501881618441628	-0.04714894363779336	1.235197508691529	-0.5154513378647614	
9.320288696812632	3.1682174997223047	-1.422718387579875	-0.041976690119098874	1.1871106352599181	-0.44599637243119844	
9.35012568220474	2.818659252383736	-1.4190216348430722	-0.02718661359977399	1.1385328581341458	-0.38819703885183904	
9.38151443014532	2.4973551513656105	-1.4390667545079971	-0.004415653559672413	1.0892718426008838	-0.3424451142901417	
9.408441495762906	2.2257614567226343	-1.4813709207667132	0.023791866965225825	1.0393145008969082	-0.3080960195478789	
9.426849135426846	2.0185349268143318	-1.5430255006215017	0.05419343946476788	0.9888502596074488	-0.2836755375287843	
9.434656823197848	1.8829381592064454	-1.6198191957897023	0.08317018587156223	0.9382680956544858	-0.26715012268911364	
9.431569815055525	1.8189670703038165	-1.706509516052265	0.10711725008964702	0.8881301820048227	-0.25622454400051914	
9.418730113138343	1.8201910858283048	-1.7972538862131553	0.12284413073955608	0.8391252207146307	-0.24862862325510376	
9.398284809324203	1.8751912301930411	-1.8861573481079814	0.12792341601412321	0.7920072052615377	-0.24235898256889585	
9.372947967090735	1.9693788345052634	-1.9678478396437629	0.12093566459466075	0.7475285465780372	-0.2358515353517279	
9.345614218895633	2.08692240252235	-2.0379772882831553	0.1015776566375137	0.706378025085661	-0.22807395023816943	
9.319053415754764	2.2125273858163403	-2.093574209148942	0.07062639990012261	0.6691330730017415	-0.21854079395091056	
9.29568858236387	2.3328886923745564	-2.1332187325892984	0.02977479863788124	0.6362331321737881	-0.20726348292523764	
9.277446350629065	2.4377068617340774	-2.157037409037036	-0.01862916922234551	0.6079772239060504	-0.19465112930769635	
9.26566592944748	2.520234443377596	-2.166535806169303	-0.0718948398623173	0.5845425727936195	-0.18138294679450437	
9.261060324129383	2.5773632768737547	-2.1642924121816884	-0.1273117286665724	0.5660164048661389	-0.16827108065008664	
9.263731860023489	2.6092963097517403	-2.1535501265994754	-0.182445039169769	0.5524308759165288	-0.156131240143802	
9.273245059191064	2.61889012479705	-2.137756122185272	-0.2353709087767118	0.5437920953791623	-0.14567557433808923	
9.288753449820286	2.610790904635978	-2.120108072637688	-0.2848268879020534	0.540097694519687	-0.13743742186390764	
9.3091659030929	2.5905050009716053	-2.103163116365902	-0.3302647408584002	0.5413416313114018	-0.13173200987236677	
9.333327078889754	2.563540458126402	-2.0885565091672755	-0.3718062679280455	0.5475085315396717	-0.12865195350246814	
9.360180422193702	2.534730009301515	-2.076860353919202	-0.4101167171989745	0.5585621040344397	-0.12809218288756805	
9.388886151132432	2.5078068959096025	-2.067591994960092	-0.4462219843899905	0.5744329869876443	-0.12979628179035532	
9.418885773042662	2.4852570836121477	-2.059359296150793	-0.48130570100941594	0.59501126892842	-0.1334145492032889	
9.449935751719739	2.468407904543175	-2.0501105228798195	-0.5165246639334192	0.6201478975848328	-0.13856368485058893	
9.482149280065423	2.457673424066307	-2.037460506720049	-0.5528702439342014	0.649668118860555	-0.14488048616871962	
9.516079064901497	2.4528572714578614	-2.0190677173375406	-0.5910884452681543	0.6833984082190262	-0.15206450474574496	
9.552854092149733	2.4534195512874186	-1.993033663613566	-0.6316544721353466	0.7212057951492605	-0.1599077018457109	
9.5943612599458	2.4586434130099994	-1.9582865721139577	-0.6747851423334805	0.7630452626483958	-0.1683118455083477	
9.643445206440955	2.467678626558011	-1.9149035054845955	-0.7204676127151437	0.8090077860319964	-0.1772960373936927	
9.704087949599472	2.479481767353138	-1.8643297740636249	-0.7684856024162446	0.8593597168367746	-0.18699720030745845	
9.78152475851201	2.492703475958479	-1.8094770844245311	-0.8184322222855005	0.9145646814284156	-0.1976659070852248	
9.882250444854142	2.505584979273624	-1.7547098047138507	-0.8697091289179832	0.9752813216092644	-0.2096586532431159	
10.01387971393122	2.515913869225724	-1.7057520051334645	-0.9215210514423634	1.0423344638197962	-0.22342654530308337	
10.184844469586528	2.5210604160883716	-1.6695515230728442	-0.97287891247442	1.1166618803311823	-0.23949964474812355	
10.40392289555529	2.5180958866398093	-1.654113204583976	-1.0226239714538974	1.1992406047281734	-0.2584654812480352	
10.67960983600728	2.5039867754917142	-1.6682859333847617	-1.0694801151988285	1.2909977780660749	-0.28094037073953876	
11.019350052854339	2.4758581362678824	-1.7214606945039335	-1.112135084825612	1.3927106858404172	-0.3075324068404916	
11.428667993684167	2.4313144709898795	-1.8231214860872114	-1.1493465065419752	1.5048997835160949	-0.33879527264052756	
11.910242356530834	2.368791265898491	-1.9821978082115919	-1.1800660682044488	1.627718021612077	-0.37517251992092854	
12.462991226125297	2.2878873485377906	-2.206200501251961	-1.2035740806726487	1.7608403370360093	-0.41693302975305496	
13.081248624992242	2.189610222266622	-2.5001717812795894	-1.2196151451341444	1.9033585188865663	-0.464100010361682	
13.75414469213317	2.076460996682852	-2.8655473881716462	-1.228519199867442	2.053691298408999	-0.5163794182842703	
14.465296483210311	1.9523193163175798	-3.2990775301564983	-1.2312863200956683	2.2095210732574144	-0.5730963676403612	
15.192892339165356	1.8221459421413357	-3.7919685114181703	-1.2296110391987998	2.3677685650086584	-0.6331495186854511	
15.91023467054929	1.6915699341804629	-4.329416340759875	-1.2258225198575874	2.524616835527768	-0.694994725604677	
16.586769707685	1.5664492878421226	-4.890684910135135	-1.2227251614743946	2.675592917604218	-0.7566678175315689	
17.189590685508477	1.4524753232322896	-5.449837713703823	-1.2233375856834063	2.8157111643426194	-0.8158528875908062	
17.68534981544955	1.354847794858629	-5.977159625763987	-1.2305442128106416	2.9396773940580885	-0.8699973251529687	
18.042459292166864	1.2780037988775352	-6.441209671072617	-1.2466899183094398	3.0421469553041978	-0.9164687016493549	
18.233410397078554	1.2253603325331819	-6.8113471375019055	-1.2731611632555317	3.118022962454433	-0.952742289125829	
18.23699662117293	1.1990398445730446	-7.0604981710256505	-1.3100040452614268	3.1627740145065926	-0.9766027596495944	
18.040154862866352	1.199595360475898	-7.167839896718668	-1.3556396182765025	3.172739987616882	-0.9863375666971633	
17.639164218238882	1.2257970858707188	-7.121035289821798	-1.406732051087064	3.1453923563992436	-0.9808988083986225	
17.040015224026554	1.2745731588379945	-6.917651413204288	-1.458261148760944	3.079519422252528	-0.9600119318240213	
16.257870217230455	1.3412002963082954	-6.565444619902597	-1.5038384084704393	2.9753135221274363	-0.9242108491569748	
15.315684692734175	1.4198001723721705	-6.0813660899315956	-1.5362723217778078	2.8343491260655096	-0.8747840925564533	
14.242210781012082	1.5041076463500143	-5.489409630594879	-1.5483350064019534	2.6594544449721216	-0.8136275158888692	
13.06971120380946	1.5883576445112508	-4.817719300268984	-1.5336190843290132	2.454492004144309	-0.743016622101945	
11.831724596395794	1.6680487241350725	-4.095582585559576	-1.4873265220377472	2.224072593590279	-0.6653324786874331	
10.56112889245585	1.7403546132608732	-3.3509493873104517	-1.406830481938222	1.9732304578287438	-0.5827914690317527	
9.28860779573963	1.804090322507853	-2.608913301104229	-1.2919071934022142	1.7070864904197114	-0.49723227635982287	
8.041540075798162	1.8593270354896805	-1.8912540534266715	-1.144626455435483	1.4305278192876714	-0.4100002259610254	
6.843289671180469	1.9068665283951853	-1.2167737487984305	-0.9689920765068356	1.1479325209263644	-0.3219367549327957	
5.712876197204101	1.9477461342133162	-0.6019744873993809	-0.7704545600724655	0.862965804241008	-0.23345391973576987	
4.664992119831077	1.9828457113382725	-0.06161380210828564	-0.5554087135853646	0.5784696986913711	-0.144657255227318	
3.7103022979978872	2.012584211015604	0.39117464976598887	-0.330750943905904	0.296454354040558	-0.055476589445922	
2.855940061896626	2.0366717209554235	0.7452464957125593	-0.10352393071226028	0.01817695786139304	0.03422653540831712	
2.1061150170513474	2.0539219258494086	0.992100737176758	0.11936074407877008	-0.25572743836900086	0.12458884399807116	
1.4627702218113723	2.0621828862687757	1.1265124155123338	0.3313482576700969	-0.5251084382718201	0.2157087207875574	
0.9262565011333525	2.0584531332517866	1.1468991977256422	0.5264388496089455	-0.7901926960240547	0.3076281742662284	
0.4960126013246932	2.039199789290338	1.0553359097638717	0.699370602798283	-1.0515206569164368	0.40031813172062936	
0.17123226577888484	2.0008223834435097	0.8572842081612422	0.8457857040366947	-1.309919874904225	0.4936584637890682	
-0.048512505186274	1.9401707065385096	0.561193840517618	0.9623760885050368	-1.5664931640071518	0.5874119264872	
-0.16272693127546745	1.8550330439482965	0.17811905566786002	1.0470010470631077	-1.8225942870152685	0.6811973199180843	
-0.16956875733253676	1.7445324638082575	-0.2785528890315677	1.098770550648975	-2.0797670860459476	0.7744695722690912	
-0.0655874759315252	1.6093987250506774	-0.7932343163089105	1.1180904744922187	-2.3396326675642993	0.8665129988711595	
0.1543257405926702	1.452115062427252	-1.3481706009927523	1.1066677478966065	-2.6037213327674835	0.9564499158636691	
0.49673132958440425	1.2769663188184803	-1.9234563158502422	1.067473148336184	-2.873258646359847	1.043262549457915	
0.9691425637929122	1.0900305227590248	-2.497124050350089	1.0046566001686559	-3.1489257458979547	1.1258240593012019	
1.5792236868652512	0.8991540295607374	-3.0453745664308434	0.9234061213637605	-3.4306200113499474	1.2029353931865938	
2.3337138878195387	0.7139209237068352	-3.5429856540558404	0.829737129827204	-3.7172468364886386	1.2733677052670158	
3.2371577986513387	0.5455903470527751	-3.96389535999349	0.7302062939595728	-4.006570230985615	1.3359120300183864	
4.290546377719707	0.40694162655812594	-4.281939680694244	0.6315544536959574	-4.2951398267055625	1.389437497570702	
5.489991357459384	0.3119471412893948	-4.471736614769661	0.5402961423315218	-4.578303717458873	1.4329555033679262	
6.825570323571168	0.2752010709210188	-4.5097235846626065	0.46229054403494096	-4.850304842645723	1.4656817211445314	
8.280480293346981	0.3110638637307368	-4.375362870138043	0.4023410591328528	-5.104449547557779	1.4870836847692144	
9.83062234778684	0.43253317677577496	-4.0525186287250365	0.36387410150233224	-5.333333530498374	1.4969009190871267	
11.44471218357584	0.6499081729972687	-3.5309777343376942	0.3487401269884871	-5.5291129432969806	1.495128099954206	
13.084978211932116	0.9693584245480125	-2.808039724709198	0.35716145118141057	-5.683814322037945	1.481958978183776	
14.70847542527254	1.3915317914117922	-1.8900498379548767	0.38782508011416866	-5.789683381437933	1.457698238463435	
16.269006936949847	1.9103789474854311	-0.7936606086603982	0.4380938103765909	-5.83957258752972	1.4226586836514936	
17.71954267946884	2.5123695409458997	0.4533861991588098	0.5042793647089941	-5.82736098162762	1.377069157841078	
19.014989044150074	3.1762695130203333	1.812154539834414	0.5819236864961532	-5.748393846497963	1.3210191905717446	
20.115037183758222	3.873591258622475	3.2332197911022384	0.6660517449892407	-5.599900503198257	1.254457616414252	
20.987013063649275	4.569811612136569	4.658347985417042	0.7514016455196012	-5.3813796450916636	1.1772614738607607	
21.60789294047355	5.226133741104276	6.022914122207555	0.8326216204260396	-5.094795869714709	1.0893461966266744	
21.966748782512045	5.802121142156174	7.259630525074901	0.9045463330593012	-4.744825066878915	0.9908607097704845	
22.06406994814729	6.25805986668442	8.302027298723083	0.9623832096528018	-4.338493061292511	0.8822956943843202	
