20.273753367551777	10.201334301177203	9.350710084542426	0.893041153774287	-3.7027450723585424	0.8195668333506286	
19.980819165677925	10.08042831023529	9.882392826278052	0.7880490006989838	-3.2305152182067722	0.6897373633378037	
19.574989512911447	9.663688793744777	10.121380742693589	0.6841770717767417	-2.73905369849334	0.5528160807662961	
19.084938456632354	8.962976383760754	10.049608873529499	0.5870702349862537	-2.2389590471598906	0.41127720667495793	
18.538804714640865	8.007133370806589	9.666376367985226	0.5016101078215279	-1.7410210350430013	0.26756499190701233	
17.96254644756106	6.843909749747776	8.991838664929807	0.43142839102935143	-1.255833359940479	0.12390128106642004	
17.378441151059214	5.536674602027844	8.065349943306284	0.37858664960430394	-0.793269363209201	-0.01789689719739973	
16.804196681535384	4.161213536065678	6.9434330963198	0.34336331470759907	-0.36204972593787704	-0.1564983178631006	
16.252433562016495	2.8001772179770645	5.695051235694002	0.3242492497753216	0.03064492682196855	-0.29104239075183996	
15.730542187373374	1.5363410448237576	4.395250417639527	0.318164297048609	0.3794436652551086	-0.4210156216738825	
15.240844460012779	0.4450248202966085	3.117555583588982	0.32089598630933014	0.6809186184937853	-0.5460425082156044	
14.781099649794848	-0.41319331727772396	1.9263068358988535	0.3277052324946653	0.9335743632613059	-0.6656332435342567	
14.345473108972099	-0.9980567071051704	0.8704910223677977	0.3339914813287616	1.1377151920763449	-0.778952605680742	
13.925999175778035	-1.292427441595308	-0.01959410221783396	0.3358825117633688	1.2952448066660387	-0.8846715124368494	
13.514386589869174	-1.302030208686902	-0.7324012172382494	0.3306443898147284	1.4094360299953335	-0.9809355152330189	
13.103826242108456	-1.0526720262889881	-1.2724623718118753	0.31685318035825477	1.484679340407902	-1.0654536311963088	
12.690423259549354	-0.5859394805307131	-1.656139857146061	0.29432617191595734	1.5262022464070222	-1.1356871828473185	
12.27399626982727	0.04564327608084251	-1.9069843019318227	0.2638648785589742	1.5397546986471842	-1.1891071864235485	
11.858166848005883	0.7833599175673802	-2.051540522098958	0.22690083502411953	1.5312713486259406	-1.223486690525556	
11.449805330065063	1.566709244343484	-2.116042375187429	0.1851451370329329	1.5065348310848405	-1.237194942831348	
11.057978732930872	2.3374661478277328	-2.124152387539516	0.14031979092030003	1.4708681823743452	-1.2294598499007694	
10.692607790144079	3.0433621463954457	-2.0957200434911343	0.09400801193855822	1.4288877466104357	-1.2005593048687142	
10.363101099175907	3.6412498918587333	-2.046354302573983	0.04761841062637659	1.3843399172536313	-1.1519132904666751	
10.07719479934885	4.099542369219433	-1.9875674417555345	0.0024325562820323456	1.3400313471249194	-1.0860621969709339	
9.840142491584897	4.3996746782982745	-1.9273053616683478	-0.04030494001934221	1.2978490951455137	-1.0065286450109692	
9.654292601144876	4.5364158058212745	-1.8707062540023094	-0.07930133267487588	1.2588552799902502	-0.9175733375717792	
9.519007933791114	4.517024230743039	-1.820928772343491	-0.11318075504199122	1.2234340906257946	-0.8238694264090818	
9.430855611059856	4.35942123607317	-1.7799044721609536	-0.14052716628318473	1.1914670574230262	-0.7301332604446655	
9.384011105008367	4.089675945831581	-1.7489204006288135	-0.16000445981176029	1.1625140402690115	-0.640757018200723	
9.370836987720974	3.7391236179114493	-1.7289980461771601	-0.1705274567972352	1.135981342952965	-0.5594857106666843	
9.38258850937112	3.3414117407380064	-1.721067535517553	-0.17144378678594183	1.1112619180623549	-0.4891750243956894	
9.410163641390131	2.9297509039133374	-1.7259560885983722	-0.16268874118857712	1.0878354828454355	-0.4316488650350071	
9.44482340498518	2.534532165026285	-1.744231874462599	-0.1448845356603107	1.0653233851015897	-0.38765963850587964	
9.478822572818125	2.1814066072846057	-1.7759584604846217	-0.11936395748963675	1.043499931102742	-0.35694521310822264	
9.5059044234363	1.889886841382593	-1.8204261833265025	-0.08810908322292525	1.0222691319014117	-0.33836805592509944	
9.521627100962133	1.6725128282937596	-1.8759327943545654	-0.053607385528265085	1.001620658548727	-0.33011619457851976	
9.523504863125407	1.5346109656014504	-1.9396800732925532	-0.018639380255650293	0.9815796395074683	-0.3299416881323015	
9.510967389665566	1.474645305283945	-2.007831033106877	0.013977100433144669	0.962162213280244	-0.3354102865569451	
9.485160786970845	1.4851107678881144	-2.07573914921574	0.04165315889562862	0.9433440764803948	-0.3441371171029578	
9.448622944841873	1.5538823229208027	-2.138330196761574	0.06226643169809897	0.9250450016310061	-0.3539855201554839	
9.404882630610615	1.665851648329856	-2.190584609065154	0.07433416822347719	0.9071289933057728	-0.36321212043295564	
9.3580268749521	1.8046720696126382	-2.228054102677685	0.07709978410132652	0.8894186671459899	-0.3705510482239016	
9.312273841194164	1.9544279685764738	-2.2473401733151213	0.07052543640471233	0.8717226481569089	-0.375237003195527	
9.271581203879595	2.101051744224252	-2.24647163239637	0.05519989058183327	0.8538740156746386	-0.37697429414512673	
9.239311200580824	2.2333578729791346	-2.225139641223697	0.03218415086062452	0.8357759022162076	-0.37586502684455625	
9.217969573653741	2.3436324337375507	-2.1847667169725606	0.0028236455599317395	0.8174479860919792	-0.37231263105021123	
9.20903729229492	2.4277841066693213	-2.128395058150453	-0.031444941295159456	0.7990660306844454	-0.36691663780588346	
9.21291536566785	2.485111891872819	-2.060386927818029	-0.06926937879755984	0.7809869040483283	-0.36037189284201	
9.229001538480993	2.517763673019382	-1.9859468262490385	-0.10952193333610973	0.7637529301920264	-0.353381914495257	
9.255893102279337	2.529999043588129	-1.910523596324048	-0.1513912486005381	0.7480741480147588	-0.346592794726578	
9.29168431985413	2.5273731889063575	-1.8391827065268873	-0.1944221849855352	0.7347911130622007	-0.3405491723688696	
9.334310881773998	2.51594587485574	-1.7760464968838654	-0.2385058540861112	0.7248229053148193	-0.3356710941207201	
9.381888563575476	2.5016021896178744	-1.7238830098445967	-0.28382812318803824	0.7191065959663965	-0.33224865907762224	
9.4330018688303	2.489536696975554	-1.683890968937373	-0.33078953210714557	0.718535175270095	-0.3304498375133474	
9.486914294390541	2.483913040021913	-1.6556968459352046	-0.3799119718426696	0.7239011575804168	-0.33033617904294055	
9.543690892389398	2.4876785776863666	-1.6375569714141802	-0.43174654934110057	0.7358526752757724	-0.3318816811043495	
9.604244535257028	2.502494231819323	-1.6267418740775512	-0.4867917905347307	0.754867512522976	-0.3349919672203495	
9.670330545503539	2.5287406279916547	-1.6200676131871357	-0.5454233564205667	0.7812489829740457	-0.3395236800299729	
9.744520044273845	2.5655697964259674	-1.6145129709232255	-0.6078293969285888	0.8151434712616179	-0.34530550283512224	
9.830172020728648	2.610991564397794	-1.607849410613609	-0.6739441596169663	0.8565751708180686	-0.35216230751862987	
9.931406627847013	2.6620010169110966	-1.5992063220616677	-0.7433791226459058	0.9054909439053583	-0.35994256682955966	
10.053068929662675	2.714753285461769	-1.5895007125860723	-0.8153604843458331	0.9618065655587691	-0.3685471681626469	
10.200659820664521	2.7647852135861837	-1.5816814739646325	-0.888690126657108	1.0254461307670586	-0.3779561605638748	
10.380200775415279	2.8072752617228627	-1.5807645318271388	-0.9617503721488222	1.0963684407960965	-0.388249186996676	
10.597994783438516	2.8373278750415434	-1.5936582696503936	-1.0325689612251272	1.1745766393107289	-0.3996156060521948	
10.860250574971403	2.8502700072068445	-1.6287931704780976	-1.0989505338664929	1.2601092617419292	-0.41235144957739617	
11.17255703144832	2.841953181980703	-1.6955697468938489	-1.1586674578469673	1.3530118784455252	-0.42684141379480345	
11.53923224783361	2.809058455906676	-1.8036464889058872	-1.209686802390892	1.4532900512593274	-0.443525883344744	
11.962598129453017	2.7493996128477307	-1.9620868135115126	-1.2504044591848646	1.56084556963139	-0.462854169986253	
12.442251897827372	2.662199244969808	-2.1783868461110143	-1.2798576422971704	1.6753994393548157	-0.48522586984498633	
12.97441622976589	2.5482905156135116	-2.4574279275487108	-1.2978891694654606	1.7964072545862408	-0.5109239181106705	
13.551448702077804	2.4101934925343937	-2.800428346590075	-1.3052404589675601	1.9229747161090698	-0.5400449565516772	
14.161580358159304	2.252041052672755	-3.2040025772103786	-1.3035545176690082	2.053782730140917	-0.5724347802595797	
14.78893638502891	2.0793763947801556	-3.6594621920255452	-1.2952767904445661	2.187032304832432	-0.6076381147053299	
15.413872613784529	1.8988836709480355	-4.152497056894157	-1.2834517653386255	2.3204187966706016	-0.644871590911537	
16.01365388377613	1.7181128828771466	-4.663379984729109	-1.271424870040243	2.4511451171836254	-0.6830274857991532	
16.563457988691457	1.5452262750283683	-5.167787321838012	-1.2624778966860672	2.575979501313993	-0.7207111160140648	
17.03764742216868	1.3887396867393518	-5.638241974383355	-1.259435924731432	2.691357343937518	-0.7563094429663535	
17.41123833499555	1.2571885824002218	-6.046125171298902	-1.2642858614263657	2.79352385378474	-0.7880865761441941	
17.66146781618629	1.1586467705967205	-6.364114690919918	-1.277846791968976	2.8787090574202434	-0.8142991258676167	
17.7693295054056	1.1000679091949812	-6.568831107516228	-1.2995285226368753	2.943321771984122	-0.8333222980591063	
17.720917047593435	1.0864891590268277	-6.643408232204333	-1.3272111747158366	2.984144904141035	-0.8437758440170384	
17.508404278784862	1.1202048092486858	-6.579652757474899	-1.3572765252750796	2.9985120063314556	-0.8446373602812934	
17.130522648201087	1.2000635059698337	-6.379444635263548	-1.3848178839222967	2.9844462022064193	-0.8353295119360102	
16.592448704785426	1.3210789800214873	-6.055040931417731	-1.4040477390509662	2.9407446364470577	-0.8157659006741261	
15.90512905205229	1.4745329406955918	-5.628096029870336	-1.4088901161035448	2.8669981411847956	-0.7863413909486119	
15.084216921302655	1.6486367362707768	-5.127507059595951	-1.3937018252210949	2.763548544536943	-0.7478602512658767	
14.148843900514954	1.829672063686165	-4.586407750610894	-1.3540281082478118	2.6313914224272676	-0.7014034152439422	
13.1204530040525	2.003368334055093	-4.038823877112469	-1.2872624901823284	2.4720390350944697	-0.6481512574879218	
12.02183868267314	2.156208361945974	-3.516536843340633	-1.1930781104559705	2.2873625572391942	-0.5891938817081269	
10.876422612853204	2.2764283893656594	-3.046573168239946	-1.0735386580166177	2.0794343065690843	-0.5253694609855963	
9.707701503813452	2.3546484791560403	-2.6495185784562523	-0.9328715904152105	1.8503890835697352	-0.45716646593951443	
8.538775513533693	2.3842294276638163	-2.338648527312914	-0.7769664074930236	1.6023188195570517	-0.3847073347988238	
7.391905163566	2.3614917947871543	-2.1197704838739284	-0.6127101953116956	1.3372087305465363	-0.3078080608186947	
6.288107466524144	2.2858392715627467	-1.9916524545775471	-0.44728661327604285	1.056918782768182	-0.22608899889549064	
5.246810286967855	2.159715802181402	-1.9469150870344376	-0.28753012107365894	0.7632074394926667	-0.13910674792553446	
4.28555830069639	1.9882877816352302	-1.9733587399892445	-0.13937693197016732	0.457784206356489	-0.046485941593765796	
3.4197514578595842	1.7788452437289035	-2.0556880484975517	-0.007432300798512728	0.14236689352813758	0.051961782807814216	
2.662420308490225	1.5400483986220554	-2.177494411871367	0.10533103278932031	-0.18128034226767656	0.1561398322433339	
2.0240772274538164	1.2811979824668664	-2.3232294595568295	0.19772530215011971	-0.511340273746085	0.26559852222442354	
1.5126931080857124	1.0116533469653506	-2.4798478720807946	0.27033490873389454	-0.8459644709327061	0.37950726519209943	
1.1338234232167312	0.7404251986140249	-2.6378636767939	0.325336393537018	-1.1833126531901184	0.4966745650303348	
0.8908729600948686	0.4759162626150571	-2.7916962031791166	0.3661700042374311	-1.5215978417817948	0.6156145329538648	
0.7854607846507577	0.2257878272780412	-2.9393248725169	0.39710890082946054	-1.8591271892047116	0.7346468504044805	
0.817824961370671	-0.0030570623720048394	-3.0814098068522062	0.42279114918965227	-2.194330443848397	0.8520096806267348	
0.9872141662419659	-0.20437510007340043	-3.2200653821082814	0.4477703334480849	-2.525769043956356	0.9659677178945156	
1.2922126512758065	-0.37238032708945995	-3.3574793535384058	0.47613195411671866	-2.8521201019124214	1.0749017555784797	
1.730949297389274	-0.5014679642805879	-3.494549427668136	0.5112079150582256	-3.172131900764134	1.1773719522509498	
2.301148421306371	-0.5859103357951947	-3.629677669842401	0.5554037115864041	-3.4845508105118337	1.272152472541768	
2.999989410553521	-0.6195773537530886	-3.757834610664868	0.6101351928068669	-3.7880233394450737	1.3582393203916392	
3.823755842312645	-0.5957321107146016	-3.869981537590178	0.6758564283362327	-4.0809806066008285	1.4348358904435354	
4.767277258335954	-0.506949958558632	-3.9529261909538604	0.7521516881208616	-4.361515882530102	1.5013220639021805	
5.82321199835509	-0.345209367118707	-3.9896686966626738	0.8378622844684653	-4.627270543531497	1.5572135825072713	
6.981252471408209	-0.1021911146288205	-3.960225942768407	0.931218828892405	-4.87534266709506	1.602119302322626	
8.227365857833396	0.23018601700780772	-3.8429008185580438	1.0299635316090558	-5.1022322748532565	1.6357017106241691	
9.543202805413712	0.6589837425933841	-3.6159250733050374	1.1314575691196898	-5.3038357261626965	1.657644444036042	
10.90580926129683	1.1892357802715994	-3.259369569819262	1.232777248098516	-5.47549951813288	1.667628896818529	
12.287759875173489	1.822766102436152	-2.7571868885970483	1.3308069426066198	-5.61214120472936	1.6653209688634911	
13.657794165692943	2.556925094255761	-2.0992303958747276	1.4223356757020373	-5.7084416100547966	1.6503688213165044	
14.981982389212323	3.383366364249774	-1.2830877436687287	1.504159697512669	-5.759107358529238	1.6224130358136526	
16.225389074035373	4.287016798416673	-0.3155644579733874	1.573189220992905	-5.7591956167315965	1.5811114174020389	
17.354112474854198	5.24543666986354	0.7863736699888013	1.6265555688035416	-5.7044775322558845	1.5261803671925582	
18.337510290624632	6.2287237071277275	1.9953032128336858	1.6617216121763374	-5.591810677725127	1.457454064594588	
19.1503458798703	7.200068367316528	3.2737635109993235	1.6765971459893918	-5.41947671393693	1.3749578717848623	
19.77473745137438	8.117127013065609	4.575472522853893	1.6696831439550723	-5.1874763272546245	1.2789982362290853	
20.201258817469178	8.933932419480904	5.847213788816288	1.6401899322026692	-4.897661967843338	1.170235473110637	
20.43014389586267	9.60402594396842	7.031673676172785	1.5882663276434985	-4.5539305243530634	1.0497872444541785	
20.46998056612233	10.082966698164336	8.070431248740919	1.514982782771221	-4.161932636183846	0.9192016487070268	
