21.250276635808948	10.147412196819923	9.468287156540558	1.291035117709607	-3.5720652339056542	0.7946371505018915	
21.037955744169807	9.951294177378099	9.990993264736089	1.1383029227026669	-3.0912159591579953	0.6694812757655296	
20.728062229836187	9.499975304587762	10.242829814593936	0.9795105515477471	-2.5902320235142846	0.5363683323269384	
20.342090020418702	8.81426246186687	10.212792743832413	0.8211514188676645	-2.078837222166649	0.39641562659282437	
19.89974873126127	7.928066341310866	9.904173295311313	0.6692602746391365	-1.5668719797179298	0.2508293552070166	
19.417475513022335	6.890757675512351	9.338584952770436	0.5289832294240544	-1.0640308913634802	0.10087950550761983	
18.90762886912817	5.76240693060548	8.55279892652686	0.40426946764447375	-0.5794320260191952	-0.05216444826460763	
18.378188028871197	4.610307141457621	7.596468810642008	0.29766371367780625	-0.12130805736438874	-0.2070249763624687	
17.833040096364343	3.503379633910263	6.527393090760515	0.2102499327676066	0.30328291732212925	-0.362362521608551	
17.27281020503575	2.5060800005645283	5.4057943240019215	0.14176996198328337	0.6886615021160853	-0.5166678766848054	
16.696096419651383	1.6725739110279398	4.288454149011307	0.09088681423092788	1.0306526462781043	-0.668136529006683	
16.100967442457243	1.0421052182939567	3.223804195699916	0.05552824270786898	1.326653157927925	-0.8145670227851163	
15.486567233336274	0.6362219502884676	2.248768200751692	0.03324764859875303	1.5756497628352473	-0.9533217005964587	
14.854580878816215	0.4581131848664761	1.3876934067881503	0.02153824563535757	1.7781885791384489	-1.081374240036409	
14.210264144453783	0.4938344734768964	0.6531401015119734	0.018052699562165618	1.936285016771967	-1.1954498327982062	
13.562697452188191	0.7149655235953878	0.047902873593789266	0.020704330098893553	2.053240995463306	-1.292248227406978	
12.924115739217616	1.082107518514193	-0.4325348191507504	0.02766235545054311	2.1333550677524147	-1.368716053258922	
12.308567445931745	1.5487158386079705	-0.7977084067759985	0.037293628625078436	2.181559666952745	-1.4223348380242693	
11.730238205615418	2.0651905447962586	-1.0602036530738044	0.04810299015310821	2.2030165213515884	-1.451397550069063	
11.201802941211874	2.5830484606998043	-1.2341160772982898	0.058714512854394656	2.202715889217522	-1.4552417466562133	
10.733109390904342	3.0588938982371072	-1.3339816038530132	0.06791679510203484	2.1851278597502737	-1.4344061418224163	
10.330374292732852	3.4578028576288102	-1.3741510922892148	0.07476813571343062	2.1539499767529042	-1.3906758888079234	
9.995975941477637	3.755522496560899	-1.3684898626276956	0.07871512950989651	2.111998336943821	-1.3269764554281573	
9.728693360524696	3.9393577256217616	-1.3302115904904013	0.07967203321893104	2.061235969878739	-1.2471412545247917	
9.524252575177336	4.007867959907662	-1.271712061600309	0.07803343407082652	2.0029110226770883	-1.1555893669037374	
9.37606871250143	3.969573108301788	-1.204346590762333	0.07461470330192684	1.9377694685067905	-1.056958373886936	
9.27607413504191	3.8409440898933784	-1.138142024514758	0.07053057978804084	1.8662993559996828	-0.9557415336327406	
9.215532957926431	3.6439592340634293	-1.0814568976753403	0.06702937159266684	1.7889634018075145	-0.8559702451630814	
9.185753846512137	3.4034512412767044	-1.040652228348109	0.06530452156603091	1.7063768660874932	-0.7609824459554692	
9.178632855549674	3.144573995076852	-1.0198510929054172	0.0663152295938219	1.619402083170695	-0.6732963767175663	
9.187029647551444	2.890580308433019	-1.0208441459715907	0.07063735297997333	1.5291649621324657	-0.5945769622473417	
9.204993337169824	2.661042482174091	-1.0431873660335464	0.07836125240878801	1.4370103978126931	-0.5256802727927794	
9.227858235640234	2.4706320862919218	-1.0844948339366298	0.08904969138948751	1.344418780812957	-0.46675621455113686	
9.252237508859535	2.3285051971970816	-1.1408864782301122	0.10176230389402362	1.2529058198401335	-0.4173872931569003	
9.275935440381165	2.238307765015635	-1.2075279911594285	0.11514940421451908	1.1639235312658807	-0.37674603150643593	
9.297793273079263	2.1987408614330706	-1.279179179026796	0.12760150600419504	1.078778086101766	-0.3437520448175644	
9.31749641308476	2.20446388254707	-1.3506919377176627	0.13742304223901414	0.9985703481952352	-0.3172113628907112	
9.335350543230327	2.2472106158288643	-1.4174433829320767	0.1430065004717096	0.9241604142186772	-0.2959333792734823	
9.352041243093819	2.3169953245808426	-1.4756852979265642	0.14298382051188746	0.8561558475536891	-0.2788209701521035	
9.368395620127307	2.4032990860209633	-1.522791014311059	0.13633669023970454	0.7949209973240507	-0.2649318355431027	
9.385165035117854	2.496148568330989	-1.5573810849394816	0.12245383006325804	0.7406034555232064	-0.25351167655049484	
9.402855476493878	2.5869697174568502	-1.579297100182581	0.10112543204876992	0.693174801495314	-0.24399932243754122	
9.421624030907347	2.669135375006407	-1.5894442314806274	0.0724881284644499	0.6524775104622349	-0.23601181820493655	
9.441245861752854	2.738189935261674	-1.589528321369114	0.03693876691109499	0.6182739147473044	-0.22931693373759054	
9.461152552343776	2.791761524171934	-1.5817207111949283	-0.004962748625641626	0.5902936417535368	-0.22379942806455141	
9.480536491809918	2.829217209264273	-1.5682958652717462	-0.05258004410004581	0.5682758326772008	-0.21942702783367657	
9.498511304913025	2.85115599195257	-1.551289155495048	-0.10525774434444107	0.552003253688898	-0.21622076849421956	
9.514310914078742	2.858852265155896	-1.5322274713523083	-0.16233736121832829	0.5413252898197475	-0.21423223581913486	
9.527494460741176	2.8537804891141527	-1.5119714038240368	-0.2231323303699091	0.5361685379393912	-0.21352876534278598	
9.538132871560057	2.837286559947103	-1.4906693363593158	-0.2868757953761243	0.5365367619233521	-0.21418521596981543	
9.546959828471952	2.810424978765547	-1.4678178148807812	-0.3526592156393227	0.5425019478257948	-0.2162804229418177	
9.555475650585713	2.7739567716251208	-1.442417539725575	-0.41938190748644383	0.5541889069217427	-0.21989668559831652	
9.565999999458736	2.7284756049715515	-1.4132128088979403	-0.485730452754488	0.5717565267701393	-0.22512084564503623	
9.581667522612186	2.67460386849789	-1.3790059522887361	-0.5502046959055169	0.5953792817749137	-0.23204587169512614	
9.606357417049823	2.613171206487762	-1.3390204830576231	-0.6111955254434609	0.6252336077327845	-0.24077237036715005	
9.644568534899433	2.545308312381667	-1.2932793743935072	-0.667099286652391	0.6614923838197971	-0.25141027320926	
9.701246026972246	2.4724334774289227	-1.2429622007602457	-0.7164493158064367	0.7043281715308362	-0.26408127343018006	
9.781575678386842	2.3961448043901474	-1.1906970950068378	-0.7580419713641252	0.7539239106434463	-0.27892248294315664	
9.890768728808784	2.318061515901405	-1.1407469222919053	-0.7910368204793194	0.810487573819405	-0.29609127774113403	
10.033859532628389	2.2396775220707177	-1.099057955822514	-0.8150179141036488	0.874265124169559	-0.3157703814249636	
10.215537878347094	2.1622971528116874	-1.073126562285024	-0.8300078101088351	0.9455432021372281	-0.3381702062954505	
10.440015047055963	2.087079604224975	-1.0716955389911698	-0.8364506545518359	1.0246348545482518	-0.36352500184401104	
10.71089840566318	2.0151654728832065	-1.1042915211443372	-0.8351850615438223	1.111845208555257	-0.39207972714989375	
11.0310428351641	1.9478333785187174	-1.1806253343189645	-0.827423665046117	1.2074173817327396	-0.4240657033114174	
11.402347120261485	1.8866268251310438	-1.309895941551483	-0.8147506160751983	1.3114623476949276	-0.45966504133478137	
11.82546545999667	1.8334008680095724	-1.500037301113714	-0.7991397708466272	1.4238779579043135	-0.4989654435700156	
12.29943621143613	1.7902561983870113	-1.7569618400890243	-0.7829795327303044	1.5442671737575102	-0.5419108053878627	
12.821264735925093	1.7593669961836145	-2.0838566396140683	-0.7690816264427137	1.6718676071638268	-0.588255996518573	
13.385496584608932	1.742732630158662	-2.480538611677135	-0.7606541006398718	1.8054979172879932	-0.6375308798616552	
13.983840081160535	1.7418884529809382	-2.94289793165404	-0.7612187321957021	1.9435272973768465	-0.6890183547416907	
14.604902119069399	1.7576208416438917	-3.462472895294949	-0.7744600293134731	2.083872157667927	-0.7417497625697396	
15.234098364471421	1.7897338848201587	-4.026207766479085	-0.8039996807684354	2.2240215704463187	-0.7945191984361487	
15.853815390344444	1.8369180432184182	-4.616487873774457	-0.8530966006122659	2.3610936761154093	-0.8459182747493988	
16.44389959321358	1.8967673097667994	-5.211591381142425	-0.9242999879702006	2.4919236706380756	-0.8943914237614081	
16.982431118878107	1.9659330156993062	-5.786570278784819	-1.0190855618350554	2.6131738014728456	-0.9383063194053375	
17.446747987473717	2.0403945829645354	-6.314598712632252	-1.137505454517263	2.7214612150810007	-0.9760379107181307	
17.81464466539751	2.1158084840363545	-6.7687591945940015	-1.277887780574931	2.8134965270522483	-1.0060633307949889	
18.06564441481451	2.18787983978126	-7.124164675254617	-1.4366227781121559	2.8862241789784426	-1.0270635908398604	
18.182249158890073	2.2526926678857886	-7.36026793960394	-1.608071580326413	2.936956036794891	-1.0380271609244218	
18.15099936388087	2.306923321295388	-7.463013971233533	-1.7846646787744262	2.9634805755308435	-1.0383399891749507	
17.963239450899426	2.34790540837353	-7.4265078377277876	-1.9571983927492644	2.9641376415952974	-1.0278486771055932	
17.615546229896832	2.3735711957363743	-7.253971687732311	-2.115330320131922	2.9378552788142356	-1.006887066668475	
17.109792373393496	2.382323043127924	-6.9577864991297025	-2.2482662883202496	2.884146006586538	-0.9762569918163446	
16.452871018428347	2.372906469534265	-6.558524686163907	-2.345602415416342	2.8030648023994997	-0.9371584229693526	
15.65616723760068	2.3443535362664205	-6.083024136692753	-2.398266592348789	2.6951360250943184	-0.8910689652207919	
14.734866267243124	2.2960262338160167	-5.561693365070339	-2.399444717385033	2.561256510830142	-0.8395773414071609	
13.707241064377703	2.2277089731230855	-5.0255840242850125	-2.345315150019484	2.4025916336468334	-0.784195885694269	
12.594011400014676	2.139662231274311	-4.503721628307434	-2.2354878926837096	2.220480604866327	-0.7261824391670655	
11.4177544015826	2.032589468164298	-4.020964607962741	-2.073080512812371	2.016358755711924	-0.6663991388999257	
10.202334677897515	1.9075373500286443	-3.596546090187289	-1.8644257716777295	1.7917030888831518	-0.605231463979208	
8.972319251676547	1.7658045320802158	-3.243309208194581	-1.6184701517905131	1.5480040591291742	-0.5425792477722775	
7.752357347945734	1.6089478039027236	-2.9675708466942043	-1.3459573352018859	1.28676430336174	-0.47791877848555697	
6.56655837511076	1.4388896764804193	-2.7695521570851374	-1.0585246041508762	1.0095234132486635	-0.4104196799220806	
5.437898402865144	1.2580178605480616	-2.644173223946223	-0.7678439869631385	0.7179034618198603	-0.3390840288474374	
4.387645271166007	1.069161747794275	-2.5821690749563633	-0.4848499687786475	0.4136623723591253	-0.2628904573838853	
3.4348004781821193	0.8754095885484924	-2.571489503518503	-0.21908545553420028	0.09873591242615115	-0.1809313979951438	
2.595578486877011	0.679819980199668	-2.5988953245623265	0.021811337306699527	-0.22475068181897773	-0.09253523817072962	
1.8829725901740169	0.48514704792633506	-2.6515977320967754	0.23246553544385976	-0.554513131813947	0.0026324939194908477	
1.3065385336499098	0.2937036147221249	-2.718666089058192	0.40991884726555733	-0.8881785385245126	0.10450372510303238	
0.8724350639713382	0.10739517471373763	-2.7919611951423997	0.5535848461314357	-1.2233756226198773	0.21258557061588945	
0.5836940717602959	-0.07211046637694776	-2.8665380889936585	0.6650363146951884	-1.5578270670840548	0.32597914191774113	
0.44067408254707974	-0.24312085043792123	-2.9405324356260922	0.7476531147597681	-1.8894308665221886	0.4434338494562215	
0.44162116256487927	-0.40360723004626153	-3.014604448449822	0.8061743017964592	-2.216320754527746	0.5634266550556986	
0.583253023292768	-0.5508785677488596	-3.0910513121501735	0.8462016270000754	-2.536900030020559	0.684253942365258	
0.8612963601091489	-0.6812802549140421	-3.1727062126093335	0.8736942863693795	-2.8498430627108617	0.8041255402638589	
1.270902679222799	-0.7899648838410359	-3.2617985814886854	0.8945083278457073	-3.1540636418732584	0.9212495268022636	
1.8069028804194438	-0.8707547649405533	-3.3589007910216337	0.9140076871787628	-3.4486564829138517	1.033903036637442	
2.4638923620218574	-0.9161187094695283	-3.4620355988846914	0.9367530262195051	-3.7328153790429366	1.1404891390782348	
3.2361416752329473	-0.9172801696158429	-3.5660117907225954	0.9662722740700842	-4.005733312005711	1.239580153330973	
4.117336683019738	-0.8644678890593949	-3.6620360750355587	1.0049090153253175	-4.266490540731286	1.329948720197477	
5.100158757094868	-0.7473236221430697	-3.737649215444953	1.0537432069850459	-4.5139369926507475	1.410587659283958	
6.175761986130106	-0.5554664503046859	-3.7770581961864265	1.112592386342346	-4.746583419863568	1.4807163973872632	
7.333211761128148	-0.2791848034772325	-3.761813684335903	1.180071894140126	-4.962510755519891	1.5397767659235622	
8.558958957098335	0.08975560591764309	-3.6718170964613845	1.2537113114993652	-5.159305847970416	1.587418264515479	
9.83643555677838	0.557211847496563	-3.4866262384025117	1.3301269014619501	-5.334032094647968	1.62347279850206	
11.145858662927063	1.125707244415984	-3.1870061994886933	1.4052487381913192	-5.483242025722939	1.647919477118114	
12.464324650179188	1.7934501101192255	-2.7566752178085	1.4746022432124821	-5.603037760673125	1.6608403337282864	
13.766306410333856	2.55345929715849	-2.1840933057648484	1.5336399234541496	-5.689189185318165	1.6623683011141421	
15.024546194430847	3.392901755274671	-1.4641093631640643	1.5780932014306368	-5.737303834620267	1.6526338810617154	
16.211294142519414	4.292720428046069	-0.5993440064158114	1.604317971541522	-5.743042587500661	1.6317170070251585	
17.29981630577379	5.227659140269264	0.39883798213481836	1.6096026968775636	-5.702374210365461	1.5996116821476845	
18.266047881247896	6.166771831153977	1.5098921336777282	1.5924058502982048	-5.611857558291693	1.5562117936331876	
19.090246556888825	7.074459425276179	2.7042683527695788	1.552498007043576	-5.46893806935296	1.5013246753585603	
19.758422366098394	7.912057504035198	3.9443033657032895	1.4909826031748894	-5.272229276888838	1.4347159497344706	
20.263364120321906	8.640010470659307	5.185902338686113	1.4101977411888866	-5.021765208765941	1.356186028116681	
20.60482479178026	9.219840334804365	6.380546787482124	1.313518838700521	-4.7190970430850525	1.265642468579268	
20.789881278739813	9.617688632154168	7.478449224910329	1.2051413827285553	-4.367562202082943	1.1632277517883938	
20.83087647913636	9.804832875202354	8.430604971267647	1.089731532838447	-3.971894707807265	1.049315188818744	
