20.78639964034611	9.161772082544417	8.84165883072554	0.8707068340676597	-3.858573098733471	0.8551674276047039	
20.477547529060235	9.060830113273393	9.524265147766116	0.7345505613352695	-3.391889335472653	0.7308069937500893	
20.0235005668057	8.705628065172778	9.890917031761655	0.6039732537848133	-2.898363937199432	0.5989223450927247	
19.459336402586985	8.10089450870939	9.916130505351846	0.48478637790781554	-2.3895131245510677	0.46157132798052525	
18.820676044515135	7.266746942590748	9.595101169414912	0.38170670110816063	-1.8772270283449972	0.32109037247120026	
18.141283929400807	6.240581242118726	8.947048798590876	0.2979539892310875	-1.3732723243171654	0.17991173171336264	
17.450739359650395	5.075382552742878	8.013737960399498	0.23507418332113358	-0.888678132849961	0.04029586848310388	
16.77301121116423	3.8373060802625916	6.856965768436961	0.19285404295517367	-0.4332458997313762	-0.09586893650133484	
16.12557688139145	2.6009654692231923	5.5531624008244895	0.16942730191930352	-0.015130685218883005	-0.22719900759933553	
15.519146595639887	1.4431976702706273	4.186116442693153	0.1615554310046355	0.3594356014718717	-0.3528306242677557	
14.957890934776684	0.4357477436257516	2.8383380072142566	0.16507753549226964	0.6862693428507669	-0.4723149144831608	
14.440177243110062	-0.36201247523234104	1.5823922521926217	0.17547251086435217	0.9632102938129261	-0.5854107884682463	
13.95983830791917	-0.9090150845573594	0.4738223426398524	0.1884406242320196	1.1899854483504386	-0.6918270993843213	
13.507952157816897	-1.1858686683345803	-0.4528156848327206	0.20039048603673135	1.3680171814096453	-0.7909814224197956	
13.074957266670564	-1.1951059080742148	-1.184119879406245	0.2087326530807665	1.5002137346783433	-0.8818363580867385	
12.652740177832996	-0.9587272545683598	-1.7248119691307762	0.21193467946228686	1.5907439267820545	-0.9628481307899724	
12.236287658606633	-0.5141637739618474	-2.0929520781005033	0.2093630111565182	1.6447759919879335	-1.0320332731627337	
11.824612037995726	0.09023474858527278	-2.314764325489694	0.20098944451172587	1.6681665971140034	-1.0871416263295555	
11.420843372087816	0.7995175259217341	-2.4199638516645052	0.1870668734817982	1.6671083350636504	-1.1259132414471777	
11.031550086035221	1.556109200528641	-2.438029443818685	0.16787451269383546	1.6477592795150393	-1.1463893377559768	
10.665473621845177	2.3035941360640786	-2.395597758290163	0.14360034321606296	1.615884502009975	-1.1472390563423687	
10.33195314707218	2.990434542818236	-2.314979752111308	0.11437914750328834	1.5765423246660875	-1.1280541964438868	
10.039364923229865	3.573502044136578	-2.213653345787596	0.08045385785049551	1.533848657576719	-1.0895590928750885	
9.793873938849103	4.0210300589780115	-2.1044935546285455	0.042391264307904915	1.4908467324841226	-1.0336892893818888	
9.598678133622897	4.3144946075436845	-1.9964780749624822	0.001269269179328611	1.4494942457258073	-0.9635130101344923	
9.453764281799701	4.449092361340123	-1.8956157150892257	-0.041237712737963894	1.4107593828143004	-0.8829990904874648	
9.356082891089052	4.4328016110743045	-1.8058727722897878	-0.08291965973562339	1.3747997079630996	-0.7966660406220841	
9.300017344253488	4.28435435086498	-1.7299341065649578	-0.12123692651530746	1.3411857442923132	-0.7091713939199453	
9.278057071236706	4.030532927691488	-1.669732767117063	-0.1536324884979731	1.309135106458405	-0.6249014478845556	
9.281597856342518	3.7031496452684127	-1.6267422073172908	-0.17789089145198522	1.2777305437001834	-0.5476120705971684	
9.301776695214846	3.3359834247932274	-1.60205388102962	-0.19247887397383262	1.2461018694859238	-0.480157678791239	
9.330239061045155	2.961890679891145	-1.596283899606951	-0.196807974263452	1.213557661479969	-0.42433129444963275	
9.359755113459736	2.6102783289018308	-1.609372898233554	-0.1913727650191112	1.1796601027771987	-0.3808243886829694	
9.38464169530575	2.305095636457444	-1.6403556829586299	-0.17773822945656317	1.1442463178563216	-0.3493011402791859	
9.400985187892536	2.0634573493061343	-1.687176954017876	-0.15837369634920337	1.1074090614161405	-0.3285689686343721	
9.406679402411639	1.894965495486722	-1.7466205236911456	-0.13635542639822906	1.069453803820456	-0.31681713204661754	
9.401297047134875	1.8017553172147522	-1.8144021820597194	-0.11498221904436551	1.0308458891325236	-0.31188875285538475	
9.38581982562822	1.779245369662725	-1.8854435246165888	-0.09736506848472563	0.9921535552026969	-0.3115497451434633	
9.362276667659971	1.8174797619752014	-1.9542921636719448	-0.08605877008951772	0.9539873894391373	-0.31372061248187993	
9.333358120002467	1.9028514479888134	-2.015612742148028	-0.08278996189005024	0.9169373504384487	-0.3166479078035959	
9.302060128372455	2.0199677883285543	-2.064666945590112	-0.08831282244247156	0.8815124785306191	-0.31900569912362536	
9.271380185404567	2.153432030817782	-2.0977190859042647	-0.10239950061262573	0.8480920091081765	-0.3199292711526491	
9.24406392125547	2.28936138799392	-2.112332324966879	-0.12395211702268001	0.8168969741258534	-0.3189918900101557	
9.222393770281924	2.416517322307064	-2.107541921646582	-0.15120921400101792	0.7879884216211132	-0.31613983261901873	
9.20801954761504	2.5269769010233225	-2.083900703964744	-0.1820120841984392	0.7612932021142674	-0.31160205532144003	
9.201843733858826	2.6163262255395163	-2.0433945202805748	-0.21409468646574473	0.7366526166997331	-0.3057901872901561	
9.203983264723956	2.6834089377911132	-1.9892305800954946	-0.24536278228508931	0.7138849089146666	-0.2992027820976922	
9.213828145356393	2.7297123570576156	-1.9255130205851045	-0.2741312566800186	0.6928507583179646	-0.29234516053637816	
9.230202793736922	2.7585154246057106	-1.8568345365167533	-0.29929303805655916	0.673511616296528	-0.28567266354663284	
9.251612860453431	2.7739520482008118	-1.7878249480405708	-0.3203989470656548	0.6559726011005678	-0.27956089187320937	
9.276535894479867	2.7801557099106686	-1.7227029048475493	-0.33764214750312077	0.6405048515913101	-0.27430113357662006	
9.303703563988728	2.7806199558291818	-1.6648733549320718	-0.35175719982054726	0.6275453216454087	-0.2701146015615861	
9.332323915005626	2.7778589265379936	-1.616613289654729	-0.36385858109709834	0.6176745734713993	-0.2671766419680972	
9.362207703293842	2.7733876116602976	-1.5788857058973038	-0.3752540392452744	0.6115759001430454	-0.26564149410428506	
9.393791003541589	2.767970393708023	-1.5513110418423384	-0.3872704022925818	0.6099819186825595	-0.2656593092648482	
9.428073999645587	2.7620236424313482	-1.5323058773080054	-0.4011218612561959	0.6136169135566458	-0.26737998495437837	
9.466510841220176	2.7560259936716958	-1.5193740070229231	-0.4178343221285114	0.6231436465063876	-0.2709429385917462	
9.510887716128885	2.7508038915979744	-1.5095111341285077	-0.4382196186672983	0.6391216714591401	-0.2764571954270922	
9.563224117236318	2.7476131868630365	-1.4996683841875362	-0.4628784764299918	0.6619810886573477	-0.28398003378745	
9.62572831920087	2.748005366018134	-1.487218123345369	-0.49220722492101143	0.6920124429973185	-0.2935031774358565	
9.700825803260283	2.7535257269939595	-1.470378892154153	-0.526390761849603	0.7293713722494128	-0.3049531470307238	
9.791255135442468	2.765329475978484	-1.448576659353597	-0.5653781984206517	0.7740955003208755	-0.31820792838746004	
9.900199241040333	2.783809441909128	-1.4227386303618221	-0.608850192521637	0.8261302877771213	-0.3331273876743692	
10.03140290793462	2.808314959211077	-1.3955143488725084	-0.656193908797307	0.8853603923688667	-0.3495919196305058	
10.189224779365777	2.837020534277219	-1.3714061068592123	-0.7065015762894664	0.9516423934633146	-0.36754228221789653	
10.378581222430004	2.8669785015297915	-1.3567778848339684	-0.7586043205032875	1.0248339405126676	-0.3870131828700067	
10.60475445074649	2.8943616766364304	-1.3597045995254315	-0.8111466592346994	1.1048137419250874	-0.40815356260212	
10.87305343465853	2.914869242586242	-1.3896221792064167	-0.8627005497276261	1.1914866608773527	-0.43122761612779476	
11.188331895156589	2.924234431583389	-1.456745870251591	-0.9119120771924778	1.2847689176800248	-0.45659256029682	
11.554384002755269	2.9187432362600103	-1.5712433329063327	-0.9576686909564789	1.3845503461685589	-0.48465211161658556	
11.973255921064542	2.8956597894088825	-1.7421818637336908	-0.9992696297467547	1.4906338677912818	-0.5157882934160712	
12.444526267358963	2.853466600849852	-1.9763095103449864	-1.0365767541660815	1.602656261943514	-0.550277867560582	
12.964623248319658	2.7918711466095183	-2.276782093367984	-1.0701170584023476	1.7199987677480024	-0.5882034141714725	
13.526242747711482	2.711611238765846	-2.6419877407566217	-1.1011093574239808	1.8416989202298317	-0.6293713595264974	
14.117931075264568	2.6141678622356244	-3.0646390794439955	-1.1313955892291319	1.9663759038605306	-0.6732489589116057	
14.723910992740013	2.501523088418491	-3.531305886935666	-1.163269629162701	2.0921815961396173	-0.7189300185069311	
15.324237633372105	2.3760716611777424	-4.022535807409046	-1.1992114616193323	2.216787620240323	-0.7651353850713851	
15.89535509011136	2.240724339218045	-4.513659686413912	-1.2415481650225892	2.337415125846252	-0.8102507123338581	
16.411082019208322	2.099153489357245	-4.976299765609085	-1.2920745081865561	2.4509088867323277	-0.8524011467869597	
16.843999910735214	1.9560494907329804	-5.38050394218852	-1.3516743860868348	2.5538515698663766	-0.8895596015660626	
17.16716284187515	1.8172112092163835	-5.697341013994798	-1.4199885886189416	2.642708876305498	-0.9196817041390505	
17.35599206268046	1.6893163692723325	-5.901727740433757	-1.4951737517246158	2.7139924358430787	-0.9408568888673127	
17.390162869858905	1.5793100578840524	-5.975214821216264	-1.5737927520956674	2.764425139904133	-0.9514625458203861	
17.255245444469097	1.4934731159160284	-5.908407296934296	-1.650872589146772	2.791092793422752	-0.9503063740974933	
16.94385201932449	1.4363477124553303	-5.702632255802157	-1.7201590416320551	2.7915664296316374	-0.936739865568204	
16.456129496390346	1.4097661662973882	-5.370503762439604	-1.7745780794164758	2.763984869010301	-0.910726373968832	
15.799549889399023	1.412245920407989	-4.93513674607735	-1.806891371248212	2.707092684511148	-0.8728474537602265	
14.988093291638718	1.4389550679646446	-4.427985098092682	-1.810496085964912	2.620235149259613	-0.8242347709483517	
14.041043765589713	1.482292109441152	-3.8855746605233348	-1.780274966001502	2.5033180292252157	-0.7664239538103061	
12.981670274867893	1.5329083004140411	-3.345667169187479	-1.7133617650807387	2.3567447791139626	-0.7011426642457778	
11.836011373622476	1.5808531234894256	-2.8435094864264263	-1.609670062434321	2.181345487734314	-0.6300654628196247	
10.631853059738445	1.6165474969875848	-2.408735682617802	-1.4720621160834404	1.9783103037104617	-0.554584096303401	
9.397863447820745	1.6314682322501493	-2.0632514672715807	-1.30611209000398	1.7491356751203888	-0.47564292812319614	
8.162799201785234	1.6186205040034853	-1.820169941271981	-1.1195175368595143	1.4955863119969348	-0.3936713145603855	
6.954736628682195	1.5729371144032769	-1.6836867192324143	-0.9212886844511559	1.2196722923304297	-0.3086160253133869	
5.800348289633808	1.4916420776113573	-1.6497203711866222	-0.7208647117136802	0.9236407379995034	-0.2200528996748985	
4.724262648468191	1.3744708946742121	-1.707138509983428	-0.5272773854984676	0.6099812213062805	-0.12734434552760165	
3.7485031795544943	1.223597294569142	-1.8394632354917757	-0.34842665249964366	0.28143434326558625	-0.029811576112657716	
2.8919875679047253	1.0432224068951543	-2.026985485409011	-0.19050073592330877	-0.05901992909245786	0.07310041459865217	
2.1701095443316802	0.8389423143235203	-2.2491189526279336	-0.057567667367491	-0.408216434308889	0.18167948543454862	
1.5944799009657957	0.6170826840529121	-2.4866850661516384	0.0486342125135165	-0.7629059134359641	0.2958365396886752	
1.1729062383422182	0.38414860826504127	-2.7237725557289507	0.12868850155715647	-1.1198868124384205	0.41504185335977584	
0.9096362452078165	0.1464584394609446	-2.9489000202999853	0.18528010029643577	-1.4761414872843426	0.538317012382632	
0.8058201373120046	-0.09002211048361171	-3.1553665146678602	0.22279421957091702	-1.8289524603989047	0.6642822883368459	
0.860104802840517	-0.31965388699815817	-3.340825859729921	0.24679028934555378	-2.175981842228485	0.7912474209605016	
1.0692616096871188	-0.5369360360068827	-3.5062309904896907	0.263416795497368	-2.515304521089628	0.917326102787868	
1.428758603777689	-0.7362080485921836	-3.6543595356804683	0.27883240080470945	-2.8453912758207798	1.040553617598701	
1.933201165677752	-0.9113104818750064	-3.7881624022259968	0.29869362583799447	-3.165042370444195	1.158991165713333	
2.576579389250776	-1.0552701131580906	-3.909166264879239	0.32775402659698494	-3.4732779098648163	1.2708077208878408	
3.352283642058777	-1.160059116061729	-4.016111490600534	0.36959657035981774	-3.7691945743953648	1.374337687814333	
4.25287602917475	-1.2164630626183446	-4.1039658576091504	0.42649717312546914	-4.051801985250554	1.4681168855193232	
5.269639052548616	-1.2140871106581803	-4.163416454854857	0.4993976221358314	-4.319854413512961	1.5509009390123072	
6.39195601156269	-1.1415330340511705	-4.180902430424677	0.5879569938276971	-4.571694266280741	1.621669915349258	
7.606604354018625	-0.9867842233573775	-4.139205877437096	0.690652318951868	-4.805122913336889	1.6796222971379051	
8.897062948403212	-0.7378346084788636	-4.018571790889014	0.8049077129569108	-5.017312632637243	1.7241608298160744	
10.242950616388818	-0.3835866629226763	-3.7982875129360694	0.9272422525130094	-5.204771505567528	1.7548723782399556	
11.619726764527663	0.08497979038621836	-3.458617630394035	1.0534373430581334	-5.363371170062958	1.7715034983863502	
12.998788218991297	0.6734020773172181	-2.9829600446432702	1.1787311802174096	-5.48844495827729	1.7739331234715265	
14.34808524643688	1.3821855541069326	-2.360048746162236	1.298048537834882	-5.574961137972734	1.7621439166095474	
15.63331896910128	2.2052677667349756	-1.5859981650796622	1.4062642340215254	-5.617769033050621	1.7361956264898772	
16.819695936382754	3.1286977810901577	-0.6659883772275241	1.4984862443700253	-5.611909205261176	1.6962063422811788	
17.874115628277007	4.1297595138805026	0.3846020665153319	1.570334313986102	-5.552970727039171	1.6423492216963465	
18.7675787653169	5.176757705043072	1.5397828121099717	1.6181905437099136	-5.437472122920718	1.5748715958940347	
19.47749428072913	6.229597328175074	2.7633575640132717	1.6394005597841157	-5.263225476144492	1.4941366952780772	
19.989679968841717	7.2413148745873075	4.010235941180246	1.6324398730965906	-5.029669293298668	1.4006856706509472	
20.299476836608168	8.160328670925225	5.228508970048521	1.597003147348582	-4.73806521921119	1.2952958469675344	
20.412582605775448	8.933938431739152	6.362523133572336	1.5341548345719733	-4.391710742989914	1.1790472589519467	
20.34373519994857	9.511576973572703	7.356128216186324	1.4462454784170968	-3.995758972116719	1.0533156600388045	
