19.90372825089103	10.510405643554307	7.919878561718882	2.255088588370688	-3.367855114846961	0.9023979083659608	
19.471842364589804	10.944143252229978	8.38743105260263	2.0957343972274605	-2.9091317144544835	0.7722296194680501	
18.935671411883494	11.059463515103516	8.58514168776826	1.8989871647883871	-2.4290393984042415	0.6366073988932653	
18.33285379166766	10.840186341628385	8.501733493908873	1.673757925254462	-1.9378749077188515	0.4979052265164695	
17.697700794274198	10.292106989540972	8.143714215944343	1.430217431867108	-1.446475869230946	0.35829245516009284	
17.058831575350425	9.445497887270154	7.536804396785638	1.179184524703216	-0.9658686376534159	0.21951646143755768	
16.437875109849518	8.353162846038332	6.723847999917615	0.9312320447990607	-0.5067549740572203	0.08275816209611857	
15.849105515907599	7.0870895279663895	5.761801209822047	0.6959209201447388	-0.07901554942833572	-0.05140117545472322	
15.299871367072669	5.732265882220115	4.716533330224876	0.4811315750942469	0.3087840026345396	-0.18288604420760388	
14.791568563162535	4.378676067068208	3.656216249347355	0.2926391857217946	0.6498025956331175	-0.31190913985661745	
14.320933157243458	3.1122437355831303	2.643906432721028	0.13396421378458154	0.9392138982424834	-0.4386648805222596	
13.88150088806206	2.0062506832432945	1.7306407615947428	0.006494580563886141	1.1743556764634884	-0.5629985828762978	
13.465177663768303	1.1148103188503238	0.9505084483353011	-0.09019182739645067	1.3547487707193384	-0.6841309803511799	
13.063886039318657	0.46951249517551824	0.31881995366873017	-0.15790874789824821	1.482012363940816	-0.800504827271146	
12.671149851554684	0.07937268748896863	-0.1664289135158828	-0.199451041845887	1.5596972329596308	-0.9097839615194124	
12.283334255770976	-0.06671120474661471	-0.5206141534444328	-0.21826397528835179	1.5930370326476029	-1.008996988295828	
11.900240443166389	0.0038392038531108	-0.7674181247793197	-0.21821549193204803	1.588603595144066	-1.0947968699492738	
11.524929413231929	0.25152633930996177	-0.9338750870851795	-0.20344352730402004	1.5538630411057481	-1.1638024991857658	
11.162911294966994	0.6290703740747371	-1.0462794084353173	-0.17821868667460813	1.4966604852215122	-1.2129853479777157	
10.821000154824384	1.0857009561527093	-1.1272503353893562	-0.1467654672269726	1.4246847657731783	-1.2400585939247954	
10.506152104592616	1.5713669617822408	-1.1940187773509614	-0.11301755560717364	1.3449751301813726	-1.2438172248141084	
10.22451132825186	2.0405843305035702	-1.2578817557030624	-0.08032436485595328	1.2635276088519432	-1.224374373664134	
9.980751868974172	2.4555365898433172	-1.3246445937920048	-0.05115949224699874	1.18504142364021	-1.1832497104604471	
9.77769953507568	2.788133508858653	-1.3957492836674679	-0.02689548170595738	1.1128192201653142	-1.1232913292551703	
9.616182915673987	3.0209372271860317	-1.4697366389308602	-0.007699967481513526	1.048807658527432	-1.0484444499078844	
9.49506892523641	3.1470524768912522	-1.5437274765177627	0.0074162879776236285	0.9937464217832539	-0.9634057069457814	
9.41144678706789	3.1691863067680153	-1.6146937883891899	0.020397047169203496	0.9473878918102488	-0.8732139203841327	
9.360928503092428	3.098115063384365	-1.68038265812806	0.03380696736890493	0.9087535253861503	-0.7828287613173708	
9.338043259766035	2.9507739060110088	-1.7398351717443807	0.05041153197630307	0.8764004954737242	-0.6967428613783283	
9.33670817997135	2.7481397304123796	-1.793502425578465	0.07273105853742695	0.8486788426520743	-0.6186641121048582	
9.35074461686171	2.5130480869429013	-1.8430034106933495	0.10263396334831217	0.8239632662502077	-0.5512942561575643	
9.374385121508924	2.268082895800563	-1.890609403610866	0.14102755386788463	0.80084481828794	-0.49621911737787516	
9.402699968632461	2.033688372477484	-1.938582977608536	0.1876852481685477	0.7782689509862037	-0.4539116857557583	
9.431876627498086	1.8266447106171804	-1.9885232126840666	0.2412250027013088	0.755609862621208	-0.42383732619161474	
9.45931320278837	1.6590288949344247	-2.0408674243297886	0.2992316773297169	0.7326772568202372	-0.40464142125354025	
9.483533941289537	1.5377411223331265	-2.094668087171984	0.35849743079180124	0.7096612150738433	-0.3943923664406999	
9.503981049484185	1.4646126349527286	-2.1476909397256616	0.4153413596745763	0.6870310461419064	-0.39084763521019705	
9.520759820730104	1.4370229982209286	-2.1967832624528203	0.46596401418691613	0.6654108920238987	-0.3917097696415418	
9.534402525758278	1.4488717590128766	-2.238393662469589	0.5067940950590996	0.6454560660508984	-0.3948449509917667	
9.545679407282512	1.4917189755170273	-2.269122953133307	0.5347909254154251	0.6277497593117486	-0.3984475699112523	
9.555447691289551	1.5559459906594189	-2.2862263063275945	0.5476747070881819	0.6127323518664087	-0.4011449124728771	
9.564514894277965	1.6318486683710494	-2.288018238592031	0.5440671827934915	0.600667894489809	-0.40204317627353525	
9.573504505075492	1.7106059509175906	-2.2741344575660043	0.5235385704336286	0.5916457804009602	-0.40072009815358733	
9.582737389699592	1.785058798127261	-2.245600800604243	0.4865698679041112	0.5856105365814254	-0.3971727371300683	
9.592164270276907	1.8502207549705736	-2.2046793473892	0.43444827743794723	0.5824094127792606	-0.3917320728156125	
9.60138832784207	1.9034522553879734	-2.1545104983939583	0.369114682975324	0.5818461965711423	-0.3849581192657711	
9.609794228544596	1.9442875489978566	-2.0986261638741124	0.29298022801496043	0.5837301835771715	-0.37753037447532106	
9.616762963228567	1.9739792571889756	-2.040436472867837	0.20872629297600243	0.5879121791277577	-0.37014698193435425	
9.621917954636444	1.9948816045327535	-1.982787662335306	0.11910322522283444	0.5943038773533001	-0.36344304859418325	
9.625329576339524	2.0098117244340923	-1.9276618107343475	0.02674628090607495	0.6028814858464567	-0.3579346052464315	
9.627614344748702	2.0215091501683644	-1.8760481447457122	-0.06597349431692165	0.6136776549060226	-0.35399000011099374	
9.629903982369493	2.0322684670810096	-1.8279753844456437	-0.15705252842646922	0.6267673256195465	-0.3518260520392236	
9.633711262402183	2.0437622064174827	-1.7826696571214105	-0.24491089669013358	0.64225348372411	-0.3515231317666875	
9.640755118361895	2.0570167295223487	-1.7387954366756955	-0.32840698424977577	0.6602581703558473	-0.3530521245557467	
9.652810454161246	2.0724718295908033	-1.6947384912235595	-0.4068172040970386	0.6809222966909255	-0.3563067917350137	
9.67162696885116	2.0900567687973353	-1.6488919011434773	-0.4797846386663445	0.7044150152005172	-0.3611366127654331	
9.698935071737942	2.109245111004947	-1.599910242402498	-0.5472388739310744	0.7309503834480908	-0.3673768701293741	
9.736534048085774	2.1290857289610905	-1.5469093894376764	-0.6092918880437719	0.7608067481073086	-0.37487408519046067	
9.786436785497916	2.1482283489297456	-1.489612640177714	-0.6661206943705686	0.7943433729819499	-0.3835060511428879	
9.851029160292581	2.1649673157564933	-1.4284702465450727	-0.7178529578263273	0.8320095220852248	-0.39319671831330866	
9.933198801284949	2.1773235573720626	-1.3647946242171094	-0.7644737452209253	0.8743434460003943	-0.4039268655871877	
10.03639802262551	2.183178945319072	-1.3009445688840082	-0.8057685755338769	0.9219613529430915	-0.4157414872404437	
10.164618863072846	2.1804728335104424	-1.2405605799180421	-0.8413126154536289	0.9755379073048499	-0.42875409381669777	
10.322269114078754	2.1674646876091077	-1.1888121786598995	-0.8705097838117357	1.0357794391279922	-0.4431471848653798	
10.513947169419684	2.1430507675700228	-1.1525776199225506	-0.8926798003492509	1.1033892035635706	-0.45916734288960137	
10.74412202813361	2.107090719026839	-1.1404507939922466	-0.9071864607301172	1.1790223099073749	-0.47711296753252264	
11.016732102629106	2.0606607682657856	-1.1624734515202029	-0.9135963745509345	1.2632280067751307	-0.49731278898282694	
11.334721562672442	2.0061280676522726	-1.2295274657586261	-0.9118530607003297	1.356379349920701	-0.5200940820486901	
11.699537087629833	1.9469619432040528	-1.3523832929234618	-0.9024459738250865	1.4585939037492461	-0.5457409551766093	
12.110613770202157	1.8872726639674355	-1.5404715533085585	-0.8865489022039337	1.5696523426328386	-0.5744450595683379	
12.564888020830224	1.831174127863013	-1.8005068753488869	-0.8661004581061779	1.688923397614468	-0.6062530622659684	
13.056386903157287	1.7821482109763296	-2.135129923392319	-0.8438039947026669	1.8153034425110244	-0.6410163282454489	
13.575952487975911	1.742593302253714	-2.541736485538579	-0.8230345813968527	1.947177730374843	-0.67834767854495	
14.111161127226907	1.7136700668580451	-3.0116478213729954	-0.8076519390561565	2.0824089583056455	-0.7175887178876779	
14.646479544193728	1.6954599816747846	-3.5297505234280386	-0.8017287958188144	2.2183566713650285	-0.7577904091476213	
15.163671878956887	1.6873665976244574	-4.0746993546644745	-0.8092118436509169	2.3519286670085946	-0.7977101997043062	
15.642454473064342	1.6886246466080266	-4.619744267362209	-0.8335379236941586	2.47966464858662	-0.835830849757575	
16.061383957817444	1.698739823289574	-5.134197041134108	-0.8772320267586592	2.59785162989758	-0.8704068673483545	
16.398953195658315	1.717693110744231	-5.585503631545696	-0.941514415101543	2.7026696266884347	-0.8995432573049065	
16.63484219870185	1.7458279250916802	-5.94182945673493	-1.0259438273201518	2.790363404203745	-0.9213079305294618	
16.751224047027407	1.7834673622273107	-6.174981478723949	-1.1281273166814842	2.8574307702854767	-0.9338738354829235	
16.733980278991638	1.8304128403928581	-6.263383609878531	-1.2435382270746795	2.900811493570813	-0.9356800112566536	
16.573665405519527	1.8854996721356865	-6.194720850954775	-1.3654985030037083	2.918056428969403	-0.9255933779906487	
16.266089062289403	1.9463352912904903	-5.96781530126737	-1.4853890221036377	2.907456434919733	-0.9030473659288415	
15.81245007699594	2.0092765817584626	-5.593327474864114	-1.5931398994823462	2.868115463157731	-0.8681317831560404	
15.219044722619827	2.069660901650902	-5.093014371052189	-1.678015680622773	2.799959938173642	-0.8216116592180344	
14.496661538002897	2.1222838929502594	-4.497536574255069	-1.729650883972882	2.703684928962426	-0.7648608792960093	
13.659830720376126	2.162065968336794	-3.8431504957705145	-1.7392186314457816	2.5806444959778583	-0.699708499184596	
12.72608506065995	2.1847486403401515	-3.1679370805123788	-1.7005471237158212	2.432699357272201	-0.6282133077014097	
11.715303166778238	2.187396705855316	-2.5083011954260175	-1.6109765371967908	2.2620385868115975	-0.5524024889161558	
10.649096180848984	2.168549290041565	-1.8962692266510797	-1.4717881950186993	2.0709921943171983	-0.47402453099347863	
9.550155383475808	2.1280394594195413	-1.3577742663398562	-1.2881354263624964	1.8618511152827906	-0.3943662449966957	
8.441522741471644	2.066656148996035	-0.9118249967807133	-1.0685217781735037	1.6367106549002122	-0.3141646005517186	
7.345834418211346	1.9858433854477628	-0.5703060396327941	-0.8239559956933146	1.3973547698515285	-0.2336155128970291	
6.2846397432049415	1.8875230250289325	-0.3381531500129534	-0.5669370409639375	1.1452008554831659	-0.1524587208394287	
5.277871056939054	1.7739854528311993	-0.2137569220607921	-0.3103964230662914	0.881320168325315	-0.07010934721068827	
4.343461543284472	1.647733376997349	-0.1896158982776569	-0.0666834459156123	0.6065301771306306	0.014188878779901938	
3.4970536561402024	1.5112304001036958	-0.2533660374105734	0.15334788587753778	0.32152910472745194	0.10120423782581853	
2.7517586014597484	1.3666251971536567	-0.38925275239547086	0.3410969176068719	0.027029793968880694	0.19156059777811815	
2.1179892655933985	1.2155729747187825	-0.5799205669377506	0.4907643775622297	-0.27613938786993164	0.285594184768423	
1.6034238405363492	1.059224164205263	-0.8082350360291698	0.5996441488358353	-0.5869767325913774	0.3832395516472224	
1.213136774581752	0.8983736608593965	-1.058829383290051	0.6681346211184606	-0.9042878592901124	0.48396333550318027	
0.949889592464706	0.7337284849421782	-1.3191549672409293	0.69947754249675	-1.226697369034981	0.5867585330557052	
0.8145448862610041	0.566248071881779	-1.5799449201550342	0.6992684004297596	-1.552684829161269	0.6901997307919413	
0.8065642463081784	0.3975112204758266	-1.8351086427080403	0.6748019369384383	-1.8806371895746627	0.7925494048475722	
0.9245465869619023	0.2300603630177625	-2.08114906108969	0.6343282309230796	-2.208905804240818	0.8918986513167075	
1.166750107578957	0.06767627525697874	-2.3162375426305086	0.586297226497131	-2.53585352397183	0.9863230844063295	
1.531524744707206	-0.08445126695620774	-2.5390992757239945	0.5386640915387186	-2.859878245767298	1.0740352365157868	
2.0175749809566255	-0.21967244542389963	-2.747860402599449	0.4983140542704953	-3.1794033726933826	1.1535175542761886	
2.6239828924472803	-0.3299449201718238	-2.938992075047226	0.4706440441251601	-3.4928310792792607	1.2236241184556813	
3.3499466480272537	-0.4060128566783289	-3.1064636507797694	0.4593138997129838	-3.7984598313197373	1.2836436497126242	
4.1942238993899	-0.4376956661763817	-3.2411963013496616	0.466158802085547	-4.094372885653672	1.3333203309910997	
5.154307791770829	-0.4142934039293088	-3.3308927396298675	0.4912419182566933	-4.3783094009689165	1.3728319600760124	
6.225404048555107	-0.3251187517883468	-3.3603035784020108	0.5330224717953177	-4.647534121723308	1.402727103252789	
7.399318937870291	-0.16015929557670436	-3.31196688505816	0.5886161840815525	-4.898724833190281	1.4238249646681194	
8.663407020911523	0.08913939800568432	-3.1674192237797527	0.6541281501001635	-5.127898418700368	1.4370842663918564	
9.999758524746467	0.4289975504345539	-2.908817488020004	0.7250375910744318	-5.330395778359219	1.4434515269353008	
11.384799508217059	0.8623709864086944	-2.5208426620476776	0.7966068231106737	-5.500941138882128	1.4437041682869451	
12.789446530270085	1.388018314528595	-1.9927022655471471	0.8642783003551505	-5.633786731896752	1.4383080573366152	
14.179894373957838	1.9996344415769345	-1.320018343181334	0.9240154175317752	-5.722948009701745	1.4273110249460959	
15.51903758648945	2.6851453794427824	-0.5063989778435523	0.9725454885578392	-5.762526819227782	1.4102910577735108	
16.768445037624794	3.4262834566373312	0.4354623681319831	1.0074818130838514	-5.747107280857903	1.386369826336893	
17.890752173420694	4.198576680544197	1.483257143085103	1.0273335129732988	-5.672197040349748	1.3542929866299824	
18.85223592854708	4.9718459556605925	2.605145217013759	1.0314401844453396	-5.534664908052002	1.3125667422761782	
19.625430024890633	5.711317126645516	3.760485468429328	1.019889576638289	-5.3331463855964865	1.2596428883282644	
20.191198674695347	6.379222986053343	4.901219996911809	0.9934439232887096	-5.068309322553659	1.194114493696883	
20.54075231793131	6.937189987668242	5.97405152968405	0.9535228836916341	-4.74309689012837	1.1149526159561616	
20.67563086455953	7.348577902530921	6.923321834388206	0.9021285696261788	-4.362589814462481	1.021649026455448	
