18.5454862465958	10.119741333204871	10.107756129681915	0.8726740972739752	-3.415884296626776	0.02820715849324	
18.385702950795245	9.19486053977812	10.916511752427171	0.7944199899119088	-3.0123548451943067	-0.07462385628941753	
18.169117136633446	8.103364412395651	11.459219494837685	0.7342844882863442	-2.5864315826586557	-0.16900352049914125	
17.91877060938086	6.872678058998757	11.717640413832825	0.6933627504776311	-2.146083349538749	-0.25544916810495205	
17.65469780094973	5.538807049728228	11.686269496859158	0.6716872362949905	-1.699524594244533	-0.33475894235849524	
17.392038301342737	4.147342810166129	11.375153335575337	0.667989714918612	-1.2550425351952386	-0.4080767937677423	
17.14004730759005	2.7513226982307133	10.80845924702883	0.6798339127287233	-0.8206788562865757	-0.47685312527672263	
16.901570218401005	1.4093419592152956	10.023480170780534	0.703728116364331	-0.4039667857560353	-0.5427873050459712	
16.673272662806955	0.18212074753329438	9.067921431569165	0.7353816365090089	-0.011661357662105909	-0.6076928150830219	
16.44651999233238	-0.8719499926885789	7.996274852560545	0.7700319901695438	0.3504881814479378	-0.6732976409720139	
16.20886957564338	-1.7022324401899653	6.865228014605372	0.8028495547121952	0.6779152122047175	-0.7409839430890734	
15.946053234682466	-2.2713990289451167	5.728680199828713	0.8293832215847301	0.9673421868180244	-0.8115043772367031	
15.644239563509876	-2.5600004557933196	4.6332184167630635	0.8459874696274272	1.2168258369392793	-0.8847315117715412	
15.292340913489955	-2.5689127684556485	3.6149297745809092	0.8501547331241689	1.4257533346859395	-0.9595050255334854	
14.884041212336069	-2.3189941960079707	2.6981136744970864	0.8406816217806434	1.5947961294999773	-1.0336282760623265	
14.419175268940068	-1.8480878360349131	1.8958517584093963	0.8176342178452712	1.7258147641154808	-1.1040318913636713	
13.904148896281798	-1.2062283020288298	1.2118529705783891	0.7821291491978045	1.8216975845551695	-1.1670834016122655	
13.351279162869057	-0.4502074678302765	0.6427917504550528	0.7359932259990872	1.8861206820360719	-1.2189941061702747	
12.777198546242612	0.3615847434453726	0.1805660602951943	0.6813889913312646	1.9232354374113418	-1.256264504594147	
12.200733161401402	1.173544310128979	-0.1857803579913917	0.6204993018183558	1.9373204491581704	-1.276101383099442	
11.640759125360889	1.936342228409228	-0.46856527075541426	0.5553339805304626	1.9324514994842343	-1.2767513533991859	
11.114361330686934	2.609549541658437	-0.68040451355968	0.4876697201984471	1.9122327395496284	-1.257710911076239	
10.635476459042481	3.1634022618316746	-0.8335460825263277	0.4190968917199607	1.879622324652201	-1.2197886207924624	
10.21409235124539	3.579707107270817	-0.9395110105199873	0.3511237629801806	1.8368702463904736	-1.1650164374623868	
9.85600173558964	3.8518957102198907	-1.0089148336916514	0.2852834615314265	1.7855686840806506	-1.0964281578395556	
9.563043225561717	3.98426013489749	-1.0513566005221198	0.22319783113581582	1.7267976393713687	-1.0177399138616665	
9.333700307264287	3.9904251771882087	-1.0753106010688538	0.16656717979669358	1.6613331206403135	-0.9329775836539765	
9.163876119338196	3.891210224706914	-1.088004266481191	0.11707576240862526	1.5898678273527216	-0.8461079134735334	
9.047664795059323	3.7121748724279025	-1.095288890529345	0.07622859643328664	1.513193139841182	-0.7607239986862303	
8.978039820118056	3.4810616300038664	-1.1015403604191705	0.04515256779440041	1.4323122899863157	-0.6798134714909948	
8.947427491032572	3.2253433736299817	-1.1096354181246768	0.024404950608331644	1.3484756570195269	-0.6056210623318949	
8.9481644984616	2.9700637272028088	-1.121033930428623	0.013832104452255505	1.2631481839516308	-0.5396012986750572	
8.97285732749893	2.7361280624002196	-1.1359646468029403	0.012510952510956765	1.177929958093562	-0.48244673403267363	
9.014671706546176	2.5391511868205185	-1.1536776571139535	0.018788934532191832	1.094452851525799	-0.4341727519631894	
9.067575142117551	2.3889230878316194	-1.1727171341412213	0.03042201060829853	1.014272117547093	-0.39424250794171006	
9.126526680045195	2.2894936876415923	-1.1911855861464438	0.0447896849931475	0.9387684222618382	-0.3617156333098095	
9.18759079442321	2.2397548060129786	-1.2069984148939499	0.05914968032566335	0.869069248918245	-0.3354023461144655	
9.247947068518755	2.234401444875111	-1.218140866612186	0.0708991023196448	0.8059946528244155	-0.31401107086343516	
9.305786332178863	2.265137563649663	-1.2229249017172823	0.07781172819559748	0.7500298135111532	-0.29627882821873563	
9.360109726440443	2.3219914831050366	-1.2202269402823585	0.07822711976519839	0.7013240814086927	-0.28107631853866805	
9.410468476253516	2.3946162732433534	-1.2096766644444088	0.07117389768896965	0.6597140256522994	-0.267482505617469	
9.456693770298035	2.4734635188205765	-1.1917654087609368	0.05641627126976025	0.6247665712100452	-0.2548263277309352	
9.498668466081257	2.5507170134005586	-1.1678423518335694	0.0344160296914846	0.5958387778187335	-0.242694471004642	
9.536187635115331	2.62086686742116	-1.1399789155092472	0.006212427243197985	0.5721492800678296	-0.2309074294749694	
9.56892937806671	2.6808714903848134	-1.1107138066015352	-0.02675974359693571	0.5528548984073234	-0.2194723384359522	
9.59652851292937	2.7299138254691986	-1.082713190009399	-0.06288804900866543	0.5371274314480845	-0.20852236952585024	
9.618723573016105	2.7688284775831393	-1.0584026799688355	-0.10060291265972143	0.5242253423416064	-0.19825417803612272	
9.635534539654115	2.7993338437049577	-1.0396350636331102	-0.13856656508954426	0.5135557960504771	-0.18887407143891408	
9.64742670467787	2.82322939410525	-1.027449099553438	-0.17580184162411572	0.504723691270429	-0.18056053104575578	
9.655422930999919	2.841707712843717	-1.021953293514492	-0.21174307547956378	0.49756583586973957	-0.17344644732067308	
9.661135445707174	2.854901224067837	-1.022346872455031	-0.2462031263826699	0.4921682730233062	-0.16762059664513196	
9.666709182402474	2.861735505311393	-1.0270620529981571	-0.27926940053382593	0.48886548718191314	-0.1631442747856081	
9.674698449632011	2.860085618182094	-1.0339909650807775	-0.31115926360756613	0.48822288887419163	-0.1600765923799037	
9.687911898341135	2.8471849223912544	-1.0407676117730624	-0.34206880145945706	0.4910035827999566	-0.15850173712615237	
9.709267424312014	2.8201906550895632	-1.0450817703127722	-0.37204794736243063	0.4981221543447261	-0.15855180226857452	
9.741692748772527	2.776782498374096	-1.0450102662723897	-0.4009260917399966	0.5105898964889746	-0.16042031953876923	
9.788090578809056	2.715670716638205	-1.0393549508102753	-0.4282986622084426	0.5294571688872535	-0.16436411764563438	
9.851364790183633	2.6369219834582274	-1.0279747033905289	-0.45357115066136655	0.5557587794599488	-0.17069383254821996	
9.934483925185116	2.542052600995565	-1.012082478968901	-0.4760472367313852	0.5904676034894122	-0.17975526297444402	
10.04054848397117	2.4338989347508497	-0.9944671559941878	-0.49503947782779656	0.6344598051196026	-0.1919055264432458	
10.17283512942572	2.3163298702510726	-0.9796121568715472	-0.5099809450976572	0.6884906528657543	-0.207488244167509	
10.33480102097901	2.193881021620052	-0.9736844020817139	-0.5205207381818509	0.7531773681977048	-0.2268110671973215	
10.530038641265614	2.0713981953665184	-0.9843771130551825	-0.5265921606516427	0.8289838907489795	-0.2501275895007232	
10.762174213686185	1.9537611347813624	-1.0205988487250621	-0.5284511331548277	0.9162022325349516	-0.27762372762395554	
11.034700790859052	1.8457195942396698	-1.0920082795707755	-0.526691560532674	1.0149263022402337	-0.309406652975049	
11.350730272996811	1.751822420473334	-1.2083975252460224	-0.5222512279035018	1.1250158804931873	-0.34549289205313516	
11.712645644422862	1.6763771895282682	-1.378934056275636	-0.5164210139782622	1.2460523169419273	-0.385792626860746	
12.121645067830052	1.6233663646343912	-1.6112985149732029	-0.5108639894621204	1.3772903313901599	-0.43008896625659404	
12.577184931353306	1.5962739368252603	-1.9107632504696253	-0.5076397661769176	1.5176107305635302	-0.4780130701240378	
13.076362862370585	1.5978173559296818	-2.2792742998158864	-0.5092167952584687	1.6654808392947307	-0.5290183184727826	
13.613315890578532	1.6296124288608007	-2.71461768746809	-0.5184490839489504	1.8189295750595262	-0.5823575851322506	
14.178733219491274	1.6918220732772002	-3.209763335910226	-0.5384932008735656	1.9755438495464797	-0.6370679719670949	
14.759590377295599	1.7828518898543275	-3.752486379901031	-0.5726469494825277	2.1324920842317088	-0.6919672997891098	
15.339197851882334	1.8991546213464034	-4.325361906436517	-0.6240998903838649	2.2865789688922527	-0.7456663388174579	
15.897648787415498	2.0352095247932045	-4.906252096005431	-0.6956001425916795	2.43433501996465	-0.7966015639895004	
16.4126662135395	2.183711616194342	-5.469338101022106	-0.7890623912061745	2.5721372145699286	-0.8430905103919871	
16.860778587915362	2.3359661978215285	-5.986683052652186	-0.9051505917935934	2.696352738120128	-0.8834098221061667	
17.218717665125848	2.4824532432214332	-6.430264748054786	-1.0428806597112608	2.8034954453532452	-0.9158945169005157	
17.464895402933195	2.6134864286164525	-6.7743281966713225	-1.1992970852598346	2.890381284052229	-0.9390531027183923	
17.58080413114405	2.7198756784615816	-6.997831097633483	-1.3692800578206845	2.954267870081956	-0.9516888659790913	
17.55218998580943	2.7935167445172886	-7.086696679296457	-1.5455353680265564	2.992964156010637	-0.9530136183393533	
17.36988004124041	2.827872276791663	-7.0355687747552444	-1.7188088480602586	3.0048991747726417	-0.942738182186244	
17.03015981233201	2.8183367881160892	-6.848704931317661	-1.8783623626046249	2.9891389328866977	-0.9211198432972352	
16.534717508875445	2.7625054450510533	-6.53978151631512	-2.0127005845489454	2.9453518328614523	-0.8889533735818311	
15.890270393362313	2.6603726643828827	-6.130595367413361	-2.110504092482263	2.87373239562897	-0.8475012751076824	
15.108002837389675	2.514458479517885	-5.64881818982189	-2.161687885223678	2.774896235558285	-0.7983653516777562	
14.202942155027907	2.3298285153197904	-5.12516531498164	-2.1584568014773957	2.649763298783023	-0.7433119343006568	
13.193353558058606	2.113941499370112	-4.590449310643149	-2.0962004243523813	2.499447227580467	-0.6840724351149994	
12.100174213685083	1.8762537501134777	-4.0729651808002645	-1.974073891309974	2.3251671542637427	-0.6221476962894439	
10.946451760687905	1.62755383031062	-3.5965008553599107	-1.7951580424902294	2.1281943238879797	-0.558645920895834	
9.756720517903954	1.379097053657539	-3.1791123810879407	-1.5661511564749997	1.909839115912489	-0.49418254176971804	
8.556296064660279	1.141721069568242	-2.832610419658816	-1.2966828526025074	1.6714739399935459	-0.42885323455075425	
7.370509903572865	0.9250989460381538	-2.562611354781197	-0.9983980070558454	1.414579935022897	-0.3622724696257964	
6.223928497933508	0.7371965260815144	-2.3690379998216318	-0.6839497222140335	1.1408025103101327	-0.29366234219062676	
5.139599630540615	0.5839225735931667	-2.2469939783685917	-0.36602018017836535	0.8519975800004356	-0.22197403574696675	
4.138359292398489	0.4689378819904944	-2.1879656850540745	-0.05645398871103888	0.5502485251063367	-0.14602742650951148	
3.238237735813062	0.39362042899246014	-2.1812802136094964	0.2344413176639637	0.23783814037122844	-0.06465871999727286	
2.4540205615055775	0.3572182110872513	-2.2156648065987685	0.4983958815955231	-0.08282737168973803	0.023131739676862956	
1.7970469281679666	0.3572127256052824	-2.2806546291644008	0.7294468362380663	-0.40932726797915137	0.11804432628838686	
1.275254357128392	0.38983465993119043	-2.367604900928837	0.923981947366941	-0.7393407512323875	0.22037213831306435	
0.8934249299431313	0.4506563173933248	-2.4702083901034344	1.0805871804126732	-1.0707459614467352	0.3299288764265719	
0.6535737663255459	0.535196844805166	-2.584525389815203	1.1997377474844684	-1.4016911202887006	0.4460161824072834	
0.5554172645768707	0.639482878423903	-2.7086061580649536	1.2833866852228426	-1.7306323912277248	0.567428826225279	
0.5968678366829058	0.7605127740328986	-2.8418208662428386	1.3345097696019073	-2.0563374002835575	0.6924931519758226	
0.7745104438255728	0.8965790130081606	-2.9840145075864517	1.3566617210907495	-2.377855473590704	0.8191330554326538	
1.0840214775649761	1.0474168920456173	-3.134584441843067	1.353587332468448	-2.694456409331573	0.9449576907645981	
1.5204955767580306	1.2141599824288924	-3.291571900228262	1.328919948627695	-3.005540093469987	1.0673656276043022	
2.0786467325908773	1.3991280828824717	-3.4508456020699603	1.2859844212005442	-3.310523953367766	1.1836561959073175	
2.752868282491433	1.605490495130241	-3.605433018909481	1.2277009525035558	-3.6087146604129754	1.2911416282472465	
3.5371456967412733	1.836849559042881	-3.7450590065425464	1.1565778379348972	-3.899171442730508	1.3872545689531497	
4.424828091303585	2.0967843493348712	-3.8559523582805513	1.0747747609740803	-4.180569869862643	1.469645935924073	
5.4082798179230505	2.3883804719994735	-3.92097560586343	0.9842150505533781	-4.451076022525441	1.5362688916886353	
6.478448086338444	2.713757460542841	-3.9201188698212635	0.8867252380307135	-4.708241492746163	1.585445668145301	
7.624392893124291	3.073597156610485	-3.8313825019941135	0.7841824012614187	-4.948929976843197	1.61591538966684	
8.83285374113083	3.466699411575362	-3.63204921235263	0.6786488208264102	-5.16929218523388	1.6268596988279083	
10.087919165986214	3.8895980262910066	-3.3002834461070423	0.5724738576587215	-5.364798711383178	1.6179093314991682	
11.370865525020681	4.336278257075997	-2.8169887909758664	0.4683452306047987	-5.53034002473663	1.5891359144819033	
12.660232540267279	4.798036342360539	-2.1678195866624725	0.369272965642497	-5.660399295736063	1.541033791592088	
13.93218949889245	5.2635023921373	-1.345205277585352	0.27849571699249376	-5.749295749427954	1.474496867631441	
15.161220734282653	5.718825147045029	-0.35021522272677524	0.19931076540617074	-5.791487424828859	1.3907937570131599	
16.321120346380052	6.148000039836838	0.8059220599638233	0.1348435294534207	-5.781914363771518	1.29154183067223	
17.386246901581007	6.533325468963021	2.1008308041652946	0.08778556656129302	-5.716359619290834	1.178677371980812	
18.332931610374	6.8559979796356485	3.5007704186874546	0.06014609825323701	-5.591795578833479	1.054414490086663	
19.140872892222742	7.096824745681548	4.961227069035611	0.05306308986712032	-5.406681711714113	0.9211892842621195	
19.794516862540483	7.237164637993619	6.428432296085608	0.06669562280236122	-5.161221931743155	0.7815802655249748	
20.28391336831632	7.259798565277457	7.841584399424772	0.10024547769449968	-4.857458025494176	0.6382210013739333	
20.606021025564655	7.150573645875728	9.136435261828264	0.15200360429336568	-4.49946821806864	0.49366778289644614	
20.763877309613857	6.898846602146387	10.248603582649473	0.2195992407419717	-4.093016778812479	0.3503314716100841	
