20.00082292851029	11.025805605459029	8.440424095414478	1.8904849410702669	-3.3297909329181	0.7519284261698058	
19.57247254408165	11.024630362174348	8.86954910406811	1.7559366896011834	-2.855244372031325	0.6001265676074631	
19.051828195820534	10.725362099550614	9.025033458326917	1.5982941089502893	-2.363134979986716	0.44788459613361375	
18.471836901456623	10.13462134473973	8.897967101026463	1.4233507616057575	-1.864739679346811	0.2972771827867888	
17.862460970472018	9.277973139943162	8.496071530512648	1.2376417727252167	-1.3713984092838383	0.15000876961685425	
17.24881041587572	8.201436723746303	7.845852335478588	1.0481297279752702	-0.8940490098706371	0.00722862730386669	
16.650187604689425	6.967876849075998	6.990382566443825	0.8616712496426452	-0.44268352989760035	-0.13053946983294962	
16.079782504179445	5.6528932838285435	5.986412097373331	0.6846012262633068	-0.025897589701147396	-0.26337054521225534	
15.544987108538189	4.3382907955438315	4.899070553572003	0.5223645992204887	0.34948985169255775	-0.39178167718193646	
15.04809098964709	3.104520114515624	3.7952879408224436	0.3792876204346306	0.6786874724109937	-0.5164690863321129	
14.58720081008469	2.0228507108093203	2.7366457810505294	0.25849003747224036	0.9590379939854707	-0.6379819052808622	
14.157309420265051	1.1486711670725263	1.7730446920604273	0.16192138934138384	1.189978083522575	-0.7564023092894614	
13.751533939436415	0.5170804365299458	0.9385003705947684	0.09046182005781178	1.3728792882017615	-0.8711044295407228	
13.362515451368866	0.14138330765429008	0.2498997615370971	0.04401845887462512	1.5108044433746666	-0.9806453043974849	
12.983812310870608	0.014232244119167669	-0.2914216948731409	0.02156871845652494	1.6082035819648481	-1.0828047181053613	
12.611005132615356	0.1105520074937498	-0.6962500775309068	0.0211464221952012	1.6705552298207587	-1.174758956188548	
12.242288157596159	0.3914279909611546	-0.9833284801360492	0.039814474421482386	1.7039519554441467	-1.2533618386233172	
11.878495702801134	0.8084385575847931	-1.1753335103974882	0.07369336263173311	1.7146459015995492	-1.3154994861639469	
11.522678608063542	1.308200305657445	-1.2955085074517925	0.11810886928494115	1.7085907455931733	-1.358478141619867	
11.179425918737417	1.8369779113889004	-1.3651967183880627	0.16788727157806566	1.6910299055524896	-1.3803958866483494	
10.854120321173474	2.345101690688674	-1.4023482272558832	0.21777766746129323	1.6661822712205154	-1.3804429869227601	
10.552254499129845	2.7907876502159596	-1.420940220798421	0.2629372280027453	1.6370664898670488	-1.3590780930782749	
10.27885843537358	3.142928217561194	-1.4311190925179411	0.2993904959657118	1.6054844952804825	-1.3180442373331558	
10.038037645050734	3.3825740577506154	-1.4397836505849007	0.32437723701546306	1.5721585641806066	-1.2602190515422158	
9.832630030669614	3.503042585574807	-1.4513338775401508	0.3365299318483581	1.5369917016997299	-1.1893273770491195	
9.664009138937029	3.508850710613048	-1.4683747685273547	0.33586903450996647	1.4993985052580188	-1.1095742320821813	
9.532048752253925	3.4137745005766806	-1.4922623544662654	0.323635856764243	1.4586499622313158	-1.0252585344155498	
9.435226912932198	3.238360685447947	-1.523451248897918	0.3020000292936938	1.4141779835760044	-0.9404195642388897	
9.370822179672649	3.0071955889895516	-1.5616629841039504	0.27369126318952913	1.3657946282676907	-0.8585546350806202	
9.335155735760285	2.746194034182425	-1.6059395594859038	0.24161109996979308	1.3137994475894774	-0.7824296851845827	
9.323849268484475	2.4801364733551092	-1.6546631333835273	0.2084768312759262	1.2589727284059338	-0.7139877530652003	
9.332086873488434	2.2306513225543725	-1.7056082008132827	0.17653785207262576	1.2024755271854684	-0.654346502341234	
9.354881299183317	2.0147860139219818	-1.7560572277756767	0.14738951150578433	1.1456920711184142	-0.6038671764185697	
9.387346192744143	1.844225253000869	-1.8029728665168003	0.12189505266342844	1.0900531358437937	-0.5622736747383573	
9.424965878109328	1.7251318068502366	-1.843201356751055	0.10021378854957577	1.0368726726654138	-0.5288013452695813	
9.463837327399597	1.6585201552505116	-1.873689585694066	0.08191906004668702	0.9872200878855003	-0.5023566404698325	
9.50085262175069	1.6410229847508528	-1.8917135051334353	0.06617404952602406	0.9418385489935704	-0.4816709871065245	
9.533795414714593	1.665920773046701	-1.8951120151694094	0.05192914381543031	0.9011110081963871	-0.46543727753438574	
9.561339797886376	1.724310428841709	-1.8825022969875636	0.038105788915178365	0.8650696233956559	-0.452420646555265	
9.582957569708421	1.806298868675884	-1.8534405896957964	0.023739852624268094	0.8334400448315573	-0.44153891752859165	
9.598754363666705	1.9021134063425706	-1.8084944270622418	0.008069304628414665	0.8057099883031767	-0.431911608172071	
9.609264206982418	2.0030225891724793	-1.7492052600285863	-0.009436396141115421	0.7812114492780412	-0.4228794571504703	
9.615236370622139	2.101971911871937	-1.6779387247994055	-0.02909631551492417	0.7592071204364085	-0.41399899702493864	
9.617448959175155	2.1938751004320407	-1.5976408840060945	-0.051069674613040614	0.7389732142242981	-0.4050185393556118	
9.616579912853002	2.275564500778214	-1.5115393671485882	-0.07541705563320533	0.7198726176848976	-0.3958427274599808	
9.6131563213056	2.345468912085021	-1.4228408949345484	-0.10215101361877305	0.7014136259643513	-0.38649227953248044	
9.607585172229443	2.403139344832716	-1.3344716321931662	-0.13126276249506094	0.6832915758931467	-0.37706499958208806	
9.600249842363107	2.448744617069443	-1.2488826445331256	-0.16272097372695454	0.6654129940033132	-0.3677025205658603	
9.591643458675447	2.482632358361593	-1.1679232088104239	-0.19644654181402024	0.6479028849187773	-0.3585658077192139	
9.582503875524472	2.5050210138971383	-1.0927778232921181	-0.23227299098072737	0.6310965518323557	-0.34982093145603793	
9.573917285164045	2.515854519564358	-1.0239651125679745	-0.2699053123800555	0.6155180059388002	-0.3416345325992533	
9.567366824043761	2.5148151015872964	-0.9613998057709833	-0.3088895364214156	0.601847758291797	-0.33417643864726226	
9.564715823809733	2.501458851183938	-0.9045158251192366	-0.34860164669005744	0.5908834532132775	-0.327625940951518	
9.568130182528627	2.4754226602007843	-0.8524394252518512	-0.38825929764077655	0.5834971472988594	-0.3221785968491154	
9.57995830766708	2.4366505600915573	-0.8041923797588024	-0.42695504239356374	0.5805929080711477	-0.3180514859204769	
9.602595340467674	2.385595221227834	-0.7589024620191014	-0.46370606023051	0.583067748546742	-0.3154857750471802	
9.63835798384227	2.3233617223626335	-0.7160003221257082	-0.4975122486597313	0.5917780164188857	-0.31474593342977464	
9.689389466573019	2.251779342040549	-0.675389248786089	-0.5274137206794309	0.6075118547333488	-0.31611531071737564	
9.75760810205779	2.1733975018529295	-0.6375839588738456	-0.5525417581192928	0.6309670972912244	-0.31988794935796944	
9.844708757318719	2.0914054442657637	-0.6038235007280851	-0.5721612758796248	0.662733568685651	-0.3263569189890486	
9.952220087777182	2.009477625493187	-0.576169065571567	-0.5857066174736508	0.7032790045966816	-0.33580005155876164	
10.081611353551251	1.9315515542283483	-0.5575959600754075	-0.5928147724770503	0.7529384275264757	-0.34846439065237916	
10.234432157926854	1.8615525183902883	-0.5520786931556534	-0.5933602871295461	0.8119072725854866	-0.3645507641247754	
10.412457780507689	1.8030887937401092	-0.5646515153856158	-0.5874945076856898	0.8802384509051762	-0.38419974105528576	
10.617803150802077	1.7591489095721895	-0.6014099860862983	-0.575689365087787	0.9578428259983989	-0.4074800474927624	
10.852961904371384	1.731835539793103	-0.6694086172681989	-0.5587838279590325	1.0444915100584626	-0.4343803156239194	
11.12072548373732	1.722169034221983	-0.7764050955539782	-0.5380282349834498	1.1398177065782253	-0.4648048898683671	
11.423949411665241	1.7299818256955524	-0.9304106856603841	-0.5151192406940498	1.2433151586697528	-0.4985735619026973	
11.76515603292051	1.7539079301392273	-1.139023778546507	-0.4922162970295321	1.3543301858459673	-0.5354237892055488	
12.145986822409814	1.7914636499680083	-1.4085513902491895	-0.4719285288057317	1.4720451393681475	-0.5750130437236637	
12.56654135946208	1.8392111711596955	-1.7429656848912531	-0.45726125378931853	1.5954523598906825	-0.616918441627733	
13.024662390091542	1.8929961692968484	-2.142789357327498	-0.45151331572221787	1.7233198302348287	-0.6606311280802218	
13.515248086040263	1.9482508925945203	-2.6040461142470264	-0.45811975959869705	1.8541524220944725	-0.7055440251458868	
14.029691854674153	2.0003535317613346	-3.117440937912897	-0.4804390156549343	1.9861553879779168	-0.750933425088185	
14.555560112979618	2.0450314337826705	-3.6679417115088633	-0.521489560063214	2.1172087817878844	-0.7959373221006985	
15.076609240862734	2.07878797352278	-4.234914223271491	-0.583647650507064	2.2448620750611	-0.8395359141531991	
15.573210519037836	2.099317906483065	-4.792918647151208	-0.6683246348159684	2.3663572235455375	-0.880541876413245	
16.023201684538797	2.1058460509162438	-5.313206719438511	-0.7756535466634045	2.4786861591709473	-0.9176093628977553	
16.403106449782612	2.099302150874445	-5.765836197581062	-0.9042177035571468	2.5786828834797	-0.9492685852700702	
16.68962337117393	2.0822435059192936	-6.122236797225148	-1.0508555624609222	2.663145890902257	-0.9739893558034091	
16.86124764855445	2.058478740452025	-6.357986181141725	-1.2105746841181082	2.728981602136777	-0.9902722192270648	
16.89985399345191	2.0324241975069706	-6.455494308699216	-1.3766033830383142	2.773354954905704	-0.9967607848166911	
16.79204923308237	2.008302675360356	-6.406247112992597	-1.5406048141132864	2.793830626136641	-0.9923641350356674	
16.530118229959044	1.989342584701874	-6.212236525698117	-1.6930736550345082	2.7884884527553577	-0.9763737969006894	
16.11244578605222	1.9771473491554015	-5.886241320180787	-1.8239250041707618	2.7559997038249917	-0.9485564364418402	
15.543392993780241	1.9713873683120668	-5.450765134459494	-1.9232623862798417	2.6956561726759176	-0.9092025572221968	
14.832719204743952	1.9699162683442206	-4.935693450747632	-1.9822758280874564	2.607350596282878	-0.8591144482127906	
13.994728534532713	1.9693098299844682	-4.375034778760676	-1.9941725112483484	2.4915127971674034	-0.7995231722881986	
13.047355364022403	1.9656596541108078	-3.803379228527544	-1.954993646695038	2.349013276453951	-0.7319384347176592	
12.011344393314676	1.955334694761621	-3.252728934473391	-1.8641672718777815	2.181052420167549	-0.6579544264823466	
10.909553842764954	1.935470777996992	-2.75012878610935	-1.7246798010024285	1.98905347585315	-0.5790490917639853	
9.766328694720194	1.9041240359135123	-2.316238390617554	-1.542827634743418	1.7745741620548854	-0.49641869165514907	
8.60687499495933	1.8602067337461454	-1.9647532189810817	-1.3276050387381482	1.5392445660025134	-0.41087862829725946	
7.456605114400654	1.8033901143586941	-1.7024729453407672	-1.0898553400827995	1.284732969784668	-0.32284130786788884	
6.34047057313236	1.734078482939547	-1.5298149194487727	-0.8413319903537341	1.0127395508874972	-0.2323628933469625	
5.282310669097347	1.653409146283268	-1.4416440401008495	-0.5937860922146289	0.7250166774908902	-0.13924083850025035	
4.304219673946382	1.5631444368076357	-1.428389186759051	-0.35814620291208515	0.4234070038093656	-0.043143694785099766	
3.425917520050972	1.4653767721042696	-1.4774623054305867	-0.14381823288358098	0.10987848979284844	0.05624142815491846	
2.6641567466539797	1.3621126777637391	-1.5749132418455398	0.041869213220155105	-0.21346758427683019	0.15905801970418093	
2.0322621912177348	1.2548870039803686	-1.707081844592616	0.19404511028457594	-0.5444238932445598	0.2651450468116166	
1.5399101118748866	1.144519407993265	-1.8619552257781664	0.3104751125764776	-0.8807290951748449	0.37394002221127515	
1.1931953667433697	1.0310561544686634	-2.030015284010876	0.3915255027310503	-1.2201276815572626	0.4844395795156328	
0.9949537364906824	0.9139007885581454	-2.20450545488161	0.4399251592592089	-1.5604254814268703	0.5952250208273808	
0.9452546018607575	0.7921204375907727	-2.381181087618924	0.4603649224649677	-1.8995364739478022	0.7045459213973654	
1.0419682716658833	0.664899722737444	-2.5576918797318733	0.45898969178618504	-2.2355207925144023	0.8104444854138653	
1.2813279494138357	0.532094957167882	-2.732769374287456	0.4428419858224013	-2.5666128502900296	0.9108996647954029	
1.6584289742115321	0.39482333446489254	-2.9053675969943282	0.4193097172864817	-2.891234834787648	1.0039720544674715	
2.1676251168811076	0.2560128338223452	-3.0738505117921133	0.39561938202189106	-3.2079881120760794	1.0879356449872195	
2.8027907629534843	0.12083963158638131	-3.2352652294270534	0.37840210995017937	-3.515615219935854	1.161387453696344	
3.5574215400416596	-0.0030097652912985523	-3.3847163775166704	0.3733490253370048	-3.8129284715356224	1.2233283526038468	
4.424550770174688	-0.10528176153607587	-3.514858347987069	0.3849573751202539	-4.098706455901427	1.2732109658297215	
5.396468782604438	-0.17332111094775182	-3.6155521158280646	0.41636195458863406	-4.371564213343456	1.3109503183140798	
6.464250479631026	-0.1924738109008617	-3.673760747283433	0.46924470112690925	-4.629808266539207	1.3368939376400695	
7.617129902544598	-0.1467483400522347	-3.673766426012398	0.5438174304471937	-4.871292600855071	1.3517509238288932	
8.841802092165496	-0.019752756162291586	-3.5977775921315	0.6388769159523773	-5.093295082692224	1.3564836591316192	
10.12176922786865	0.20409740532204537	-3.426957770981954	0.7519333048684993	-5.292435050124274	1.3521707886872487	
11.436867916985737	0.5381444621919698	-3.1428525750700556	0.8794082234334945	-5.464651797714954	1.3398552611104098	
12.763111933823136	0.991916242480351	-2.7291286459604125	1.0168877023200085	-5.605260445368819	1.3203956861541413	
14.072960057229723	1.5695426403581396	-2.1734869067890816	1.1594022066401644	-5.70909614066769	1.2943415155020086	
15.336083087069545	2.2683315390488663	-1.4695654425243942	1.3016993515241335	-5.770749748757776	1.261852619457198	
16.52063119605845	3.077677093450704	-0.618636720234767	1.4384783601857167	-5.78488414270009	1.2226781966938112	
17.594927357925958	3.978432203899155	0.36906550928767395	1.564575476220383	-5.746608314266525	1.176199965153639	
18.529454876222708	4.942848939103543	1.4735307613764033	1.6751154333285132	-5.651881829380533	1.1215366519618821	
19.298895239343842	5.935132151976741	2.6647738656228026	1.7656515744938195	-5.4979069213332235	1.057694859487548	
19.884093027960184	6.912694062039671	3.903313281068227	1.8323401531200993	-5.283503336507667	0.9837589372775294	
20.273370546421795	7.827964265070343	5.14139521990964	1.8721032761760967	-5.009347428415547	0.8990713377215148	
20.46393456908187	8.631129464773938	6.32492056938084	1.8829180898306435	-4.678277188282062	0.803458427794807	
20.461216953986387	9.272811137503018	7.39623408916934	1.8638764687761515	-4.295134207226849	0.6973072213850985	
