21.18120749733336	8.381909818351128	10.27383013346827	1.436962291255128	-3.5983341960468302	0.7214081259972398	
20.85258111511961	8.418621381444618	10.787426792476044	1.4161145413331413	-3.096159748670011	0.5700597824073573	
20.4024855196705	8.23795477151301	10.982963143698333	1.3779837772740133	-2.5738771386941464	0.4145233760915213	
19.86085888028543	7.842378964061818	10.849355861472723	1.322468709381819	-2.04323965575514	0.25799336906916737	
19.25616916388417	7.248943468038548	10.39424900000378	1.2500833322055187	-1.5161211528142957	0.10347563555801077	
18.613666660554774	6.490672933237522	9.646414684211551	1.1619657486715074	-1.0040628824085103	-0.046441512508726614	
17.954139659682742	5.613877556340531	8.653279292055526	1.0597553492761966	-0.5177348475625568	-0.18975357317748415	
17.29331996679829	4.674852373696734	7.477788822735291	0.9455273855458344	-0.06649664881917147	-0.32510116866785066	
16.641820067806332	3.7346136964418606	6.192671028572754	0.821727669797374	0.3419724522317183	-0.4517204059111535	
16.005540365719646	2.8528642011272205	4.87333599434674	0.6911444301863354	0.7019170784018044	-0.5692901070290151	
15.38647021350267	2.081952648921577	3.5901783381354737	0.556898371728484	1.0096176903279608	-0.6777125573825039	
14.783848018496338	1.4620403954562273	2.4017964518679187	0.4224229096296642	1.2633818947389548	-0.7768834072170852	
14.195636365665601	1.0183516218141846	1.3505116490867801	0.29139084973812474	1.4634522166396355	-0.866508172978928	
13.620161582720481	0.7607339722086727	0.4609532279347998	0.16755498773634228	1.6118624620431463	-0.9460031881818719	
13.057583768678397	0.6849732880810946	-0.2585855820464913	0.05450396548834466	1.7122518008970034	-1.0144900334131945	
12.510815682737702	0.7749590825049413	-0.8130751078311196	-0.04462819478062688	1.7696248005820814	-1.0708714393828156	
11.985656144589	1.0050583157109152	-1.2170267144157725	-0.12743738504477806	1.7900416217871409	-1.1139701860213311	
11.49014038985288	1.3424843576053118	-1.4908751031862988	-0.19244636600899306	1.7802408345715208	-1.1427091186887728	
11.033312967997613	1.7497662429028429	-1.6578699265077108	-0.23918231069601548	1.747216904339229	-1.156306173291103	
10.623744397603726	2.1874767743038515	-1.7416356888147857	-0.26812870778723913	1.6977884564165726	-1.1544547464060957	
10.26814226530834	2.6172189471146585	-1.764408334054568	-0.2805754884390969	1.638200673637104	-1.1374608791814393	
9.970359921415758	3.0046500657812754	-1.745873787531267	-0.27840446351702813	1.5738046126452914	-1.106316272683023	
9.730986358377642	3.3221718099876005	-1.7025185201787543	-0.26384532859555615	1.5088457379148141	-1.062697086687356	
9.547530051963582	3.550888692932773	-1.6474302561442726	-0.2392335156725911	1.4463748483754937	-1.0088873740652216	
9.415041899400586	3.6815181968455066	-1.5904907600779103	-0.20680618563103298	1.388276316224644	-0.9476316243952795	
9.326918406053805	3.7141946994151716	-1.5388272814956307	-0.16857530483136896	1.335388384549651	-0.8819326146001205	
9.275676339464017	3.657336123677424	-1.4973566971355867	-0.1262980974600293	1.2876864127679237	-0.8148198707459956	
9.253602296386505	3.525853826792868	-1.4692915732206764	-0.08153378856754273	1.244503537568259	-0.7491190796186908	
9.253263660944986	3.3390035752315987	-1.4565351176048567	-0.03574945696500934	1.2047676399437184	-0.6872506209355663	
9.267894200909856	3.1181420421274835	-1.4599378511694978	0.00957099291581346	1.1672360661444303	-0.6310784926846079	
9.29166073846642	2.884610288471713	-1.4794224356962005	0.05285413887253114	1.1307093190804771	-0.5818229291169408	
9.319809295574922	2.6579183550363443	-1.5140144415671541	0.09242513239268797	1.094204826905068	-0.5400418196729175	
9.348692448643737	2.4543498519602416	-1.5618406585177476	0.12656306557110422	1.0570750418946029	-0.5056774856404452	
9.375691665128079	2.2860469145020064	-1.6201607526758153	0.15361231392879393	1.0190612988118322	-0.4781572733770575	
9.399063609526689	2.160590433977257	-1.6854826300137522	0.17212447186103458	0.9802837014950958	-0.4565309737840427	
9.417756507551672	2.08104733184429	-1.7537767666637214	0.18099822568055396	0.9411771445818677	-0.4396243804491411	
9.431248675488568	2.0463959795832865	-1.8207617483311318	0.1795895606361595	0.9023924626145174	-0.42618871551093	
9.439440201529365	2.0522260020395695	-1.8822159557163427	0.16777513632392202	0.8646833203053859	-0.41503157727820106	
9.442598066476007	2.0916095927851748	-1.9342789830632912	0.1459620873510303	0.8287980780857932	-0.40512016561889264	
9.441330300053512	2.1560580539015115	-1.9737239276568033	0.11504545984723931	0.795391933689118	-0.39565177707635746	
9.436556045958781	2.236487664597954	-1.9981885301456703	0.0763200564577264	0.7649693525002098	-0.38608945470977724	
9.429443416089285	2.3241166756777445	-2.00634826324203	0.03135786659572525	0.7378604908261406	-0.37616343632925403	
9.4213012611365	2.411212729207774	-1.9980078782905852	-0.01813388629627696	0.7142286396072886	-0.36584256919471736	
9.41343228135912	2.491621988169027	-1.9740873897912659	-0.07045624360401301	0.6941002764026847	-0.3552835786780206	
9.406978137293178	2.561040723262103	-1.9364863107795607	-0.12404536722164494	0.6774068179172219	-0.34476848570712987	
9.402802249306527	2.6170252578450564	-1.8878263000585642	-0.17756700585245158	0.6640280928739756	-0.33464064296873147	
9.401449039907286	2.658785207319498	-1.8311037664936238	-0.22997011379581303	0.6538304201559394	-0.3252484510886433	
9.40319003120523	2.686836904829602	-1.7693081244606126	-0.2805006102872687	0.6466960450274458	-0.3169020962004333	
9.408134350050759	2.7026008837424302	-1.7050710441499584	-0.3286827150474043	0.6425428944443289	-0.30984547448368693	
9.41635974720438	2.708019327251492	-1.6404037855826172	-0.37427870711396394	0.6413343941135986	-0.3042433912260905	
9.428023268004612	2.705248881645003	-1.5765569138420765	-0.4172381027452461	0.643079729691379	-0.300182531614043	
9.443435255525278	2.6964572553779043	-1.514011450233548	-0.45764547889961443	0.6478263776242251	-0.2976828788863082	
9.463107511853858	2.6837210158574307	-1.4525905506250818	-0.4956738929981243	0.6556489107712252	-0.29671444667904673	
9.487796842568455	2.6689911673484117	-1.3916665227305234	-0.5315484927652009	0.6666396925382272	-0.2972138608933325	
9.518556685248043	2.654073039119064	-1.3304277048439346	-0.5655218967493462	0.6809066217937388	-0.29909751345952035	
9.556796900960657	2.640571082183677	-1.2681663043598306	-0.5978589932501945	0.6985804554272679	-0.3022715923457979	
9.6043450871005	2.6297806226487888	-1.2045543110449124	-0.6288256428980284	0.7198307546473928	-0.3066416464100081	
9.663501290461646	2.6225456913069594	-1.1398921013426297	-0.6586755766114556	0.7448870416168569	-0.31212426866107795	
9.737075154761516	2.619121919252763	-1.0753290958570896	-0.6876319838412805	0.7740607322971435	-0.3186619874630013	
9.828395043191707	2.619084370312017	-1.0130574493357152	-0.7158630634969153	0.8077633268327327	-0.3262406123763522	
9.941282181729237	2.6213111298075455	-0.9564712065075418	-0.7434539112590594	0.8465166822681263	-0.33490670305977954	
10.07998592406631	2.624059867991964	-0.9102717438951755	-0.7703809554066058	0.8909516424521994	-0.34478183160095627	
10.249075773871786	2.6251380000902156	-0.8804928208673007	-0.796498650654989	0.9417919093529773	-0.3560701060253549	
10.453281621384365	2.6221487217642134	-0.8744169183273921	-0.8215489886189347	0.9998210511692889	-0.3690560033576141	
10.69726892107047	2.6127777664256273	-0.9003560299939738	-0.8452010789532124	1.0658320442309825	-0.384090685019188	
10.985334093854444	2.595073051832869	-0.9672719564045972	-0.867121641021967	1.1405604239950757	-0.4015663050492716	
11.321012022152773	2.5676627167020016	-1.084214530054901	-0.8870700469416726	1.2246041530329357	-0.4218791791014787	
11.706602153178213	2.5298629114765614	-1.2595734751002718	-0.9050050683903692	1.3183356232625338	-0.44538440264351753	
12.142632367266124	2.481652307101014	-1.5001635793655306	-0.9211871888054564	1.4218121831546628	-0.4723456126817557	
12.627293491023257	2.423530059535042	-1.8101983956370462	-0.9362585567772468	1.5346924410248035	-0.5028844250676806	
13.155890624866629	2.3563187264346492	-2.1902470486266137	-0.9512831259307108	1.6561655691854136	-0.5369344582771456	
13.720373860399679	2.2809978416300347	-2.6362981849402916	-0.967732492292538	1.7849001765071297	-0.5742043340744324	
14.309026964274231	2.1986454208593615	-3.1390699225837637	-0.9874077052934415	1.9190183971883283	-0.6141529559567148	
14.9063993434591	2.110530771292291	-3.6837032524592055	-1.0122935448450199	2.056099803336536	-0.6559793482128342	
15.493556235396296	2.0183562427456394	-4.2499571512024605	-1.044349654391039	2.1932184480865953	-0.6986287974011816	
16.04869135713247	1.9245961324119396	-4.812984692393051	-1.085252321708434	2.3270144814446594	-0.7408168835336733	
16.548100532646938	1.8328310292534902	-5.344715448450977	-1.1361100470902628	2.453799514418012	-0.7810730504618141	
16.967460501362634	1.7479293287018423	-5.8157971706051566	-1.1971865310105532	2.5696922160238533	-0.8178051040061959	
17.2833033789581	1.6759245249880925	-6.197952281477735	-1.267666032003886	2.6707762692043473	-0.8493834718710185	
17.474556442943772	1.6234912868873423	-6.46654862770664	-1.3454921168390812	2.753271494467123	-0.874241800184917	
17.52399034359299	1.5970324998189456	-6.603124053483439	-1.4273054519676267	2.813706491912745	-0.8909872352785411	
17.419406694438585	1.601515449554951	-6.597553896569575	-1.5085016790783408	2.8490790710591525	-0.8985104669594441	
17.15441788335527	1.639291359846978	-6.449525403877417	-1.5834278794326075	2.856990172265415	-0.8960825784208184	
16.728730837422923	1.7091753641937344	-6.169011515372586	-1.6457312916044111	2.8357384079195924	-0.8834234425963934	
16.147930969869392	1.806045792699806	-5.77554763954113	-1.6888610923247125	2.7843657447741754	-0.860725854102947	
15.422855561535453	1.921130783945273	-5.296316951607283	-1.7066994830507842	2.702649973992178	-0.8286220533400553	
14.5687256882251	2.042976944847499	-4.763308890858989	-1.6942631172583276	2.5910464077008344	-0.7880861924082281	
13.604229695175453	2.1588754763947278	-4.210045553629166	-1.648371934885925	2.450587749828567	-0.7402786180392451	
12.550700672464126	2.256353688091172	-3.6684801440322867	-1.568149297249716	2.2827582379485354	-0.686357444960565	
11.431416868081845	2.324381033583634	-3.1665255454179215	-1.4552398003293796	2.0893620400017334	-0.62729868640429	
10.270952278692146	2.3541493164413567	-2.726399077660148	-1.3136928644122035	1.8724024636834518	-0.5637667529842112	
9.094495332688062	2.3394939507046537	-2.3637477188628013	-1.149545710650209	1.6339835277494177	-0.49606155181973804	
7.92711004048646	2.277110505573008	-2.087399267096105	-0.9702063146444038	1.3762397522446816	-0.4241434982916156	
6.792981831053245	2.166659597569401	-1.8995732671633172	-0.7837569561511418	1.1012967218719745	-0.34771716992828494	
5.714716768518462	2.0107245081871006	-1.796453537480227	-0.5982734230930637	0.8112617936777035	-0.2663466814646756	
4.712741944663465	1.8145163780980698	-1.7691229449230066	-0.42121079940474	0.5082368429683982	-0.1795804134456768	
3.80482604055878	1.5852837084689346	-1.8049077112589504	-0.25887575663190193	0.19433501915788862	-0.08707205655225209	
3.0057393192132733	1.3315230229634136	-1.8890995881327937	-0.11600008614444429	-0.12831859780828986	0.011308894618574044	
2.3270975658595425	1.0621725126262516	-2.006848815923195	0.004553946575427606	-0.4576105066712267	0.11538603813348766	
1.7774125403248087	0.7859414686512713	-2.144894928962631	0.10192490168419935	-0.7914785968196345	0.22461722036605314	
1.3623284257994666	0.5108422677968172	-2.2928499137853366	0.17720076392274753	-1.1279553361960795	0.3380798769136122	
1.0849961373905666	0.24394060149211316	-2.4438669149510046	0.233187675968568	-1.4652052367864896	0.4545049047272303	
0.9465348243490416	-0.008685443806221986	-2.594653390941499	0.27403048466112157	-1.801551547222314	0.5723526113044332	
0.946540461047465	-0.24180464937266505	-2.744888289778263	0.30473865315826354	-2.13548766030142	0.6899161875753486	
1.0836025335143986	-0.45075220767702145	-2.896170666560517	0.3306808119472611	-2.4656672945821776	0.8054349822600421	
1.3557765620780633	-0.6310619445357023	-3.050667057386173	0.3571086808676891	-2.7908674337862815	0.917201063052827	
1.760943609104403	-0.7780681473248394	-3.209642763540891	0.3887588576419584	-3.1099211449509165	1.023646493467234	
2.296982314716892	-0.8865308664434278	-3.372060906377609	0.42956164025852545	-3.4216230060435615	1.123403959519915	
2.9616910900815068	-0.950330195745194	-3.5334199564274185	0.48246427313804546	-3.7246157524609185	1.2153384072876887	
3.75243123216998	-0.9622691619213718	-3.6849814274596775	0.549356187404667	-4.017271660595916	1.298551620822505	
4.665507450989738	-0.9140191013555409	-3.813478086654239	0.6310645396499209	-4.297582334247509	1.3723660386006868	
5.695343272979462	-0.7962487720558881	-3.901345799879102	0.7273860615980108	-4.56306878942619	1.4362950950517137	
6.833542708039112	-0.5989847324873716	-3.9274761221930103	0.8371274817051365	-4.810721636884768	1.4900070986101612	
8.067955129323687	-0.31224484291544385	-3.86845007583715	0.9581409321352461	-5.036979322448961	1.5332878951526776	
9.38187895093568	0.07303737490715481	-3.7001873215964314	1.0873586312825196	-5.2377510726660175	1.566004804951993	
10.753551270979813	0.5638212049984165	-3.3999219298892975	1.2208470515476428	-5.408489871190467	1.5880714868362664	
12.156070604896467	1.1635744103846175	-2.9483890864799434	1.3539097776176303	-5.544318671491476	1.5994115356840821	
13.557879095170001	1.8708202434241792	-2.3320754416159204	1.4812671122964824	-5.640209709430076	1.599918789951632	
14.923880479232883	2.677777225390438	-1.5453615314782334	1.597328477852756	-5.691213020382343	1.5894152322890471	
16.21719099694941	3.5692968207583866	-0.5923458383996296	1.69655151942401	-5.692725752697359	1.5676134824614774	
17.401395721380133	4.522301825527725	0.5118531828948284	1.7738525060424533	-5.640788787429408	1.534097489039282	
18.443090855119262	5.505882293669603	1.7404810065946752	1.825015301622779	-5.532393591831567	1.488337009746083	
19.314442622986526	6.482170301763291	3.055376858179609	1.8470444813906104	-5.365778135148748	1.4297482645603672	
19.995421226733427	7.407976359889369	4.408123675894398	1.8384135525986351	-5.140677414732491	1.3577998787877412	
20.475502114250208	8.237261287968579	5.742274539267584	1.7991942532029537	-4.858519304797972	1.2721606403994907	
20.754296785816592	8.923887429714673	6.9963024994375855	1.7310229795507428	-4.5224814298737455	1.1728411824460112	
20.841729703437323	9.42554609170212	8.107998330293832	1.637012753391497	-4.137557869629317	1.0603612442231793	
20.75605676870039	9.706204415949472	9.01818008439878	1.5214105528882764	-3.710285740413504	0.935768084323598	
