2.484570349897792	-0.6992304921764619	12.481480210400886	0.1515132128195944	0.06306671969469924	-0.34486854408937545	0.4460944537141268	0.2852836102505553	-0.9068317506899398	
2.592777849813912	-1.2046969467577247	12.346695265102595	0.16121221465862945	0.06366136475034627	-0.4964982125419258	0.4473200885829171	0.2839362139659113	-0.9074399667196126	
2.5642815905575236	-1.716681141966839	12.218798412602549	0.16650654512036345	0.019934923112769103	-0.6158572600519854	0.44890447389931015	0.28278496181489493	-0.9073637367169007	
2.4416669762381784	-2.158689972752122	12.179303345727405	0.16672016425360656	-0.032651673057392055	-0.6926634519456463	0.4513117589157601	0.281346026503013	-0.9070478182757149	
2.3006400732741534	-2.470611551155569	12.182488922232398	0.1640855871156866	-0.06435123573535792	-0.713123527755913	0.453834051090534	0.280026041956907	-0.9067022431467828	
2.19764983517362	-2.596408986167734	12.1373765292775	0.161923700856104	-0.06747082664874532	-0.6810061894658499	0.4563295256334095	0.27874447687208254	-0.9063089160962117	
2.113199763969682	-2.5277708419305527	11.992080725011226	0.15935872648891086	-0.06181313167206145	-0.6240585970644142	0.45872620871307257	0.2774651692802883	-0.9060910663995427	
1.9905030219550293	-2.2772612241385093	11.762161203397044	0.15069761790825584	-0.07142062954779842	-0.5651274737440941	0.4609926078569644	0.2763647209518653	-0.9061854360282635	
1.7925605080182376	-1.8347920660232315	11.516639312801647	0.12939469227191944	-0.10276923192535448	-0.5161680477047461	0.46348399837251114	0.27551051156108786	-0.9060104804005683	
1.504879397644099	-1.2256049843112424	11.323351795547518	0.09204190971795598	-0.14813337310690403	-0.49318094876145946	0.4659757336426442	0.27502699671446784	-0.9051638013902695	
1.1474651675789422	-0.5282237831764806	11.227281778428122	0.0408123016074939	-0.19155375335891778	-0.4931930900028852	0.46842452348131364	0.27408399863404925	-0.9043174890110799	
0.7769015630279417	0.18700555553884138	11.229161990239728	-0.018111858681507775	-0.21028713020933595	-0.4996097524946223	0.4709394822101916	0.27216888565904257	-0.9035628542359142	
0.4229482189193178	0.8578232483947366	11.23833387054844	-0.07320591736954764	-0.1832512628173387	-0.5045915615715862	0.47338614557281733	0.2692263535228732	-0.9033524469063456	
0.11526606802252737	1.3591334202557626	11.126349066917353	-0.11017369275009431	-0.11502156942723005	-0.5181243870559519	0.4755943316068234	0.266020290868875	-0.9035020552664992	
-0.1710222190159257	1.5580709505518737	10.792713977900004	-0.11874709849395237	-0.030634983544711832	-0.5315154738691718	0.47715285169392396	0.26259855607012744	-0.9040091884529121	
-0.43020355591745635	1.4536164338134347	10.277914178198213	-0.09943894007141983	0.03748950016265048	-0.5050250284553778	0.4781268988754923	0.25952801706484346	-0.9046620445355044	
-0.633104999661721	1.1596197787781959	9.781824836181721	-0.0611407029728516	0.062395100811193864	-0.4186335071766319	0.47893660434934454	0.25717181726676047	-0.9054179720024427	
-0.7800822730593423	0.8004511790717781	9.48311672969905	-0.015836042909192057	0.046512462383855264	-0.2854504132113338	0.4792657834666425	0.2554767423227655	-0.905977500228727	
-0.8687436905062579	0.47665964845916	9.400082725730316	0.025328641135440668	0.01505039215376577	-0.12232194426908403	0.47896244684902956	0.25512450893079325	-0.905885068909644	
-0.8838449771697775	0.26884473689799093	9.46976895596212	0.05593913379989974	-0.02023370706419171	0.05052081684793826	0.47890240633609776	0.256251012321115	-0.9057553278954577	
-0.836122818011415	0.21876724383291796	9.626745154011497	0.07426120299971087	-0.0527028573954153	0.2104289500314801	0.4787200671568014	0.25781837568294813	-0.9054310838928625	
-0.7357100317782995	0.31914616354457737	9.80397365842236	0.08203248827479315	-0.07473292308833411	0.3363455938457004	0.4787245176573631	0.2600362212634609	-0.9046251799135867	
-0.593378583632747	0.5148334115274548	9.943439333963832	0.08128292264040742	-0.085627982187305	0.4134497183040763	0.47869878818527073	0.26270798651110866	-0.9044052337824122	
-0.4178881799162525	0.7441038518312878	10.011275855411949	0.07301630752078966	-0.08666569835736243	0.4418469560182389	0.4783526796049211	0.26548007809289154	-0.9042098742267682	
-0.21394354027626605	0.958141317507985	10.00720459835845	0.05938027902546368	-0.08087053143998493	0.42864474162627475	0.47847506363697156	0.2680840967188746	-0.9038873538924593	
-0.004025356861804912	1.126874146162686	9.954849897624856	0.04305535756107451	-0.07249588892889566	0.37877249508361716	0.4787692843081036	0.26985234641060946	-0.9036101950218363	
0.17372866281328092	1.2137081730548753	9.878941272035933	0.027563432101239863	-0.06342580146230682	0.29521877583961054	0.478826411950691	0.2709561098000146	-0.9031935297929202	
0.29036208476563885	1.1781899587483409	9.799500706621963	0.01651930385405443	-0.054080799895861245	0.18896794072200715	0.4791452271589836	0.2718488533280472	-0.903069692254942	
0.3331921989145654	1.0151472734473255	9.721073820834327	0.011514685756778041	-0.046096860325249685	0.07931896220182812	0.4795004313785206	0.2718930113288483	-0.9034242840731794	
0.30593714753631757	0.761687394607004	9.624027282948378	0.011959627122749722	-0.042160042400329126	-0.020531409687048103	0.47961116967718126	0.27120647547853927	-0.9032069490042588	
0.23948375129313795	0.475205436385334	9.512304675248417	0.014363066586034723	-0.04660257385268711	-0.10477777576437351	0.48036834621855035	0.2707133570243075	-0.902956465809666	
0.16103772457493212	0.20060066586856834	9.395584444228751	0.014763615604038275	-0.056673361159838044	-0.1726375139215241	0.4818875755511133	0.2701240493840369	-0.9021485388913446	
0.08172375532876111	-0.024638910504917143	9.265062185298442	0.010843224934214534	-0.07018696751478083	-0.22585273844020184	0.48307755941000613	0.26954466747767786	-0.9021416347256701	
0.020296898373520382	-0.17312074043603873	9.132078477234487	0.001730632569427052	-0.08856824354419207	-0.26911910727302557	0.48426014187164823	0.2683662413084561	-0.9022778308161341	
-0.025183263524170035	-0.2581645265996249	9.023620183970486	-0.01290031698728828	-0.11343753062635574	-0.30925898472846897	0.48573890955508436	0.2668402374842202	-0.9020914684443108	
-0.06561250419117255	-0.3185209977433365	8.93900788950493	-0.03111421001661512	-0.13482657412840476	-0.3489398552145124	0.48761360170858276	0.2655287755111444	-0.9017074667856296	
-0.08874851057631128	-0.36796812131627893	8.854237510740601	-0.051442798011141044	-0.14209359466990887	-0.3815956271399174	0.49004992946454456	0.2638444850335044	-0.9010973686772414	
-0.07806668062537186	-0.4012196435426222	8.753724805904834	-0.07398991924966654	-0.13749317246489154	-0.4045717574707266	0.4925790936991184	0.26140189753226734	-0.9006339651516712	
-0.04179427109990869	-0.4328824782916874	8.64261441542861	-0.09756167404289609	-0.1286702000207048	-0.4266655758693346	0.49473049640064215	0.25897133221338475	-0.9006518196068721	
0.006422305344724656	-0.4831638662333817	8.54379371913626	-0.12105026940259572	-0.12057760677563843	-0.4508515497482498	0.4970238367611819	0.25650767846984385	-0.900691878535786	
0.058086277257479633	-0.5611023823976028	8.465992548795388	-0.14341663082531944	-0.11146874265392241	-0.47738446306942084	0.4994536200961682	0.25351210774678173	-0.9007080263883566	
0.10510020650985552	-0.6625654452695292	8.392564643061968	-0.16321691733082294	-0.09834584597541145	-0.5043998999997257	0.5021623342569728	0.249947882559586	-0.9009831756639067	
0.15669624217006217	-0.7702768660009638	8.310249969551501	-0.180607812413649	-0.08107640562634169	-0.5289393879124699	0.5041253882219051	0.24633606225491764	-0.9013409987821543	
0.21334760889475127	-0.8673352724439507	8.229531321412042	-0.19602207368418303	-0.06372727062005823	-0.5501325605441997	0.5061363990289915	0.24240504829200424	-0.902229722788533	
0.2660949045630121	-0.9536737983369973	8.178092632917682	-0.2097868133627753	-0.049025875809948764	-0.5687966456710474	0.5081954497510852	0.23870876697352397	-0.9032579946388782	
0.3031793640084311	-1.029782453158597	8.166645075771301	-0.22171813166878393	-0.03505135717815688	-0.5835093662437927	0.5098842717927705	0.2348014143828247	-0.9043771147082214	
0.3207093229295113	-1.0930143924140878	8.184611393241445	-0.23166401208892795	-0.018799603191382894	-0.5950709093931001	0.5113935943712626	0.2301804879619178	-0.9058249907457337	
0.32327471893696264	-1.1549221339226545	8.228806711251533	-0.23997350182663751	0.00018252378220846407	-0.6070369719730769	0.5126569564006672	0.22571423268427593	-0.9073207855803175	
0.30920191251144163	-1.2325246319094139	8.301099566557522	-0.2460088860828535	0.022585126784490626	-0.6177800180197646	0.5137104413110696	0.22132764956790069	-0.9087732489359416	
0.27887662655908174	-1.3234202574408296	8.383863567726378	-0.24781257289415526	0.051507731600990085	-0.62424787541969	0.5147155105037499	0.21666580319481638	-0.909901536299252	
0.25181612930912955	-1.415828539963547	8.468330467349137	-0.2447713329362524	0.08533545463910139	-0.6272739836492914	0.5149989263372572	0.21181904988284694	-0.9114069394122456	
0.23114441965990934	-1.502423564471797	8.557583099378537	-0.23688808250046245	0.11955192273890368	-0.6273672948733084	0.5153268866685031	0.20635574051582023	-0.9124461289944097	
0.22723753494590163	-1.5728273793396184	8.663075248041386	-0.22436634971012115	0.15250046286255242	-0.6230969091715061	0.515206551184446	0.20090813956403614	-0.9132099289545191	
0.2466208523170623	-1.6290219445338192	8.793560626780915	-0.20553155927037667	0.18778777838545802	-0.6151529027037376	0.514625026473128	0.19604385573407856	-0.9141121410206386	
0.2999627134960759	-1.679955917594799	8.935938880130408	-0.179298248199437	0.23199070311375974	-0.6037843034265525	0.5138330784687473	0.19172947661973636	-0.9149347989066094	
0.39351999943528243	-1.7284557319846827	9.070861518052046	-0.14724381170063133	0.2880944694361452	-0.5889661874626484	0.5126345980696955	0.18757004345994235	-0.9159709482100276	
0.5115630465129032	-1.7743546420973904	9.202689585593715	-0.11392342309441221	0.3497922733709746	-0.571057787286865	0.5108112364149896	0.18383894206183093	-0.9177995108181182	
0.6298212756516032	-1.812402842584753	9.362010860773529	-0.08548266053539182	0.40437889238773495	-0.5495170507682806	0.5086941997283855	0.18094872460331535	-0.9200486857577925	
0.7550363132472676	-1.8530459750657209	9.58635381340893	-0.065711297561108	0.44616123083161513	-0.5272899095969051	0.5062845620391007	0.17839705168904424	-0.9222221574995313	
0.9204049930143487	-1.9632403645905172	9.89101118360516	-0.0538104886829444	0.4808874897486336	-0.5089911965256895	0.5025348676320915	0.1762947391836172	-0.9246355750580343	
1.0987443551218423	-2.1768853822043908	10.240034310517444	-0.04719046361000452	0.503029177118186	-0.48248893582053537	0.49885495590513385	0.17359311239978742	-0.9269480036590146	
1.2595501464336507	-2.5021866702716764	10.616342503489022	-0.04239842739140228	0.5056666301214401	-0.4510089239851031	0.49496039945939896	0.17077004333574575	-0.928823226653033	
1.3790850089051103	-2.952207932019455	11.00239177904974	-0.03599987234571694	0.49325511129634836	-0.4061226614142659	0.4909080271322269	0.1679042180225969	-0.9308756147359817	
1.4623783703809854	-3.4718519358918525	11.35376427522816	-0.023939852949527322	0.47343567243338736	-0.3282788506339731	0.4871763649205701	0.16574770605218164	-0.9329688536430286	
1.5287113187066559	-3.956084119496976	11.624881572823913	-0.0053356916613990415	0.44775796997396006	-0.21005887210692467	0.48381891908600083	0.16461790375895685	-0.9350723090220298	
1.5891679382642203	-4.29655003473451	11.80325950537409	0.015661391251892375	0.4105731896496022	-0.05612523217161624	0.4805227252231571	0.1645609514786716	-0.9371665247390296	
1.639737021498507	-4.390902370857426	11.914606248284962	0.03349768935386504	0.3580481667607694	0.12121550842909364	0.47728462990220866	0.16556423185529298	-0.9393529353611043	
1.6739800417319102	-4.199518554638159	11.99060253075292	0.04663476542129536	0.29712696734856586	0.2941260035828833	0.47444387390615805	0.16728554812678245	-0.9417601598826032	
1.6872452221174985	-3.7944906344116878	12.022251481673173	0.057711034085350055	0.2382057862388062	0.43443163742831553	0.47183603299233035	0.16992407354084593	-0.943200059704286	
1.657027727336118	-3.2470637505973277	11.975365877713813	0.06698803339013608	0.18379560416803184	0.5431878704690724	0.4690401796776229	0.17312312821273798	-0.9434685039251071	
1.5891379286575895	-2.5824249751520103	11.874935177910764	0.07309109696466068	0.14092712566694085	0.6195322254266482	0.4667675547335582	0.17642641233227133	-0.9437025927803477	
1.453593123780094	-1.8587906632414222	11.727647517388707	0.07658682585058413	0.11269043198395122	0.6565826187306211	0.4647199897870469	0.17977075521898672	-0.9437468226949949	
1.2775520804844178	-1.126377812503974	11.533990358084232	0.07861406205726298	0.09035882383398725	0.6581639987788399	0.46315495811470875	0.18298412120276136	-0.9442590155914986	
1.1019729426946017	-0.4594580776844103	11.296901489225109	0.0820583750403172	0.06366719007150995	0.6274058130890084	0.4618757453605744	0.18593172513328898	-0.9445748606281379	
0.9168876892980204	0.08157486171913277	11.032001093521137	0.08855695158535115	0.02090017029200717	0.5790232189864428	0.460820126568422	0.18873912326782544	-0.9444264000077081	
0.7171313137292659	0.49733305976872677	10.782454052692477	0.09816458214179659	-0.04305096016613916	0.534817811592469	0.4605395362090878	0.19181477861930585	-0.9439109851234528	
0.5213433533194323	0.8228394163339041	10.582385566155196	0.11022466238947969	-0.12589714117319595	0.5042715339257237	0.4612381446171216	0.19501643228453344	-0.9428921827950734	
0.33467980539682324	1.0968017567044064	10.44299358472148	0.12176851334837004	-0.22247964079578814	0.4856165398623904	0.4626995341760103	0.19782902198721455	-0.9418674293734628	
0.1873780423687714	1.3714623354671531	10.393674780353454	0.1287489549975219	-0.3106003063123647	0.47029511231652393	0.46492469828530403	0.2005841859947662	-0.9404877129402079	
0.11519865313709277	1.6764199862380127	10.421623839163233	0.12912673206385367	-0.35856842019586393	0.43454424315057166	0.46742838996363933	0.20290862200119641	-0.9385215157351989	
0.0993003198100549	1.9210378714446548	10.484046121138954	0.123225203220418	-0.3498419733898559	0.3420845934087633	0.46936115253392297	0.2048714016387784	-0.9372395927823551	
0.13985103974222013	1.9940796669394099	10.54030556308355	0.11124999111826485	-0.28230595022460087	0.20674906469608953	0.47079366469205974	0.20589736738716094	-0.9364528219541743	
0.26558211970451984	1.8858974636894117	10.53728986813316	0.09146655192962588	-0.17392961132830864	0.0675507812089671	0.4718112184939047	0.20628555169329088	-0.9358046116660863	
0.4944854075598816	1.64338929483234	10.489805143665969	0.06577150940913405	-0.06377934418958588	-0.05703037701953382	0.4722118259312673	0.20642737036888523	-0.9357012607703179	
0.7469531486364793	1.2837789950176883	10.434024913623254	0.03655388509643309	0.007036309009196026	-0.17352187132676494	0.47249878124055894	0.20624919906532038	-0.9360459004881082	
0.9015630578538467	0.8278324693416393	10.384175535353837	0.004234398845852526	0.025076442920507733	-0.2769115738858115	0.4730142289505505	0.20562475666515181	-0.9364218353775084	
0.9255734555173365	0.34700106771673045	10.338684544148775	-0.027987829932055164	0.014819035344104226	-0.34028574680999313	0.4735768143684089	0.20456576473745852	-0.9368389674082949	
0.8860793007336866	-0.08765159804245247	10.257587570671111	-0.054010589150623324	0.013589482002736474	-0.3498290493978322	0.47422807458629584	0.20325049484762944	-0.9373040790238718	
0.8749000803980505	-0.45273995755193186	10.085499438962506	-0.07143984001607208	0.037504300904332086	-0.3151863875075041	0.47451861497869946	0.20205485389435465	-0.9381302808610998	
0.9259864489470488	-0.7473648645975778	9.802848662970586	-0.08214102485786176	0.07523485020221343	-0.2432926494868882	0.47478526403890314	0.20117302177222585	-0.9396453898714265	
1.0153346410981807	-0.9434374149765438	9.441056604648459	-0.08967640907031856	0.09666139692189642	-0.14462858039211285	0.47447877114850767	0.20050288621576223	-0.9404995137769026	
1.08683927785898	-1.0176587046026295	9.081923499993623	-0.09685703111734165	0.08001253037606089	-0.03450310173076514	0.474381227567987	0.1999040751968869	-0.9408788979318198	
1.1048122953068313	-0.9828736817622891	8.808406508956873	-0.10507216001966009	0.03466113849820466	0.07136115525799766	0.4746216270212114	0.19956433990181102	-0.9412422999021473	
1.087855378812622	-0.8695106237716654	8.640548077370237	-0.1141469384557269	-0.008035639547076907	0.1687327076878305	0.4742504798808713	0.1995245070336535	-0.9414948616651596	
1.0828420699400758	-0.6994678490958353	8.541705453679981	-0.12402083697666332	-0.031426970582824586	0.255572203622321	0.47362572107237944	0.19942946783655421	-0.9419021321414531	
1.1141563776858563	-0.4969095461092826	8.474859065397846	-0.13420683923323157	-0.042409128579577626	0.3248163007926146	0.4731268009134172	0.1994295735449724	-0.9425990488204616	
1.1693155838326137	-0.3005169977579977	8.42877345876599	-0.142992446478517	-0.04904097464033277	0.3698547656028043	0.47227405982734655	0.19987171539824491	-0.9431269032007978	
1.2205285328574411	-0.13863079468099263	8.389415877274018	-0.14898693507742855	-0.049412017036139046	0.3894915371074339	0.4716238044000368	0.2003712091708827	-0.9435305517069047	
1.2522174591118167	-0.01153158723188431	8.32122685605738	-0.15088722852058822	-0.03812172938913063	0.3918647916395483	0.47094952483235264	0.20098584975625197	-0.9439721754649142	
1.287447684302349	0.0816442221103934	8.212812365400396	-0.14807326765826465	-0.017182837063153558	0.3827306022315521	0.47038539253027234	0.20144896115345975	-0.9440717609301553	
1.3272798771846248	0.1287043951953838	8.075363269004562	-0.1412135515837285	0.003182613408838335	0.36667149895443557	0.4697584913378599	0.2020008508562435	-0.9443296121034038	
1.3655815728058354	0.12784870221315717	7.946029337532294	-0.13170419693293478	0.01303187581430088	0.35162962613283477	0.4690702755506741	0.20250142334238264	-0.9444919053939833	
1.3873813709215044	0.09240433735924317	7.857893337979766	-0.12057877658670221	0.010302433064584494	0.34338886170893856	0.46810239401967124	0.20307329048346653	-0.9448217693878282	
1.3977436344338265	0.033190113676994606	7.822480843589947	-0.10812977736202958	0.005343954351700319	0.34261184577378484	0.4668942229549658	0.20348301850070868	-0.9455519904900209	
1.4142326334401014	-0.04557544915337073	7.8236634194850865	-0.094385870901233	0.004639874968597721	0.3482024398111122	0.466236212500493	0.20392054049991076	-0.946565725824994	
1.442159858346373	-0.1373254419439074	7.840901120794467	-0.07936737196123832	0.002944873867156978	0.357433489499425	0.4662923186907316	0.2047149761101873	-0.947277464818949	
1.4781677190117835	-0.23442388843213538	7.869707488800969	-0.06313943140920773	-0.003240491730921199	0.3659353159137594	0.46610148418993175	0.20566781494119946	-0.9474477025773703	
1.5191939374148158	-0.33305967062943564	7.90514347539036	-0.04571074015824283	-0.01071342617211026	0.3731160378755714	0.46558179862966736	0.20704889474339944	-0.948056850306563	
1.5660039173320626	-0.42792387072905125	7.94128246959661	-0.02633312717029006	-0.017177148703334744	0.38115384894439913	0.4654073933595947	0.2085814065986007	-0.9487750061786674	
1.6217241412941967	-0.5204091811765044	7.976582872541251	-0.004286468384117577	-0.020964238330686807	0.3881583504331315	0.46512121538556106	0.2102189246415773	-0.9493187551865967	
1.6878314161280052	-0.611034354917011	8.006090950336224	0.020449674418729864	-0.020029543368173315	0.3924957107766731	0.4649070970642603	0.21224848020188541	-0.9497171866792937	
1.7731223369479778	-0.712422516396625	8.025286427530753	0.047307468366072955	-0.014528788359034131	0.3939971322517791	0.4643306671385963	0.21402753558421625	-0.9497986971696508	
1.8831799164969973	-0.840576214403014	8.037988414113125	0.07564795421531194	-0.005984961999841939	0.3920250951393993	0.46345452281692356	0.21578851765979004	-0.9495752741542244	
2.0123419008834644	-1.0039881261675592	8.052397055721835	0.10497604185643618	0.004014522789342119	0.38663414810654634	0.4623034236557446	0.2178162449348269	-0.949279498216716	
2.1411300537771685	-1.2053206151425269	8.077756562168094	0.13475268302910584	0.012882688993173455	0.3794910812431734	0.46070400325523514	0.21999748627012333	-0.9488033333470833	
2.2417519810901254	-1.4369237383445117	8.128418381456054	0.16367982800246295	0.015032233943196657	0.37302689613952694	0.45927327236065096	0.22261782625595658	-0.9481511440860487	
2.292876349917274	-1.6725187162487212	8.229513324549247	0.1896568368540662	0.004734070177452778	0.3698760761049618	0.458667044938264	0.22596642987093501	-0.9476107220011083	
2.2887109636643	-1.8752220762955933	8.407974358007325	0.21103171837588308	-0.016044992614196833	0.37333715066711637	0.4582503676551651	0.22961392080864643	-0.9468468445478745	
2.2354842097624825	-2.007758079954197	8.666790090283538	0.22658563590000105	-0.03830906238100833	0.38847360395946495	0.4575208833103249	0.23301333265529608	-0.9459921385703918	
2.152995452433454	-2.033974670340104	8.995865653345142	0.2341499009239624	-0.05745041653525226	0.42109925792211755	0.45649089664799825	0.23657984232059873	-0.9454841750039874	
2.082970907872745	-1.9318426775912494	9.38023171119742	0.23229177239112328	-0.07175060189745897	0.47235973328022096	0.4555844303961853	0.24028053209819003	-0.9451645810184048	
2.033975629930769	-1.6924353431723054	9.783148464558078	0.22048058149944288	-0.08539298017677682	0.5271404957596328	0.454811671366407	0.2442345330789607	-0.9445469552544432	
2.0081421494646388	-1.3515387075892153	10.19923089816234	0.20096619633676321	-0.100668664640796	0.5603192446167427	0.45441208045304504	0.24811852555828579	-0.9439085573463291	
1.9991325533603732	-0.9851532060682029	10.640430084406228	0.17769449678066754	-0.1099962462072842	0.5533780181292741	0.45442529280555566	0.2518230884190575	-0.9431371133540826	
1.9826713598934205	-0.6500976614963403	11.10874995115217	0.15104238295271052	-0.11050641472067856	0.4953941671861816	0.45444948991494233	0.25513259714481995	-0.941943038018281	
1.943023137373644	-0.3658283585383712	11.6061076095259	0.1193671467378072	-0.10481275799993742	0.38352692097317054	0.4543642418008698	0.25755564262330305	-0.9409740604679759	
1.9004410031904655	-0.1669331789555775	12.11412332012345	0.08673871298118267	-0.07942137037735587	0.22980447662532996	0.45433669288034295	0.25910704581849986	-0.9408646221481227	
1.9087687685504875	-0.12713245726513567	12.563207244333272	0.06277465766532175	-0.007080616825295816	0.05351619571348165	0.4541841879362352	0.25958462028695695	-0.9413329477178353	
