24.565863409205114	-0.5586216310607071	13.148199530736887	0.0198078672825197	-4.075042561242546	0.1995654479958489	
24.24648614098517	-0.48618455391228216	13.390184450619723	-0.18611809938310883	-3.405573078209847	0.1710676683740176	
23.790645968602796	-0.4809621664600148	13.316910305239473	-0.39765131395272624	-2.7058117381595976	0.13482743068670813	
23.22057517254479	-0.5471535623416748	12.927243243438706	-0.6064983072223824	-1.9894920108784675	0.09410691204931296	
22.558335929939002	-0.6846371274630119	12.235489090167892	-0.8034885903524621	-1.2708736196098502	0.05209964649646406	
21.8249248561033	-0.887280621539273	11.276945090869301	-0.9786039215809496	-0.5644740519437955	0.011739140046227222	
21.039151484218685	-1.1436212367866625	10.104423797560212	-1.1217720693698021	0.11572343959496904	-0.024513241578375138	
20.21703275547361	-1.4370978271600676	8.785817539098442	-1.2236034759789962	0.7568027162871489	-0.054776061160395864	
19.371492575188874	-1.746974826151133	7.398255025365925	-1.276341060038362	1.347444661301371	-0.07780171034956625	
18.512512452448604	-2.0495957251412333	6.020754892604298	-1.2747620124784858	1.8782941510144098	-0.09296917645724044	
17.647661608441418	-2.319997133465607	4.726534098142544	-1.2169179373347212	2.3421995705678875	-0.1002426827078909	
16.78300084029318	-2.5339810626851484	3.576125381472301	-1.1045673886808816	2.734335315447268	-0.10009572057128167	
15.924258393688731	-2.6705986897086906	2.612467778853337	-0.943174338052692	3.05221856168012	-0.0933973553261861	
15.078051143816843	-2.714865524718449	1.8587075011819618	-0.7414180130713204	3.295646068218887	-0.08126175339505677	
14.252711038258552	-2.6600787923290397	1.3191272332626929	-0.5102406172540681	3.4665402276816075	-0.06487629298313992	
13.458329590545688	-2.508907940649497	0.9823007846369638	-0.26170848138854913	3.568714086841585	-0.04535702502232241	
12.70611296073971	-2.273102708157721	0.8250445036096704	-0.007945907748809917	3.607584763369746	-0.0236616122684682	
12.007307006993852	-1.9719402671000943	0.8165094017065635	0.23975447768124897	3.589832557759103	-0.0005637135358318502	
11.371995729089345	-1.629762659022651	0.9219602152839527	0.47159136632950027	3.5230229255026435	0.023319929181804727	
10.808041140252278	-1.273058165362473	1.1060575603531668	0.6796969756788016	3.415214558033453	0.04746890692037433	
10.320417799703192	-0.9275912475387419	1.3355495336645056	0.8583647579939393	3.2745828122234637	0.07139058568274452	
9.911003402772378	-0.6160703603455423	1.5812551761148792	1.0041147983012695	3.109099316885863	0.09457190918889676	
9.578725446322537	-0.3564497222806585	1.8193777687419546	1.1156412376163427	2.926269495318617	0.1164643546542938	
9.319978502497174	-0.16088144663635717	2.032153464158074	1.193640435351354	2.7329270565634807	0.13650445311673326	
9.129213160147799	-0.03529486405300966	2.2078798236099844	1.240519321162946	2.535086843145025	0.1541644567528349	
8.999605777678184	0.020441868026346677	2.3404218214437127	1.259977719864846	2.3378579859741406	0.1690202361081116	
8.9237067847202	0.011736280266338743	2.428271168529961	1.2564746717633533	2.1454368193616737	0.18081131595551797	
8.893940144313007	-0.05191375826868455	2.473440890316249	1.2346813042204796	1.9611543012298565	0.18947537791660057	
8.90293622975582	-0.1583483384144722	2.4803286195598053	1.198994944702448	1.7875555678598314	0.19515295972706917	
8.943717320676235	-0.2942433154236412	2.4546558468505544	1.1531807572332387	1.6264937848666985	0.19816329255015275	
9.009780081171986	-0.44648312776839927	2.4025862505698226	1.100186138086846	1.4792200415839374	0.19895679827053073	
9.095130442689957	-0.6032355510170722	2.3300979262615673	1.0421426638610223	1.3464596321279145	0.19805174082783372	
9.194307471965763	-0.754599118908963	2.242643896269379	0.9805190168870064	1.2284773208880722	0.1959676532703099	
9.302423988006959	-0.8929051224493311	2.1450221648363104	0.9163290551068376	1.1251299940617514	0.19316744984280498	
9.415224523414501	-1.0127777920010708	2.041362249706608	0.8503410556000351	1.0359174552077988	0.1900125610566191	
9.529151222992633	-1.111025715702327	1.935165457340803	0.7832530857201009	0.9600374383723427	0.18673419880206393	
9.641404044972669	-1.1864272633439046	1.8293567943840432	0.7158159390517139	0.8964474768909726	0.18342160950540662	
9.74996565102643	-1.239435457659469	1.7263384297100828	0.648897714215453	0.8439358285730449	0.18002848948399458	
9.853566086925177	-1.2718482281484556	1.6280456399340955	0.5834954773220155	0.8011954918688265	0.17639514726078373	
9.951596593709489	-1.2865025275663788	1.5359959117421416	0.5207127868302966	0.7668938639908494	0.17227924065912917	
10.0439796154669	-1.286996625228965	1.4513278287059697	0.4617180051546275	0.7397361442148106	0.1673910247642752	
10.131012499789232	-1.277441267532158	1.3748248115653077	0.4076961576777909	0.7185201615172339	0.16142878502236638	
10.21320700083025	-1.2622263922344115	1.3069219063518394	0.35980390128939876	0.7021825387659031	0.154111082836597	
10.291148239469381	-1.2457795912459102	1.2477090411242189	0.31913262347981197	0.6898344175097364	0.14520265839839336	
10.365397419518583	-1.232315011187058	1.1969429693486846	0.2866763455727685	0.6807874667970053	0.1345325945787578	
10.436442705895203	-1.2255764351445022	1.1540704045859889	0.2632951926437203	0.6745734925459399	0.12200690126357133	
10.504697218320365	-1.2285872763295451	1.1182610228071947	0.24966834872489474	0.670957386273496	0.1076172995777968	
10.57054071840928	-1.2434276192607867	1.0884420557569903	0.2462333262527414	0.6699429436099547	0.09144798680963365	
10.634398752770155	-1.2710595085484886	1.063320768427268	0.25311026042545	0.6717708963899041	0.0736821989285188	
10.696842202947655	-1.3112533165884974	1.0413802380852553	0.2700247509998919	0.6769037586780509	0.05460717209855161	
10.758684516448254	-1.362620747727543	1.0208337575716864	0.2962424733476602	0.6860001418212016	0.03461661768321531	
10.821064941565613	-1.4227400853120895	0.9995373326875525	0.3305284604972119	0.6998792620769184	0.014207976387368829	
10.885510759996242	-1.4883529724844102	0.9748719214309591	0.37114421526712316	0.7194758040724969	-0.006028717320280654	
10.953976237313304	-1.5555992956272944	0.9436156623049987	0.41588993063572305	0.7457869156356187	-0.025432370058249956	
11.028858019496516	-1.6202567048864376	0.9018383762310371	0.4621947253253213	0.7798134504979921	-0.04330411101756296	
11.112982817441406	-1.6779550616879724	0.8448715096043349	0.5072458389751562	0.8225019307984633	-0.05895010856331492	
11.209582268282983	-1.7243529758060885	0.7673636800910983	0.5481263713040789	0.8746932436759576	-0.07172836257087009	
11.322260746463051	-1.7552965380969057	0.6634231715628675	0.5819482133474003	0.9370798820861622	-0.08109627800609863	
11.454957381715351	-1.766979515943993	0.5268443704851128	0.6059728476411153	1.0101730838625307	-0.086655134521304	
11.611899214375159	-1.7561233921110255	0.35141812959616775	0.6177195947711389	1.0942793865030915	-0.088187843928445	
11.797531164563104	-1.7201807279718735	0.1313414782822742	0.6150622367036522	1.1894873602510792	-0.08568365125160009	
12.01640663648239	-1.6575312210662452	-0.1382766727188508	0.5963016217443006	1.2956673411998936	-0.07934123073598214	
12.27302990871617	-1.5676577661500188	-0.46081755109324063	0.560204660825934	1.4124815979304213	-0.06955065461706549	
12.571636436057666	-1.4512908883264402	-0.8374886127145786	0.5059986065939654	1.5394052218663483	-0.05685459003975626	
12.915899082119651	-1.3105181788779656	-1.2666511712460962	0.4333218340865319	1.6757549109904497	-0.041892966281371485	
13.30853960249946	-1.1488654805133842	-1.7432012303799498	0.34214957224553877	1.8207194480052367	-0.02533784358787572	
13.750843358827064	-0.9713235203523546	-2.258144471826041	0.2327310935241395	1.9733834901419958	-0.00782726035471722	
14.242111558988647	-0.7842848801438856	-2.7984610697925705	0.10558249286802833	2.132734923435096	0.010091329957088349	
14.779071437776494	-0.5953762589804542	-3.3472517504219104	-0.038448903012762776	2.2976521799897567	0.02800350635458714	
15.355296614676208	-0.41315937502226374	-3.8842095259591516	-0.19805211373344142	2.466871748329542	0.04565180588490414	
15.960705774619951	-0.24668286757106467	-4.386437515751115	-0.3712627861454051	2.638936512259087	0.06293684039386248	
16.58121557030691	-0.10485412349820421	-4.829633729653184	-0.555231311256487	2.8121251364665523	0.07989251797471184	
17.198734837271513	0.004376990772343064	-5.189629102318277	-0.7460117654583728	2.9843748870182907	0.09663458667642669	
17.791542792569032	0.07493423238109653	-5.444122782389262	-0.9384493795983149	3.153215883321614	0.11329518696495464	
18.33502561114226	0.10350199397341138	-5.574529525127571	-1.126229243712753	3.3157336423290804	0.1299560219800603	
18.8027363650214	0.09020299408125164	-5.567837181418941	-1.302130600188332	3.4685758734232537	0.14659038331183855	
19.167696683663163	0.038879519223198704	-5.418339784237198	-1.4584914009288008	3.6080122145592006	0.16302251969879006	
19.40385723927408	-0.04320293048249835	-5.129057919233375	-1.5878492477662196	3.73004944157162	0.17891034880409765	
19.4875510451565	-0.14633160588501976	-4.712331461102458	-1.6836265492800533	3.8305914762805346	0.19375778768095497	
19.398828283465118	-0.25972703109878886	-4.189395143800071	-1.7407094655409787	3.90561386474329	0.20695258467552397	
19.122655007776387	-0.37302969910576084	-3.5888430074517608	-1.7558502873979582	3.9513354791282165	0.21782550998667813	
18.64994765975715	-0.47759204463980093	-2.9440682289708135	-1.727862591615967	3.964372549287952	0.2257236604525446	
17.978439516891896	-0.5673170374915923	-2.289989898574198	-1.6576262365921521	3.9418660531704437	0.23008662568843102	
17.113318361304632	-0.6388610319267278	-1.6596022535905657	-1.5479453952806326	3.8815778150700257	0.23050862491713514	
16.067422426052282	-0.6912182766409092	-1.081234893595508	-1.403315463076107	3.7819496274898996	0.22676527957695103	
14.860992979050243	-0.7250026166248116	-0.5769780284169747	-1.2296773324370793	3.642139925557166	0.21880361300538778	
13.52089722690206	-0.7416692165199819	-0.16227593942241303	-1.034152329477254	3.4620361690914083	0.2067038780921951	
12.079325570757012	-0.7428692363485232	0.15352267184753593	-0.8247389226375388	3.242240385621397	0.19062714864953165	
10.572059332306987	-0.73006557609831	0.3660799197861076	-0.6099416588305591	2.984031085849075	0.17076538103912345	
9.036472303263682	-0.7044542453507774	0.47495919839356643	-0.39829615183861655	2.6893056905429384	0.14730963117289525	
7.509610285547117	-0.6671021991718421	0.48295534043081473	-0.19782045615974048	2.3605256463163027	0.12044248355431258	
6.0265237180750155	-0.619139661939932	0.3959133680514165	-0.015461957428066771	2.000686513809778	0.09034610180071823	
4.618881352632907	-0.5619051058012934	0.22275885266406342	0.1433767910487071	1.613304772815102	0.05721609524722848	
3.3138982723315387	-0.49700237417725385	-0.02456132215226093	0.2751485947787097	1.2024029704544903	0.021274889276309463	
2.1335837838608596	-0.4262916474485883	-0.3314898540276372	0.37825141229252185	0.7724665269684984	-0.017216913689869207	
1.0944297236607043	-0.3518808410785457	-0.6817566272700465	0.45285665959385396	0.32833907908655413	-0.05794897285846842	
0.2075129330458512	-0.27617016936419103	-1.0585745001672833	0.5005670679018043	-0.1249407804309289	-0.1005490115598392	
-0.5210794838182207	-0.20194556963415142	-1.4459111664835866	0.5240203961428039	-0.5823440670214608	-0.14457368737760537	
-1.0895273484547174	-0.13248199991428566	-1.829662008897745	0.5265161326887712	-1.0390785112360998	-0.18950710028501053	
-1.4993220324339336	-0.07160436905352043	-2.1985600054488947	0.5117307837264506	-1.4908140131164278	-0.2347694355400297	
-1.7541611534159183	-0.02364681442631299	-2.5446900046905765	0.48355980999297105	-1.9338832089302702	-0.27973509738775265	
-1.8588181446029954	0.006740230495102152	-2.8634438388439594	0.44607928885400333	-2.365415765469211	-0.3237551338741556	
-1.8181824641740245	0.01491364439939002	-3.152992929367937	0.4035736691569133	-2.7833986905074704	-0.3661749493080607	
-1.6365266379579768	-0.0033437450720890977	-3.4133998114617325	0.36056448856105017	-3.1866672262524993	-0.4063419759611699	
-1.3170330199535314	-0.05135055065677843	-3.645492105742294	0.32178697687228763	-3.574828445620362	-0.44360036431585065	
-0.8615979624914893	-0.13104492109906246	-3.8496442561497384	0.29207237657139434	-3.9481240597875273	-0.4772722402106236	
-0.27093042384912946	-0.2425476181325253	-4.024618846880961	0.27610287191412497	-4.307235183762248	-0.506628556641018	
0.4550482852741964	-0.3838776768853561	-4.1666969205473485	0.27805609245857005	-4.653041176377792	-0.530860412966377	
1.3165805533839625	-0.5508392574918128	-4.269187798140837	0.3012002009160966	-4.986364287848537	-0.5490617865603629	
2.3132761285286665	-0.7370863117093764	-4.322334103339461	0.347502608008952	-5.30771448996753	-0.5602318823984731	
3.443202585386164	-0.93435585758511	-4.313603929661497	0.4173148396175385	-5.617051135456476	-0.5633035072590681	
4.701913169189321	-1.1328430128863827	-4.228327980851722	0.5091795931837616	-5.913573286771828	-0.5572023851395865	
6.081496115151162	-1.3217040618257885	-4.050642746409073	0.6198095821085373	-6.195557569327767	-0.5409408565449315	
7.569801260615902	-1.4896498660642947	-3.764618834107493	0.7442478171678972	-6.460268126497754	-0.5137367818785388	
9.149883952285414	-1.6255990790411927	-3.355467772894586	0.876138001671191	-6.703929551616993	-0.47514610210084807	
10.799744001129731	-1.7193961768753128	-2.810805082700914	1.008074599637344	-6.921767102987529	-0.42519735853075397	
12.492430180356505	-1.7625741667557802	-2.1219385279943825	1.1320078361867196	-7.108116013863837	-0.3645140961495946	
14.196565215872635	-1.7491359976148393	-1.2851717902341426	1.2396982399400838	-7.256600501464446	-0.29441191479500645	
15.877401397662382	-1.6762360406994072	-0.3029600380576967	1.3232280981053801	-7.360392774214149	-0.21693791549511038	
17.49830607910236	-1.5446232658332784	0.815281310119265	1.3755318803768575	-7.412532241493178	-0.13482961482160674	
19.02250064724059	-1.35880783391822	2.0527413601482034	1.3908965840212182	-7.40628510283972	-0.05139357901563601	
20.41492913857961	-1.1269182674663076	3.385179440189956	1.3653704447870858	-7.335533973144678	0.02969580957939542	
21.64408781651265	-0.8602742829495212	4.78124453254838	1.2970220211637071	-7.195175309523343	0.10466070927439736	
22.683703436137428	-0.572735119997261	6.203071832067374	1.1860205045225582	-6.981514445885924	0.16992689174745484	
23.51414259938843	-0.2798535527574799	7.607250654688089	1.034525017413635	-6.6926441714539155	0.2224453424217764	
24.122921272194496	0.0019094025356056693	8.946002086120538	0.8463990463383267	-6.328609429655214	0.259899060107591	
24.50629891808227	0.25632479395833785	10.16903393240269	0.6270579278989992	-5.891948896548093	0.28104324750736426	
24.66714319770774	0.4678304283093031	11.22525817904922	0.3829130071206374	-5.38713206632723	0.2854982759179867	
