21.90055305079597	-0.404206147474915	10.6739451162028	0.4234897377830768	-3.7793652240825706	-0.2256142818698476	
21.531655855295966	-0.22132878239867576	10.971385916204481	0.2703252205436916	-3.154562889427328	-0.21259175121876162	
21.019312968333992	-0.08850978463164087	10.925790605643348	0.08811417558601753	-2.4990077762321947	-0.19699121878018386	
20.393103021272157	-0.019936240734759244	10.52292745814861	-0.11084512311054358	-1.830446526701526	-0.17958251454312057	
19.684429669202547	-0.024925830510857477	9.77434990947227	-0.31200896309036674	-1.1670563036759305	-0.16133585789984542	
18.924446248893	-0.10686237265471984	8.721027324332399	-0.4994932569802861	-0.526394202648431	-0.1434347423392951	
18.14153327653315	-0.2632047036180261	7.430084948716134	-0.6577136455861905	0.07581579141832179	-0.12720236360092538	
17.359467999264584	-0.48540360242780717	5.989455660111668	-0.7729083453236361	0.6265843765275653	-0.11398665667825812	
16.596060960586225	-0.7589112105047644	4.498589778514051	-0.8346959180277029	1.1162894828877898	-0.10501148830657922	
15.8625797056342	-1.0632717140518162	3.0572753633193757	-0.8373752353457148	1.5389281313613568	-0.1012308352296407	
15.164064792740517	-1.3728074164829147	1.7541599467426083	-0.7807919601232098	1.89201466517715	-0.10321035563870863	
14.500659707394458	-1.658421548234875	0.6573026151020561	-0.6705110578624521	2.1761788110838833	-0.1110508671301579	
13.86981656959237	-1.8907256411418822	-0.19140272574811554	-0.5171246578534994	2.394561318034064	-0.12434976675669875	
13.268838705222173	-2.044062967277267	-0.7771996634338055	-0.33473995955574537	2.5521217652505035	-0.14218779892001854	
12.696945350216627	-2.1004439744890813	-1.1094393529734254	-0.1389552148579386	2.6549662906832987	-0.1631445194942371	
12.156233115999736	-2.0523200279314735	-1.2160363388302629	0.055220218621124084	2.709770848122854	-0.18537081806316622	
11.651448685001391	-1.9035511644868555	-1.1370080550971728	0.23509520553632327	2.7233285969513332	-0.20674281835584163	
11.188907146695945	-1.6684970480500751	-0.918317310383817	0.3914126360438849	2.702219723032977	-0.22508756284879952	
10.775042243241709	-1.3696532277978506	-0.6067760007345181	0.5187632348408246	2.652591332566654	-0.23843990530233936	
10.415042480213206	-1.0344913326408895	-0.24627075903287746	0.6153866805478206	2.5800291611717903	-0.24528249097477187	
10.111903676396999	-0.6921163596802564	0.12480447456433277	0.6825679395639063	2.489501086272756	-0.24472947896706645	
9.866054700835306	-0.3701568783151819	0.4751738359742025	0.7238585009454764	2.3853553644586416	-0.23662759805245953	
9.675522243060223	-0.09212447945124955	0.7815828557160924	0.7442913183618681	2.2713603837792506	-0.2215601270957059	
9.53644906743511	0.12459804972324463	1.0290774392406115	0.7496641254586085	2.150774059948382	-0.2007512804409336	
9.443720745610198	0.26998839021235405	1.2106665277065132	0.7458907674322054	2.026430922369909	-0.17588277316594955	
9.391499349744192	0.341708898470111	1.3263828162618336	0.7383974448419254	1.9008345869033008	-0.14885184801692625	
9.373575481642225	0.3444810893022373	1.3818484617338327	0.7315726385321767	1.7762414825780255	-0.12151726467392017	
9.38357298874145	0.2886550205587627	1.3865725491674938	0.728324294401916	1.6547200281356738	-0.09548522387389405	
9.415103608199589	0.18827077577770868	1.3522136994039884	0.7298199160447267	1.5381745179964619	-0.07197149878481454	
9.461936991319668	0.058992519507747324	1.2909992377246655	0.7354719613915519	1.4283302083874356	-0.051748976845779684	
9.518187788684047	-0.08374092222796653	1.2144303596454662	0.7431872805400307	1.326683741498178	-0.035164934511854117	
9.578497982667862	-0.22613666444256877	1.132340430951486	0.7498455468537509	1.2344320883479516	-0.022202333376162172	
9.638206626329602	-0.35696964619170896	1.0523231961322324	0.7519246067449572	1.1524014666155384	-0.012563421910646147	
9.69350597263521	-0.4680288087355255	0.9795099532507342	0.7461621693618029	1.0809990038915342	-0.005761903548097102	
9.741570108297637	-0.5541505431052373	0.9166498289952341	0.7301407676875292	1.0202015433176603	-0.0012144875907444616	
9.780634324381294	-0.6129208795564686	0.8644373308958554	0.702705901544161	0.969583362316412	0.0016760670039574616	
9.810011036831236	-0.6441528579393561	0.8220297261142305	0.6641646480613866	0.9283757632253031	0.0034531678331361807	
9.830033855664867	-0.649277128370934	0.787685432303943	0.6162474017988896	0.8955494438798502	0.004558602466977217	
9.84192485154994	-0.630800493325822	0.7594222690273494	0.56185114593387	0.8699109698741995	0.005306377966161794	
9.8475928278759	-0.5919445640870858	0.7355779819091119	0.5046190827038437	0.8502050203940138	0.005875937676868223	
9.849387969464038	-0.536484381053416	0.7151776228810085	0.4484351415502317	0.8352137386024217	0.006320594552991926	
9.849851436016406	-0.46872090731605864	0.6980644105272621	0.3969226519826052	0.8238435966672859	0.00658663974901525	
9.851495050253634	-0.39347664475159866	0.6848161861548194	0.35302475813786327	0.815191628650357	0.0065390236126088306	
9.856631239496023	-0.31601262322526624	0.6765215017004526	0.3187150681922101	0.8085867606406473	0.005990282545626194	
9.867257554351795	-0.2418125390356528	0.6745095699562408	0.29485238363628224	0.8036068858406805	0.004730454854474631	
9.884989681607719	-0.1762412093908957	0.680112254448315	0.28116454805278934	0.8000764933013004	0.0025569393851549715	
9.911031998341272	-0.1241394320300481	0.6944919023694619	0.2763314640198657	0.7980514476870169	-0.0006959834469484245	
9.946174499382854	-0.08945040655049526	0.7185163658443484	0.27814032708709785	0.7977959369783068	-0.00512859737244298	
9.990810524202026	-0.0749689314508757	0.752633113713813	0.283704210269402	0.799752384372674	-0.010750294111126634	
10.044979811196047	-0.08225977973113553	0.796713472682909	0.28975211926490674	0.8045015008232174	-0.01746122968801246	
10.10844509397641	-0.11171861823905693	0.8498885906799086	0.29299015765853714	0.8127112405272667	-0.02504495469167029	
10.180806171924571	-0.16269956793155574	0.9104366445488465	0.2905046228853017	0.825078195409915	-0.03317387759615632	
10.26164577506507	-0.23362758573627132	0.9757781910188802	0.28014325702993376	0.8422700835363348	-0.041426895497056276	
10.350690999606206	-0.32204855041384806	1.0425951872069104	0.26079461920299923	0.864879703437325	-0.04931665723034541	
10.447966529289825	-0.42462940381918896	1.1070333400100913	0.232502075324015	0.8933971484817086	-0.05632305725919301	
10.553917264671878	-0.5371665167702935	1.164912721942963	0.19639392536955885	0.9281997638066315	-0.061929308645037706	
10.6694903819958	-0.654658805193671	1.2118803826929325	0.15446133705719386	0.9695528923088387	-0.06565721869106296	
10.796182210385716	-0.7714600484891092	1.243479338597208	0.10924391774723197	1.0176132506849453	-0.06709917744859982	
10.936062359669744	-0.8814863726143412	1.2551471691940586	0.06347982548698322	1.0724310650343742	-0.06594549659802804	
11.091783756309548	-0.978453120451499	1.2421736631824754	0.019757582136895012	1.133952976516582	-0.062006378835988335	
11.266577091897489	-1.0561395200497026	1.1996487742591282	-0.01980906380635178	1.2020314298242991	-0.05522756956351126	
11.464215574539283	-1.108698218842315	1.122435758169886	-0.053864577742373264	1.2764461076980054	-0.045698509591087774	
11.68892475782254	-1.1310270567951652	1.005213762426045	-0.08203191615421764	1.356938861787529	-0.03365269578990217	
11.94520566756575	-1.1192010331165871	0.8426451051979872	-0.10504115401430543	1.4432576169864602	-0.019460767424899317	
12.23754547715783	-1.070934060473641	0.6297219955681344	-0.1247363620901846	1.5351991362610982	-0.0036176475424673353	
12.570005898218808	-0.9860171042484089	0.3623297176959092	-0.14393978138999772	1.6326383387693915	0.013274918481971655	
12.945700060294278	-0.8666638227826086	0.038033138111525644	-0.16617448544272553	1.735534445922447	0.030530071668993516	
13.366187794106898	-0.7176832449394582	-0.34294514595302794	-0.1952816872337622	1.843911256409901	0.04740320129496348	
13.830831107523302	-0.5463998835400925	-0.7766424426798568	-0.23500731432361344	1.9578174959875985	0.06312807721058128	
14.336154234171014	-0.36227532769749793	-1.2543415132430387	-0.288649777138767	2.077277727285422	0.07696513182840761	
14.875252681638539	-0.1762529525395703	-1.7618892036710232	-0.3588281596571101	2.2022391526893426	0.08826277858484365	
15.43730700469031	9.522782682088934e-05	-2.27964335953608	-0.4473469957240094	2.3325058655339936	0.09652733714104549	
16.007296439560577	0.1555403454530016	-2.7832511452607913	-0.5550556843946657	2.4676418356891867	0.10148992697737252	
16.566027398002454	0.2802391685343471	-3.2452450303637566	-0.6815972205868013	2.6068296195013057	0.10315408475629374	
17.090578137657772	0.3667984124347451	-3.6372741198441663	-0.8250298084536968	2.7486924101671883	0.10180871609694166	
17.55520169451405	0.4112481488300996	-3.932712306326607	-0.9814262470475063	2.8911108494469357	0.09799695615901344	
17.932635954039664	0.41372956881622974	-4.109372950791223	-1.1446379715339186	3.0310815279815277	0.09244099534145542	
18.195682262201746	0.3786530302918946	-4.152077611989113	-1.306404231779534	3.164664189398947	0.08593290385027691	
18.318868116721177	0.31412554476854065	-4.054809853249553	-1.4568855187507705	3.2870478278384483	0.07920966797205693	
18.28002563261064	0.23062012852656952	-3.822102901131904	-1.5855552154530428	3.3927401365838556	0.0728351434948783	
18.061682167888865	0.13911602481146082	-3.46923143143297	-1.6822735088108025	3.475862837732803	0.0671113837572966	
17.652231771592177	0.049149936020615854	-3.020857136654406	-1.7383413842171187	3.5305232214273623	0.062037038740197135	
17.04689861365237	-0.032735612336896217	-2.5081182993303472	-1.7473768783065626	3.551224602055888	0.05732218882975397	
16.248494688440662	-0.1037914398437172	-1.9646623507203165	-1.7059191807141805	3.53326841960354	0.05245813349002978	
15.267920670447735	-0.16498818144339525	-1.4225584418318598	-1.613715843498476	3.4730913525603184	0.04682760270269733	
14.124314040811965	-0.22019787510158537	-0.9090886700192188	-1.4736967395148233	3.368489703930998	0.039830038507771705	
12.844683227505195	-0.2748893293052446	-0.4450880472889269	-1.2916646386415083	3.2187010637480977	0.030995492511680756	
11.462870482532695	-0.3346428733422475	-0.044992557690472404	-1.0757580073261614	3.024335920135018	0.020068309369069438	
10.017789315067402	-0.40378508160252463	0.2817922515477135	-0.8357579622882768	2.7871781137002936	0.007053413735153243	
8.551073635787068	-0.48439416874449365	0.5290014944306158	-0.5823135729120812	2.5099018020120476	-0.007773956459612812	
7.10447620406997	-0.5758328578742178	0.6920218403201817	-0.32615417294763654	2.1957772409526544	-0.02389258070040723	
5.717440070809005	-0.6748413784359483	0.7674704667723522	-0.07735282899603288	1.8484444900587649	-0.04059271942146306	
4.425162545731312	-0.7760929049293209	0.753939975587388	0.15529589415152315	1.4718095926212074	-0.05706508199216906	
3.2572453062259465	-0.8730140995182016	0.653383905559507	0.36472329188067554	1.0700630098998116	-0.07251333986502248	
2.236856978235303	-0.9586560845493874	0.47230709078373084	0.545811398893029	0.6477621333175971	-0.08627201814599322	
1.3803369825081224	-1.0264790602439653	0.22210442761331103	0.6953750710897522	0.20989665212887326	-0.09790386929050164	
0.6972140887723314	-1.0710191879876212	-0.08161088499217306	0.8119334833652037	-0.2381199470868652	-0.1072541679274672	
0.19063576767421186	-1.0884617719355782	-0.42044963712088684	0.8953497326914475	-0.6905503283060439	-0.11445322563881943	
-0.14179947287317965	-1.0771226523932893	-0.7750764208493677	0.946436816860681	-1.1415158297889862	-0.11987330495376004	
-0.30687123501554975	-1.0377864821807916	-1.12704833230628	0.9666204301157472	-1.5852370386903716	-0.12405619485982246	
-0.31437417108362153	-0.9738186831044809	-1.4603512289576388	0.9577164499850858	-2.0163012109953518	-0.12762973640990297	
-0.17576045623600317	-0.8909829269888027	-1.7624122751285474	0.9218384493352906	-2.4299264905097853	-0.1312270402994517	
0.09703325876931385	-0.7969486112413284	-2.024474146983831	0.8614118808749379	-2.8221971070972165	-0.135415338392157	
0.4924678293556586	-0.7005376997921101	-2.241334931459701	0.7792451453119343	-3.1902460660583962	-0.14063637894301098	
0.9999630499125354	-0.6108172703907723	-2.410571013811314	0.6785966838107195	-3.532362456993902	-0.1471586673510307	
1.6101572902236936	-0.5361819818162817	-2.531444820195408	0.5631827467030759	-3.84800383160706	-0.15504306278627578	
2.3148993200766483	-0.4835826563601173	-2.6037426849033976	0.4370940526937598	-4.137702859406502	-0.16412590114408954	
3.107006564810554	-0.45803857320202973	-2.6267941090635682	0.30463257800230564	-4.402873898900045	-0.17402601528296058	
3.979837730295964	-0.4625006484821228	-2.5988632419523072	0.1701281741119018	-4.645548832956031	-0.18418014452622095	
4.926751027960678	-0.49804251215398754	-2.516971838385251	0.03781094310547457	-4.868080695414987	-0.19390641873255207	
5.940547652910849	-0.5642714210572299	-2.3770662736797434	-0.08821783813831247	-5.072847785656148	-0.20248798012722666	
7.0130069190722715	-0.659796310030943	-2.1743471485001264	-0.20394125747601646	-5.261971961805793	-0.20926160780530284	
8.13458875313581	-0.7825838339464283	-1.9035836527005983	-0.3053936882472821	-5.437045708815827	-0.21369326393312033	
9.294314865780237	-0.9300858444098548	-1.5593225751317328	-0.3887362660863327	-5.5988563602681785	-0.21542685767109487	
10.479770410974595	-1.0991257834355228	-1.136020904741573	-0.45048993689514605	-5.747108850441087	-0.21430280072137167	
11.677137519352714	-1.2856415946533721	-0.6282221980733004	-0.48788999350572043	-5.880175978693387	-0.21035287232106686	
12.871207773678263	-1.484432437830755	-0.030920692621730556	-0.4992539405024705	-5.994931136485533	-0.2037816914493093	
14.045398660949495	-1.689015304116103	0.659790680421322	-0.48424357301608834	-6.086723322353519	-0.19494230286034292	
15.181859458174051	-1.891614237977865	1.4457827814568307	-0.4439599592882574	-6.149534360635059	-0.18430750759072645	
16.26174745900673	-2.0832587166224865	2.325724441256415	-0.38090317787671846	-6.176316062697383	-0.17243554420168614	
17.26571514191039	-2.2540045526219696	3.293745220000852	-0.2988801559360693	-6.159469835905104	-0.15993116084757827	
18.174615673634055	-2.3933528546712868	4.3379865932971855	-0.20291324752841383	-6.091417456410859	-0.14740664844750623	
18.97042267037905	-2.4909475938378876	5.439188807627876	-0.09912811644019691	-5.965217761302895	-0.1354457347617567	
19.637305813119276	-2.5375199878767973	6.5696037675828185	0.005439413909849536	-5.775176105626345	-0.1245697651093109	
20.162856557179165	-2.52602296675799	7.692622575437366	0.10318705027914811	-5.517440811010438	-0.11519944418551353	
20.539112722119306	-2.452596488225972	8.763448435750036	0.1863759998345248	-5.190433564536923	-0.1076185383469757	
20.76375229314216	-2.317720224461535	9.731006769732923	0.24774834775406218	-4.795346628672166	-0.101920857585038	
20.839995639640424	-2.12637243278568	10.540983356366416	0.2809626616991035	-4.3360599037691525	-0.0979992878568987	
