23.054586691379317	-0.3335468798516744	11.025280891168832	0.1687358261074794	-4.114661824016694	0.0122672178814019	
22.78036424243382	-0.010292408271607649	11.349271964383732	-0.007123648358863033	-3.456640959349248	0.01999177584029792	
22.328975442151144	0.2652393642788381	11.316006549361385	-0.22677069215709744	-2.757969276868412	0.02880666675419727	
21.727657120646953	0.468609204476373	10.907798316750242	-0.47822902670404677	-2.0377204487668865	0.03898346181052309	
21.006020016518114	0.579123071768591	10.134981970225034	-0.7451896493035337	-1.3160788697153614	0.05035664601201271	
20.194074827183865	0.5822639793368772	9.039788410892731	-1.0078999117199594	-0.6131787143972998	0.062220616684175854	
19.320106333661816	0.4717168876136923	7.693346519231	-1.2451504989311442	0.052285844200965104	0.07335023084530744	
18.409332809623606	0.2512904191831898	6.189423777018439	-1.4363570261524707	0.664154683568908	0.08210075837814078	
17.483070208271712	-0.06352470444579232	4.633800964156789	-1.5639189102227444	1.2096584825074002	0.08659808124392601	
16.558578688707723	-0.44495225501719127	3.1316578172871536	-1.6154395829483863	1.6799095204347083	0.08498567549203366	
15.649580269052041	-0.8542792205913853	1.7752115915824485	-1.5854868981296868	2.0700437611270863	0.07570662608209358	
14.767384898316111	-1.2458894590481036	0.6342665158731576	-1.4764629727410017	2.3790458334281075	0.05779879288770251	
13.922257295126236	-1.573747818181344	-0.24870569009694818	-1.2983034204530248	2.609323497861587	0.03117581915085359	
13.124420310915644	-1.7988969866470041	-0.8588736881106444	-1.0669966696812807	2.7660989533429707	-0.003163494865111812	
12.384217840026665	-1.8959152497775258	-1.2058689296370178	-0.802206569206966	2.856677141807076	-0.043084575273371846	
11.711445746717732	-1.8566481108038162	-1.3185282302470724	-0.5244885095329311	2.889652137199195	-0.08549068244635508	
11.114267073025818	-1.6905437274784842	-1.238725913378028	-0.25268115246871614	2.8741327407786175	-0.1267051070593112	
10.598182900183355	-1.4219767267908732	-1.0152199984451746	-0.0019757261713488315	2.819082182409707	-0.16296988169097887	
10.165385526181918	-1.085631513119006	-0.6981894321611005	0.21711811913133722	2.7328397938910154	-0.19095125268064073	
9.814669318783562	-0.7210881787939992	-0.33477789642156025	0.3990000017473653	2.6228372324012312	-0.20816743281401193	
9.541894720990744	-0.367496931015388	0.03426584401145059	0.5426355829008962	2.495479939371527	-0.2132755591628039	
9.340794806906363	-0.05896263480796816	0.3767885552738448	0.6508571411638515	2.356146637604825	-0.20617171837797055	
9.203814003414767	0.1789067483013194	0.6702084201396019	0.7294404749509836	2.2092625109900594	-0.18789272470502089	
9.122745161528073	0.3309912614404245	0.9013308976186264	0.7860396994470692	2.058415569494645	-0.160359335620361	
9.08910354778294	0.39310760924564264	1.0652759317221239	0.8290605959329002	1.9064981867274933	-0.12603856030585167	
9.09432120195	0.37105812197038573	1.1638971696179599	0.8665752789053447	1.7558614534760475	-0.0876074688670217	
9.129901027095835	0.278590147001233	1.2040266920777982	0.9053964774039124	1.6084712158524028	-0.04767929351137984	
9.187637713496844	0.13467850552022348	1.195763043263285	0.9504188861835509	1.4660523662095397	-0.008621033365663082	
9.259926038908716	-0.039409487303147306	1.1509255232052173	1.0042880019649112	1.3302010090266096	0.027540927617762695	
9.340094760102982	-0.22283833323139998	1.0817355968461553	1.0673855851261427	1.202439826572074	0.059157082483300545	
9.422677490378598	-0.3974045524585583	0.9997419632132023	1.1380609033279003	1.0842035078048005	0.0849702340626502	
9.503560049660065	-0.5490332199422655	0.9149852573625263	1.2130187851952425	0.9767683960685595	0.1041310277846299	
9.579994581866629	-0.6685048899964592	0.8354018730749999	1.287790434370369	0.8811638017885868	0.11621049133266056	
9.65050504935553	-0.7514374283344374	0.7664821935411685	1.3572431719834444	0.7981036513729557	0.12119306763151792	
9.714715629987964	-0.797635386056213	0.7112063166165704	1.416101220508249	0.7279587440408617	0.11943776561492846	
9.77312871605922	-0.8100089774142344	0.6702620017477106	1.4594444961885096	0.6707677020056956	0.11161022237692285	
9.826880062744012	-0.7933236892574883	0.6425105017712903	1.483135890333793	0.6262739441583477	0.09860132108405449	
9.877501347096082	-0.7530461956540816	0.6256219633478516	1.4841154756258887	0.5939793247366191	0.08144940827902675	
9.926708515609977	-0.6945006781130052	0.6167650902123725	1.4605102351126453	0.5732122004576113	0.0612750797536972	
9.976209230404889	-0.6224549153428276	0.6132160369398362	1.4115521991191242	0.563206981805726	0.03922833554237899	
10.027509594894584	-0.541132119957588	0.6127696087572051	1.3373664148419926	0.5631824783855068	0.016443265779581613	
10.081717789728433	-0.4545177296519556	0.6139050793256041	1.23874489423972	0.5723974572727473	-0.006004423781298766	
10.139374712838471	-0.3667488028378763	0.6157506237957442	1.117022695737357	0.5901641431644956	-0.02713874720505564	
10.20035537878308	-0.2823797851225264	0.6179463535051655	0.9741125801855972	0.6158144751062087	-0.046121762687159513	
10.263870029606014	-0.20639909689572042	0.6205011678586462	0.8126709397851039	0.6486317173993966	-0.062285498157255884	
10.328570152501122	-0.14397200490211456	0.6236987600657042	0.6363008166376083	0.6877735805083567	-0.0751554354578044	
10.392741989846225	-0.09997618876048503	0.6280603860423313	0.4496759666793555	0.7322171318338697	-0.08446588312790378	
10.454551498888717	-0.07846020941495926	0.6343273817474214	0.2585001702909875	0.7807478622722221	-0.09016761367203152	
10.512296552171838	-0.08216534784464982	0.6434106700214004	0.06927861575959858	0.8319993568359759	-0.09242596167066872	
10.564631225624455	-0.11220016528058675	0.6562841152510301	-0.11106441086481658	0.8845350846169792	-0.09160570250708895	
10.61074434390273	-0.16789002492719313	0.6738417756440246	-0.2756636723217782	0.9369571955810376	-0.08823872348869724	
10.650484627868718	-0.24678992214223244	0.6967495191531792	-0.4182321130439757	0.9880273673189148	-0.08297211636958284	
10.684427025534848	-0.34484629958243845	0.7252966835087313	-0.5335706538905375	1.0367856264067732	-0.07649812295794631	
10.71387894205056	-0.45668969850454894	0.7592297955484313	-0.6180124265835614	1.0826519486013388	-0.06947317272088348	
10.740836051009182	-0.5760192857310639	0.7975558650925128	-0.6697381282667588	1.1254943427793138	-0.062439238612241474	
10.767911339441676	-0.6960151466220794	0.8383336336471247	-0.6889073136772614	1.1656493027194241	-0.055763534007926135	
10.798270707430147	-0.8097063131567098	0.8785037502542578	-0.6775823068080572	1.2038877258454725	-0.04960947040088589	
10.835605667380346	-0.9102444103056946	0.9138186563698794	-0.6394706454292545	1.2413309174426994	-0.04394331393979349	
10.884153425672936	-0.9910822908515943	0.9389085470613993	-0.5795578811601256	1.2793332888587179	-0.0385710513050189	
10.94874288178344	-1.0461150901609342	0.9474751895928972	-0.503720314505845	1.3193553667498437	-0.03319318509135224	
11.034821349215767	-1.0698769110817177	0.9325691813782652	-0.41838984582236993	1.3628501587407515	-0.027463287207444422	
11.148414154777676	-1.0578737545402843	0.8869036597529638	-0.33029926958842626	1.4111781694305359	-0.021039163845075617	
11.295982063331987	-1.0070743431999827	0.8031827189423835	-0.24629110041854615	1.4655562222279879	-0.013620972501963521	
11.484157736413023	-0.9165033165349206	0.6744564265387413	-0.1731423032438984	1.5270355713827894	-0.004976329727631831	
11.719354568594518	-0.7878186462334386	0.49454374557877623	-0.1173461111125301	1.5964971849040999	0.005043306761914198	
12.007249787139955	-0.625729261814589	0.2585816382013113	-0.08480325608551095	1.674648507000714	0.01648935382153725	
12.352153172943718	-0.43812149258697003	-0.03624370546637376	-0.0804090621705578	1.7620080185947158	0.02930230417907994	
12.756288287761826	-0.2357997234633549	-0.3897585126824346	-0.10757582858973226	1.8588714164735238	0.04329847015381986	
13.219036389124586	-0.031795892733850945	-0.7977003967816686	-0.1677871268444354	1.9652636280665934	0.058163705085659725	
13.736218089575207	0.15973018869593697	-1.2506094307248108	-0.26031426760433357	2.080889236925703	0.07346371471333532	
14.29950212807294	0.324883047586077	-1.7329943719708738	-0.3822036613613961	2.2050945381858553	0.08867894455081692	
14.896028978464916	0.4515025247347945	-2.2231372282114874	-0.5285569402911168	2.3368448567928803	0.10326521096086773	
15.508328864348304	0.5304659008335202	-2.6938460856350517	-0.693010619645637	2.4747063627570833	0.11673190447889832	
16.11461110588567	0.5566341875573442	-3.1142667859449027	-0.8682540483396375	2.616815401352214	0.1287218414685543	
16.689475954438045	0.5293581136362161	-3.4526056658906583	-1.046452043184292	2.760828072196138	0.13907409627568515	
17.20503649073792	0.4525206645309242	-3.679438412082733	-1.2195391505280637	2.903861707130008	0.14785463486226047	
17.6323634325444	0.33409513034206867	-3.7711993150034884	-1.3794473345618394	3.042454613966581	0.15534635237372563	
17.94310546788833	0.1852060697413188	-3.713400960799568	-1.518362463676983	3.172573037733321	0.16199763033812337	
18.11111660232602	0.01873492290986447	-3.5031004436546955	-1.6290707046782213	3.2896866452492755	0.16833568689409828	
18.113944009438022	-0.15237717846578472	-3.150098793532253	-1.7053851817811356	3.388921386725541	0.17485846827080645	
17.934089502277637	-0.31684799286519316	-2.676410936578706	-1.7425850894801977	3.4652859505311957	0.18192584144633714	
17.560027341786505	-0.4664417640589771	-2.113808952491907	-1.737781944169665	3.5139549031976944	0.18967383265442633	
16.987002394738575	-0.5967168370986305	-1.4997483629989516	-1.6901437414608604	3.530575491969479	0.19797122467718858	
16.217627261012407	-0.7069770544195771	-0.8725361634448259	-1.6009374972091892	3.5115496026808013	0.20642606944060496	
15.262252063591458	-0.7994737701711881	-0.2668881047181344	-1.473384049831722	3.4542379031931225	0.2144348177510521	
14.139014233575297	-0.8780828133555807	0.2891077614735984	-1.3123532055180578	3.3570459918492896	0.22125575498026956	
12.873422809963118	-0.9467828794417448	0.7750835025761578	-1.1239543442486886	3.2193781192657744	0.2260874656561248	
11.497340477013484	-1.0082868027233376	1.1776342061739418	-0.9150844132123832	3.0414746713136056	0.22814180823453079	
10.047341710737742	-1.0631308958481462	1.4884022733595597	-0.6929799147335348	2.82418101372511	0.22671081265016998	
8.562617885407082	-1.109397912630485	1.7020399085727465	-0.4647958227918809	2.568718249313305	0.22123038797400155	
7.082764649799431	-1.1430803766248718	1.8150111558297097	-0.23722618846427437	2.2765325139609547	0.21134014158935777	
5.64580915470145	-1.1589271239199586	1.8256934626920056	-0.016193956247954236	1.949284965030275	0.19693269353806986	
4.286663120466923	-1.151505203549637	1.7354924293402334	0.19334933435397486	1.588998255845066	0.17818322987625707	
3.03597963003721	-1.1162075274494998	1.5501387929383237	0.38748092778104104	1.1983058446274717	0.1555538131307451	
1.919317457304403	-1.0500433718258457	1.280343304231295	0.563222188942373	0.7806984838154815	0.12977377647593327	
0.956569789743598	-0.952177229210867	0.9414403660662646	0.7183554055411538	0.34066360967371156	0.10180054806448663	
0.16168947815172355	-0.8242423398014809	0.5521509484861321	0.8512105272021482	-0.11633891374401698	0.07276300278398252	
-0.45722154663208653	-0.6704414593929665	0.13285694602009626	0.9604848937270846	-0.5840630624533131	0.04388718645267134	
-0.8974122257302012	-0.4974165654764891	-0.29619770660797523	1.0451323498858438	-1.0557813791204602	0.01640634200539454	
-1.16060730224225	-0.3138716833964725	-0.7164601617226413	1.1043302272591085	-1.5246462986002567	-0.008537754455499678	
-1.2518960420387153	-0.12997449257519292	-1.1121814641330476	1.137517778415203	-1.9840508532191978	-0.029990403090749365	
-1.178581544972127	0.04339131794589718	-1.4709966283382256	1.1444962512590025	-2.427950905640753	-0.04726200089635071	
-0.9491797292285167	0.19543216747540032	-1.7839583176465785	1.1255756676310373	-2.8511303094361713	-0.05997465324925548	
-0.5726953387205924	0.3162303143555447	-2.045096815279853	1.0817406225706638	-3.2494022162592517	-0.06806977177582754	
-0.05821587089444314	0.3974482834695228	-2.250657777188647	1.014794023431646	-3.619741172571615	-0.07177740574934939	
0.5852045757511234	0.4328995299381346	-2.3982249500335846	0.9274370622842314	-3.9603395499456955	-0.07155546780686856	
1.3484348567606703	0.41894307105824696	-2.485938598889682	0.8232604896844158	-4.27058398968115	-0.06801113822396629	
2.2219990345630327	0.35468135776779686	-2.511967948088056	0.7066503970843406	-4.550954130177871	-0.061817749656503995	
3.1957203263325638	0.24197280717831993	-2.4743019654674483	0.5826362326916904	-4.802853987308914	-0.053639150644116326	
4.258353779715094	0.08529783022130963	-2.3708121491975365	0.4567104739036783	-5.028390169246909	-0.04407016060577065	
5.397291559472144	-0.10848324142205576	-2.1994554579678365	0.33462234907721383	-5.230106754502424	-0.03359775318878656	
6.598409986062114	-0.3304751588187544	-1.9584746180532258	0.22211681099683872	-5.4106789606696815	-0.02258586416158116	
7.846087021193654	-0.5702223052130935	-1.6465250159611582	0.1245941007677924	-5.572568710685643	-0.011286962427796053	
9.1233747190284	-0.8163219311698022	-1.2627460490113145	0.04671441353537261	-5.717660473903564	0.00011962725223532526	
10.412290406229044	-1.057116027220853	-0.8068159955261489	-0.00797446668744778	-5.846914475268455	0.011472927329304234	
11.694196457941977	-1.2813373368222987	-0.2789829017156148	-0.03730522735196997	-5.96008067351356	0.022581108703289943	
12.950245076060407	-1.478588073843183	0.3199577282133973	-0.04063412695967065	-6.055506987533458	0.03320141574938264	
14.161845221965773	-1.6396297143882521	0.9886955980589314	-0.018917417843787008	-6.130054661037854	0.04305678687676584	
15.31107283659781	-1.7566000529868098	1.7253000371930003	0.025212974794887627	-6.179126035781838	0.05187344262991027	
16.380935721933717	-1.8233252479427975	2.526794567899133	0.08738861562025434	-6.196820214442137	0.05941188007015473	
17.355463693637205	-1.8357924138221529	3.3883019244938346	0.16156067129177987	-6.176244702783727	0.06547192908673442	
18.219699440307792	-1.7926772476581914	4.301781659477095	0.24027468133699822	-6.109999738840528	0.06987267626167087	
18.959758630389842	-1.6957394299870567	5.254507151943919	0.3151777714529096	-5.990819941996945	0.07242561363999976	
19.56311101448527	-1.549959622431404	6.227537549070426	0.37766436718866125	-5.812303793513476	0.07292259733669917	
20.01923743243443	-1.3634241108532252	7.194476041751857	0.41956946258139305	-5.569681311251618	0.0711558734859128	
20.32048135814997	-1.1469887948582735	8.120975628537035	0.4337641557133746	-5.260444186174448	0.06696508640220175	
20.463389362491608	-0.913809386082827	8.965143671820966	0.4147976599520137	-4.885004942611826	0.0603217000274955	
20.449363989628896	-0.6785986419043116	9.67956353916063	0.3591864168591037	-4.446799088095377	0.0513894954676446	
