19.10978669097446	2.640011206633368	12.431604380396418	0.0169241793206032	-3.2736382109168263	0.1877947251824397	
18.883305505105184	2.5032398883539995	12.772880891281945	-0.03904706151742196	-2.752699034842052	0.17309433309133268	
18.575441104715285	2.2927919852628253	12.870104842204563	-0.07570885758745188	-2.22048027161796	0.15086508732167347	
18.20251638450801	2.0229699912819874	12.720429999694	-0.09119129226104047	-1.6873529414020554	0.1216721169955352	
17.78047599439783	1.7118933134403833	12.330502655858252	-0.08464965804240257	-1.1636023567784262	0.08618831429151877	
17.32416285615916	1.3822778143166765	11.720691798659221	-0.056833998946455945	-0.6591154958930397	0.04521515772172933	
16.846490975714396	1.0586230249277278	10.922373842048476	-0.009995463111356314	-0.18291255691328104	-0.0003846662607167716	
16.357951361751734	0.7652200596281493	9.976748269548123	0.052098233454913906	0.2572250249999066	-0.049688831844797374	
15.866399527436954	0.5236405400109773	8.931603270548814	0.12442234873149668	0.6550382302364203	-0.10169918381961425	
15.377090726518018	0.3506162169751868	7.83749485302095	0.2010885408935889	1.0059517312670447	-0.1553058860017232	
14.89293671673965	0.25649129865994535	6.7436378261032965	0.2758335315301738	1.3071200334230568	-0.2092523459504684	
14.414998640269081	0.2444045955007347	5.693871981932099	0.3425619167921245	1.5573643268697595	-0.2621188987415496	
13.943251428149859	0.3103672191859961	4.723262307197796	0.39588416241704283	1.7570208835953642	-0.3123431036401216	
13.477564344692247	0.44438725216381747	3.8563655596749946	0.4315275017650645	1.9077167300070428	-0.3582921208710588	
13.018577181518486	0.6320723140284066	3.107120215959408	0.446574713249023	2.0121651304557076	-0.39836945712195343	
12.568283003721882	0.8563711001503921	2.4798089157966556	0.4395662504527973	2.0739863794039426	-0.43113820866098995	
12.130221842903364	1.0992816902489546	1.970731372400576	0.41048920172054265	2.097536722291697	-0.4554455675775444	
11.709246913083009	1.343399134955587	1.5702129641079052	0.36068623838962294	2.087725006623912	-0.4705346752114419	
11.310943922532589	1.5731504943976227	1.264733474212321	0.29268075097068097	2.0497919112187977	-0.4761102515633894	
10.940966854549316	1.7756623500234148	1.0387748298909831	0.20997028902298415	1.9890847383879873	-0.4723521606796736	
10.604424259039252	1.9413554537921205	0.8763483238479322	0.1167992475441377	1.9108430201676805	-0.4598867613859358	
10.305385712736475	2.0642943509849427	0.7622096852686316	0.017904041500506573	1.8200055012714864	-0.4397203943459107	
10.046555250868613	2.1423225351291775	0.6827611912218109	-0.08177486750598338	1.7210480016758303	-0.41314223788118903	
9.829174272412699	2.1768730486533903	0.6265759484344873	-0.1774117837271025	1.6178818781539364	-0.3816037196961247	
9.65308485468038	2.1725182635801787	0.5845883211768292	-0.2646043000625346	1.5138146562810793	-0.34660269630422263	
9.516865667162644	2.1363303223214567	0.5500712617270768	-0.3396553628425603	1.4115513454560962	-0.30958310311370424	
9.418013185308277	2.07706543217852	0.5184510894549177	-0.39981059549211584	1.313226979340668	-0.27185380882136756	
9.353146867046167	2.0042082723012213	0.48701568729121225	-0.44343569486331286	1.220456492040412	-0.234529320700845	
9.318252836550808	1.9269667017536583	0.45452706575659735	-0.47007636161121213	1.1344012397882899	-0.19850060964641053	
9.308938491667337	1.8534301947285738	0.4208261047207569	-0.48039633226692097	1.0558365017844484	-0.16443412796301346	
9.320677808465769	1.789956481690537	0.386477363990697	-0.47603126776278487	0.985212056661677	-0.13278869881349809	
9.34904039370215	1.740812413903716	0.3524585126911325	-0.45937218973135585	0.9227085348215045	-0.10384606280735595	
9.389894002255902	1.7080771044173453	0.3199081843127048	-0.4333009018001096	0.868287959474724	-0.07774946064601934	
9.439558741275405	1.6918448885141715	0.2899432589609392	-0.4009027824371255	0.8217416769703407	-0.054545985880113376	
9.494899961480364	1.6906289791222746	0.26355276662389393	-0.3652170259693779	0.7827326218998064	-0.03422298953198234	
9.553378232437497	1.70183148876181	0.2415457077871122	-0.3290439766444327	0.7508310447796523	-0.016734792498019856	
9.613061053623161	1.7222309980100956	0.22453561357501164	-0.2948097771033226	0.7255463714743637	-0.0020204581209302243	
9.672602734820334	1.7484343525832935	0.21294838389295703	-0.2644867052486866	0.7063556551447983	0.009987336766920785	
9.731184025025103	1.777235404550972	0.20704424477212102	-0.23957285820519694	0.6927289906680886	0.019361463758002937	
9.788421170280387	1.8058225500265492	0.20694215175244662	-0.22111754279260484	0.6841499090342014	0.026184748890881966	
9.844268789192864	1.831857128268246	0.2126376500956664	-0.2097626329215383	0.6801311806127953	0.030556499399900527	
9.898922983797583	1.8534507736404358	0.2240136470891626	-0.20579123971435986	0.6802270474891503	0.032599251269153064	
9.952735441264284	1.8690679213436747	0.24084224528519574	-0.20917335303099957	0.6840429049381342	0.03246455415858897	
10.006147912732663	1.8773822109311642	0.26277828376396406	-0.21960482140865492	0.6912429375893042	0.03033624966574627	
10.059655270330234	1.8771362276032557	0.2893476712196469	-0.236537032777316	0.701556232098549	0.026430241143758106	
10.113793995009908	1.8670366265689073	0.31993088522365565	-0.2591945500923304	0.7147837396768668	0.020991768197290234	
10.169149691559477	1.8456943660920606	0.35374349261163	-0.2865870688519774	0.7308061775853112	0.014290231018177064	
10.226380649136013	1.8116226743924138	0.3898127312571935	-0.3175185478371838	0.749593500727921	0.006611729295728562	
10.286253866591101	1.763312734999653	0.42695086171570445	-0.3506008212339256	0.7712150871070241	-0.0017507954895745062	
10.34968265639459	1.6993902042274027	0.463733337551285	-0.38428067925361414	0.7958476221227704	-0.01050855140210323	
10.41775780225106	1.618831526535002	0.4984863592520924	-0.41688114938944826	0.8237815003819934	-0.01938762646098712	
10.491763915779678	1.5212175660718625	0.5292933805529394	-0.4466622208037918	0.8554236258583026	-0.028138867688680857	
10.57317453873988	1.4070023943641643	0.5540269435591165	-0.47190452065640026	0.8912949986294528	-0.0365463181289242	
10.663618003096172	1.277755566040741	0.5704129693023027	-0.49101971219724255	0.9320189801877776	-0.044433181708975096	
10.764818337837243	1.1362946539170564	0.5761188033265436	-0.5026729655391041	0.9782962657343188	-0.05166367896982705	
10.878532280888583	0.9867081250548048	0.5688438683282213	-0.5059066461936945	1.0308702766112445	-0.058142076361598787	
11.006492133429727	0.8342568660074265	0.546404984964587	-0.5002578263665169	1.0904837356421304	-0.0638092186208267	
11.150361742180984	0.6851502413270334	0.5068100315042844	-0.48586350963700337	1.1578278829113673	-0.06863706059742603	
11.311709909537601	0.5461869621017003	0.4483145746844729	-0.463542583755429	1.233486251012426	-0.07262160120575317	
11.49199857048283	0.42430328422360936	0.3694531919747993	-0.43482375660299977	1.3178835957952588	-0.07577513389744144	
11.692568389326826	0.3261177004859842	0.26905862911149236	-0.4019333327285483	1.4112436071578736	-0.07811947282723156	
11.914609392843605	0.25750150125611737	0.1462765089688063	-0.3677416781778361	1.5135574999269266	-0.07968006499112029	
12.159106222122023	0.22320249654686625	0.0005840393801426549	-0.3356686857293638	1.6245652285454872	-0.08048093223952028	
12.426745581953552	0.22654940990282202	-0.16817482117643912	-0.30954411517464686	1.7437517863589167	-0.08054017468365783	
12.717794489905904	0.2693108956085815	-0.35973311016461856	-0.2934228322519459	1.8703655556257948	-0.07986611674120078	
13.031953592115892	0.35166755133919053	-0.573306957301096	-0.2913820230952014	2.0034478116011183	-0.07845401024595851	
13.368189114711882	0.47226971111147314	-0.8074610423774554	-0.3073024168614432	2.141870040427327	-0.07628335709023391	
13.72454399124621	0.6283551774653259	-1.05993239095198	-0.344636602910729	2.2843754880424965	-0.07331601565189302	
14.097920275880616	0.8158929912277029	-1.3274105367380677	-0.4061625487538879	2.4296205899273593	-0.06949526852687415	
14.483874857942801	1.0297389447491798	-1.6053395919020814	-0.49375894777376034	2.576210049211098	-0.0647464535799073	
14.876423796159782	1.2637503113892716	-1.887776192655443	-0.608206250109095	2.7227170976445945	-0.05897864526145895	
15.267868657330085	1.51087934101267	-2.1673403145267103	-0.7490139168943087	2.8676877395273053	-0.05208766673995578	
15.648667863159934	1.7632729450659963	-2.435296099792351	-0.9142796773652764	3.0096271316210457	-0.043961023394982805	
16.007381745194024	2.012420367312463	-2.6818088269881653	-1.1005821834368013	3.14696424410348	-0.03448594266446288	
16.330802671163156	2.2494185440491896	-2.896434485649587	-1.3029682261560762	3.2779975236210985	-0.02356152532315018	
16.604261180764663	2.465350825043526	-3.068772596092975	-1.5150200168201946	3.40082972543853	-0.011114536722530629	
16.81210870177515	2.6517645261370544	-3.1892428946079256	-1.7290121383013106	3.513300183212676	0.002881589947402553	
16.93837503201684	2.801215933614887	-3.249939910431275	-1.9361779122153608	3.612924251855887	0.01838533841960591	
16.96759994494474	2.9078420898943294	-3.2455188012679184	-2.127111026449497	3.696850783623337	0.035263673307163665	
16.885740003596318	2.967790222064546	-3.173876666666195	-2.292318657255109	3.761867653887299	0.05327234412060094	
16.681017361535474	2.9794092864797945	-3.036497392904833	-2.4228427111423505	3.8044593274457554	0.07204320422176337	
16.34469370673254	2.943208987495697	-2.838460561442206	-2.5109005763620993	3.820912563805854	0.09108095980716822	
15.871755202773576	2.861603643928693	-2.588121383503832	-2.55049741823569	3.807467351132473	0.10977294574816887	
15.261538909309314	2.7384928720843074	-2.296512590220305	-2.537970888392288	3.7605107710425894	0.1274159472625858	
14.518169049036812	2.5787530664361165	-1.9765225263165211	-2.472321097438205	3.6767917617402444	0.14326465500840244	
13.650800582347193	2.387777310791812	-1.6420594377395177	-2.35529716511557	3.5536265340556903	0.15659214747157105	
12.67366775551041	2.1710756894118437	-1.307256159238064	-2.1912777955663207	3.3890928590101077	0.16675327141612717	
11.605852819067493	1.9339289452075472	-0.9857197117864078	-1.9869456552575844	3.1822090041205056	0.1732429180855204	
10.470704872712892	1.681101373777634	-0.6898245393368561	-1.7507708373084698	2.9331014395433193	0.17574092653275966	
9.29472902363623	1.416686632815525	-0.4301213527751213	-1.4923070099731255	2.6431175313656503	0.17412631840964743	
8.106138248075245	1.1441426974338855	-0.21493207333746941	-1.2214565763079375	2.314857742071817	0.16845790935047344	
6.933295087339153	0.8664679794410457	-0.05012160151601527	-0.9477926283140324	1.9521233432504639	0.15893257613835704	
5.803190954094362	0.5864569377805989	0.06093103137876875	-0.6799758182426632	1.559761883360538	0.14583064850382227	
4.740114139466043	0.3069589999121788	0.1171559425297919	-0.4252958923393993	1.1434044619965444	0.1294604716254215	
3.7647667590961285	0.03104608743397458	0.1193677082037686	-0.1894039378402206	0.7090931767307027	0.11011786566453678	
2.893922385227488	-0.23794722914291128	0.06973131980350211	0.02376254352198324	0.2628849479512557	0.08807071787006976	
2.140447978275184	-0.49647838622752466	-0.028727918234541266	0.21193124025996854	-0.1895090010743016	0.06356459962111397	
1.5136036747745514	-0.7409310638510839	-0.1725052787906194	0.3743443482116009	-0.6430212692277734	0.036845405763703064	
1.0195104961149544	-0.9678270684964179	-0.3578203181383611	0.5115356109274953	-1.0934433930254117	0.00819632170191974	
0.661730531978172	-1.174114303896906	-0.5806045311547283	0.6250412825158211	-1.5375200946494485	-0.02201629292797012	
0.4418274629550846	-1.3574774199758948	-0.8363180354942363	0.7171014721283547	-1.9729242863573608	-0.053301235107498596	
0.3598332224687461	-1.5166213782325715	-1.11967425760985	0.7903956138391687	-2.398162374872167	-0.08501291185869167	
0.4146439893008495	-1.651476875096882	-1.424327781180107	0.8478153516452822	-2.8124247978335903	-0.11633988682250261	
0.6043420126414489	-1.7632799715967191	-1.7425557812527062	0.8922856723642228	-3.215398258497811	-0.14631566178246738	
0.9264464260876901	-1.854437541511844	-2.0649878423252	0.9266445042020994	-3.607045172423846	-0.17385716090458905	
1.3780640689734642	-1.9281593510172552	-2.3804367261063044	0.9535841178802943	-3.987378607583962	-0.1978233019399567	
1.9559223858681138	-1.9879318265384736	-2.675803720650668	0.9756305504327881	-4.356249832385699	-0.21708081069680318	
2.656286178355173	-2.0368739192435266	-2.936080046620928	0.9951419252888472	-4.713149561911014	-0.23057220397004102	
3.474743185891681	-2.0770184928157915	-3.1444605170387345	1.0143082753528192	-5.057025731538793	-0.23738202089927365	
4.405850458400773	-2.1086059764515657	-3.2826401635484155	1.0351351924770025	-5.386133321694057	-0.2367955109149478	
5.442699058903915	-2.1295657936190073	-3.331334207264828	1.0594007774412693	-5.697946031537912	-0.2283409798310818	
6.576429362992623	-2.1352177904037064	-3.2709840580370217	1.088582752471169	-5.989117574813576	-0.21182125016177467	
7.795740415658329	-2.118233271156129	-3.0826638096485723	1.1237619896513562	-6.255496159809036	-0.1873352214779087	
9.086421414734199	-2.0688868486475607	-2.7492020917566826	1.1655060321724355	-6.492192090747479	-0.15529174070504254	
10.430986506954163	-1.9756779915196834	-2.256518946281454	1.213745400627958	-6.693710794898321	-0.11641348958321424	
11.808574042463801	-1.8263129884699323	-1.5949725512752864	1.2676790944962364	-6.854150928748056	-0.07172450771249649	
13.19508911145499	-1.6089114035945513	-0.7606603081280835	1.3257123478450576	-6.967438413968331	-0.022528497426316338	
14.563644666256838	-1.3133939555352163	0.24339965538177372	1.3854413612206815	-7.027596129008012	0.029625070753061755	
15.88534062609563	-0.9330013049267547	1.406254742223667	1.4436964950504392	-7.029047340955212	0.08298791601827743	
17.130459894900515	-0.4658466629331486	2.7083070414222155	1.4966688594602477	-6.966951611556717	0.13567658778662006	
18.2699859646507	0.08387992048182705	4.121253284904166	1.5401360062193108	-6.837523877195434	0.1857508764604469	
19.277230982053045	0.705146845907449	5.608530833363574	1.5697528610668887	-6.638332751859433	0.23129777487470574	
20.12943848917812	1.3798511842351695	7.126303043813478	1.5813893849068394	-6.368563554363479	0.2705177760500975	
20.80928126212767	2.0832395106303165	8.6250493416938	1.5715062920542233	-6.029249054714646	0.30181197137551496	
21.306148909998495	2.7851705378639906	10.051899505043558	1.5375564303153202	-5.623463780321078	0.32386703538841993	
21.616405558528058	3.4519813956054737	11.35303768792335	1.47820746839827	-5.156279960303024	0.3356918006910049	
21.744495323903116	4.049762023548126	12.478057156997846	1.3938341794125568	-4.635018975252219	0.3367086353339283	
21.700285812172066	4.545646874891712	13.380253941336692	1.2860493606948944	-4.068500357179548	0.326629805403598	
