20.94697728757956	3.141250438370629	13.368921118113	1.2278951462372585	-3.429256490821075	0.1558600224666723	
20.67844700640974	3.0911969999499433	13.601209324907002	1.1587639139458743	-2.818606617674839	0.1459284181548614	
20.310724113147554	2.9352196650384244	13.578931616359135	1.0949264946272816	-2.1963847036926416	0.12665787218621033	
19.864429051494852	2.6856589609585404	13.310061667791585	1.0387107811438923	-1.5747353376441755	0.09869351976914005	
19.359217053783585	2.359912273336065	12.811417194578823	0.9918417110910045	-0.965635102470147	0.0627177196284325	
18.812693005787395	1.9823020243830498	12.112862790204291	0.9550052841759783	-0.3805409830636681	0.019452993546371474	
18.239597620539524	1.5806731131215142	11.253359356285113	0.9278186038400404	0.1701033238232315	-0.03037033866487887	
17.651355553822764	1.1842014792338407	10.278822647218359	0.908803580655538	0.6772650130744101	-0.08597095126599337	
17.056096482216514	0.8205766483267171	9.23834173428669	0.8955671495165861	1.1335967452103444	-0.14643858142714078	
16.458958156630604	0.5135189568442523	8.180275081546695	0.8850749207404884	1.5336035093961915	-0.21064114636586728	
15.862653568715702	0.28078980826498134	7.1484945587747735	0.8739914589547394	1.8737040591342575	-0.2771386992638829	
15.268301092743478	0.1327710184881901	6.17895405005596	0.8590672637962146	2.152207412041969	-0.3441263404491224	
14.676516651520364	0.07218262173389776	5.297662286566704	0.8374958655433509	2.369172339536898	-0.4094547988296386	
14.088450126521689	0.09479480716333374	4.520424337030868	0.8071466491991978	2.526229341098982	-0.4707353033535302	
13.506568869272892	0.19061651206772667	3.8536458210080533	0.766685725650595	2.626414921452391	-0.525499967192758	
12.935110833807325	0.3454044818693435	3.2958814097304288	0.7155998027659304	2.6739980737282982	-0.5714039680255841	
12.380100714322664	0.5423214447833292	2.839781770994911	0.6541402327771588	2.6742826288784234	-0.6064563523888576	
11.848880787809927	0.7635377560856714	2.4741582471219465	0.5832050856010123	2.633338674636862	-0.6292157598956997	
11.349437522550248	0.9915187956292859	2.1856865047997114	0.5042344858359081	2.5577227277948613	-0.6389168261832815	
10.889658304793528	1.2100913784105272	1.9603020581803074	0.4191295454404579	2.4541971779497147	-0.6355301924411347	
10.47658054051766	1.4053521376608147	1.784322104772499	0.330193156706497	2.3294530440574768	-0.6197553129866064	
10.115722774012674	1.5664340660398366	1.6452741729803826	0.24007806856257807	2.1898492985062603	-0.5929346715769221	
9.810678510554478	1.6859834864182368	1.532360495025968	0.1517073127531256	2.0412193271502455	-0.5568963382885148	
9.562922868160095	1.760421619354445	1.4366927569986099	0.06815861100057681	1.8887403280400235	-0.5137825744642439	
9.371796159739006	1.7899681767646791	1.3513719167639981	-0.007498027673546962	1.7368540034270068	-0.4658735339591064	
9.234639558948116	1.7784067992537909	1.2714570312385283	-0.07242001312870089	1.58922832089257	-0.4154154158824747	
9.147119349703793	1.7324486082890218	1.193789657582353	-0.1242538801983772	1.4487738911448143	-0.364472883267202	
9.103663327187467	1.6608185249598655	1.1167107066478181	-0.16136727049010308	1.3177015866387682	-0.31483198047201916	
9.097910998985977	1.5732824018675537	1.0397507088070745	-0.18302652288175678	1.1975898033380088	-0.26794294165498495	
9.123168014520296	1.479663626991246	0.9632978867521135	-0.18950276946486477	1.0894626326349433	-0.2248964719919874	
9.172841762058212	1.388917978701171	0.8882664612157861	-0.18209053800875333	0.9938729425566846	-0.1864284456238637	
9.240790708304509	1.3084544491383063	0.8157989257291994	-0.16298753127516014	0.9109966876643452	-0.15295899001898758	
9.321545681601112	1.2437658649239631	0.7470558958978726	-0.13509540749741517	0.8407148185648624	-0.12464315593542304	
9.410435549872744	1.1982849179903075	0.6830784527440633	-0.1017810168009099	0.7826816290018266	-0.10142343155208376	
9.503633847589663	1.1734314805014896	0.624712115651944	-0.06660990863635732	0.7363819910339232	-0.08308199632903318	
9.598136403691704	1.168837102095256	0.5725891177152843	-0.03306605034498056	0.7011772848438181	-0.06928971685526902	
9.69167341160927	1.1827285473498805	0.5271599793421028	-0.0043097384142886655	0.6763409282682611	-0.05964777624014914	
9.782617504850748	1.2123116195880215	0.4887389500090139	0.017002410091707276	0.6610825591718963	-0.053716570126442355	
9.869892614183522	1.2541306658160616	0.4575504582688271	0.028842628462500977	0.6545671668679818	-0.05103618595344535	
9.952889298996778	1.304377350384167	0.4337686092537803	0.029885918109763668	0.6559323551893664	-0.05114034745533646	
10.031380957896925	1.3591160857158715	0.41754303162375583	0.019517010571520856	0.6643072409381027	-0.05356586906759557	
10.105444335308658	1.414400909593581	0.4090076220979108	-0.002224227192245171	0.6788322632939934	-0.05785945019482193	
10.175394484164876	1.4663191917856715	0.40827344694613543	-0.0347142080334044	0.6986787534297617	-0.0635835920872647	
10.2417276850541	1.5109996376298058	0.41540627937640906	-0.07682913587647731	0.7230684914610791	-0.07032230181362241	
10.305072904855356	1.5446156440341274	0.430384465120111	-0.12703090942091944	0.7512941180178034	-0.07768707900626862	
10.366151523331434	1.5634269642997367	0.45303865583398056	-0.18345919216365203	0.7827375134951043	-0.0853218339640574	
10.425754030055298	1.5638833199077542	0.48298415019190405	-0.2440149485325831	0.8168851769664152	-0.09290624604356916	
10.484735063721873	1.542787775540595	0.5195511534907676	-0.3064369707085471	0.8533421707254601	-0.10015807554943207	
10.544026538842436	1.497517994505607	0.5617176371416915	-0.3683786701281776	0.8918444446343957	-0.10683432243381547	
10.60467194893391	1.4263130251754155	0.6080490618910871	-0.42749183754617637	0.9322698391619797	-0.1127312303342628	
10.66787147998846	1.3285572006244912	0.6566710635189928	-0.48151657036138235	0.9746412012233039	-0.11768175618864099	
10.735028237206345	1.2050340698274355	0.7052642490012371	-0.5283731472348457	1.019125419216131	-0.12155225997866717	
10.807790283800259	1.0581309645353416	0.7510790036136171	-0.5662592520842363	1.0660282888626313	-0.12423865092596893	
10.888085566710451	0.8919758345198537	0.790971276725855	-0.5937568704916811	1.1157848895592224	-0.12566220450613477	
10.97814000550257	0.7124355057597662	0.8214704641692829	-0.6099459917752588	1.1689424664975776	-0.12576509504214348	
11.080465119331166	0.5268998483926	0.8388819619183628	-0.6144966123248855	1.2261342921299223	-0.12450621433051277	
11.197824677480575	0.34393514001614695	0.8394056233559868	-0.6077432755684065	1.2880495710522855	-0.12185844908172314	
11.333176315787169	0.1728158108192709	0.819272123314345	-0.5907347655164603	1.3553983886111804	-0.11780731511531017	
11.4895813361106	0.02294084096410328	0.7749014484405193	-0.565257495778942	1.4288707438243544	-0.11235137879269093	
11.670070580258722	-0.09681914819210921	0.7030732872632656	-0.5338007846550696	1.5090917350320228	-0.1055044745729046	
11.877480854012612	-0.1787010878285586	0.6010827317490617	-0.4994697922124675	1.5965806097418065	-0.09729901547384737	
12.114270117057869	-0.2165254574431155	0.4668864290911904	-0.4658686120493126	1.6917141354457683	-0.08778975793197193	
12.382313015353118	-0.20605553824139558	0.2992429815011003	-0.43694994367567735	1.7946946315115382	-0.07705738088302205	
12.68266895795687	-0.1452237794294255	0.09786370199240434	-0.4168269262745811	1.9055217265092868	-0.06521145751861439	
13.015370662148763	-0.03411177915544551	-0.1364557641844894	-0.4095544294193453	2.023976751423797	-0.05239089412519602	
13.379236118896168	0.12521697294657	-0.4017052094381502	-0.4189136671596647	2.149614005737004	-0.03876246552453274	
13.771693472056583	0.32896342494841674	-0.694530608994988	-0.44820264917367214	2.281755915400474	-0.02451788277852547	
14.188611428257214	0.571885918481471	-1.0101126859689045	-0.5000316186057646	2.4194911841253717	-0.00986944723818701	
14.624135179899532	0.8476022828550901	-1.342081035421015	-0.5761300354904308	2.561676440618287	0.0049558212874629345	
15.07058946908318	1.14885105859557	-1.6825506371165915	-0.6772123345773096	2.7069459096221404	0.019722891475513836	
15.518404945440448	1.4676565838131919	-2.022247352058043	-0.8028748391156156	2.853717970528219	0.03419459612439712	
15.956094097588561	1.7954370951032517	-2.3507424388916487	-0.9515211825861668	3.0001982762120756	0.04813649097868141	
16.370292587173864	2.1230780162303193	-2.656817485947629	-1.1203063441071683	3.1443754409158293	0.0613204264159316	
16.745965261251595	2.4410290068885154	-2.9290060232521644	-1.3051316170074663	3.2840100596893373	0.0735263150852444	
17.066811029965514	2.7394753967399703	-3.1562402825820204	-1.5007073640440156	3.4166197727992453	0.0845423572921217	
17.31581234757654	3.008594057141893	-3.3285435623351485	-1.7006586744766117	3.539460505659093	0.09416464339087066	
17.4759397429073	3.2389047298617957	-3.437748801479819	-1.8976965234182337	3.6495116870408815	0.10219610553466436	
17.531036264139004	3.4217383694209755	-3.4782365462706895	-2.0838774093022217	3.743472062096494	0.10844434602320385	
17.46677528672973	3.5497430043542146	-3.4474809223554232	-2.250988811476206	3.817791540311784	0.11271686880457431	
17.271528492087644	3.6173128048351972	-3.3463115820034237	-2.3909964578398326	3.8687402759979155	0.11481397137816073	
16.937135396216004	3.6209182143243206	-3.178934446749956	-2.496522364096895	3.8925110193568253	0.1145212981383125	
16.459566850615523	3.5593214198379295	-2.952715448713731	-2.561340073031667	3.885356470361053	0.1116043637091507	
15.839468814327399	3.4336569647604316	-2.6777285666149027	-2.580863279870782	3.843766188209962	0.10580942764041508	
15.082373622797077	3.2472999306151196	-2.3660847195799803	-2.5524810961446858	3.764651815840416	0.09687588848271618	
14.198732506842596	3.005634438172414	-2.0312439465533165	-2.4757468345138958	3.645524100489109	0.08455717609854009	
13.203758217970027	2.7157229669740497	-1.6873028550863594	-2.352422661736965	3.484661617142844	0.06864649987145786	
12.117059989622907	2.385877294147072	-1.3482485571714544	-2.1863768699156387	3.281276300566206	0.049004973622082365	
10.961917997083551	2.0251258370636265	-1.0271938480066953	-1.9832758031312436	3.0356560105673602	0.02558565726341992	
9.764191761198525	1.6427078015517114	-0.7357396482569809	-1.7501040415860392	2.749237759232218	-0.0015559672042875995	
8.551091464894787	1.2476881654365488	-0.48348699640562864	-1.4946508132543268	2.424627585651919	-0.03226233451130028	
7.3498497198155714	0.8486752910526144	-0.2777075138344387	-1.2249832562380478	2.065548143309325	-0.06628252327889775	
6.186353450367912	0.4536215592808356	-0.1231839721826207	-0.9489357033830323	1.6766996839926807	-0.1032855483486238	
5.0839987251752214	0.06968181371016782	-0.022348077595074428	-0.6736891727582962	1.2634901170750934	-0.14287265409600478	
4.0630021089754305	-0.2969082388267809	0.024368974110282878	-0.4054989527580079	0.8317029099111	-0.18458100590433305	
3.1400688826598424	-0.6409465024851874	0.0181234271381263	-0.14952861495217804	0.387160335533683	-0.2278793148517309	
2.3283662714370137	-0.958359785387924	-0.038760970020074864	0.09022846902410064	-0.06459916386974975	-0.27215762588708164	
1.6377434240442044	-1.2462689808647036	-0.14313630227423177	0.31095532804048265	-0.5186035707616862	-0.31671251312057974	
1.075187519481416	-1.5029656501304944	-0.29123600148270495	0.5109224371799521	-0.9706208168763528	-0.3607355595578962	
0.6452709851722337	-1.7278412163739136	-0.47873298079963045	0.6893726186192745	-1.4172362400515308	-0.40330807841759286	
0.35056755426283437	-1.921270601932122	-0.700705345578774	0.8463940422079834	-1.8558626911563074	-0.44340522703689045	
0.1920344351283127	-2.0844426323280167	-0.9515299342922298	0.9827875878392491	-2.2846960169603685	-0.47991278859969905	
0.16937679394384533	-2.2191100461128324	-1.2247181567149483	1.0999284494130264	-2.702614633543388	-0.511662896620187	
0.28138668822869595	-2.3272675220093686	-1.512740861588608	1.1996280382967017	-3.109028648076045	-0.537486059837862	
0.526196110744743	-2.410810134350477	-1.8068403197338443	1.2840177098286434	-3.5037190609766893	-0.5562689413790193	
0.9014542012620965	-2.471178779689891	-2.096850186968952	1.355440454445442	-3.886663177074595	-0.5670148368493078	
1.4044054682093854	-2.5089967191054945	-2.3710290537679573	1.4163439152164201	-4.257844403874756	-0.5689059965093606	
2.0318370666752053	-2.5237573760583016	-2.6159930026210554	1.4691657457768195	-4.617052481071302	-0.561357922843356	
2.779892338279513	-2.513634971471926	-2.816800410464219	1.5162187102528015	-4.963705600246098	-0.5440569317807217	
3.643772264856167	-2.4754018810787577	-2.9571685344672134	1.5595747566068126	-5.296696073514359	-0.516987186428988	
4.617344012443253	-2.404465291720963	-3.01985195539309	1.6009463516354197	-5.614261200814041	-0.4804468873663997	
5.692643977390187	-2.29504561305782	-2.9872339320694588	1.6415607086243607	-5.913880073946879	-0.4350552438248221	
6.85940074680081	-2.1405611882411906	-2.8421497758871226	1.6820576459166612	-6.192240074704286	-0.3817375452871541	
8.104636887218264	-1.9341509396341725	-2.568829332791242	1.72241847051282	-6.445260206332579	-0.3216982567738374	
9.41236588842207	-1.669317579286481	-2.153932974953924	1.761925439664829	-6.668161349134663	-0.2563851045374617	
10.763417507779643	-1.3407056041929897	-1.5876838424452215	1.7991578131108408	-6.855587638158629	-0.187442978826491	
12.13547541895443	-0.9450383255175331	-0.865086384363964	1.8320411686365699	-7.0017936568698325	-0.11665494123686063	
13.503496244710256	-0.4820336834935076	0.013081463406916766	1.8579747194584189	-7.100894173912957	-0.045873018430722085	
14.840387145604494	0.044760677139358995	1.0394559680127138	1.874000868503945	-7.147136066225718	0.02304879979554149	
16.117952789097302	0.627270033385002	2.199497204240034	1.8770165274820403	-7.135191040985071	0.08831980935392539	
17.30814494490128	1.252373465666043	3.4711302643820177	1.8640301542083204	-7.06047486254689	0.14827653624578335	
18.38461084044423	1.9018243940487476	4.824898230665732	1.8324587544309665	-6.91947009887573	0.20144024213706696	
19.324237315093026	2.5528050346925495	6.224767811866776	1.7804090659536231	-6.709996236203582	0.24655872103138482	
20.108536483582313	3.1788991546623673	7.629278076839366	1.7069220583617726	-6.431437808533138	0.28263683487016594	
20.72484840283788	3.75157684332052	8.993144771173789	1.6121753610403713	-6.084938176451709	0.3089578604323041	
21.167304220922613	4.242217060919998	10.269341500922144	1.497632535583507	-5.673562769630244	0.3250970564635949	
21.43682011225194	4.624028737140056	11.411155872477673	1.366011413304901	-5.202244720966229	0.3309033173776368	
21.54168509168354	4.875815505223143	12.3761463115903	1.221331409498486	-4.678009335133067	0.3265178341203359	
21.494719684424027	4.980793938036714	13.125561564151676	1.0683951893223906	-4.109190459963849	0.3122611155683782	
