21.33690255672448	3.6650422795042656	14.007564076476614	0.9727366509630772	-3.8759924205876266	0.2250864739555871	
20.988437731643586	3.6217853032052596	14.324074671952554	0.8667630187428313	-3.2492155889223873	0.2092790476710579	
20.529107077422715	3.465257510597538	14.343037813615236	0.7691762065154274	-2.6072122914680227	0.1839876953375726	
19.988391787600428	3.205827125103166	14.06905918930817	0.6832187783116082	-1.9629994206553476	0.15019694600991182	
19.394587089587784	2.85953536474277	13.51863117372196	0.611477134485591	-1.3293910262314854	0.10890756180584386	
18.773211398540465	2.449771543987619	12.724903475210407	0.5554365907179967	-0.7185763307733033	0.06109715365925728	
18.145531472408557	2.004096904310044	11.733302089866672	0.5154111091421606	-0.14158354392818925	0.007649144274289809	
17.52758524049027	1.552298043444753	10.599190720762984	0.49047626595263577	0.39215127049193305	-0.050644659465409615	
16.92981930121624	1.1236322448206422	9.383155210637684	0.47861973932948615	0.8750823001406539	-0.11302888768243735	
16.357244900080424	0.7443402784654598	8.145948208918107	0.4770023714598692	1.301699525302329	-0.17868597691100724	
15.810045666013446	0.43554657954070725	6.943507908774804	0.4822831730779906	1.6685396837475985	-0.24661783149024546	
15.284628836687258	0.2116801811516153	5.822509035546299	0.4909696610911908	1.9740769308114738	-0.31553208035216007	
14.775128406957606	0.07961233470343397	4.817107912868492	0.49974599589851876	2.2185259552861467	-0.3837617113271887	
14.275244744276577	0.03887194850859823	3.9479779560831343	0.505708061792317	2.4035822694265065	-0.44927023568986063	
13.779925868750682	0.08259371402121746	3.2232218696110526	0.5064812155030082	2.5322037780552686	-0.5097460233094256	
13.28662995609981	0.19886542402786075	2.6403681583757623	0.5002501040658829	2.6084333478323214	-0.5627672559440663	
12.79601302470663	0.3722744087105134	2.188952458981297	0.4857259666261131	2.6372364430065827	-0.6060180741810014	
12.311949754001425	0.5854529820709108	1.8531991916702284	0.46208613761429784	2.6243239253608506	-0.6375336399192075	
11.8408780846035	0.820458272091323	1.6144963764647668	0.42892250059013565	2.575917824008123	-0.6559144869800767	
11.39082338773373	1.059854106481244	1.4533176539862918	0.3862402408114834	2.4984944300641403	-0.6604654140873986	
10.970330850426407	1.2875968324823572	1.3506697856051435	0.33450345754539357	2.398524996535563	-0.6512578944139008	
10.587430332053554	1.4897921551791617	1.2891466814135335	0.27470740323838827	2.2822271796901816	-0.6291149791267086	
10.248740407425261	1.6553870748919002	1.2536614489933406	0.20845301214244485	2.155339182316292	-0.5955248037155675	
9.958880734332375	1.7767047598086152	1.231843090416389	0.13796064938693278	2.022953000538315	-0.5524814613654639	
9.720225829586164	1.8497643775324397	1.2141685087766814	0.06599408353971309	1.8894196163325596	-0.5022990401428954	
9.532898801918304	1.874384313568703	1.193925061007932	-0.004300533258025617	1.7583084080251332	-0.4474260826170011	
9.394954266199683	1.8540173713875712	1.1670238150259247	-0.06963421560290031	1.6324148011581494	-0.3902715424365461	
9.302692471976032	1.7952909865588509	1.131695696459563	-0.12688059672735674	1.5138038072293925	-0.3330526403654495	
9.251086672994306	1.707173795365842	1.0880455240049294	-0.17339906113542342	1.4038933116029721	-0.277683167619022	
9.23423381267673	1.5999574967607149	1.0375532356764812	-0.20729555351149206	1.3035520779337668	-0.22571096623515877	
9.245783564010477	1.4842327055361302	0.9825905225817997	-0.22759800406485822	1.2131950171036463	-0.1782917770654698	
9.279337969937346	1.3699442228289407	0.9259695358777044	-0.2343330679645362	1.132875735201499	-0.13619429959456847	
9.328806921583245	1.2656062980972635	0.8705504105582309	-0.22850229361437951	1.0623713855159114	-0.0998292437891398	
9.388687669525185	1.177795472817365	0.8189366557468375	-0.21194386127772644	1.0012604074249516	-0.06930223496863835	
9.45424208191918	1.1109553881880718	0.7732821456512583	-0.18712414993158558	0.9489861349399499	-0.044476601109973084	
9.521598068807002	1.0674102040391524	0.7351837075458106	-0.15690943475398897	0.9049064204095563	-0.025033968344240546	
9.587785684087988	1.0475443804057014	0.705644437849262	-0.124332452877136	0.8683339751877981	-0.01053164460467755	
9.650721871714797	1.0500980698961395	0.685095559648345	-0.0923699355562337	0.8385694438853	-0.00045374992322875585	
9.709139589202431	1.0725484611398763	0.6734770033204655	-0.0637510583141485	0.8149287846489909	0.005745818774785309	
9.762481591711213	1.1114797383840584	0.6703524979657439	-0.04082202626445301	0.7967643202359507	0.008612481364855555	
9.810792923758322	1.1628732298526285	0.675025914453937	-0.025456286823746222	0.7834814266431696	0.008670619127485466	
9.854614447751173	1.2223225313488886	0.6866492809783934	-0.019002492539137848	0.7745521812505445	0.006411170981785515	
9.894885331321055	1.2851753729619266	0.7043114058273144	-0.02226062410739671	0.7695272893257272	0.002285510188995706	
9.932853514423632	1.3466255088215715	0.7270983897399419	-0.035485903027504644	0.768046070994098	-0.003295308969147896	
9.969996934583124	1.4017896879908616	0.7541206677162721	-0.058416774031409276	0.7698434063168449	-0.009957394695690854	
10.007958593302718	1.4458000364144317	0.7845132947331767	-0.09030895080247363	0.7747556611068285	-0.017359678115175813	
10.048489540971078	1.473933326636927	0.8174157767647697	-0.12997830952003403	0.7827250005337898	-0.025189168512629284	
10.093399111598998	1.4817945959862213	0.851935395175084	-0.1758517627094006	0.7938024006773653	-0.03315672922904141	
10.14451265784228	1.46556751509872	0.8870992049039781	-0.2260331609548892	0.808147957173207	-0.04099397973141775	
10.20363962863997	1.4222971908543829	0.9218087062241547	-0.278387073043173	0.8260264281062057	-0.04845159380479323	
10.27254886237989	1.350185004800766	0.9548050375820463	-0.33063132851292876	0.8478001906483671	-0.05529905854011313	
10.352946127372022	1.2488708827111477	0.9846486876799044	-0.3804411959690891	0.8739181052019004	-0.06132518823953109	
10.446450185840618	1.1196862909508933	1.0097151526020554	-0.4255656252279538	0.9048995129053504	-0.06633905485218651	
10.554565076014097	0.9658379516155213	1.0282073271733003	-0.46395627106052867	0.9413113122100655	-0.07017086037717479	
10.678653802619593	0.792439496857836	1.0381806100676938	-0.4938938868349081	0.9837387526964498	-0.07267214238810715	
10.81991392591707	0.6064163132899905	1.037568886164031	-0.5141088576787173	1.0327539619063673	-0.07371591386938184	
10.979356036828191	0.41626056627226093	1.024211108251663	-0.5238922743593544	1.0888833346671427	-0.07319671596267253	
11.15778442799451	0.2316230439858734	0.995879845166297	-0.5231937247816277	1.152575023121534	-0.071030723916563	
11.355779238438592	0.06271412191344465	0.9503183830687881	-0.5126949797776471	1.224167956324949	-0.06715597777087468	
11.5736850543217	-0.08042622615243315	0.8852953017482728	-0.4938255039304822	1.3038681116701074	-0.06153250025864953	
11.811600411553442	-0.18865668200119345	0.7986816965801687	-0.46873214780231615	1.3917303178371856	-0.05414324891237475	
12.069368372472052	-0.25439812491434344	0.6885550344849691	-0.4402009230126565	1.487645390181895	-0.04499612092927499	
12.346565807371952	-0.27217251887555305	0.5533321932924036	-0.41153250907686695	1.5913324371002728	-0.03412731277767993	
12.64248539026468	-0.23895120706338493	0.3919357593539606	-0.3863716207187886	1.7023368697710648	-0.0216063492140095	
12.956105098481467	-0.15419720886076824	0.20396736122008197	-0.3685039411816875	1.8200392609995697	-0.007541321656016866	
13.286024327496627	-0.019710723416893245	-0.010115631400356685	-0.3616553688582069	1.943669966123376	0.007916202591259967	
13.630357917932582	0.16065845045606586	-0.2488246723023609	-0.369297597007906	2.072328791312888	0.024567777837940806	
13.986582116303715	0.38137956420412933	-0.5094712642528766	-0.3944631496026931	2.205008039665771	0.042167260116429614	
14.35132409833902	0.6356389951488861	-0.7880092523898607	-0.4395670493127299	2.340616031019947	0.06042388491719666	
14.720142556062893	0.9157305213082554	-1.0789527213950696	-0.5062585527080791	2.477996805262586	0.0790111930958242	
15.087323352094774	1.2133690217446318	-1.3753687029099044	-0.5952936863229421	2.6159385816859766	0.0975796193259681	
15.445714543527918	1.5199435733334372	-1.6689667213804762	-0.7064247414219136	2.7531694318631383	0.1157717039446381	
15.786626913163051	1.8267226266560765	-1.9503110608123706	-0.8383086319134722	2.888338651590848	0.13323894364771435	
16.099827823724336	2.12502917794976	-2.209191922711982	-0.988432879768736	3.0199807247306656	0.14965932214086622	
16.37370827552894	2.406403669769051	-2.435181236226046	-1.1531042633520396	3.1464667785231857	0.1647521021315234	
16.595591317154618	2.6627726117678576	-2.6182924859963466	-1.3274895488707923	3.265950135548501	0.1782880334398044	
16.75217051095631	2.8866392857616376	-2.7497042140233208	-1.505716636690011	3.3763125959476676	0.1900950143102181	
16.830072126297672	3.0713013874325195	-2.8225026198596552	-1.6810513563716531	3.4751195528588346	0.20005887329288155	
16.81654107635381	3.211104925555422	-2.8324026356926026	-1.8461680932364792	3.559592793383278	0.2081188280916902	
16.700169971285142	3.3016809144123025	-2.7782435678633832	-1.99353153432732	3.6266265379473572	0.21425509851970392	
16.471571543718174	3.3401309935133243	-2.6621778699915013	-2.1158327512839694	3.672848092180965	0.21847027336713248	
16.123981535387287	3.3251490143182942	-2.489570183804936	-2.2064492316386164	3.694719199105901	0.2207669444415637	
15.65377899514736	3.25706535478037	-2.268623337680137	-2.259900407225638	3.688675296411311	0.221124922211271	
15.06094871375204	3.1378197458521973	-2.0097861113494417	-2.2722774024825347	3.651300666633719	0.2194825881383193	
14.349385324870688	2.9708301260348855	-1.7249990405132063	-2.241548206269789	3.57951999635024	0.21573020441848437	
13.527057214741333	2.760795112629883	-1.4269460775270537	-2.1677043336975452	3.4707811566936484	0.2097157510720817	
12.60603921652823	2.5134446866566815	-1.128343039841832	-2.052762622627804	3.3232286717669783	0.20125818363988066	
11.602350112172498	2.235241903343399	-0.8412661833442245	-1.9006111045284646	3.1358639696627955	0.19016391125939713	
10.535541977558514	1.9330587340151721	-0.5765259471338221	-1.7167003563380079	2.9086955355693744	0.1762419216825064	
9.427886163998966	1.6138855492322493	-0.34316999913378227	-1.5075636725065786	2.642837876732215	0.15931225585950143	
8.303284507555388	1.2846554487685966	-0.1481778917891107	-1.280279190895853	2.3405361707430803	0.13920669377683986	
7.1860728965877625	0.9521637469452354	0.0036693835433608095	-1.0419516263629045	2.0051141461872968	0.11576666307233244	
6.099827216857577	0.6230380441432135	0.10972917811464437	-0.7992489959642324	1.6408305444001645	0.08884362805487164	
5.066291298588152	0.3037058951100828	0.16924603768515398	-0.5580262698453015	1.252640757755753	0.058307910361362264	
4.104633036298944	0.00031296906773065417	0.1828960709314656	-0.3230920217378253	0.8458659070766553	0.024070185864488752	
3.231113870264592	-0.28140594117676526	0.15228906572101103	-0.09813026293661982	0.42584948655303306	-0.013888547959381962	
2.4590352737303425	-0.5362902399931977	0.07957323052031991	0.11427229171047287	-0.0023464635701190223	-0.05548292057295741	
1.7988892809265713	-0.7599424021773278	-0.03280515621948109	0.3125140281549039	-0.4341849993718654	-0.10048806090369117	
1.25862329011221	-0.9489457592363976	-0.18214256284402625	0.4958076005556552	-0.8658233942131601	-0.14850463087080806	
0.8439823257898003	-1.1010801593395256	-0.36532503291552865	0.6639660459875201	-1.2941829231044535	-0.19893159499679114	
0.5588496563576102	-1.215476308306458	-0.5785774971670684	0.8171952552291748	-1.7169271685459233	-0.25095589804733315	
0.40553484381179716	-1.292689970922478	-0.8171981524259919	0.9559230641836111	-2.132390429877456	-0.3035591508677989	
0.3850318789167075	-1.3346632363005917	-1.0753242423122744	1.0806661650927107	-2.5394677573261673	-0.355543598043591	
0.49724449696963097	-1.3445545922630837	-1.3457477928129642	1.1919398311231397	-2.9374788615215697	-0.40557718805075893	
0.7411878849992031	-1.3264031519605113	-1.6198095460133652	1.290213298153663	-3.326007101010546	-0.4522575404332669	
1.1151394048135324	-1.2846780271027842	-1.8873686974487447	1.3759045294792396	-3.704730123824123	-0.49418265513312565	
1.616702894633514	-1.2237947994736547	-2.1367953726590416	1.449395404115063	-4.073253214180884	-0.5300187921847351	
2.242781366780308	-1.1476322379933381	-2.3549938714961702	1.511054394053271	-4.430944218134789	-0.5585631448714778	
2.9894342058948866	-1.0590826465477798	-2.5274648844174292	1.561256407719416	-4.7767709658389546	-0.5788000999450276	
3.851600899724715	-0.9596955799346073	-2.6384693461209627	1.6003895025193846	-5.109152615678225	-0.5899477786497357	
4.822730722815702	-0.8495004597738337	-2.6713635268308087	1.6288441299940877	-5.425854961424242	-0.5914893555957664	
5.8943449919555775	-0.7269912927057784	-2.6091089454335217	1.6469908071654737	-5.7239272494404245	-0.5831961650783727	
7.0555817454820815	-0.589284396602024	-2.434984506547007	1.6551529025316052	-5.999687338900195	-0.5651424610302501	
8.292757088721556	-0.4324592246325202	-2.1335226363502278	1.6535811397215285	-6.2487579407786376	-0.5377130358025345	
9.58903003891405	-0.25211650850069706	-1.6916753848815336	1.6424397642936925	-6.466166709398024	-0.5016000614358511	
10.924323631066281	-0.044103695851807914	-1.1000261366277482	1.6218151225133501	-6.646509896237875	-0.4577832577243725	
12.275469092531623	0.1946912677303331	-0.35397356523720636	1.5917453671366244	-6.784148708065069	-0.4075021898222343	
13.616616812766786	0.4655301065437539	0.5451867287221706	1.5522704030644054	-6.873436532540565	-0.3522193744286125	
14.919943938390055	0.7670533266925397	1.5893331767919636	1.5035018301347483	-6.908974747396921	-0.2935748670366351	
16.156727059494994	1.0946449590765177	2.76286289432145	1.4457135661237015	-6.885898220166073	-0.23333056750778852	
17.298701089238524	1.4401465255684853	4.0426008858890405	1.3794391352481574	-6.800155444623506	-0.17330571237642853	
18.319528181272823	1.7919029512736715	5.398116269950952	1.3055641205224093	-6.648782211438791	-0.11530974080449488	
19.196274524557555	2.135145938682133	6.792455227455941	1.225401043776737	-6.430157374060766	-0.06107378978639464	
19.91084936319269	2.4527528734477064	8.183324711236448	1.1407340491951425	-6.144244084795552	-0.012180704590110732	
20.45134195524208	2.7264556532753326	9.524832203395375	1.0538149707476325	-5.792812408392075	0.030005999170813057	
20.81243188493586	2.9380756493552314	10.769366485465186	0.9672912566562274	-5.379442957877341	0.06437661061168205	
20.996749655229422	3.0719062612078027	11.870900824824886	0.8840876628028562	-4.909826868938761	0.09016669042973063	
21.012361482080976	3.1146486385210856	12.785594775349107	0.8072571029300634	-4.39108358385841	0.1068599302805388	
