21.48658150711798	3.710611343895394	13.274190885657408	0.7406221487843815	-4.052028651660763	0.1172790591979533	
21.244951007203113	3.583641569459479	13.712815679871303	0.6000125825479298	-3.430244879977344	0.11273968015799661	
20.888079661487495	3.3474074997016117	13.867374288323191	0.46859248510349405	-2.786791317032211	0.10104874034277961	
20.440701078661174	3.0145888333978634	13.73555743608121	0.35116545894724327	-2.1346947576044224	0.08265923981636049	
19.926683041905154	2.6033849298099367	13.326796797983851	0.2519479892325126	-1.4870620157368413	0.0580393477920764	
19.367734741808302	2.139114667817203	12.667325783313311	0.17407371105318137	-0.8567775761452755	0.027651448035760064	
18.782131356535604	1.6510491841003563	11.796470081171728	0.11935015719017741	-0.25587600909612707	-0.008088406611991995	
18.183960351682565	1.1703833897962777	10.764786955327276	0.08804544792466226	0.3049289575264568	-0.0487956299195102	
17.582898660468075	0.7273708950820695	9.629721991072826	0.07890214775110072	0.8166370221572251	-0.09405736998953171	
16.984435379708415	0.3487183228731812	8.450728237041279	0.08930790460121746	1.272210039098603	-0.14333673886527803	
16.390472267988567	0.05539613853629066	7.2842601880149855	0.11558001203726365	1.6666885536613483	-0.19586319276851658	
15.800287034618478	-0.13897691362670697	6.179100923127636	0.15332756932412997	1.9971849788566622	-0.2505323636926458	
15.211862554948725	-0.2289716979858511	5.17269338376029	0.19784363737390612	2.2627785692344835	-0.30584272543613883	
14.623440483470546	-0.21705338075055225	4.289629767608654	0.24445906715451227	2.4643192368678672	-0.3599161667908072	
14.034857571473736	-0.11254742459289371	3.5420505813503897	0.2888015137525844	2.6042417128976574	-0.4105991912793347	
13.448439994054187	0.06980053194763285	2.9312160712041724	0.3269774755361341	2.6863940413836955	-0.4556251660625231	
12.869335724628332	0.31148996368984494	2.4497783569731175	0.3556950412281229	2.715856192287809	-0.49281922333596684	
12.30523295139856	0.5919848401061852	2.084286527526622	0.3723538422227752	2.698723163233216	-0.520325758045086	
11.765523734664814	0.8903338979590256	1.817642843999156	0.3751105448023424	2.6418124521842525	-0.5368060481941221	
11.260257735183165	1.1865011009655533	1.6311051758672346	0.36294462974521907	2.5523472137148397	-0.5415667964374308	
10.799071239565967	1.4624606216461673	1.5058572717169816	0.3357268699797818	2.437639543890701	-0.5346183740982219	
10.390197963046825	1.7030915328517862	1.4242054094195842	0.29427364033142667	2.3047871646103615	-0.5166608969618747	
10.039650770474287	1.8969168356724682	1.3704577225456187	0.2403700020824078	2.160395832419956	-0.4890024348046993	
9.750755180527767	2.036571970063029	1.3314740791644564	0.17670189390346516	2.0103672839667897	-0.45340766712381536	
9.524047120067445	2.1189892410821134	1.2969363429361087	0.10669365104810678	1.8597700193031477	-0.4119207634312153	
9.357425291293803	2.1453382753022634	1.2594232373446759	0.034267453144440164	1.712773532999543	-0.36668948746182195	
9.246509014963038	2.1206901823620106	1.2143045462247275	-0.036466549021282275	1.5726396935715354	-0.3198023757669169	
9.185140248631486	2.05339813908101	1.1594827516649209	-0.10157501986173785	1.4417580093936633	-0.27315007925932516	
9.165994276759386	1.9541320126042294	1.0949517151958288	-0.15767184302329154	1.321732278645303	-0.2283295072503803	
9.181172637428004	1.8347610696310375	1.0222703868539365	-0.20221359419129517	1.2134916874078039	-0.18659686300654335	
9.222727031556985	1.7072463806976341	0.9440323554276444	-0.23369999777292005	1.11740528767422	-0.14885539287731803	
9.283105204676636	1.5826199161650287	0.8633550180929255	-0.25176505216987166	1.0333993788099338	-0.11567173175039841	
9.355507441346088	1.470126425180343	0.7834242907094344	-0.2571548508138298	0.9610712301449701	-0.08731311866413108	
9.434119750674302	1.3766636354604131	0.707138268640009	-0.25157065059500566	0.8997976393392547	-0.06380322966894096	
9.514217374550359	1.3065781598469788	0.6368868854295404	-0.2374233648754792	0.8488247611488313	-0.044982378266718595	
9.592187246423924	1.2617159681623547	0.574438878507221	-0.21755910768036027	0.807336769946415	-0.030561828037949643	
9.665486402601235	1.2416885485566074	0.5209161945663575	-0.1949770806496272	0.7745077013449734	-0.02017149571667801	
9.732558743456892	1.2443018308552012	0.4768378955043436	-0.17256357403394013	0.7495383542111047	-0.013398792050248413	
9.792712376676635	1.266108658871953	0.4422253810904025	-0.1528739268895297	0.7316798176606724	-0.009817373840852357	
9.84598138405835	1.3029457903865969	0.416735125473715	-0.13799630724155126	0.7202460433869643	-0.009004682962784984	
9.892999009404852	1.3503589383244647	0.39978488518690225	-0.1294822524863771	0.7146211193902288	-0.01055136048839139	
9.934877056505824	1.4039050500285257	0.3906660436036193	-0.12833167954970842	0.7142636934665991	-0.014065413490545364	
9.97309363708362	1.4593209962518139	0.38863345604065525	-0.13501788855631244	0.7187106617119738	-0.019173096089315	
10.009383772056026	1.5125648530138347	0.3929662868049148	-0.1495438104813651	0.7275802403040259	-0.02551795409711912	
10.04563732820337	1.5597785237951014	0.40299509529459776	-0.17151098290497158	0.7405735612302493	-0.03275922883230938	
10.083810501419801	1.5972409723922671	0.41810128279287373	-0.2001791894430685	0.7574761943394432	-0.040570625124003855	
10.125848409524627	1.621350035528307	0.4376935623004457	-0.2345182826574978	0.7781587809635842	-0.04863956103490238	
10.173620298181309	1.6286648447816738	0.4611638606519769	-0.27325127375080127	0.8025769910744243	-0.056667189461304786	
10.228871357857374	1.6160380967276617	0.48782558464194303	-0.31489464769905595	0.8307699141323347	-0.06436937793281947	
10.29319688802442	1.5808270395521244	0.5168483933500265	-0.357803625461472	0.8628558309209493	-0.07147843016004846	
10.368031122851056	1.5211552290177945	0.5471990003997415	-0.40022380150505527	0.8990273286362246	-0.07774547252803703	
10.454646195158093	1.4361942036305637	0.577593152294752	-0.44035551458439764	0.9395447211828767	-0.08294302222836267	
10.554157356429284	1.326440418786835	0.6064612142203938	-0.4764347020432074	0.9847272760702993	-0.08686750706450416	
10.667533139619698	1.1939410735592395	0.6319309506663279	-0.5068339794172141	1.0349405464576098	-0.08934133798425627	
10.795612203158608	1.0423806986372084	0.6518331287558488	-0.5301713737254521	1.0905787585238824	-0.09021389053486371	
10.939123380407135	0.8770457819759286	0.6637213868840446	-0.5454182740890782	1.152043963350046	-0.08936224187401837	
11.098709880029718	0.7046563568708577	0.6649101878671052	-0.5519999243750763	1.219721836007599	-0.08669173654761639	
11.274956267569348	0.5330626504559358	0.652533882514534	-0.5498828917815006	1.2939544036561885	-0.0821366694396906	
11.468414757178682	0.37079605723332804	0.6236331096497143	-0.5396396045040072	1.375010255339061	-0.0756613872951309	
11.679621078644335	0.22652228804904734	0.5752636535089575	-0.5224643493364047	1.4630579060070779	-0.06726164131101985	
11.909090281381818	0.10849894383156523	0.5046150756864264	-0.5001551526910539	1.558143820087211	-0.05696728670765579	
12.157288460685391	0.024073086936081595	0.40914026820233007	-0.4750615685340511	1.6601761789347411	-0.044846230359797824	
12.424576037821415	-0.020747056980690345	0.28670019550826364	-0.4499997030056553	1.7689149778448152	-0.031009535198755333	
12.711115313066102	-0.02161183995876805	0.1357361677006047	-0.4281324517254101	1.8839690088505492	-0.015617298502987919	
13.016749228484027	0.024037329215273073	-0.044543780617710964	-0.41281701121613973	2.00480287675812	0.0011175254144283934	
13.340854041196867	0.11695889130376563	-0.2539604168838462	-0.4074437026007176	2.13074765979667	0.01892779818465802	
13.68216641176513	0.256185328681135	-0.4911498313361272	-0.4152680965837076	2.261013563758382	0.03749440742838193	
14.03858498817845	0.43914710266643203	-0.7533540618860929	-0.43923880914208646	2.39470266732167	0.05645283614253278	
14.406941118937246	0.6618083800884988	-1.0362325037016946	-0.4818187954785297	2.530818985703209	0.07540514612194676	
14.782787968036889	0.9188146295473296	-1.333783116739323	-0.5448230181437222	2.6682744015359874	0.09393772510584182	
15.160213544510047	1.2036092316099085	-1.6383717171504262	-0.6292708367262372	2.805885728407173	0.11164134043623652	
15.53169180235639	1.5085420876013336	-1.94088343617462	-0.735251328961042	2.9423622981685114	0.12813184988956797	
15.887992283070332	1.8249936297378486	-2.231013141629487	-0.8618048000389067	3.076283131139781	0.14306995469803063	
16.218172134811056	2.143542347817864	-2.497720205098813	-1.0068206692562076	3.2060606399650644	0.1561784661394565	
16.509741305877906	2.4542217818851526	-2.729856711397548	-1.1670002178122778	3.3298965003739074	0.16725250191337548	
16.74898062078256	2.7468428195507233	-2.9168827606634338	-1.3378775574257527	3.445733823461936	0.1761626879344967	
16.92141014048101	3.0113732182335844	-3.0496323942812955	-1.5139069522065123	3.5512120063298167	0.18285240260820793	
17.012405583327233	3.2383614886069525	-3.1210848429595166	-1.6886315717928753	3.6436329504722647	0.18732929126918244	
17.007965254918574	3.4193935330196696	-3.127097215029471	-1.8549510695144176	3.7199487153295987	0.1896510737268529	
16.895540228935765	3.5474906398985833	-3.0668774445650273	-2.0055043829350745	3.7767968247859955	0.1899043987950945	
16.664815813694222	3.6173901011482044	-2.943120386753577	-2.133105259040481	3.810582455160414	0.18817993861674254	
16.308427794138694	3.625711883313417	-2.761836866928937	-2.2311963256972676	3.8176023202308937	0.18454674763484805	
15.822592058002613	3.5710166117916895	-2.5319036467094	-2.2942918998034325	3.7942060029708617	0.17902958755393344	
15.20766238379972	3.4537872833145595	-2.2644014189701505	-2.318387011621314	3.7369918470929986	0.17159389680979115	
14.468473306017176	3.276324538335949	-1.9718098759971199	-2.301239781900642	3.6430126557483313	0.16214573368756519	
13.614469764925182	3.042605119262861	-1.6672282520290909	-2.2424998063176953	3.509965244547767	0.15054442684047067	
12.659636380636165	2.758109884266682	-1.3636457898804413	-2.143699127594786	3.336364565277279	0.1366210595687897	
11.622164413665413	2.4296099107995204	-1.0732643252727858	-2.0080979080335113	3.1216974238260713	0.12019764484958129	
10.523810170650089	2.064923678429387	-0.8068789238231421	-1.8403887262016938	2.8665576197023768	0.10110163651093865	
9.388821733288724	1.6726672059903547	-0.5734100118770459	-1.6462496801789686	2.572715697057349	0.07917056722042191	
8.242631740207152	1.2620585512753093	-0.37965226135891333	-1.4318565914538153	2.243100996331338	0.05424837216336157	
7.110514051493756	0.8427556751079334	-0.23022064987385707	-1.2034274728342493	1.881696147630517	0.02618126823188612	
6.016332221286685	0.42467786967607324	-0.12770097555251383	-0.9668319669464557	1.4933327331257755	-0.005179690221061765	
4.981509276065858	0.017758729279428433	-0.07299001007811501	-0.7272959354525231	1.0833893302970636	-0.039961773197740184	
4.024434409820409	-0.3684042915225489	-0.0657987236581526	-0.4892470178966208	0.6574100299773997	-0.07823496709116615	
3.1603405037575816	-0.7249494094984642	-0.10512576004697935	-0.25629879158914964	0.22073872546936318	-0.119965153691105	
2.4014647197651438	-1.044161620632227	-0.18956792155228214	-0.031320115986480934	-0.22178008355760415	-0.16496321228734898	
1.7573932266362235	-1.3198700806187407	-0.31743139293892864	0.18343743588241673	-0.6660144677299696	-0.21283569441387915	
1.2354768703095673	-1.5478229813592232	-0.48661689732506463	0.38618434286044123	-1.108661857097382	-0.26294092515725187	
0.8412524860485945	-1.7259681365912949	-0.6943127732887477	0.5754375863717811	-1.5472504849093345	-0.3143640937891777	
0.5787892528473759	-1.8545653725495972	-0.9366217689165216	0.7499071713884737	-1.9800506080247444	-0.3659232492626846	
0.4509386521132067	-1.936142908761936	-1.2082025226941882	0.9084400414982803	-2.4059458117916996	-0.41620355475055054	
0.459522829130521	-1.9752698611163835	-1.5019755007285107	1.0500176992096446	-2.8242774789256235	-0.46362034268554536	
0.6054688417544271	-1.9781374927426378	-1.8089136037787974	1.1738067624995718	-3.2346750715013077	-0.5065086545236451	
0.8889031234278664	-1.9519247091611875	-2.1179636605704206	1.2792503783633062	-3.63687495854179	-0.5432333603843479	
1.309192324606145	-1.9040508870385395	-2.4160992200276676	1.366165458695043	-4.030542613962576	-0.572296281582195	
1.8648979942382102	-1.8414293310991798	-2.688428812739607	1.4348236404591923	-4.415101124248313	-0.5924281073848481	
2.553636274646293	-1.7697673936851677	-2.918365236631371	1.4859984085468585	-4.7895637311782835	-0.6026608574906024	
3.3718156440408285	-1.6929592033554641	-3.0878603180032895	1.5209669216555346	-5.152369719250248	-0.6023793525284195	
4.314241800222227	-1.6126616151375033	-3.1777667589145087	1.541447945438441	-5.501237699351323	-0.5913462140239499	
5.373656375772284	-1.5281606902139162	-3.1683750074016968	1.5494797108411582	-5.833069775799867	-0.5696981892090086	
6.540236720347602	-1.4364685395892889	-3.0401239826719944	1.5472708298266025	-6.143901236893942	-0.5379298576093714	
7.801113351138882	-1.3326429987360628	-2.774515790924253	1.5370378463012213	-6.428905740874341	-0.4968665186904047	
9.139942674088534	-1.210316493327999	-2.355265351969863	1.5208441060194478	-6.682461629049047	-0.44762976984212755	
10.536638912504806	-1.0624444728886844	-1.7696955866174646	1.5004587586915337	-6.898299632091218	-0.3915944188517134	
11.967439257220201	-0.8821900355011938	-1.010161993799874	1.4772653720921811	-7.069734962397576	-0.33033634223066366	
13.405258890721266	-0.6638385254874158	-0.0754411280430256	1.452214819035542	-7.189948136283802	-0.26557959352040206	
14.820382840824598	-0.4037046672482041	1.0280236125449482	1.4258177305232347	-7.252308441454552	-0.19914109486203138	
16.181519779069408	-0.10098768345008652	2.2851014151396285	1.3981725576617996	-7.250732384916583	-0.13287360551881436	
17.457269076460584	0.2415148096791381	3.671374646445144	1.369030968453902	-7.18006759251781	-0.06860717424950068	
18.617825633975134	0.6170629376680307	5.153356048622671	1.3379006390238195	-7.036438396838143	-0.008094483435371221	
19.636686840861984	1.0149862086179862	6.6893282425554235	1.3041650011098078	-6.817552567799761	0.0470395513575581	
20.492219889421055	1.4210628723229974	8.230784727621515	1.2672115646306708	-6.522956692112168	0.09534440230733192	
21.169006902757218	1.8183018923004084	9.724496456985248	1.2265602539843394	-6.154245377633813	0.1355886153428713	
21.65886228094485	2.188191959289413	11.11529322118184	1.1819802951100271	-5.715221046338356	0.1668032187160713	
21.960793301751927	2.5120030089209924	12.348642504561235	1.1335457736098349	-5.211804518441966	0.18829171148052853	
22.081630929891467	2.7731151572604076	13.375462798556347	1.0817228541751116	-4.652233817858477	0.19968812294927757	
22.033301211682456	2.9570625867925724	14.151811272295284	1.0272505770039684	-4.046269471373192	0.2008538652778929	
