22.54216863079394	3.372786759096851	13.772793638320938	0.8080554282398913	-3.9204854075431	-0.0285642263867974	
22.178446256943662	3.252694148084493	14.195104598728676	0.6996059200406188	-3.279216433795554	-0.031574800164115464	
21.68690582542596	3.045638639901475	14.311955329249452	0.5986319822900993	-2.622294567984711	-0.040756657583107155	
21.09682347569315	2.7610415414333924	14.124292688365205	0.5079115719992612	-1.9627654960546606	-0.055748546360390366	
20.436924148805026	2.412415220318757	13.644839525762283	0.4298617680937986	-1.313510521823657	-0.07619476871194751	
19.734186524836897	2.019074991505722	12.904089846294793	0.36624555870311887	-0.6868736674282967	-0.1017651405343561	
19.01221854005651	1.6038121009539021	11.945876260369928	0.3180773807409823	-0.09412009767281718	-0.13217840589138888	
18.290289278730615	1.191466524168098	10.82512351038231	0.2855105752028488	0.4549902044582285	-0.16717628696730127	
17.582874938864204	0.8068496447196064	9.603247104993102	0.2678419865321916	0.9524982685992794	-0.20645954478237077	
16.89958284926159	0.472731622837811	8.343176671350438	0.26357761084475745	1.3924268374834627	-0.24959970216046543	
16.24543902072809	0.20799817011778457	7.104304620317505	0.2705500666661105	1.7708461024780686	-0.2959395413140204	
15.621528888780784	0.02601285339044636	5.9375242438780615	0.28607723804433904	2.085842287079447	-0.34449410383878426	
15.026139415993983	-0.06631319965893735	4.881660655092655	0.30714544841796904	2.337346728098552	-0.39389427056824705	
14.456118901524153	-0.06860083898606176	3.9621163925914673	0.3305670657315658	2.5269171248603226	-0.4424024734981641	
13.90816367669661	0.01345766534946492	3.191104306040267	0.3531098715952032	2.657539287106105	-0.4879911445980834	
13.379911168630402	0.16900350183430976	2.5691479505926873	0.3716141870865209	2.733435976393411	-0.5284814238032088	
12.870663918147805	0.38324941549851266	2.0874840865525046	0.3831185606016035	2.7598723858190173	-0.5617422465073543	
12.38153872765483	0.6389376849967814	1.7309703774600864	0.3850033539740548	2.7428997238130215	-0.5859104921888502	
11.915244561828189	0.9176566974334588	1.4806051064628338	0.375153442841622	2.6890796675753688	-0.5995771563988821	
11.475660419737006	1.2010296526707565	1.3156456534866832	0.35213579970425185	2.6051990739816704	-0.6019261680900658	
11.06728483845813	1.471809931239509	1.2153529817819002	0.3153854893559462	2.4979802838659713	-0.5928166811069177	
10.69461429923519	1.714900935073396	1.1603471295776469	0.2653700349513157	2.373803976485179	-0.5727869404755241	
10.36160275027434	1.9181647764086613	1.1334767616092238	0.20364309535540082	2.2385018195617916	-0.5429664000848707	
10.071271696295284	2.0730501220962827	1.1203527086261886	0.13279630009662197	2.097218839230678	-0.5049505917459483	
9.825450069722681	2.175018057881141	1.1096396399936985	0.056302775754799	1.9543351462612406	-0.4606511198089384	
9.624628347638943	2.2237431572171804	1.0931579699488552	-0.02175418692943816	1.8134380520117366	-0.41213143730086704	
9.46795043464092	2.2228824636569544	1.0657290945868525	-0.09707419741939441	1.6773574949127763	-0.36144333831206404	
9.35332169797898	2.1794211809905475	1.0248225129637953	-0.16555690433946715	1.5482426184647842	-0.3104973885088081	
9.277572433440259	2.1028091743039226	0.9701406309147956	-0.2236799057662807	1.4276430868519232	-0.26096848793355604	
9.236675580094891	2.003928731979324	0.903142008697343	-0.2688176690746614	1.3165954770797743	-0.21423227220333504	
9.226011195284308	1.893953720404889	0.8265267535801832	-0.29947905792456836	1.2157081909577407	-0.1713304327058052	
9.240662968418649	1.7832875301205473	0.743707653674821	-0.31537827165556537	1.1252507261947566	-0.13297702313780888	
9.275677772886565	1.680790924463379	0.6583747713124289	-0.3173704277238464	1.0452278816345335	-0.09958817570047787	
9.326284093409258	1.5932693261810222	0.5741462879518836	-0.30730003449403337	0.9754400237997508	-0.07132271851115322	
9.388073133781848	1.525202536985411	0.4942937574682174	-0.28777731422979447	0.9155329057365525	-0.04812998665853854	
9.457141582088294	1.478728639279075	0.42154423978621275	-0.2618940334471834	0.8650384319975565	-0.029801001239764018	
9.530172289908744	1.4539163508494486	0.3579903211394949	-0.2329208264116367	0.8234087505276081	-0.01601820593416212	
9.604478783631295	1.449135990961683	0.30507101270782183	-0.20404813742309127	0.7900420167976969	-0.006393778107144225	
9.678023670592374	1.4614797709526905	0.26360153563577415	-0.17816912820046277	0.7643044553875289	-0.0004996842640948482	
9.749419094193264	1.4871905248222546	0.2338376543374853	-0.15770589706594518	0.7455509961046666	0.002109634493079709	
9.817900630098887	1.5220554585615091	0.21556994643153887	-0.14449789248911668	0.7331466832208056	0.0018812002220346	
9.883273833816455	1.5616918692807602	0.20822499124083335	-0.1397657913430084	0.7264876841613197	-0.0007465243125562578	
9.945856636723281	1.601727924802367	0.2109480141899376	-0.14411400949657566	0.7250217093282285	-0.005350128067941035	
10.00641303119163	1.6379157798150898	0.2226695270379689	-0.1575631256712005	0.7282679025961252	-0.01152576433167666	
10.066080725185929	1.6662014171839077	0.24215051051132155	-0.1796011178329359	0.7358368983949636	-0.01889261107505975	
10.12628601063418	1.682775244962087	0.26800495142193514	-0.20925986422095852	0.7474466867115112	-0.027094807382546382	
10.18866346265719	1.6841302386338923	0.2987003755486123	-0.2451944350095871	0.762933531636675	-0.0358022778222508	
10.254984006314805	1.6671430211427594	0.33254526312025157	-0.2857577447427909	0.782260046618356	-0.044711166974055534	
10.327087271918655	1.6291845614931417	0.36767076128202775	-0.3290749477108229	0.8055201308103286	-0.053544019075187216	
10.406815051885944	1.5682764829113436	0.4020127892196588	-0.3731203915902331	0.8329406281647697	-0.062050111053901943	
10.495947046789867	1.483265523557368	0.4333101290473322	-0.4158002499661932	0.8648737128403313	-0.0700054298833879	
10.596142864985488	1.3740131772148745	0.4591144613805534	-0.45503412156076284	0.9017839500289987	-0.07721331432680305	
10.70889116371056	1.2415880477641112	0.47681321839625523	-0.488841548932969	0.944229463089553	-0.08350561026165901	
10.835468548037063	1.088452289922472	0.48366878986885753	-0.515439511588875	0.9928361256974381	-0.08874431037181581	
10.976919669552757	0.9185935718497933	0.4768844070858144	-0.5333547767865149	1.0482620582132098	-0.09282302831825055	
11.134071672312349	0.7375100193503795	0.4536949578529947	-0.5415328118381271	1.111155695048452	-0.09566683725662244	
11.307568318758152	0.5520833237420061	0.41146775761217674	-0.5394430500985303	1.1821123094381167	-0.09723121740412698	
11.497916703171912	0.3703313345563469	0.3478067583686305	-0.5271750846140952	1.2616294917856696	-0.09749999561928985	
11.705537205401573	0.2010337319688004	0.26065762813967175	-0.5055266679295398	1.3500610863490308	-0.09648265172687744	
11.930798982275302	0.05322239401120353	0.14839485918966072	-0.476051270333755	1.4475773591836658	-0.0942110394718682	
12.174018616876895	-0.06436013001473957	0.00988482095941993	-0.441054840620071	1.5541382339529297	-0.09073673516410781	
12.435420339959082	-0.14378968464268466	-0.15545656281420012	-0.4035578261032122	1.669475790370387	-0.08612939205119206	
12.715060473432848	-0.17846850069464884	-0.34760539754296504	-0.3672151779019164	1.7930866441684583	-0.08047553896343267	
13.012712138743815	-0.1636073990106583	-0.5658547348115043	-0.3361861862740083	1.924233666472165	-0.07387731511670895	
13.327733471270419	-0.09655102865819822	-0.8087397115652651	-0.31493637798595664	2.0619652705830944	-0.0664495556645662	
13.658931813123917	0.023048660339658758	-1.0739503742312362	-0.3080097743027374	2.2051417517351277	-0.05831529531126607	
14.004419525429125	0.19317737058527354	-1.3582334759028392	-0.31977852050879424	2.352465385001614	-0.049599886638244085	
14.361453847528102	0.40951293359302315	-1.6572867684390298	-0.35416756384332043	2.502513251296658	-0.04042381246013343	
14.726252870975694	0.6656013674166689	-1.96566103107567	-0.4143547583029472	2.653771241879802	-0.03089452547415336	
15.093831242873494	0.9531757616761966	-2.2767368289919783	-0.5025051780757531	2.804663872366167	-0.021099541734887758	
15.457841619664663	1.2625029209961758	-2.5827625383788932	-0.619537362227317	2.953571900639741	-0.011101735984737824	
15.810441831126322	1.5827733027702384	-2.8749768938735367	-0.764924696196547	3.0988376595365104	-0.0009373214054598988	
16.142198223508526	1.902544239087872	-3.1438406595314015	-0.936526575626181	3.238754963335682	0.009382870502007295	
16.44210941917197	2.2102632042255776	-3.3794369887482887	-1.130505480900679	3.371540345051772	0.01986706643588214	
16.697805257748414	2.4948115323388245	-3.5720056768045745	-1.341368569833962	3.495291143292922	0.03053192245535027	
16.895884325003525	2.7460376477651507	-3.712559165576493	-1.5620942159083633	3.607937094962195	0.04138963797533455	
17.022405640794165	2.9552691109436338	-3.793564510084623	-1.78436578829704	3.7071924902491142	0.052433373072749624	
17.063560963577785	3.115792450015023	-3.8096915411050616	-1.99893621502025	3.790515566721638	0.06362106953309839	
17.006473160027024	3.2231401933359267	-3.7584335855948847	-2.1961593619031934	3.855102887649273	0.07486055035362842	
16.839964887358526	3.2751437264352665	-3.6404683017429256	-2.3665839903692447	3.897925979646151	0.08599756559527286	
16.55527284262764	3.271799759046281	-3.459763212645805	-2.501562780141966	3.9158051944900834	0.09680704784022967	
16.146703912525496	3.2149678449073567	-3.223411936444555	-2.5938546974559644	3.9055209256474104	0.10698920508343365	
15.612234203551841	3.10793037002754	-2.9411829322510825	-2.638182318716785	3.8639643136988817	0.1161742606011918	
14.95388106094059	2.954918502282496	-2.624819211155142	-2.6315729322236368	3.7882994078897685	0.12394213620972161	
14.177948152225634	2.760763752567819	-2.287338416508663	-2.573517122363878	3.6761162262054525	0.12985191532550605	
13.295125369380097	2.530652805547957	-1.942336914625592	-2.4659643781418157	3.525576415517634	0.13347717720909968	
12.320421210174823	2.2699706644231634	-1.6032876712317883	-2.3131637259835096	3.33555909281334	0.13444383221210407	
11.272757402960249	1.984202911919985	-1.2828219792240758	-2.1212999890432354	3.1058007761650357	0.132461594013599	
10.174139028400276	1.6788845963345205	-0.992099821522391	-1.8979646235683842	2.8369993405823757	0.1273357347699212	
9.04860368608452	1.359593277488871	-0.7402977682997279	-1.6515956310131306	2.5308902018104935	0.11896173896633877	
7.920986579146682	1.0319688410389007	-0.534241267739253	-1.3908986971301298	2.190272293204796	0.107306705635818	
6.815559985239954	0.7017395617331773	-0.3782122209600591	-1.1242717191358529	1.8189651930644526	0.09238202316698842	
5.7547914309304575	0.374696371953904	-0.2740920975249144	-0.85931076879132	1.421631561086377	0.0742175630738515	
4.758512465573215	0.0565889490156846	-0.22177659145999007	-0.6024753497535266	1.0035024628120097	0.052850427488110925	
3.8434501975258364	-0.24702897613330488	-0.2197083888568315	-0.3588810825322461	0.5700605697854232	0.028328196263226593	
3.023088593061976	-0.5309855501032474	-0.26546147249675567	-0.13220878000114059	0.1267008929980138	0.000724941639313614	
2.3078319263330305	-0.7906918356201076	-0.3562742736830476	0.07527425644952934	-0.32160372442311186	-0.029830311970690197	
1.7054742542962522	-1.0223074428136536	-0.4893698888630551	0.262548267432888	-0.7705475806593923	-0.06311966523344692	
1.2217036828614178	-1.2228782775826545	-0.662012193593371	0.4296282203472728	-1.2166280587187102	-0.09880289171285905	
0.860579584730868	-1.3904533819600886	-0.8713681963171767	0.5773311997811006	-1.6571954461897118	-0.136388033287998	
0.6249554878611664	-1.5241798045827217	-1.1142102227460393	0.7070370281761422	-2.0904274662081854	-0.17520938966841054	
0.5168305833405396	-1.6243445825293528	-1.3864987381701583	0.8204549269491888	-2.5152267259669174	-0.21442216708282308	
0.5376136061368286	-1.6923000892171145	-1.682974401308147	0.9194307541379263	-2.9310551809444054	-0.2530245822016884	
0.6882835828216529	-1.730303552791275	-1.9967948281327077	1.0058133148279074	-3.3377579237965196	-0.2898974125743007	
0.9694715279174566	-1.7412633618864564	-2.3192265187941565	1.0813647181673964	-3.7353750736907854	-0.3238580796724065	
1.3814517755332	-1.7283839374105916	-2.639383830386294	1.1477090483515953	-4.123940916159921	-0.3537273151956445	
1.9240215236081548	-1.694713456501355	-2.9440949201363833	1.2063163418934921	-4.503275617774956	-0.3784015281948894	
2.596267768557098	-1.6426948778657366	-3.2179281097655097	1.2585056304730675	-4.872798625015965	-0.3969150096923769	
3.3962288256101	-1.5737663408119213	-3.4433378127663827	1.3054481062902605	-5.2313634447266635	-0.40849077992264704	
4.320459449136526	-1.4880336335999944	-3.6009693289087075	1.3481639100370457	-5.577115309847803	-0.4125801366855725	
5.3634739932337006	-1.384043555113746	-3.6701790334895055	1.3875033418852265	-5.90737193225282	-0.40889184638361986	
6.517193970386389	-1.258782999071794	-3.6298565196692634	1.4241137346279649	-6.218576230657755	-0.3973998904721266	
7.7704623439234615	-1.1078810265210395	-3.4594392883324834	1.4583950678112285	-6.506309571768451	-0.3783381780040105	
9.108642688542218	-0.9259853931995727	-3.140094368621585	1.4904505629579021	-6.765354555793575	-0.35218738655437165	
10.513335315308469	-0.7073249607202995	-2.6560819870408636	1.5200377731491586	-6.989810799914355	-0.319654862253023	
11.962290780675897	-0.4464959766402934	-1.996316525627181	1.5465304964644377	-7.173277553126529	-0.2816474008660096	
13.429717054520129	-0.13937093220909558	-1.1557798457681496	1.5689191053742821	-7.309103222297174	-0.23923545936581997	
14.886845020620154	0.21598111297928	-0.13676986104457575	1.5858404490128577	-7.3906604905491555	-0.1936196731204441	
16.30277981711295	0.6184023572715135	1.0500720121072675	1.5956396344698769	-7.411649731361604	-0.1460983658333847	
17.64568465598827	1.0628018579879321	2.384965631243494	1.5964683207921464	-7.366440335164001	-0.09803635332920456	
18.884360460959545	1.5395598240531019	3.83877477915317	1.5864319614980174	-7.250434391673101	-0.050834424776722675	
19.98995970984921	2.034438128130292	5.373609546177504	1.5637714416213822	-7.060393202602367	-0.005900828028152295	
20.937619240710045	2.528887788461421	6.943906703285052	1.5270575738051728	-6.794728559782428	0.03537617171870847	
21.707986357774246	3.000861940663546	8.498129087193092	1.475399298527744	-6.453768552783568	0.07166080068738699	
22.28856471972444	3.4261995998403263	9.981123423687619	1.408659069221425	-6.040001899247981	0.10171154212060038	
22.67402092293373	3.7802684052327966	11.336671239926197	1.3275562612884295	-5.558073001715989	0.12441422921283879	
22.867381402801318	4.041207283832392	12.512155871588485	1.2339082182851548	-5.0151277179773395	0.1388720577258226	
22.87696632209016	4.1897528565794016	13.458460469487248	1.1302511037572724	-4.419898120847616	0.144343740805051	
