21.96446343797945	4.034108361857253	13.780136909941278	0.7875290001226611	-3.6651157854554737	0.2014016635218697	
21.571269987408243	3.973932698878275	14.015832361971304	0.6682902155188949	-3.0113964547311385	0.19397135382172806	
21.07030403140809	3.7913891386742584	13.958100276965755	0.5558626889407307	-2.345800335131358	0.17660472701207866	
20.48878881571656	3.4983362274692293	13.616211923864876	0.45512231689987165	-1.6818751337594788	0.14977338392324335	
19.85305125641291	3.1123692638626816	13.010695944721244	0.3703788597946748	-1.0329058729863556	0.11403793253062197	
19.187224420689137	2.6591216916359635	12.178673212546736	0.3048547579512938	-0.4114598801398862	0.07006787083014561	
18.511887379791073	2.1687952526560554	11.168743343693121	0.2604226049352686	0.1711846100916892	0.018570832158759192	
17.843188698079295	1.6740110532279442	10.037976478684785	0.23739881757876438	0.705495839340855	-0.039684640745718536	
17.19250933370803	1.2068807038837797	8.8468246217388	0.23457397887272538	1.1839789321671892	-0.10381080842191345	
16.56650383486445	0.7963318113714689	7.654005643838391	0.24937099636700438	1.6013289176370162	-0.17271576175704595	
15.96752263134859	0.46582553386224396	6.511740294517823	0.2781031492621696	1.9544510886125273	-0.2450119132492169	
15.394429077733541	0.2315065646868588	5.461585293812818	0.31630582521540057	2.2423723227495858	-0.31893809266794476	
14.843923068697256	0.10136444400784018	4.532178746098377	0.3591084150823365	2.4660144536178654	-0.3923449310948429	
14.311995969189978	0.07540707188336905	3.7391828512107743	0.4015618766093424	2.6279347357725475	-0.46276384158783423	
13.795202385475202	0.14640417737585276	3.0864963933595977	0.43891536504021345	2.732092263322403	-0.5275390538249608	
13.291631284150942	0.30108502153370154	2.568358663386728	0.46685716954007184	2.78361883238306	-0.5840141708524859	
12.801420577888168	0.521664731058263	2.171945609376448	0.48173476856096614	2.7885763930918888	-0.6297670118584667	
12.326683108116484	0.7875921198157974	1.8801052840591053	0.48073019392205135	2.7536556269863914	-0.6628388845715457	
11.87111914708127	1.07712830486045	1.6736002423268284	0.46201094377146973	2.6858700539013616	-0.6819115559313932	
11.439478885362153	1.3687831181481358	1.532912096345574	0.4248658248301969	2.5922549549168017	-0.6864250079325418	
11.03694132471525	1.6426484641494485	1.4396506935336875	0.36982222316882046	2.479576070143172	-0.6766293589112792	
10.668468717643668	1.8816299377041357	1.3775507150524957	0.29870984062264166	2.3540665072204283	-0.6535501148728802	
10.338284756679666	2.0723687747322943	1.3329971152328186	0.21458950447857175	2.2212493966758333	-0.6188581638475391	
10.049516358292959	2.2058962084353	1.2952841374141335	0.12158526408874888	2.0858315739045192	-0.5747064388817115	
9.803973255533824	2.278014702013315	1.2566837537833513	0.024617886041678055	1.9516556458980192	-0.5235447032206381	
9.602049242221046	2.2894009054720468	1.2123675219018053	-0.07096200080618012	1.8216984831717746	-0.4679231909415392	
9.442773451556084	2.245238255784322	1.1601141506032784	-0.15983439325183071	1.6981287065689399	-0.4103039409483486	
9.32397780245124	2.1544345319068157	1.0998598435588578	-0.237161583142496	1.5824019079252278	-0.35291757017843134	
9.242510407602868	2.028654183446531	1.0332056811104517	-0.2989847575667088	1.4753600723684874	-0.29766338669077747	
9.194491270443525	1.881188868680396	0.962880011349277	-0.3425508290357082	1.3773386580984823	-0.24604755869708267	
9.175600042560133	1.725708490188771	0.8921749167895684	-0.3665534385289865	1.2882778726019164	-0.19915629236043603	
9.18137149377983	1.5750575199506542	0.8244151974911905	-0.3711931385440145	1.2078428620580437	-0.15767722829985337	
9.207433011584014	1.4403198996779132	0.7625642228965214	-0.3580920341421238	1.135528577473892	-0.12194592821196844	
9.249682972040457	1.3301343917652044	0.708953709980956	-0.3301089040792068	1.07074789744889	-0.09200323611635568	
9.304413305463582	1.2502541473387023	0.66512648325693	-0.2910639998068303	1.012904116829217	-0.06765960723426936	
9.368374145631257	1.2033843482272812	0.6317935899261166	-0.24537605895738387	0.9614448341978293	-0.04856201447846383	
9.43877509594883	1.1893993565653114	0.6089122223514443	-0.19765606275413064	0.9158905921865618	-0.03425648309787365	
9.51326653465846	1.2057380002907279	0.595810358273383	-0.15234237978245346	0.8758453210062519	-0.024235383670410504	
9.589916130005864	1.2479207140918007	0.5913388140568825	-0.11338383486353744	0.8409961079934116	-0.01797353285168711	
9.667192939791384	1.3101426733472359	0.5940382328509428	-0.08397886941514456	0.8111069533010978	-0.0149543504438558	
9.743962017234843	1.3858936089352547	0.602310741857241	-0.0664104777450904	0.7860102611786981	-0.014686290780187301	
9.819483965121819	1.4684673877846777	0.6145635399650916	-0.06200770166413735	0.7656005851804955	-0.01671023228248766	
9.893420860044236	1.5513195429628415	0.6293131940853095	-0.07117826620476086	0.7498333587431282	-0.020602084210987557	
9.965838083483368	1.628304440761938	0.6452555331933915	-0.09349756264225056	0.738727129258594	-0.02597250681170945	
10.037198568501394	1.693807109022042	0.6613011741336278	-0.12783624692524698	0.732369182298254	-0.03246515987416743	
10.108330582568584	1.7427777704637726	0.6765696149590297	-0.17252299181394362	0.7309201289361038	-0.039753584588591996	
10.180379362405308	1.7707338965550086	0.6903576047105167	-0.2254944773621572	0.7346151469647274	-0.04753809481649342	
10.254753575654405	1.7737860771722762	0.7020952050111501	-0.2844215029452441	0.7437616863117054	-0.05554310154476213	
10.33306778316354	1.7487126743269288	0.7112907286748164	-0.3468175696577644	0.758732565126261	-0.06351461852781164	
10.417084805403231	1.693122430436933	0.7174619922601227	-0.41013428249848805	0.7799532429197477	-0.07121793294364398	
10.508662561250517	1.6056768746893546	0.7200550120204624	-0.47184939659887387	0.8078822752931899	-0.07843496323931315	
10.609714538470133	1.4863439334111794	0.7183580278084927	-0.5295524892002385	0.8429897575557912	-0.08496208375137218	
10.7221790287344	1.3366444774848643	0.7114140046852275	-0.5810380332523862	0.8857344517600771	-0.09060822117357023	
10.84799385502376	1.1598654778237927	0.6979346101594408	-0.6244136873912439	0.9365395555543172	-0.09519313020202211	
10.989072317613834	0.9611610982686031	0.6762308760462261	-0.65822581227149	0.9957677758221044	-0.09854558059806284	
11.14727669065355	0.7474360509436544	0.6441904622938466	-0.6815751301616355	1.0637001548026979	-0.10050119184799083	
11.324383597526548	0.5270737203456599	0.5992911957351059	-0.6942215614384332	1.140517646718641	-0.10090006797219478	
11.522037339281415	0.30950554192858276	0.538652223677029	-0.696668775226937	1.2262853375410978	-0.09958410483315383	
11.741683696165541	0.10461435979544456	0.45912653265491904	-0.6902249261697923	1.3209380814277691	-0.0963940291844908	
11.984485501579336	-0.07800749410341169	0.3574491855461325	-0.6769976529579668	1.424271464153405	-0.09116691840521163	
12.25123107333694	-0.22977720688227832	0.23042419419643548	-0.6598172772018553	1.5359380551020534	-0.08373565270877659	
12.542235501099858	-0.34375207153672643	0.07513991387956936	-0.6421103026838526	1.65544513258986	-0.07393088544287885	
12.857237419658118	-0.4151397716954668	-0.11078572933520678	-0.6277182498994137	1.7821543013662806	-0.0615860234827073	
13.195285249401909	-0.44164756373795533	-0.3289187707998483	-0.6206537493838669	1.9152818791779496	-0.046546403502824844	
13.554642458657886	-0.4234960576328539	-0.5797338613634356	-0.6248068890127204	2.05390528502065	-0.028682371975042857	
13.932695965578489	-0.3631876459744404	-0.8623671591317044	-0.6436542685232403	2.196971448384433	-0.007904583793174396	
14.325855935131395	-0.2651123061484438	-1.1743942385657113	-0.679980195324951	2.343306818019701	0.01581926179015249	
14.729439850599036	-0.1350249706352611	-1.5116343099722473	-0.7356136332365548	2.491628971841689	0.042446573068296876	
15.137539508434411	0.020569676163363367	-1.8680017908873654	-0.8111977810314706	2.640559502674493	0.07184203661726518	
15.542929180238623	0.19500598286085538	-2.2354950504659006	-0.9060621650677813	2.788636434168766	0.1037658585520344	
15.937003120921647	0.3819163854131877	-2.604273927961423	-1.0181633904870135	2.9343191820915995	0.1378666504162882	
16.30976959258327	0.5755741353522361	-2.962851382703126	-1.1440960418712984	3.075985503178855	0.17367966907977292	
16.649920907883153	0.7711196890817757	-3.2984255614768285	-1.2791731074612969	3.21191748868091	0.21063062938259658	
16.945054698736396	0.964638549298813	-3.5974336955445043	-1.417619246637608	3.3402760132912075	0.24804900134324914	
17.182047402162617	1.1531043557571088	-3.846282987337289	-1.5528614264661076	3.459069804959029	0.2851897925081344	
17.347519512793266	1.3342584934353863	-4.032186569606871	-1.677868987766732	3.5661233816591387	0.3212595764550793	
17.42838505681523	1.5064397101033469	-4.144087102348489	-1.78554923618881	3.659050326117559	0.3554472533624484	
17.41248657557075	1.6683741749986691	-4.173667123444622	-1.8692080135839624	3.735238155947978	0.3869601903502558	
17.289214067004323	1.8189342045111745	-4.116195844690957	-1.9230232525989865	3.7918666036846163	0.41506203172281764	
17.050027314704153	1.956916498374628	-3.9710483513532258	-1.9424510240264938	3.8259594665507834	0.43910554393703344	
16.68891529958902	2.0808595789499296	-3.7419212979743848	-1.924553343958348	3.8344638140795557	0.45856045891452435	
16.20281279028816	2.188919741651381	-3.436736307510161	-1.8682329021516462	3.8143555928961916	0.473036622237623	
15.592003717907277	2.2788497808431387	-3.0672113747951992	-1.7743440178774372	3.7627718260365723	0.48230293577003613	
14.860383618765209	2.3481313454769976	-2.648081297991207	-1.645592065673667	3.677144274077052	0.48629628770846856	
14.015659797727825	2.394193685679195	-2.1962440727467354	-1.4863280270364845	3.555325751074668	0.48512531199303804	
13.069446754612466	2.414662722507086	-1.7298359561887564	-1.3022606623702289	3.3957152472252967	0.47906728677380916	
12.037219309974038	2.407605767782073	-1.2672260911561404	-1.1000974463929392	3.197392458650733	0.46855600632209515	
10.937947099286331	2.3717228250208855	-0.8259335977944655	-0.8871058253558608	2.9602587533174614	0.45415210224843094	
9.79332167258532	2.3064678759129524	-0.4216615712981924	-0.6706551602845019	2.685149092894583	0.4364930659524794	
8.626773810313319	2.2121559945076723	-0.06751599348751651	-0.45779293404673516	2.3739133455491337	0.41623205963629273	
7.462329004060806	2.090058470953725	0.22656156162366128	-0.25485452141100123	2.029441316516447	0.3939697285810534	
6.323367751266252	1.9424818511798019	0.45411360061093453	-0.06710843303771541	1.6556098750186081	0.37018447639660235	
5.23153156264264	1.7727428070851938	0.612036587543673	0.10149417839074062	1.2570892344169862	0.34518347240981967	
4.206027442392766	1.5850233577691606	0.700105664536772	0.24844196366239235	0.8390560115239738	0.3190904327100493	
3.2632681799184153	1.384155018954202	0.7203713544181375	0.37269576941132987	0.4068731161958214	0.2918632347960776	
2.416808465348506	1.175350361146086	0.6765123880835262	0.47463197616192376	-0.03424141035593197	0.263338107924184	
1.6775391114758256	0.9639069588942262	0.5732682986311493	0.5558961570904847	-0.4795269189288266	0.2332980837558877	
1.054120727168389	0.7549402508607852	0.41607613578843194	0.619143274624579	-0.9248926043081156	0.20155303884555809	
0.5534129387956422	0.5531855007595745	0.2109460821694934	0.667755009282116	-1.3670210199334614	0.16801065445189534	
0.1808470855255494	0.36285725626333176	-0.03551615542204664	0.7055497983484209	-1.8033884428929838	0.13273347002081035	
-0.05928523366999623	0.1875616980686003	-0.31598819309723475	0.7364915228294203	-2.2322143736183473	0.09597838371386627	
-0.1636506075078697	0.030272310664591438	-0.6222661186956987	0.7644079076255784	-2.652341959111421	0.05820925217801086	
-0.12979091761615505	-0.10661555594308418	-0.9451376438523768	0.7927646295599449	-3.0630700686814025	0.020075541513879747	
0.04386749489526672	-0.22118682827364144	-1.274282540647398	0.8244980089507129	-3.4639858449165226	-0.01762602173663205	
0.3579480266057698	-0.31186864197352077	-1.5982043303781657	0.8618943988977796	-3.854796087640328	-0.054001469647055336	
0.8119985119232768	-0.3772539945331107	-1.9041862123957867	0.9065063131880298	-4.2351566872777004	-0.0881171262885701	
1.4043286228106215	-0.4158957087045078	-2.1783151283516617	0.9591208142260947	-4.604504737354839	-0.11905847585649568	
2.131816798631588	-0.4261226838808857	-2.4055935924496925	1.019769494156865	-4.9619125963170445	-0.1459788485219053	
2.9896580412846294	-0.4059039204735111	-2.570134867732184	1.087750139081179	-5.305959524932298	-0.16813872145577058	
3.971056909760041	-0.3527765390044693	-2.655478720945779	1.1616617557120474	-5.634621854209202	-0.18493775151782793	
5.066835330861839	-0.2638684208939539	-2.645088597511758	1.2394492103916612	-5.945182114640879	-0.19594218631183502	
6.265077930643275	-0.13607034488964154	-2.5230628289700103	1.3184828364898562	-6.2341996058605185	-0.2009019323742547	
7.55084632793602	0.033664558431697404	-2.274977024160747	1.3956559678803326	-6.497534356068921	-0.19976154463812254	
8.905986044179759	0.24791313392341754	-1.888829479673224	1.4675019162276903	-6.730416520919299	-0.19266755297187527	
10.309068633704106	0.5082635572614458	-1.3560862593519363	1.5303377642252913	-6.927565035992726	-0.17997200796937934	
11.735562607059705	0.8146767756526678	-0.672808151128332	1.5804457205537745	-7.083367807780342	-0.1622304158647297	
13.158385969890443	1.1648686543981355	0.15944647288085612	1.6142748402810914	-7.192115503498475	-0.14018670702751068	
14.54869908607167	1.553754267024661	1.1328991606631227	1.6286396206821263	-7.248250375578523	-0.11475314505578235	
15.87694175595714	1.9729980551054533	2.2330481275319873	1.6209146389848117	-7.24662873637373	-0.08698408056393966	
17.114139409877563	2.4107007874557653	3.4383904515850072	1.5892296742560879	-7.182802320422684	-0.058043242625443116	
18.23344406272342	2.8514080250537472	4.720615979206304	1.5326444922737206	-7.053298906406613	-0.029161566833053213	
19.211599823667587	3.2765676390946568	6.045373073979345	1.4512708809138684	-6.855858666340212	-0.0015894021631925443	
20.030219480706283	3.6652799748496308	7.373313991156054	1.346361108902567	-6.589640522415813	0.0234520447032463	
20.67686502277126	3.9954266250383106	8.661530507150106	1.220359154955144	-6.255409426064375	0.044823135777516496	
21.145896383532907	4.245213902955309	9.865408082517709	1.0769130902393944	-5.855711304425579	0.06152281095131168	
21.438392706383762	4.39462092731756	10.94047405977034	0.9207595248223164	-5.394852351649756	0.07272490746914645	
21.562695977008737	4.42846774110161	11.846038894613873	0.7576530891146342	-4.879182238743054	0.07785745251975423	
21.53160511642541	4.335344265818631	12.544725657813338	0.5939312227108473	-4.316347803377893	0.076521864743112	
