21.413777853394887	4.058514227184324	13.295222530578451	0.7322017626702111	-3.469063050947974	0.2113798094166486	
21.031007059396178	3.905556191609226	13.48941365767233	0.622876788615719	-2.841841973672902	0.18977335892049355	
20.550487202157427	3.6364720790111127	13.399878831116403	0.5263856877460209	-2.205682606812857	0.15934810499790544	
19.996940939831138	3.2681192835417776	13.036654370083037	0.4461859712350932	-1.5732031748171442	0.12109877010750487	
19.39375053739487	2.822299972191624	12.420640368433595	0.3849129369448693	-0.9567258736060709	0.0760398462707287	
18.76161810820474	2.3271504618314136	11.588168636106825	0.3438465364624595	-0.3678393435454411	0.02517966508159343	
18.11771507998862	1.8136712862292879	10.586240134445658	0.3229170338126278	0.18307671095529993	-0.030537317442889123	
17.47510869118566	1.3135843674139862	9.469785131787255	0.32066173015082355	0.6872516168608588	-0.09021152746216496	
16.842722795047443	0.8566163952103496	8.29684156927959	0.33441344101583087	1.137777001131491	-0.15292512261996494	
16.22563552442794	0.46815250494858307	7.123679709765561	0.3605777301463615	1.529735229424812	-0.21765238085137537	
15.625699421407237	0.167366674296416	6.000270519911201	0.3949652015203536	1.8602152182916432	-0.2831665767199145	
15.042481771374446	-0.034103000021090096	4.9664401085662755	0.4331492703491516	2.128238127502875	-0.34796478131819153	
14.474542194703446	-0.1326242709951688	4.049573397529273	0.4708002789819992	2.3346052980647225	-0.41024473269216005	
13.920752713106088	-0.13200044584504922	3.264592589620443	0.5039266392158548	2.4816983463540154	-0.46796590185495984	
13.38128996872663	-0.04239802583621818	2.615251667108429	0.5290291926909669	2.5733030742726872	-0.518974163359695	
12.858196944542597	0.12105937493871727	2.0962284353081064	0.5431990741252724	2.6144224490185195	-0.5611733426459584	
12.355447919716532	0.339868675397772	1.695571654693933	0.544186110225048	2.6110587672015093	-0.5927287836076005	
11.878498577121679	0.5937925993001796	1.3971958894854712	0.5304581729342398	2.5699215399307773	-0.6122703598425379	
11.43354129134204	0.8623423136395121	1.1830288803186164	0.5012616788261586	2.498087617418071	-0.619034832364112	
11.02670918790195	1.1260327013093296	1.034665798989	0.4566996048595325	2.402669952597688	-0.6129422863240885	
10.663311297336394	1.3674807033869159	0.9346480349090377	0.39780672122780647	2.2905044322003896	-0.5946044521249316	
10.347170050513043	1.5723926794249539	0.8674136486228601	0.3266062101141246	2.167866897887529	-0.5652668364421327	
10.080206912430954	1.7303574537344342	0.8199035713226845	0.24608333414681963	2.0402579207477465	-0.5266763873959585	
9.862356337341048	1.8353004410026497	0.7818290227559823	0.16003877033735242	1.9122895865970377	-0.48090894976366294	
9.691691000092025	1.8856470931599285	0.7457366494693182	0.07284848883788246	1.787643339952779	-0.43019505653311946	
9.564707518295712	1.8841517620643762	0.7068994930577721	-0.01086329763979809	1.6690889510717277	-0.3767532316286339	
9.476719566915442	1.8373750963487432	0.6630680655401069	-0.08662697261737193	1.558548636001498	-0.322641474538286	
9.422322907300392	1.7547153339078654	0.6140416024622717	-0.15055235069311312	1.457210976736781	-0.26964811875316835	
9.395828758827482	1.6472326542110267	0.5611532706258511	-0.19967214942345232	1.3656609786084941	-0.2192336224251345	
9.391629073200017	1.5264782919758773	0.5067527387065924	-0.2321808956412497	1.2840034412567267	-0.1725081817893355	
9.404490768505433	1.4034036221740658	0.4537013190577422	-0.2475548856365018	1.2119812060480202	-0.13023872848262988	
9.429770403077397	1.2874340739853445	0.40491067359908045	-0.24654571885500912	1.149083249848619	-0.09287785090156775	
9.463516853419675	1.1858862201494296	0.36297802240140714	-0.2310110086421742	1.0946409480386343	-0.06061458825884165	
9.502486328797739	1.1037535176352389	0.32995543106563807	-0.2036557937462693	1.0479002866158502	-0.03342861056359597	
9.544114499091673	1.0437462236682369	0.3072232057944928	-0.1677414994290233	1.0080744163531166	-0.011139781960990459	
9.58646367230169	1.0065353571303157	0.29545237265680385	-0.12678223152984608	0.974381728351783	0.006547551759521434	
9.628165567821659	0.9911456811626504	0.2946441459939027	-0.084250467981348	0.9460729052819611	0.020007700217521834	
9.668360262431607	0.9954486252015553	0.30424609734063746	-0.04333575976639336	0.9224488365259741	0.02966423408932636	
9.706650629199881	1.0165934452311893	0.32328950511740917	-0.006784064383030275	0.9028734597330131	0.035969333019978525	
9.743067608570874	1.0513392205520162	0.3505247299426627	0.023198979473882973	0.8867850983514007	0.03938829025871154	
9.77803801906559	1.0962789037389196	0.38454651031403353	0.04499027677119158	0.8737076248923105	0.04038696881735447	
9.812347391083604	1.1479451017056315	0.42390137025476887	0.057547588217584746	0.8632628821843997	0.03942065161523672	
9.847079176338394	1.2028156957638232	0.4671673103774163	0.06036219684544325	0.8551804801685536	0.03692459701847734	
9.883541211637969	1.2572749463273065	0.5130015522445421	0.05340236851837486	0.8493057738789426	0.03330657847391346	
9.923182625517683	1.307575003765499	0.5601628767068689	0.03705647332989562	0.8456054919347618	0.028941080240054182	
9.967505511862974	1.3498268353848015	0.6075110075060344	0.01207932304066206	0.8441704206529652	0.02416505533127096	
10.017979296160286	1.3800539322132934	0.6539835223299323	-0.020455956319766364	0.845214442662127	0.01927520448910869	
10.075978044682357	1.3943288646564451	0.69855482254638	-0.059207361104671695	0.8490665194283455	0.014527895061795809	
10.14274771180987	1.3889715698084646	0.7401903761670445	-0.10260861941898684	0.8561606647467999	0.010140127053640553	
10.219398376919978	1.3607928874881046	0.7777996232712161	-0.14891634393979308	0.8670240139717693	0.006291383430417751	
10.30691780086757	1.3073740892691232	0.8101884500699423	-0.19626398572298062	0.8822631772319601	0.003126147422123486	
10.406202210917396	1.2273678603172005	0.8360110411506557	-0.24272863890524415	0.9025479880620171	0.0007570673250011308	
10.518094204603543	1.120750540466531	0.853729678826348	-0.2864087600534607	0.9285917396972567	-0.0007312833880745526	
10.643414371212556	0.989030305764339	0.8615865887346879	-0.3255066209414385	0.9611299765085372	-0.0012797611447558832	
10.78298360282333	0.8353974390524234	0.8575958025680805	-0.3584165140830221	1.000896441950469	-0.0008531095642363607	
10.937633255063387	0.6648066760970371	0.8395625421092112	-0.383820785143806	1.048594931515221	0.0005602398731970648	
11.108200375674416	0.4839370513720558	0.8051432347677158	-0.40079150567890326	1.104865759331036	0.002947296684404987	
11.295510442489013	0.3009709988425354	0.751941306477524	-0.4088783696677125	1.170250992303954	0.00626983646366747	
11.500352445271822	0.1252532187697886	0.6776181805707768	-0.40818561367196826	1.245159765708644	0.010464141294589313	
11.723446545087324	-0.03317066573188804	0.5800137695893889	-0.39943238376654927	1.3298356251490566	0.015441737205204285	
11.965400757349009	-0.16413016530274888	0.4572752426197594	-0.3839956184503725	1.424326613606359	0.021091296408505315	
12.226651023670577	-0.2580010120061142	0.30798787510867964	-0.36391595855561487	1.5284645858477743	0.02728227233712995	
12.507385445046436	-0.30634700580212254	0.13129462110348433	-0.34185279991875916	1.6418596916145307	0.03387004663536146	
12.807450698488063	-0.3024818229768322	-0.07298006597324806	-0.32100498392529087	1.7639032903178495	0.040701942716817006	
13.12624231646869	-0.24192406789522602	-0.304197900129896	-0.3049911753150689	1.8937791299143742	0.04762439652946214	
13.462571534741837	-0.12273403634795389	-0.5607509670716406	-0.29768699506213375	2.03048027528974	0.05449166273087981	
13.814516484796501	0.05435865512213635	-0.8399012385750225	-0.30301355328508667	2.172833649344012	0.06117610612396402	
14.179266993619548	0.2860289238058982	-1.137646162717808	-0.3247090767077607	2.3195270712312026	0.06757886364961081	
14.552950151584076	0.5665196162878606	-1.4486113730486596	-0.36609822185809254	2.4691331625865764	0.07364057691644837	
14.9304459442292	0.8878812189786491	-1.7659990585172416	-0.4298617811714052	2.620130089231989	0.07935146660685101	
15.305189268946863	1.240256045012142	-2.0816120946017116	-0.5178008769010762	2.770916332425686	0.08476018578039403	
15.66902812672598	1.6122378927665606	-2.386034009511089	-0.6306277398422308	2.919817099368935	0.08997742759713995	
16.012181648511092	1.991262724900035	-2.6689567329325223	-0.7678007156856431	3.065078286630571	0.0951720688160223	
16.323301221026902	2.3640244421757433	-2.9196271499605038	-0.9273904964198846	3.204847267873691	0.10056006054172759	
16.589666058398773	2.71694550907985	-3.127416302281325	-1.1059904443611726	3.337141605656587	0.10638518588809201	
16.79754539141741	3.0367343090043586	-3.282528198370116	-1.2986763538971449	3.459804409680703	0.11289029530530197	
16.932769792498014	3.3110129002918343	-3.376777571884289	-1.4990916801230667	3.5704580130461583	0.12028023095755978	
16.981409322181932	3.5289347874537835	-3.404311026275135	-1.6996480339718332	3.6664690167169263	0.1286830726280476	
16.93050005196478	3.6817645398122734	-3.362218183274069	-1.891829164889847	3.744932958288903	0.13811264090601857	
16.768786034049132	3.763381726971103	-3.2509642841519217	-2.066606858708961	3.802688191385624	0.1484348528849717	
16.48746165340509	3.770677113885734	-3.0745717962666306	-2.214980873597192	3.8363712715062057	0.15934026679232002	
16.08076868119259	3.703668308630206	-2.8403542167700806	-2.3285905075515063	3.842527188314182	0.17033497966189143	
15.546465155936636	3.5654008988937944	-2.5583693309381506	-2.4002917265340744	3.8177542900874695	0.18075027202286956	
14.88620941771585	3.361695889912648	-2.240715380309568	-2.4246688307048836	3.758873313503851	0.18977011567736582	
14.105856621211355	3.1007602721741843	-1.9007274666759213	-2.3984511946366984	3.6631153819953264	0.19647661199259905	
13.2156557187621	2.79267114328381	-1.5521233812060429	-2.3208001258361812	3.5283287901326514	0.19991306925833088	
12.23012770232286	2.4487262276983435	-1.2081954092914506	-2.1933293640099873	3.3531647465931256	0.19915406353196344	
11.167686832781479	2.0807957696137485	-0.8811478586188994	-2.019929499700926	3.1372348349712507	0.19336629662320753	
10.049983129973318	1.7007067000662641	-0.5815766953835251	-1.8064303594079691	2.8812318883670875	0.18185717264931958	
8.900954598301913	1.3196906685821597	-0.31809829900531295	-1.5601250561783138	2.5870017424928835	0.1641096501643907	
7.745583241789217	0.9479393356880746	-0.09714879943119495	-1.2891813361143714	2.257538849004	0.1398026407400515	
6.608568397104691	0.5943383908028163	0.07697442683180299	-1.0020359684931264	1.8968520686786277	0.10881491578847194	
5.5132102320080225	0.2663071126062372	0.20192704375831091	-0.7068927576326358	1.5097512802351294	0.0712259216309947	
4.480556721863549	-0.03030246289277968	0.27701521617721037	-0.4113262908418979	1.1015717992816216	0.02731673969320618	
3.528847971494504	-0.2912743496296787	0.3028126034614781	-0.12199585124191631	0.6778562012372614	-0.022426375202260387	
2.6732999633860746	-0.5140643704161898	0.2807519537620513	0.1555193996936682	0.24402218001879353	-0.077306530103679	
1.9262253745518134	-0.6977616600535437	0.21281148476125397	0.41674928400825584	-0.1949097999570159	-0.13641530074545682	
1.2972569494190365	-0.8430265917710378	0.10136966248122875	0.6582989020740462	-0.6345069175673488	-0.19863281863232737	
0.7936171988813754	-0.9519901868296438	-0.050801520530834046	0.8777738283951194	-1.0710418463927434	-0.2626332255973391	
0.42038353742301904	-1.0281106104301883	-0.24041997220997197	1.0736846188412463	-1.501545970584157	-0.32689851517639423	
0.18075040505276965	-1.0759476888143455	-0.4634901905353568	1.245334567258096	-1.9237944894292291	-0.3897500661176673	
0.07629624623951903	-1.1008431791419115	-0.7150935408950249	1.3927003182835638	-2.33623005522178	-0.4494021482130063	
0.10721248705371207	-1.1085544106399112	-0.9891953692449863	1.516330844632321	-2.7378637681158575	-0.5040290378748906	
0.27251837509597493	-1.1048442616774858	-1.2784843866500308	1.6172536684307453	-3.1281537903633785	-0.5518434536234814	
0.570252626145413	-1.095037434320388	-1.574241090172859	1.6968870025238751	-3.506864204948999	-0.591183889667166	
0.9976373173340883	-1.0835863073731966	-1.8662629432570017	1.7569468673271178	-3.8738987281008064	-0.6206012223899826	
1.5511762000285263	-1.0737380454481735	-2.1428589024030087	1.7993517903513243	-4.2291272119010594	-0.6389267240083438	
2.2266569700948486	-1.0673035951585172	-2.3908805377290347	1.8261314057249092	-4.572215808953196	-0.6453232244436202	
3.0190598897795673	-1.0645325296365609	-2.595814856976369	1.8393353256885907	-4.9024619593017285	-0.6393190895809422	
3.922348430851954	-1.0640871291890048	-2.741960022243978	1.840941876207096	-5.218634480643281	-0.6208281304827248	
4.929152413055016	-1.063152459915643	-2.81276226275475	1.8327732931905296	-5.518844858310239	-0.5901476336556252	
6.03039468226364	-1.0576453549096272	-2.7913173930136805	1.8164300776265878	-5.800473017326497	-0.5479400389714913	
7.214884381747037	-1.0424695676270126	-2.661021323924985	1.7932434985252743	-6.060138746606585	-0.49520968117354636	
8.46892136226892	-1.0118224410945533	-2.4063830244133113	1.7642479994274594	-6.293725435046726	-0.4332733455115624	
9.775933174001656	-0.9595595025730725	-2.0140458022626424	1.7301742633787027	-6.496460050444343	-0.36372676930696984	
11.116315206974527	-0.8796310024493657	-1.4739345681764235	1.6914742404859076	-6.663073575963639	-0.2883998633355259	
12.467537962786045	-0.7665528839903096	-0.7803878377036697	1.648368789809168	-6.788014216345799	-0.20930674748049508	
13.804513303515911	-0.6159074205879028	0.06674641276799739	1.6009075962042443	-6.865694578740512	-0.1285925049915331	
15.100266268550902	-0.42486399071863556	1.0611195487842813	1.549039099578707	-6.890769936245054	-0.04847387182345275	
16.32697462403601	-0.19271960999323223	2.189020631855708	1.492687574790034	-6.858450343985193	0.02882872921273702	
17.457372450618372	0.0786823353105191	3.4290423886110664	1.431828861408173	-6.764805401393471	0.10116634990003366	
18.466274933017335	0.38471847916472074	4.75228096090741	1.3665513012414965	-6.607033594897649	0.16653729766475037	
19.33207696482596	0.7179363366717226	6.122989927764897	1.2970996196115727	-6.383693715916122	0.2231615391594682	
20.03816892644634	1.068228694439185	7.499765909742598	1.2238990088445447	-6.094904563935387	0.2695553186012072	
20.57419063293196	1.423268801576859	8.837321914972462	1.1475554572423872	-5.742519410656023	0.30460646696450183	
20.93631062156128	1.7691849164802975	10.088485691466275	1.0688249772300535	-5.330096129487767	0.32759947652732857	
21.128303707257594	2.0916502199630447	11.20757165214195	0.9885677254019896	-4.863160031940242	0.3383154288287635	
21.15890944507839	2.376418993687443	12.15089629635198	0.9076919028883048	-4.348523406240042	0.3368701347116222	
