20.82016478156576	3.030203180663448	13.608887280313228	0.7250030698417436	-3.690502021726023	0.1147774014982001	
20.52384706219756	2.8534776512818527	13.981644461045137	0.6733548312871851	-3.102524840021981	0.11109282151904169	
20.125069146532876	2.5862849055508654	14.087061743435147	0.6361923833170278	-2.4993198673805104	0.0990021531802448	
19.647691660103714	2.243685922589798	13.92521032267841	0.6146109860230242	-1.8925876325368578	0.0791026254848765	
19.114766406485096	1.8451813217941315	13.506020703523829	0.6089433030460647	-1.2939383033946976	0.05203476035980249	
18.54736641630305	1.4159894267678068	12.853909473871258	0.6183086290436518	-0.7145746270678719	0.018472499033466802	
17.963407140819953	0.9839449293319644	12.004442023543088	0.6406990033641441	-0.16479409890464147	-0.02093468305018517	
17.376896733097666	0.5774250211604005	11.002803818719377	0.6729918214357196	0.346402508721254	-0.06554627412678661	
16.797664052394538	0.22267893081217602	9.900236450595594	0.7111786165487592	0.811599948443595	-0.11467302491746928	
16.231442676140553	-0.05852166100207912	8.750052816088767	0.7506837438311003	1.2251421596994907	-0.16748867764966568	
15.680283874701711	-0.25075828372016234	7.603470869678674	0.7867452746914212	1.583193677172752	-0.22293421833874863	
15.143293089289603	-0.3462546970059177	6.5055056677009375	0.8148333416282431	1.8837007776136758	-0.2796367613101624	
14.617757909933248	-0.3452189442569956	5.491654022986998	0.8310492564046646	2.1262487124921092	-0.335879553512104	
14.10052053478965	-0.25503459783427246	4.586451820055776	0.8323966028900386	2.3118504082467104	-0.38965983598658005	
13.58924982751143	-0.08889255195611571	3.803518342170626	0.8169221991157812	2.442768087125528	-0.43881390490548955	
13.083451981601277	0.13591076895180443	3.1466794364266515	0.7837488413010425	2.522357367495191	-0.48119209983738315	
12.585070883453094	0.3997961285507056	2.611770616333708	0.7330267239686554	2.5549287426059712	-0.514867228576518	
12.098486831219024	0.6826501182064124	2.188786212383915	0.6658270518723743	2.5455829099878824	-0.538341024038899	
11.62997311030891	0.9652246261803735	1.8639285649533017	0.584024686981526	2.5000009705150554	-0.5506852119702209	
11.186916905326772	1.2302069444399804	1.6213104425510574	0.49021180025237104	2.4242203030255514	-0.5516124071113245	
10.776932187585595	1.4630649795975472	1.4444048141387626	0.3876240878541979	2.324398445286516	-0.5414782647107301	
10.406970722870367	1.652745548580852	1.3172569494252837	0.2800644527719786	2.2065743824458632	-0.5212203200064921	
10.08258833237712	1.7921664991182247	1.2254186283092459	0.17177544614474588	2.0764507313942877	-0.49223180132668554	
9.807513406742602	1.8783995903778499	1.156530246004409	0.06723785183757139	1.9392345770133177	-0.4562061010410368	
9.583452716395309	1.9125980960785867	1.1006478376111515	-0.029090505193157774	1.799528406351993	-0.41498603379375487	
9.410098388427437	1.8996286374327036	1.0503537969689514	-0.11308552289974708	1.6612659027981176	-0.3704241935270502	
9.285297871780884	1.8474004091434013	1.000686369108693	-0.18130522379766686	1.5276836585035587	-0.3242623334179113	
9.205392048461512	1.7658519409806384	0.9488482979633196	-0.23130686350964952	1.4013407239429116	-0.2780446516140603	
9.165619940701088	1.6658411947536487	0.8937915214582726	-0.2618549036089492	1.2841695438796374	-0.23307265060660168	
9.160517495337446	1.558103623597619	0.8357775230001105	-0.273021060810982	1.177536962782044	-0.19038914463043888	
9.184298337110345	1.4523320119860734	0.7759336445487122	-0.26616801185466465	1.0823150308887786	-0.1507857770092438	
9.23119553206971	1.3564385345960326	0.7158409700636011	-0.2438157630018533	0.9989550070150037	-0.11482775087157687	
9.295727302439769	1.276153919063924	0.6571952160882483	-0.20936961811424293	0.9275678071739856	-0.08289366154921911	
9.372867185103571	1.2149604457044376	0.6015872490510591	-0.16679177418554503	0.8679935674286937	-0.05521465581766616	
9.458149677079025	1.1742452970995894	0.5503813024812002	-0.1202659380760944	0.8198576707459105	-0.0319064124950156	
9.547728132717936	1.1536227156176921	0.5046727549960793	-0.07387329383918555	0.7826165653683707	-0.012993211053669183	
9.638402191040566	1.1513634857229285	0.4653115248413095	-0.03129980177441402	0.7555936803481307	0.0015779647840528737	
9.727606885846052	1.1648639365469442	0.43297184647467035	0.004372842478963023	0.7380099631171513	0.011931062921327945	
9.813387328771897	1.191015372349949	0.408224341003274	0.030781998574380336	0.7290081749559141	0.01825988078875072	
9.894366475754962	1.226460118932304	0.391591443293632	0.04632913401435116	0.7276744877082295	0.02082815303470834	
9.969704871105913	1.2677393234218546	0.38357716229797983	0.05016708129543904	0.7330599505433356	0.019968005790591575	
10.039053315278785	1.3113378598683982	0.3846608158970934	0.04214360740722834	0.7442039547538282	0.01607462999304538	
10.102486515391089	1.353663297312063	0.39525222655792447	0.02270371426537723	0.7601599724884361	0.009594700452947096	
10.160437540997972	1.3910208721465671	0.4156218581589862	-0.007205667731592409	0.7800217481195343	0.001012340872855185	
10.213634516007806	1.419623844916265	0.4458182173523981	-0.046223714903234916	0.8029504614418025	-0.009166217062315626	
10.263040661040165	1.435663084214262	0.48558078299902074	-0.09265609703463448	0.8282031684331096	-0.020428702515933032	
10.309799632499466	1.4354611370165482	0.5342572512701647	-0.14454935565643187	0.85516298972487	-0.03227318666929271	
10.355186532808228	1.4156954807320237	0.5907530673850748	-0.19976540825303438	0.8833641950188473	-0.044222638184239334	
10.40057158061369	1.3736559212007915	0.6535091413925845	-0.2560498791566404	0.9125125915524187	-0.0558368298660338	
10.447394217588249	1.3075194522515612	0.7205070814986786	-0.31110112953913793	0.9425000791497404	-0.06672189184720823	
10.497148925636035	1.2166333861956242	0.789301010901408	-0.3626446752138781	0.9734125760448137	-0.07653758314005808	
10.551386807595621	1.1017857933217772	0.857078481145997	-0.4085197629751592	1.0055283855636226	-0.08500173359662472	
10.611734602313993	0.9653744642534576	0.9207476018322506	-0.446773432403369	1.0393017467682797	-0.09189000965569294	
10.679927839853885	0.8114805161195149	0.9770258005693956	-0.47576069120936054	1.0753396093761782	-0.09703329135745128	
10.75785130911578	0.6458241476384642	1.022528548575552	-0.49424851233518086	1.1143717758193743	-0.10031294185952187	
10.847580905169279	0.47558603444215586	1.0538554314858868	-0.5015228104635212	1.1572153095030233	-0.10165459514711436	
10.951412495150603	0.3090473465025573	1.0676715959326042	-0.4974858989437765	1.2047328877326202	-0.10102076570294367	
11.071855126407025	0.15507464787174563	1.0607774676165322	-0.48271357073249077	1.2577899218533988	-0.09840366563096933	
11.211586905264703	0.022554020022092384	1.030173455906703	-0.4584813690915048	1.3172146022049334	-0.09382041185580516	
11.373370065534331	-0.08019575258460317	0.9731281712108653	-0.4267543967084277	1.3837602202121386	-0.08731048918645608	
11.559921132628896	-0.1460024714352016	0.8872619083317002	-0.390140088385032	1.4580688954862457	-0.078935811057172	
11.773737350658896	-0.16933427723196437	0.7706534467516178	-0.351788139441081	1.5406383119202482	-0.06878297053970452	
12.016913928477225	-0.14659234848817404	0.6219626735877879	-0.31524611410744824	1.6317953929290931	-0.056966147267325275	
12.290965117714975	-0.07623431291771697	0.44057163527984006	-0.2842986515947516	1.731673459375639	-0.04362991193797485	
12.596650976814955	0.041266108680571796	0.22673467192757737	-0.26279218885794675	1.8401938090211767	-0.0289510287223094	
12.933797812450889	0.20360202704264546	-0.018259095022168173	-0.25444825930731974	1.957050528261786	-0.013138885310113419	
13.30112066786844	0.406963045339651	-0.29194151676405794	-0.2626771354147082	2.0817043269664026	0.003566652113492266	
13.696053858129162	0.6464043162046164	-0.5905608845385519	-0.2904154237121582	2.2133852254944353	0.020899634151290387	
14.114569187873908	0.9161621764464063	-0.9090010586622739	-0.33998032988035215	2.351097000780838	0.03857362703880099	
14.550994674061705	1.209903450758886	-1.2407434245064812	-0.41293810650914753	2.4936233457007275	0.05628860396704638	
14.99782777957967	1.520882078866515	-1.5778821578182245	-0.509976005059889	2.6395321534219143	0.0737391037895132	
15.445618058643161	1.8419978537661759	-1.911265094766533	-0.6308012043306527	2.7871804525220654	0.09062323677626967	
15.882948128531378	2.1657817429112494	-2.230758911530706	-0.7740691478049633	2.934715472445348	0.10665065023269646	
16.296508973821158	2.484355942797321	-2.5256175141382293	-0.9373277431138708	3.080068086332957	0.1215488041832241	
16.67130791940813	2.789411630876052	-2.7849632075457813	-1.1169873385393543	3.220939809935413	0.1350672554449199	
16.991049689848516	3.0722498257803927	-2.998400583432915	-1.3083185557114678	3.3547811201067175	0.14697977974398863	
17.238762746401814	3.323953834383891	-3.156720282260269	-1.5055314214262485	3.478772375026657	0.15708352832633432	
17.397576050027737	3.5356878472877025	-3.252587942861859	-1.7019287184685954	3.589814460265839	0.1651960384564132	
17.451584233006308	3.699091766373065	-3.281174004618829	-1.8901304272878938	3.6845362605646494	0.1711500824037524	
17.386761833743535	3.806745773370508	-3.2406665359909557	-2.0623802222427026	3.759328574803911	0.17478557079721505	
17.191900726602494	3.8526822497178435	-3.132606428302503	-2.210949109219017	3.810416739676894	0.17593726729534517	
16.859364844894415	3.832809261577564	-2.9618375451219037	-2.328604649039733	3.8339828920558623	0.17441965893287412	
16.385639480375428	3.745202040073959	-2.7361834544762735	-2.4090691093429446	3.826317398167476	0.17001475994595616	
15.771720735925948	3.5902770044001913	-2.465953408686107	-2.447442487923138	3.783988828502758	0.16246697792125328	
15.023349530345556	3.3708441980631134	-2.1633198303112775	-2.4405674858928896	3.704026403446659	0.15148781945125034	
14.151095747042886	3.092029270719612	-1.8415974070742913	-2.3873103000127496	3.58411319504993	0.13677327075202753	
13.170112123693917	2.760983815877781	-1.5144577538110693	-2.288637636427323	3.4227515093207055	0.11803104023318634	
12.099674647753883	2.3864886985687024	-1.1951901511960288	-2.14753247452597	3.219402407533955	0.09500859090727551	
10.962485032003114	1.978490567336996	-0.896022554380052	-1.9687670460588311	2.974596455233851	0.06751764954358144	
9.783712426270235	1.5476068326254244	-0.6275269625270238	-1.7585447414312296	2.6900068380964712	0.03545246813062396	
8.58974196561593	1.1046415707980914	-0.3981568513199903	-1.524021424445847	2.368461065919622	-0.0012007539144176416	
7.4067993522279645	0.6601724362976826	-0.21405906554778542	-1.272774806673601	2.0138309485781023	-0.04236458339875851	
6.259745542615033	0.2242053484522529	-0.07911021031585765	-1.0123388705766112	1.6308385568045864	-0.08787153430209864	
5.1711152937095415	-0.19414029218581547	0.004853939161372247	-0.7498124501240369	1.2247890358884934	-0.13746142262880193	
4.160455978923022	-0.5869330304263684	0.03766068965604559	-0.49155111016757735	0.8012470487087022	-0.19077163548971532	
3.244043992236556	-0.9477072973802968	0.02034799545192004	-0.24295755752737502	0.36568561948457956	-0.24731859702945813	
2.435004818937192	-1.2716453620572288	-0.04520159711160473	-0.008397760444899387	-0.07680836560240077	-0.30647591850564077	
1.7435761301747181	-1.5556974964223074	-0.1564336004935051	0.2088154044158937	-0.5217396752987242	-0.36745049811252434	
1.1774390836030775	-1.7986325189657628	-0.31014136792258074	0.4063912147532513	-0.9653295800899167	-0.4292614107255034	
0.7420535125063271	-2.0010150569933143	-0.5023601080898927	0.5830023161816736	-1.40456805399062	-0.49072560092438794	
0.44098846732429214	-2.165055037232796	-0.7281966608311186	0.7382003169312401	-1.837191882154099	-0.5504619308002536	
0.27624730017070254	-2.2942934405252466	-0.9816815083220027	0.8723114799816257	-2.2615997306692326	-0.6069236593754517	
0.2485439786412213	-2.393189853215532	-1.255640620346221	0.9863404494212109	-2.676745009314896	-0.6584513884228423	
0.35755333197653616	-2.4666152234723118	-1.5415899594540439	1.081870136063781	-3.082006713585127	-0.7033442224495934	
0.6021216641696387	-2.519260124565425	-1.829637834574375	1.160954915758811	-3.4770404206892986	-0.7399468021608284	
0.9804180760397126	-2.554998368297282	-2.108415903059123	1.2259911814209803	-3.8616045713566347	-0.7667450766482968	
1.4899815999376962	-2.5763334924022865	-2.3650643250860792	1.2795697318127122	-4.23538184891533	-0.7824519048153522	
2.127643992527474	-2.5839609840992	-2.585258844863514	1.324320006038483	-4.597806598657908	-0.7860800184056828	
2.889337394125124	-2.5764726114603076	-2.753317582438427	1.3627435488160207	-4.947900060737456	-0.7770009665917865	
3.7697685274754793	-2.550223323367982	-2.8524225239164296	1.3970354345601084	-5.284113896616841	-0.7549919128887735	
4.761993012069481	-2.4994660487645843	-2.8650469733739468	1.4289126628443147	-5.604209278164962	-0.720258740724603	
5.856970511803124	-2.416743267819412	-2.7735882034839854	1.4594815571394666	-5.90519346181017	-0.6734352464970416	
7.043126605406173	-2.2934591383457006	-2.5611842453874343	1.4891455322414595	-6.183303754408436	-0.6155691277234742	
8.305971832866586	-2.1206321529935153	-2.212717856913694	1.5175619571155712	-6.4340455996192745	-0.5480925117034218	
9.627804795231002	-1.8898439502108528	-1.7160467321515378	1.5436535800919937	-6.652288851454896	-0.4727779593324694	
10.987680353899723	-1.5943286355234065	-1.063308368632241	1.565704883429829	-6.8324442807178425	-0.3916704428676178	
12.361672597036401	-1.2300387455587563	-0.2521012560046166	1.5815191891931046	-6.968688540754372	-0.3070074122349245	
13.723394043316516	-0.7966397230272851	0.713485136465185	1.5886118301977137	-7.0552170614994765	-0.22113420087459715	
15.044797060174197	-0.29836694517862145	1.8220730632038336	1.5844347936943934	-7.086520708426789	-0.13641528466462136	
16.297292646371528	0.2553072125919942	3.0544670434077488	1.5666312700576508	-7.057688341857437	-0.05514239791256303	
17.45313282245827	0.8495235343890201	4.383763383355801	1.5332944232363708	-6.9646963386442025	0.020550652871591864	
18.486817223926064	1.4644060297935564	5.775977365603208	1.4831993755661903	-6.804668119320022	0.08875933144835407	
19.37641509240655	2.075857224966564	7.191043133291959	1.4160008328352658	-6.576106818255499	0.14786761548379013	
20.10478948733707	2.6568392789873365	8.584242314071922	1.332389458708975	-6.279111130853153	0.19659774234958796	
20.66070658920488	3.1791890492564865	9.9081044941029	1.2341957765827092	-5.91558341628725	0.2340523566980776	
21.03910272444896	3.6153915470753417	11.114336091795506	1.1243366765485303	-5.489229479487395	0.25970985606735497	
21.24234501410965	3.941901034307022	12.157362707085401	1.0068178401820667	-5.005881637931336	0.27347999461438177	
21.277730075296	4.138668122949519	12.99442588277333	0.8863060617690419	-4.472775138909362	0.2755537621140759	
