19.84429684241085	1.0556020918253792	11.079106405045884	0.7619528110617	-3.5531749314797523	0.16235477910237	
19.53503118942686	1.1610609055843872	11.48006705536973	0.790450821787136	-2.9970292062589725	0.1475327715723295	
19.1355962839906	1.2408652200091703	11.635928807921182	0.8150771782735188	-2.424974367253003	0.12559530963623075	
18.66956389225125	1.2971051383827312	11.542555555689068	0.8335114918179406	-1.8482429363225696	0.09753256049217698	
18.15941614891774	1.3335143425338711	11.206616546715665	0.8435357835224102	-1.2780910679810995	0.06434376108090137	
17.62520917427592	1.3556540451231323	10.649545753555728	0.8431353502513179	-0.7254993890049654	0.02701546912393073	
17.083477804380124	1.3697863875047365	9.90467752081153	0.8305969214450507	-0.20067643347267444	-0.013513693232674658	
16.54659840336477	1.3820900807193084	9.015735427409046	0.8046519736764647	0.2873146857036253	-0.056360478872450735	
16.02263170481892	1.3977145370161832	8.033180930285722	0.7646435432184793	0.7308859808628418	-0.10068497145394047	
15.515621404082722	1.4200716820023198	7.0098156258278985	0.7106855930214142	1.124130399835572	-0.14565780107092582	
15.026193566102977	1.4504489607320985	5.99613440656733	0.6437789363159573	1.4629221020165053	-0.19041884311434504	
14.55243303931142	1.4880107072989572	5.035976183066121	0.5658388116273874	1.7449140043832303	-0.23403988104830672	
14.090993962698883	1.5302110644816707	4.163141093000139	0.4795991010506519	1.9694538610714385	-0.27550413936558293	
13.638386526405945	1.5735704229142127	3.3995584621625072	0.3883667585509648	2.1374559835408773	-0.313716304518602	
13.192182503688542	1.6146037506826596	2.755511265242089	0.2956496938240698	2.251244386990818	-0.34755134406178645	
12.751824512491165	1.6505798835773844	2.231157041179796	0.20476452298247128	2.314406040910457	-0.375930820657191	
12.31895539648038	1.679965244153349	1.8187042629447365	0.11849527250900463	2.3316289946491393	-0.3979119438604356	
11.897282738999557	1.7024913530908063	1.5048205701969455	0.038857527101674144	2.3085024574963677	-0.41277382913377136	
11.492074976022263	1.7188647850364212	1.2729532381445943	-0.032997108145259246	2.251267932697636	-0.4200871519129431	
11.109418190796589	1.7302263261790443	1.1053929456604428	-0.09670851533753125	2.1665187393191316	-0.4197497684427204	
10.755434289750983	1.7376039785606492	0.9848853596838104	-0.15250053032852598	2.060888836567486	-0.41198209321451856	
10.435601531343405	1.7415384744324771	0.8958005680541125	-0.20091451724396497	1.9407651639316499	-0.3972951384031553	
10.154235998049788	1.741943760496765	0.8249248969288393	-0.2425358652050948	1.8120403159629124	-0.37643844733800275	
9.914167728518208	1.7382107503903557	0.7619103789635249	-0.2777649494163153	1.6799222097384583	-0.3503365572720381	
9.716608589393473	1.729509767670959	0.6994190660906998	-0.30667884963113734	1.5488100237383802	-0.3200219175555695	
9.561213658062487	1.7151756438634993	0.6329469152141953	-0.3290250364860628	1.4222571403918343	-0.28657296317732706	
9.446254299123687	1.6950326672431175	0.5604647375793954	-0.3443265358387084	1.3029943517273592	-0.25106619205696107	
9.368857410214428	1.6695897030137665	0.48194741911858274	-0.35205716555700156	1.192993946297961	-0.2145407244429715	
9.325280778218056	1.6400708123942418	0.39883991028684335	-0.3518449879039307	1.0935621000446554	-0.17797294999760982	
9.311194051432249	1.6082792807534294	0.3135137576148266	-0.34366176617249616	1.005444193317536	-0.1422577261868404	
9.321946349035501	1.5763276371115849	0.22876104728076105	-0.32794926961123744	0.9289357187160276	-0.10819356769705966	
9.352794882817967	1.5463356613321186	0.14739481198558477	-0.30564847731362454	0.8639846886534934	-0.07647080329927027	
9.39909219695294	1.5201799601166157	0.0719713686895131	-0.27814864935991646	0.810274319701243	-0.04766051938510131	
9.45644398101573	1.499325729159081	0.004619154449138426	-0.2471757991725469	0.7672894964500855	-0.022204911948569585	
9.520844015367636	1.4847510863479023	-0.053039370953999215	-0.21464519506854254	0.7343682759158209	-0.0004097413915960537	
9.588793520365984	1.4769516826478453	-0.09989229734675271	-0.18250331148245802	0.7107413427558313	0.017560287319376672	
9.657390287046955	1.4759996574292606	-0.1352852208074986	-0.1525891353180289	0.6955644950124057	0.0316787217981997	
9.724386468310165	1.481604971201638	-0.1589508502803788	-0.12653349467547428	0.6879458149956703	0.04204856239906208	
9.788213181569285	1.4931564184007173	-0.1709413022724967	-0.1056929272778784	0.6869709738117891	0.04888787828559424	
9.847966856576987	1.5097383234582928	-0.17157129564250073	-0.09111306116628203	0.6917283412772179	0.05251011975249045	
9.903357592201466	1.530127771461153	-0.16137674364254126	-0.0835128357519727	0.7013345999722129	0.05330048292495371	
9.95461519076429	1.5527931284168544	-0.14108542202429378	-0.08328377200663163	0.7149602131233814	0.05168957737246885	
10.002366346529904	1.5759161327034228	-0.11159491889715341	-0.09049944195249317	0.7318517855835641	0.048128255228610924	
10.047511211816657	1.5974373558646862	-0.07395495508755515	-0.10492696860119703	0.7513513267324303	0.04306652890806194	
10.09111041851418	1.6151210933328135	-0.029348188922056546	-0.12604248737437765	0.7729123388311451	0.03693684479317983	
10.134294222173924	1.6266312576595325	0.020932890691805848	-0.15305130405279757	0.7961129110073727	0.03014186917639325	
10.178201416742906	1.629611540349322	0.0755129111186353	-0.18491321475474048	0.8206667214148772	0.02304610007137311	
10.2239505812426	1.6217691721023575	0.1329607208403924	-0.22037740345880086	0.8464292799583364	0.015971051876456106	
10.272635636944596	1.6009697670636809	0.1918087553731411	-0.2580217786983095	0.873400941728737	0.009192238196325806	
10.32533365916745	1.5653546848854387	0.25056245636075225	-0.2962969926144678	0.9017269665928135	0.0029369822067577328	
10.383116750590258	1.5134846146858993	0.30769887523525596	-0.33357693566926205	0.9316937313269316	-0.002616918126792756	
10.4470623340508	1.4445104404581512	0.36165377993058434	-0.3682174909339361	0.9637209504777916	-0.007341600562094224	
10.51825956734193	1.3583574184145204	0.4107980487723025	-0.39862649874905864	0.9983478712056401	-0.01115769377911201	
10.597813704706763	1.2558813506755702	0.4534115952201844	-0.4233415071612577	1.036212340776589	-0.014030350777989269	
10.686852092398501	1.1389794284858108	0.4876658458413507	-0.4411127864449305	1.0780249120091108	-0.015963915847257388	
10.786533991415183	1.0106309819392145	0.5116245284954305	-0.4509884998186586	1.1245370325362904	-0.016995310590160614	
10.89806534770637	0.8748512575033294	0.5232682783305234	-0.45239748310121575	1.1765033336152646	-0.0171864474311126	
11.022718928760657	0.7365487668308527	0.520543810597401	-0.4452269151464954	1.2346375476927571	-0.01661585504921864	
11.16185466022515	0.6012787090114271	0.5014273226077274	-0.42987850587982207	1.2995654470556712	-0.015369626165463706	
11.316930615312266	0.4749474624174186	0.4639828734990391	-0.4073029809262849	1.3717805970246133	-0.013532817829655389	
11.489493483417865	0.36350002314670654	0.40640915811098544	-0.37901579478118097	1.4516063163818396	-0.011181756957317554	
11.681137800582931	0.27260735807565395	0.3270771508504089	-0.34709186603420533	1.5391675915761098	-0.00837755655806453	
11.893424748116612	0.2073639997865288	0.22456992552060603	-0.3141391151715434	1.6343749806986239	-0.005160935202265261	
12.127753982281162	0.17200672538255737	0.09774506990996637	-0.28324138397491905	1.7369235640849452	-0.0015483718884642646	
12.385202629838131	0.16969156655301457	-0.054163205792951946	-0.25786110658031053	1.8463078248621674	0.0024702029705066324	
12.666343991809034	0.20233132650797303	-0.23139126301897883	-0.2417092178284528	1.9618441452611057	0.006932714164380101	
12.971051373451914	0.2705008545743951	-0.4334471760723352	-0.2385802079720205	2.0826983040534666	0.011905071343543669	
13.298288413371536	0.37340879885918177	-0.6588775673164166	-0.2521558456960065	2.2079147170958895	0.017479918738233166	
13.645874521242021	0.5089202646684865	-0.905011636476289	-0.2857785319595144	2.3364440292513375	0.023773774575001214	
14.01024730799346	0.6736349381215172	-1.1677439843751865	-0.34221269758416556	2.4671664783346694	0.030921819783719523	
14.386233682334154	0.8629861850859617	-1.4413976093527319	-0.42341330527148624	2.598905688349507	0.039070618872362683	
14.766845097297086	1.0713526685151546	-1.7186913583279375	-0.5303048358419645	2.7304307176746954	0.04836867991621697	
15.143133865061353	1.2921953201197518	-1.990844598255947	-0.6625809213734998	2.8604449066115345	0.05895460141419932	
15.50414342183533	1.5182318221495912	-2.247841182221539	-0.8185300232101678	2.98755943093059	0.07094254496328768	
15.83701616439824	1.7416769745143807	-2.4788892356219283	-0.9949085150568271	3.1102499786308497	0.08440490853105369	
16.127322394580865	1.9545605429043806	-2.673065128745556	-1.1869092157436032	3.2268023034826454	0.09935427162305498	
16.359571232814435	2.1490990955953198	-2.820074574992988	-1.3882188834910165	3.3352525370712183	0.11572581218352167	
16.51788976920632	2.3181016554712164	-2.9110846154067	-1.5911886272662126	3.4333317387977154	0.13336188985300496	
16.586828241652142	2.455371093558547	-2.9395531335959864	-1.7871322282909925	3.5184258762169005	0.15200048733669283	
16.55224673184308	2.5560598027864923	-2.901979704423765	-1.9667656399542626	3.5875633428146787	0.1712685678192903	
16.40216316565368	2.6168861473484086	-2.798377560382277	-2.1207842182422807	3.6374524459183526	0.19068378712216455	
16.127465337041862	2.6361801528479525	-2.6323738693870773	-2.2404932028900224	3.664569831402073	0.20966428413412386	
15.722500868218853	2.6137954144391613	-2.4109744369842336	-2.318432169670219	3.6652913876703246	0.22754707930421256	
15.185551582982395	2.5509294398100453	-2.1440384368979695	-2.3489398695890187	3.6360570729509307	0.24361745487711006	
14.519219744508305	2.4499136009103073	-1.8435551159189543	-2.3286144271707765	3.5735589253020197	0.2571510608775121	
13.73071389577582	2.314025738635599	-1.5228132975195319	-2.256612182841967	3.4749410251087314	0.26746984130279977	
12.831912750555047	2.1473344324907777	-1.195569154397754	-2.1347004566507524	3.3379854770834787	0.27400325809202003	
11.839218838613796	1.95455810305309	-0.875282592848484	-1.9671125342575855	3.161284271521481	0.27634426505886067	
10.77311460670378	1.7409096777610487	-0.5744155432818647	-1.7602132585655057	2.9443939206593384	0.27429147194279213	
9.657367717809818	1.511931616876688	-0.3038112714062116	-1.5219998048082386	2.687963587548969	0.26786967777342724	
8.517861645200814	1.2733493421258715	-0.07217222549099864	-1.2614758612849342	2.3938266688232908	0.25732320000060466	
7.381101351831998	1.0309746481353101	0.11426750364704293	-0.9879596121073251	2.0650045628034155	0.2430759466113131	
6.272706498235927	0.7906391558737388	0.2518257780969377	-0.7104540901796738	1.7056030636066353	0.225670896300579	
5.2161097104334555	0.5581016101637647	0.33921992095578163	-0.437129702373876	1.3206068329923168	0.20570482676211083	
4.231597295938677	0.3389009132710617	0.3771848989770643	-0.17493924024428809	0.9155792726075822	0.18376857100865987	
3.3357746392139602	0.1381546883366785	0.36791886038631	0.07062756369254304	0.4962949804075607	0.16040098067120553	
2.541491587611323	-0.03966277976033879	0.3144572834506997	0.29564868885973383	0.06834550629996688	0.13606130060476768	
1.8582002916392464	-0.19089570045829354	0.22015150090643326	0.49772520056511216	-0.3632006982479352	0.11112254551352566	
1.2924962578040704	-0.31283133579727873	0.08837281251498981	0.6758537528691954	-0.7940399266170625	0.08588146989234807	
0.8487259669254648	-0.4037860431224616	-0.07756344957248659	0.8302393537214419	-1.2207705908784297	0.06058173347108274	
0.5295729050150562	-0.463162518551439	-0.27428302394554344	0.9620687057711943	-1.6409279124506675	0.03544625029531586	
0.3365587267371869	-0.49148790800282705	-0.4980932964141125	1.073263860785369	-2.0529306323443772	0.010713673283206642	
0.2704439273939408	-0.49040168969131026	-0.7446519011872894	1.1662247757189141	-2.4559459772802095	-0.01332950184442394	
0.331511937403351	-0.462576497434201	-1.0086412811196108	1.243593938836141	-2.8497114079621713	-0.0363299025788978	
0.5197546272837842	-0.411568055437894	-1.28347403778844	1.30805495428828	-3.234340050288208	-0.057862782946375466	
0.8349723303441613	-0.3415829996886604	-1.561044216297293	1.3621664608483282	-3.6101163437434405	-0.07744141892884783	
1.2767832624879498	-0.2571659256483969	-1.8315297936716068	1.4082336989688353	-3.9772885763935126	-0.09453811297243452	
1.844521033663479	-0.1628082005684894	-2.083259428271369	1.4482169745728173	-4.3358596562553	-0.10861368432376518	
2.537004539425506	-0.06252269015197814	-2.302707392416804	1.4836808237795132	-4.6853937768443465	-0.11914984237719572	
3.3521781318695107	0.04056144074795446	-2.4746176070482293	1.5157682805489343	-5.024846768391573	-0.12567986970636424	
4.2866322438257916	0.14454783018680087	-2.5822948016537923	1.545192520271686	-5.35242577145829	-0.12781672963860308	
5.3350277382074935	0.24902401056816909	-2.6080936809867783	1.572242003016187	-5.665487845013201	-0.12527807226424256	
6.489440214407595	0.3551785492469339	-2.5341390946116897	1.596795178373552	-5.9604829463385665	-0.11790903708718879	
7.73872879469973	0.46571024317628534	-2.3432931499419833	1.618351079884552	-6.232966641165263	-0.10570115697196848	
9.068045720428964	0.5845191828974929	-2.0202802793988	1.6360735630486913	-6.477682306960868	-0.08880683477760716	
10.45852817568319	0.716214118517705	-1.5529145415971175	1.6488446873233846	-6.688697326832411	-0.06755088882357216	
11.887252165966181	0.8654573254247404	-0.9333676654992161	1.6553291975225544	-6.859592691652824	-0.04243812636695746	
13.327507294197888	1.0361892591557886	-0.15941717480599937	1.6540504952763893	-6.98370083280434	-0.014156591481906863	
14.749476499175577	1.230788860556632	0.7643996776601213	1.6434820904053182	-7.054392665850066	0.01642491530072554	
16.12138226440016	1.4493376727001277	1.826008310346927	1.6221555431273533	-7.065397039826008	0.04827065827604155	
17.410929354934403	1.6890843412441532	3.0053825574134905	1.5887799400749085	-7.011134227925378	0.08020189217063044	
18.586958212973382	1.944170381275248	4.274546610972059	1.5423696290306501	-6.887063779966271	0.11093346047456	
19.621170928082094	2.2056618564531085	5.598028707112656	1.4823696837809028	-6.6900318533895025	0.13912312553752826	
20.489839599868052	2.461919933914546	6.933792736879982	1.4087705939401092	-6.418619425986362	0.16343434721758976	
21.175354627940674	2.6994055137064055	8.234863929620657	1.3221934201580812	-6.073469900584028	0.1826143426623736	
21.66685057700985	2.903609292403108	9.451186626368365	1.2238921025702405	-5.65737832326336	0.19555376512731704	
21.961781737291815	3.0607178817148544	10.532934743699998	1.1158119455870166	-5.175734970547516	0.2014062358988426	
22.06370191820291	3.1580952511587816	11.43188313712323	1.0003750810595124	-4.6358248115802585	0.1995484186650782	
