22.18238973246614	3.914734775823201	12.322554434475284	0.3583208346514104	-4.387414940246802	0.034719378167902	
21.938040837495375	3.5920738537306276	12.85695842529263	0.20580183572807828	-3.778182628991324	0.04250494257669811	
21.546547538987557	3.1461497785489536	13.109610719625941	0.07549295138595151	-3.141940883410994	0.042088914734665535	
21.036142615139404	2.5953612934964974	13.070218063894156	-0.026218048863826088	-2.4916486630776937	0.03383198042862832	
20.435563920124284	1.9646263532575954	12.740520058764368	-0.09413728337213517	-1.840497480654884	0.018207156883922698	
19.773154691383294	1.2872510875889032	12.13999426676973	-0.12510299861118523	-1.2016742420557887	-0.004207662112734206	
19.074819258887636	0.6011522869155267	11.303004125700754	-0.11819249008385635	-0.587684865844497	-0.0328476251271397	
18.36285498011599	-0.05356961951662609	10.277673969811335	-0.07499109143465442	-0.009859643389846733	-0.06718359843268959	
17.6551240856251	-0.6380684698254601	9.122032724624498	0.0004964101005142238	0.5220966838389517	-0.10670110670254192	
16.964689695847	-1.1179446766663632	7.899262464761278	0.10215360889436166	1.0004192100180438	-0.15082690307068888	
16.299833595397924	-1.466042914898261	6.672407160874477	0.22223717961041176	1.4194650650206608	-0.19882491229779573	
15.664447400470149	-1.664685606621112	5.49894902399472	0.35200235031585886	1.7757620579014326	-0.24968345202135378	
15.058837025813236	-1.707104915573162	4.425891569723264	0.4824143865637042	2.0679332375985786	-0.3020176626482418	
14.48100479998153	-1.597497378270865	3.48674674298109	0.6048335841256487	2.2964860324693355	-0.3540386713111122	
13.928061515483854	-1.350007025191495	2.7007328787199856	0.7115516949187444	2.463584134321273	-0.4036035386241055	
13.39750922583021	-0.9869861379651548	2.0736358180877454	0.7961806704463078	2.572831151385875	-0.44833780815809027	
12.888208526390947	-0.5367476151195727	1.5998872985513872	0.8538990182325742	2.6290561859559887	-0.4858205937228874	
12.400869736197016	-0.031050863196390464	1.2653058212112214	0.881579072080231	2.6380840812212294	-0.5138197493258257	
11.937974801469048	0.4974094893467022	1.0500683235721469	0.8777816750622478	2.6064445188663976	-0.5305323788353072	
11.503344690212208	1.017132744221669	0.9312839331696435	0.8426961079821156	2.5410609642692927	-0.534778583720749	
11.101532914637328	1.4995895438791185	0.8851308113686472	0.7780664190833104	2.448942443341369	-0.5261325731848564	
10.737139563787402	1.9206782175895154	0.8885901387621608	0.6871014541199654	2.3368917014810737	-0.504977605927878	
10.41412573267055	2.2619137882487332	0.9207994023122944	0.5743646567379292	2.2112424983351056	-0.47247786838341577	
10.13527092009736	2.511169980747789	0.9639579426269866	0.445578454869952	2.0776631128160754	-0.4304485588419414	
9.901867078226267	2.6629703611652826	1.0038281843315746	0.3073423850284129	1.9410410260308453	-0.3811681026153139	
9.713608751050982	2.7184124452288367	1.0299618671775972	0.16677474060095784	1.8054288974481207	-0.32716879901427176	
9.568652014232828	2.6846927562612612	1.0356814830310994	0.031080913028668267	1.674044118968102	-0.27102284580718106	
9.463805320759668	2.5742426683935475	1.017857578826973	-0.09294202022989302	1.5493075321686247	-0.21514071105099788	
9.39484175495882	2.4033868714013207	0.9764275646517186	-0.19940799264085923	1.43292559173085	-0.16161045348291603	
9.356856311647363	2.1907842053158286	0.9137661295645767	-0.2837570763184162	1.3259908355060848	-0.11209932186167748	
9.344621455415686	1.9558549095095026	0.8340077469076879	-0.3430601378118017	1.2290830509652126	-0.06780609420450026	
9.352926525316882	1.7172772828100442	0.7423462399830131	-0.3761892327071333	1.1423722242199807	-0.029458316559677268	
9.376882192926026	1.4916450560847045	0.6443579150747721	-0.3838450681816855	1.0657186301611903	0.0026540403455346698	
9.412153083992958	1.292464445789777	0.5454105696219557	-0.3683944674271597	0.9987699789391503	0.028608947563901897	
9.455091873291504	1.1296108230721817	0.45024086891019127	-0.33356277667793305	0.9410427056470733	0.048766114377992255	
9.502801319943375	1.0091360887979293	0.36268149104757014	-0.2840597807064017	0.8919837485672857	0.06368141309431805	
9.55313675796478	0.9333948934103108	0.2855188239719786	-0.22516126506092102	0.8510162755968433	0.07402482002261149	
9.604664359166003	0.9014398779572343	0.22046474141552488	-0.1622760354385925	0.8175706854955836	0.08050667326583262	
9.656575826341355	0.9096886837751393	0.1682501248557173	-0.10053808308728863	0.7911027483268207	0.08381709981805646	
9.708579391182314	0.9527039379615674	0.12880718137929925	-0.04449415406233952	0.7711019838235288	0.08458549499976915	
9.760792321673172	1.0239099532309681	0.10148024132345283	0.002109210956253114	0.7570954807862518	0.08335699311124564	
9.81363463150592	1.1162047696484327	0.08524598071312511	0.03644551425287122	0.7486497020819496	0.0805825936179187	
9.867727493160979	1.2224181104674656	0.0789195577289424	0.05664578703784817	0.7453721738553272	0.07662019719842997	
9.92379516310515	1.3355821896260462	0.08132282816170204	0.06175390322236597	0.7469136888013356	0.07174528862334312	
9.982578488643776	1.4490268153289272	0.09138591647578709	0.051623709292590456	0.752970725619803	0.0661678694449574	
10.044766505743905	1.556382950794539	0.10818475708709689	0.026808163261141285	0.7632888821871077	0.06005071729323268	
10.110948970814894	1.651557133206877	0.13092436726054668	-0.011552368910286971	0.7776671267691251	0.05352811754503784	
10.181595745261987	1.7287289014008382	0.15887547151523274	-0.06183178300300529	0.7959634350980441	0.04672380351735226	
10.25707321949449	1.7824230215000005	0.19127531389515498	-0.12200962962113453	0.8181018169101145	0.03976678938649564	
10.337697118329201	1.8076741769245577	0.2272218484226942	-0.18975413901532545	0.8440791815938317	0.032802597654328296	
10.42380358347279	1.8002746334823456	0.26557926828532	-0.26249502372971706	0.8739724938996072	0.02599966389564255	
10.515826671785485	1.7570822475443217	0.3049001800892237	-0.33749830621252397	0.9079448570324157	0.019551311654632045	
10.614372198810047	1.676373060315937	0.3433673836677274	-0.41195067514951306	0.9462497784708548	0.013673420455607432	
10.720275857318772	1.5582011711714556	0.37876236464816077	-0.4830640280330678	0.9892314701856053	0.008597475363015403	
10.8346292241504	1.4046559343424532	0.4084761088993091	-0.5481972400696815	1.037317513543675	0.004559586126149116	
10.958778747919265	1.220010530069105	0.4295540780383071	-0.6049877217297313	1.0910049961668997	0.0017872205433288333	
11.094300185765672	1.0107309909775628	0.43877680079779335	-0.651487883714171	1.1508386208958237	0.0004843535766012541	
11.242951699866122	0.7853253529384484	0.43277471166271814	-0.6863014231437168	1.2173798696925664	0.0008157938305563415	
11.406607772781623	0.5539897277081843	0.4081762336859374	-0.7087099586823414	1.2911657568388981	0.0028918802234038487	
11.587180809036097	0.3280347913580447	0.3617683028981071	-0.718754575346014	1.372662172067126	0.006757395766566978	
11.786538618361165	0.11921284305311458	0.29065176168671425	-0.7172792500157722	1.462217443655115	0.012384420609360154	
12.006413461326773	-0.06101199690002455	0.19239093339810753	-0.7059323482035603	1.5600191538435375	0.019669078876217785	
12.248297177663847	-0.20220204352453403	0.06515885297008711	-0.6871242993227619	1.6660569460426315	0.02843206486175212	
12.513311181227355	-0.2956392802092512	-0.09211537297302583	-0.6639354358520048	1.780094465312851	0.03842319613351434	
12.80205892235456	-0.33481864449546855	-0.27961713506039637	-0.6399628643905944	1.9016601027156774	0.04933160560617824	
13.114457766318369	-0.3157324267204517	-0.49651744374930834	-0.6191397519633463	2.030050179484439	0.06079900941379447	
13.44955163683956	-0.2369636123487148	-0.7408432634463735	-0.6055324132381394	2.1643425807214047	0.07243610132649748	
13.805306243926292	-0.09960874900540181	-1.0093475165376926	-0.603121789898341	2.303418891316367	0.08384202066457286	
14.17838371438998	0.09293304923754622	-1.2973778957209625	-0.6155728422416149	2.4459926017850044	0.09462725609876341	
14.563953386058726	0.3352818727969085	-1.5988050394448563	-0.6460212277672812	2.5906421180883448	0.10443796378028289	
14.955536552652047	0.6203665714934616	-1.9060109097946338	-0.6968862953042974	2.735838348004213	0.11297930937874665	
15.344897972316309	0.9396635109664867	-2.209966536003716	-0.7697051816953169	2.8799646165862454	0.12003693081629489	
15.722002826340505	1.2833859836174684	-2.5004320380728147	-0.8649863907974874	3.021326430595228	0.12549506865217336	
16.075060029949846	1.6406390524766568	-2.7663246025135235	-0.9820742939407406	3.158146820164481	0.12934971527645972	
16.390735361550053	1.9996167199352504	-2.996295570453467	-1.1190619662165997	3.288546273510892	0.13170992373115273	
16.65450773988634	2.347870076759768	-3.179439905737903	-1.2727406171447584	3.410508921619675	0.13278745794924524	
16.851170776479226	2.6726816049208852	-3.306094200312342	-1.438594212259464	3.5218405258840018	0.13287480812228225	
16.965481791834485	2.961563354616646	-3.3686720385092577	-1.6108600894614284	3.620125454982545	0.13231126687003664	
16.982965796216714	3.2028960208801887	-3.3624880297981035	-1.7826805531899788	3.702691313428809	0.13143660301877755	
16.890777417637022	3.3866177829270816	-3.28633691516814	-1.9464031416634122	3.76660621051531	0.13053687182901494	
16.678490223793503	3.5048305555615973	-3.1427278590434646	-2.093990704872891	3.8087170125353733	0.1297929526611888	
16.338785884119723	3.5522692306180486	-2.93778418819837	-2.217511329400989	3.8257284461227226	0.1292375074553188	
15.868021895093047	3.5265917625207965	-2.6808164563189116	-2.309680106272071	3.814322416793668	0.12872600590443292	
15.2667034274692	3.428481502234739	-2.3836153253508425	-2.364425981811303	3.771317848989479	0.12792708219907373	
14.539752840074648	3.261486555669519	-2.059521530599943	-2.3773727838473158	3.6938551357821123	0.1263423681556452	
13.69660961195291	3.031690344623178	-1.7224914636797926	-2.3461556067192846	3.579580921237474	0.12334753787105687	
12.751163403272148	2.7472808519605727	-1.3862285844123503	-2.2705683494765885	3.4268293451385583	0.11824374665173532	
11.721440481898753	2.418039295609455	-1.0634115383596612	-2.1525240355924797	3.234791702971976	0.11031277456528531	
10.628974576736892	2.0547915679582522	-0.7650470110077764	-1.9958265221658487	3.003671980368085	0.09886908006009877	
9.497720050390132	1.6688823791553817	-0.5000497591144059	-1.8057305090463462	2.7347791757804085	0.08329951679444028	
8.352716087539541	1.2717724397730807	-0.27506812670336384	-1.5884182100252937	2.430531931159987	0.06308710444432429	
7.218722124115407	0.8747345630681054	-0.09449246750610407	-1.350488679738498	2.0943790935662028	0.03782616464804544	
6.118963975197347	0.48859843695885924	0.039361050916312396	-1.098499143382274	1.730628750285168	0.00723468365082595	
5.074123131768741	0.12348687165100922	0.12590953525249202	-0.838595277240166	1.3441899037213545	-0.028828906057316472	
4.101773926196719	-0.21148318948573552	0.16580848242450863	-0.5762750582592951	0.9402403805552861	-0.07034266587506696	
3.2162811263817304	-0.5085035115781882	0.16045715186315254	-0.31629108041243575	0.5239011964580537	-0.11709485822469869	
2.428967505628972	-0.761363931808983	0.11162207625161032	-0.06264038076753188	0.0999605034032738	-0.16865645973219745	
1.7484603695204113	-0.9657018586478301	0.021215052296100143	0.18138493087035187	-0.3273380490256464	-0.22435688188934844	
1.1811151540773532	-1.1192063689593326	-0.10874350364069002	0.41311426476975793	-0.7544342772996571	-0.28326500333903093	
0.7314686405858633	-1.2217168000997456	-0.27598273229065723	0.6303989720199815	-1.1785004665212868	-0.3441864195427756	
0.40264801311107884	-1.2751837382208364	-0.47774071388613193	0.8315263114744434	-1.5974131699727678	-0.4056841270016416	
0.19670887513254562	-1.2835235506471692	-0.7104939444912718	1.0151641418370132	-2.009686215892985	-0.4661197047481497	
0.11492991338197	-1.2523459891414703	-0.9696957221395892	1.180331837900432	-2.414373490765479	-0.5237165475205342	
0.1580668530848184	-1.1885518314959342	-1.2495399877886215	1.3263978706047364	-2.8109510414348464	-0.5766443627246167	
0.3265647084376318	-1.0997807373063038	-1.5427824190007133	1.4530932356284507	-3.199176344492383	-0.6231215817723985	
0.6206933883027411	-0.9937889175766464	-1.840634271202269	1.5605233952960005	-3.5789359789837	-0.6615167391162194	
1.0405819460178352	-0.8778382385723021	-2.132683993542058	1.6491731938439027	-3.9500907771199705	-0.6904393336608915	
1.5861403354781909	-0.7581266942491194	-2.406852681448779	1.7198949440604498	-4.312316268498965	-0.7088160011428501	
2.2568438709151457	-0.6392885491675259	-2.6493845233903475	1.7738753673153749	-4.664938304068809	-0.7159501164911701	
3.0513540321514516	-0.5240245100525199	-2.8449245585518432	1.812572174495323	-5.006772823311867	-0.7115570658183649	
3.96701943805943	-0.412938643700442	-2.9767497477578666	1.83762301663212	-5.335999196732623	-0.6957677253383976	
4.999293709840375	-0.30453058534895944	-3.027149044408415	1.8507418807797118	-5.650066735789314	-0.6691138457084446	
6.141112933116456	-0.19534364736640614	-2.9779908850342305	1.8536064380948414	-5.945641958725777	-0.6324959992414478	
7.38225882131132	-0.08026519226097381	-2.811513309069388	1.8477415732791636	-6.218600333237665	-0.5871373508660537	
8.70878576299493	0.04698900058797755	-2.511385725272492	1.834408396175864	-6.464078736951086	-0.5345222941347685	
10.102694557205337	0.19321922600760472	-2.063934853479786	1.8145225360708548	-6.67660006033974	-0.47632376208620425	
11.54183189627122	0.36498473311586876	-1.4594630898160292	1.7886033256993334	-6.85024080621702	-0.4143311802707443	
13.000079959312965	0.5677548970339679	-0.6935915165263532	1.7567560718335107	-6.978841425342759	-0.3503782702377293	
14.44788492231052	0.8049898947684858	0.2314279256851595	1.7186892269294074	-7.056257003981698	-0.2862720250388326	
15.853236416684714	1.0772037694002776	1.3055658899281335	1.6737746283592503	-7.076650407980761	-0.22372440290066217	
17.18310026352728	1.3812414652215383	2.51042833110066	1.6211574860188527	-7.034794229851681	-0.16429646889396254	
18.40509364228447	1.7098254626831022	3.8191485982751474	1.5599013857646384	-6.926371978936732	-0.10935559263196075	
19.489279259461483	2.051423579425172	5.196796399366186	1.4891611215300877	-6.74826859915018	-0.06004567420208924	
20.410009535877467	2.390507123893865	6.6013417584815235	1.4083801682119246	-6.498859702351049	-0.01726914047423226	
21.147728968601566	2.7083195573895864	7.985276068293304	1.3175063045537443	-6.178307247164038	0.018319727389508808	
21.68974748658855	2.9840019423304462	9.297597234342296	1.2171151289334146	-5.788636944239589	0.04629321999343758	
22.032205101965808	3.1967274863542228	10.487073256185862	1.1086729705280924	-5.334210426448355	0.066458704646465	
22.17743865063542	3.326480357835334	11.503512407632796	0.9942938803149752	-4.821022173148918	0.0787744578731263	
