22.357896114872982	4.493642953205209	12.987592686725836	0.7989283783571397	-3.8301326388223664	0.188191095247785	
22.02386757246177	4.35188280252373	13.29609533866314	0.623331115506671	-3.1725900348423623	0.17618752096455648	
21.565140755749734	4.076978376269192	13.308576304424207	0.4590406748821461	-2.497574682919567	0.15408173044263027	
21.007278066924194	3.685050295935364	13.031079244296624	0.3119313531364999	-1.819038868404946	0.1227219317282234	
20.374981236266596	3.1984570908220857	12.481918935240433	0.1871397323310051	-1.1508788264168728	0.08297391302413686	
19.69091296071593	2.6474352352733326	11.69644905453641	0.08849737946990013	-0.5065514660427026	0.03569849939826653	
18.974631436968735	2.0662552197183275	10.7222226120676	0.018322184680331186	0.10155057446897058	-0.01828397399963798	
18.24202794232587	1.49084427763893	9.616231402670637	-0.02278738199380993	0.6625815258421225	-0.07814431896831635	
17.505257938480003	0.9556011739786978	8.439727691026771	-0.03592053294673398	1.1676192613329035	-0.14294900489339707	
16.773045852380275	0.4906314446149692	7.2528717098585584	-0.0236864805772011	1.6098944039114353	-0.21154430829482007	
16.05129304017611	0.11953137821272519	6.109723594853017	0.010042394135960142	1.9848945230076713	-0.28245116151562705	
15.343952236984393	-0.14216251503045507	5.054081476621585	0.060442960370946056	2.2903615061168145	-0.3537978639706515	
14.654117314272494	-0.2877148449833219	4.116808613086477	0.12206837102938854	2.5262179235258966	-0.42331885860713137	
13.985093829661361	-0.3188657997889938	3.3154799697336976	0.18916316812078598	2.6944094929571367	-0.4884534828560403	
13.341083400433906	-0.2448779397091373	2.6556265309511438	0.25594101150068854	2.798724704994443	-0.5465189425705647	
12.727420418026124	-0.08121986337552907	2.132809106281504	0.3168515650211085	2.844574795402177	-0.594929103281575	
12.15038890363751	0.15201047046688723	1.735113789076572	0.36685380876284773	2.8387087388031733	-0.6314349086418973	
11.616697908765458	0.4318348581250153	1.445711978323232	0.401715894592728	2.7888496756578887	-0.6543627871824796	
11.132775536377112	0.7342417733130302	1.245259049608997	0.4183076144765556	2.7032534520114595	-0.6627886124169173	
10.704074937267084	1.0358760736348995	1.1137906981730379	0.4148495635282275	2.5902767104968514	-0.656618571417561	
10.334473747922084	1.315555989393154	1.0321838342213054	0.39109759857919835	2.457982988757126	-0.6365861110241352	
10.025832673621156	1.555599392276765	0.9832520434239351	0.348428239487627	2.3138034090897945	-0.6041691957891668	
9.777765318650355	1.742949922475886	0.9525360629267092	0.28979568545874834	2.164264728371141	-0.5614388731971623	
9.587715931974202	1.8698689710592609	0.9287250457444741	0.21948520051613812	2.014832190377543	-0.510848773653245	
9.451251578751345	1.934121162023787	0.9037508684964018	0.14271122589416818	1.869860646931093	-0.4550194812721657	
9.36246291106076	1.9387208694385356	0.8726607404959985	0.06512286677933928	1.7326156416789016	-0.39654245004485444	
9.314435682750354	1.8912347522772293	0.8332977050593448	-0.007744118088312497	1.605350992234948	-0.33781288180331936	
9.29975573429643	1.8026789998801367	0.785834021974356	-0.07102431582696399	1.489422639726344	-0.28089887570905664	
9.3110102644279	1.686057796792377	0.7321573077549943	-0.1209872221404716	1.3854397856210414	-0.22746370384280912	
9.341207273617016	1.5548972606814335	0.6752392143754449	-0.15531811417719835	1.2934207405456746	-0.1787404553162154	
9.384100387277847	1.4219659083932312	0.6185618592332381	-0.17323099748178067	1.2129362029433317	-0.13554070575172736	
9.434415872390819	1.2982483209382942	0.5656178654606281	-0.17542169410603156	1.143241695257903	-0.09829058455423237	
9.487983776763402	1.1922204086051842	0.5195044890793584	-0.16388181564470367	1.083395024883046	-0.06708542912305446	
9.541752176445355	1.1095224283885432	0.4826431742835141	-0.14157928781023696	1.0323574944565004	-0.041760396589204975	
9.593708792520902	1.0530042149827776	0.45663958220071826	-0.11208560904417568	0.9890710271947946	-0.021961765562024036	
9.642759697146518	1.022994235878586	0.4422463467417973	-0.07921249340983337	0.9525145505476009	-0.00720932462375984	
9.688576547874312	1.0177380085645613	0.43941321480394996	-0.046675514525745074	0.9217445853857357	0.0030500070766819993	
9.731430282803405	1.033936775024677	0.44740769306764916	-0.017804347057302137	0.8959231833650166	0.009398980422146909	
9.772019016205212	1.0673261975296175	0.4649971460873771	0.004668287615778296	0.8743337471421022	0.012418040883869124	
9.811314902782724	1.1131682548443038	0.4906459939775972	0.018713961354058273	0.8563865746422873	0.012665172661018383	
9.85044107159039	1.1666065462324613	0.5226898932565205	0.023042185577254022	0.841619903781165	0.010663796833866031	
9.890572229988368	1.2229019078964327	0.559479079192055	0.01707543965330172	0.8296975232107067	0.006896027974043882	
9.932857171997547	1.2775612470672788	0.5994818278949174	0.0008833965599168384	0.8204048060051083	0.0017994549997884068	
9.978361774179051	1.3263825218695813	0.6413385682725918	-0.024915036981997193	0.813642765567974	-0.004233174837627338	
10.028033319592685	1.365457855267067	0.6838657506428582	-0.059260861486554524	0.8094204760279711	-0.01085194523113916	
10.082681111632898	1.3911843228481025	0.7260278323968573	-0.10075147285272634	0.8078487529427808	-0.017747229012042797	
10.142973247972536	1.400304466757996	0.766886629895487	-0.1477273676763848	0.8091341119831296	-0.024646704462802642	
10.2094504713887	1.3899965935685086	0.8055352915005091	-0.19834855962565587	0.8135733567835423	-0.03131237620388341	
10.282559990925654	1.3580264308370107	0.841024260803691	-0.250665888126471	0.8215479372077593	-0.037537548507125776	
10.362701393680016	1.3029326995914874	0.8722967955273944	-0.30269048681711497	0.8335169754371781	-0.04314362453525958	
10.4502691310154	1.2242274451098518	0.8981435438646439	-0.3524638271305577	0.8500100354635668	-0.04797732058232762	
10.54568500749288	1.122582872825824	0.9171795828804362	-0.39813351811734743	0.8716175367765009	-0.05190771190513297	
10.649416363889543	0.9999836942387011	0.927845785025492	-0.43803784591726336	0.8989772624202266	-0.05482281542930775	
10.761979409647275	0.8598027608428949	0.9284361309722894	-0.47079968719669546	0.9327540170772974	-0.05662507470942547	
10.883936866220914	0.7067372574740939	0.9171442777160311	-0.49541392421244745	0.9736118706610826	-0.05722557396356824	
11.01590377364369	0.5466388620649278	0.8921140717093331	-0.511325668040442	1.0221816507390162	-0.05653808142994921	
11.158565696904562	0.3862404085331196	0.8514909758806247	-0.5184933918362787	1.079024957993827	-0.054473739601700225	
11.312709163493388	0.23279106609753866	0.7934735198181164	-0.5174333128812606	1.144596172964003	-0.05093755476161189	
11.479256925155303	0.09361098849882353	0.7163675599697551	-0.5092375800242126	1.2192047753509412	-0.04582846115300415	
11.659284439431415	-0.024369911345130457	0.6186424828631967	-0.4955491930196263	1.3029868567859708	-0.039044421330649115	
11.854005661134863	-0.11503017234770595	0.49899402821930644	-0.4785113126842259	1.3958850396805471	-0.03049168002051781	
12.064723068108558	-0.173414317089061	0.35641774760767075	-0.4606897462177872	1.4976373201603044	-0.020097062194864485	
12.29273899030234	-0.196008521071699	0.19029783773663939	-0.4449685565317752	1.607774924174002	-0.00782226191624099	
12.539223163951819	-0.1809051891584647	0.0005193335990423941	-0.43441487937154194	1.7256298513359047	0.0063211009689024735	
12.805047300172347	-0.12778635251786025	-0.21241158880752598	-0.4321185299223492	1.8503562055584464	0.02225964353165198	
13.090593662855294	-0.03779053956629644	-0.4472344968630643	-0.4410267636629437	1.9809572361029222	0.03985003569142185	
13.395536910778107	0.08669993695309242	-0.7017906724485011	-0.4637773404522639	2.116316548754435	0.05887468711687116	
13.718599755109453	0.2423152730708283	-0.9728708950485219	-0.5025334777973075	2.255231106775137	0.07904158190781298	
14.057278606574213	0.42495571526279746	-1.2560572911340646	-0.5588203841757735	2.39644251100736	0.09998868982668492	
14.407601701145653	0.6300105704924601	-1.5456232350313723	-0.6333917544273	2.538660443905906	0.12129491464211972	
14.763929625424312	0.8524984899003837	-1.8345044653983902	-0.7261207833023853	2.6805712722253503	0.14249479241427165	
15.118814312324234	1.087149927204935	-2.1143695044528976	-0.8359154397633853	2.820830612324082	0.1630963502363642	
15.462938303465636	1.3284522137077304	-2.375818804923464	-0.9606629255728172	2.958038458854389	0.18260163204537855	
15.785158682142743	1.570683944072579	-2.6087526222769952	-1.0972075136149881	3.090693830664771	0.20052964657611877	
16.072741874195444	1.807981231749933	-2.8029358953891483	-1.2414048362066596	3.2171347584161905	0.2164391290825914	
16.311750067067287	2.034452126186056	-2.948683634819777	-1.3882384961465717	3.335473523611945	0.22994860501241135	
16.487565289432137	2.2443385312962083	-3.037624257090818	-1.5320026096091435	3.4435362677876826	0.24075306609725744	
16.585537346163637	2.432214033245838	-3.0634886533998245	-1.6665573340194761	3.538817419954351	0.24863591190770745	
16.591742843819468	2.5931994492191794	-3.0228714469068914	-1.785666281414176	3.6184605225591877	0.2534747068878907	
16.493751223480007	2.72312771069785	-2.9157267990006477	-1.8833949032362525	3.6792915136885074	0.2552355384546532	
16.28130291237447	2.8186228242084193	-2.7455106708534505	-1.9545013429885292	3.7178995868968996	0.25395834323280053	
15.946911630132012	2.877110705491082	-2.5190006440001054	-1.9947897599120972	3.7307561093817116	0.2497371461462836	
15.48639637358978	2.896787524614629	-2.245822962931964	-2.0013997811318402	3.714364903152197	0.24269861294273737	
14.899386033346765	2.8765907163159676	-1.9377547188109123	-1.9730168007361506	3.6654390144439253	0.23298326448946655	
14.189688175471995	2.8162014649153324	-1.6078762153805777	-1.9099363813541161	3.5810826413271637	0.22073386175448245	
13.365503959409846	2.7160858585022005	-1.2697557042921384	-1.814001620608143	3.4589591863206506	0.20609115468210878	
12.439467419664684	2.577549804007818	-0.9367010133575076	-1.6884447347093559	3.2974495347829693	0.18919244693582501	
11.42842682892846	2.4027862194443452	-0.6210853407982848	-1.5376359709941034	3.0957982396136057	0.170169038218631	
10.352907315889691	2.1949132385702295	-0.3337521304254144	-1.3667501787476577	2.8542513381264984	0.14913841498193645	
9.236124225218896	1.9579935959283616	-0.08357807818492226	-1.181361135852015	2.574144470839622	0.12618880404290325	
8.102753232138285	1.6970465010381457	0.12277232039815691	-0.9870472060073452	2.2579185768156997	0.10136015726977775	
6.977660095969058	1.4180337135126262	0.2809307771678411	-0.7890470375249214	1.9090617871459576	0.07462791557340488	
5.884703825209087	1.127780142570509	0.388731916897346	-0.5919816329203139	1.5319644834163537	0.045895431769050046	
4.8457215704815715	0.8337958000658244	0.4459396485808802	-0.39965403671293354	1.1316853276029115	0.015000536432708825	
3.8798693567531353	0.5439714698494735	0.4537702079218158	-0.21495804441627597	0.7136299398756981	-0.01825832855922892	
3.00336567206278	0.26622229990177876	0.41436714924107265	-0.039888740905147956	0.28321568817056564	-0.054082523837549676	
2.2294971254534954	0.00813581793510261	0.3303720274276667	0.12438445198758408	-0.1544296564584758	-0.09262746963491729	
1.5688174975508	-0.22335876544221228	0.204645213343022	0.2773943748417411	-0.5947152096426264	-0.1339546521346149	
1.0294538220156393	-0.4222974421122584	0.04018513976454945	0.41921946523451137	-1.0337653828276852	-0.17798415311195806	
0.6174780884580635	-0.5839428277567759	-0.15974781071075583	0.5503038904144496	-1.4685012915060274	-0.22445612635670514	
0.337257821638649	-0.7049706650398875	-0.3913865771048715	0.6712897349052295	-1.8966280778068394	-0.27291110451094025	
0.19173591562406447	-0.7835924664080424	-0.6501746255302381	0.7828802604232309	-2.3165681967272467	-0.322688470221505	
0.1826621212564723	-0.8195956456554734	-0.9304913294718702	0.8857348993393911	-2.727351398824552	-0.3729441858354272	
0.31077454230095125	-0.8142937716461434	-1.225405230110106	0.9803988932538619	-3.1284734673094623	-0.4226866131906599	
0.5759425738950689	-0.7703477249862183	-1.526487220327765	1.067271203996718	-3.5197241621256254	-0.4708294196794597	
0.9772542237686436	-0.6914740139229	-1.8237013783221636	1.14660566932038	-3.901002291126943	-0.5162500148264422	
1.5130154662780189	-0.5821070095252212	-2.1053380748473036	1.2185279044744093	-4.27213104664111	-0.5578441311717075	
2.180655254403437	-0.4470305944315213	-2.3580100582723524	1.2830591992943536	-4.632673216513635	-0.5945750434648437	
2.9765107801773043	-0.2910016815545609	-2.5667295223086315	1.3401399273460584	-4.981747870733519	-0.6255166914965035	
3.8954805762197338	-0.11839321211121227	-2.715135906101437	1.3896471281358052	-5.317861505775554	-0.6498894183007281	
4.930603205177027	0.06708390768971204	-2.7859186141672856	1.431403434631447	-5.63878653957953	-0.6670854855642102	
6.07258761601432	0.2625691456628654	-2.7614003756566525	1.4651784647278387	-5.941483160606883	-0.6766893415280845	
7.309346970865734	0.46614087424234496	-2.6242933750217055	1.4906869901901523	-6.222071876663011	-0.67849290926123	
8.625568357297459	0.6767904450750591	-2.358642808545739	1.5075874120260881	-6.475860456827959	-0.6725069288719877	
10.002408447407547	0.8942422187336111	-1.9509696064174178	1.5154859974198565	-6.697442965359558	-0.6589660931270562	
11.417475056572398	1.1186055542926356	-1.3914589777736974	1.5139511341995116	-6.88087844101969	-0.6383232541053944	
12.84505660045849	1.349911649435384	-0.6751507205199342	1.5025358313526558	-7.019916859709369	-0.6112387496220854	
14.256649517251713	1.5875621070300199	0.19693465774251104	1.4808086476363753	-7.108269834418525	-0.5785638881572394	
15.621814862736535	1.8297228450776968	1.216782120455099	1.4483945071621074	-7.139921341614785	-0.5413190577013383	
16.909429882179182	2.0727252051279796	2.36861015797123	1.4050297927566135	-7.10947486777108	-0.5006646438891605	
18.089218359144994	2.3106495992905054	3.628676177585965	1.3506304724696205	-7.012486356890876	-0.4578624091927626	
19.13335820857493	2.535143532752221	4.965532091776196	1.2853739471010837	-6.84577539649431	-0.4142306656626593	
20.01805073146962	2.7355051315653682	6.34075140687168	1.2097887566326782	-6.6077021779777265	-0.37109253325120334	
20.725001141513616	2.8990977309694212	7.710167299054422	1.1248499733644561	-6.298415437387769	-0.32971615939941673	
21.242744760488197	3.012202395213709	9.02572653470897	1.0320743702687398	-5.920070601152189	-0.2912464193334426	
21.56697104399246	3.0609937658674955	10.237494793920014	0.9335462104839992	-5.476810393672519	-0.25665969312363096	
21.70185271038017	3.033675521851765	11.297211327358369	0.8320151915088907	-4.975063106110248	-0.22667874188000753	
21.657322454328845	2.9205089356645257	12.158951036265016	0.7306798707179822	-4.42279498450587	-0.2018386769860352	
