22.285615230643163	3.92165178877842	13.863175184118516	0.8929149803481488	-4.058234403110644	-0.0081928167237742	
22.031244802590756	3.6374732982283517	14.320342931639622	0.7961284627319903	-3.432318139880049	-0.012052290913929132	
21.643227514722973	3.243025907542147	14.48523977603132	0.7127875801235505	-2.786969167899086	-0.02281662531469847	
21.14769066260625	2.7570983445031025	14.356589291720683	0.6463686781501493	-2.13521191353874	-0.04017539642579751	
20.57072273422267	2.203598069278343	13.94414441666834	0.5995116664283727	-1.4900349532921142	-0.06377729049447357	
19.937486538334944	1.6133304369093469	13.274416602395203	0.5734227706866702	-0.8640718477425424	-0.09323209548528967	
19.270500158964776	1.020333439870007	12.386762084109787	0.5678378397490346	-0.26898837608686355	-0.128161024415896	
18.58864723716954	0.45953991774270514	11.331455816174289	0.5809426426233115	0.2849783371853886	-0.1681761840953395	
17.90662064445399	-0.036177963746977265	10.165507412098345	0.609546204610762	0.7893635051310612	-0.21282061638880234	
17.23475369427843	-0.43867469218519567	8.948062138508174	0.6493659689617037	1.237697042252904	-0.2614791804076043	
16.57922589209576	-0.7267817272491883	7.735664380252302	0.6954015024077564	1.625604117911353	-0.31327658327982866	
15.942632056003491	-0.8881096782168142	6.577540636607872	0.7423804414512686	1.9508021798717023	-0.3669779607179215	
15.325054622043428	-0.9197394650838793	5.512126636300765	0.7852099452559239	2.2129440321803977	-0.42093972772742894	
14.725362473438803	-0.8277638499599943	4.5656766224659036	0.8193191970755034	2.413397495680373	-0.47314173429082734	
14.142445152176203	-0.6261565553854811	3.752376663255226	0.8408921131405586	2.5550361719671244	-0.521288405088926	
13.576249322914787	-0.33510225235971763	3.0756362224001537	0.8470046545728381	2.6420303630107633	-0.5629741835818947	
13.02842396898425	0.021051299803315108	2.5301788200018422	0.8356829256287677	2.6796303075190404	-0.5959108453231277	
12.502350185994176	0.4159787003207309	2.104558638405016	0.8058808446146716	2.673887282112672	-0.618167730469833	
12.002779452580393	0.8232449617157815	1.7833443616779414	0.7574523382999268	2.6313612929951553	-0.628368699883676	
11.535271539351879	1.2179104612621952	1.5489857096651607	0.6911378501620414	2.5588246848092404	-0.6258344046586966	
11.105517682455993	1.5779237005955928	1.3833943635909944	0.6085683978789603	2.4629668794559683	-0.6106609246252919	
10.718633103390053	1.8852933699033316	1.2692201837596047	0.5122696397089541	2.350117434973059	-0.5837105704684353	
10.378607392322092	2.1268317923207993	1.1907092763617086	0.40560340502719766	2.226043569526386	-0.5464997237305513	
10.087952777239307	2.2946089147997495	1.13425609467078	0.2926506248725663	2.0958188199597942	-0.5010450735298848	
9.847522736033653	2.386121397937032	1.0887474207149437	0.1780206041568324	1.9637511902087945	-0.44968229361222456	
9.656480103382437	2.4041824459283228	1.0457523250244434	0.0665748263209794	1.8333608351703239	-0.39486935486654473	
9.51243748089055	2.3563361537455667	0.9994988079739814	-0.0369372766258942	1.7074187176736904	-0.3389941643442158	
9.411713486853307	2.2538733148340504	0.9466582793307198	-0.12824861047445715	1.5880233897482907	-0.28422609390957193	
9.349626422311916	2.110688263517011	0.8860462884899164	-0.20390671304883923	1.4766805727741061	-0.23241073660785874	
9.320824512460364	1.9420022090038933	0.8182379612663518	-0.2615486752380361	1.3743866579077635	-0.18500261169705665	
9.31964373137834	1.7630068464027828	0.7451153084599345	-0.3000990265268862	1.2817104198040188	-0.14303264080976863	
9.340458225108067	1.5876366048447401	0.6693635375817073	-0.319801868186237	1.1988802989514356	-0.10712372110344236	
9.377957045481763	1.427681606573311	0.594038579552359	-0.32212301964479545	1.1258584885430036	-0.07753182389476339	
9.427354024844478	1.2921926859585047	0.5222127896306268	-0.3095686910062091	1.062402473921774	-0.054198794182883994	
9.484536992898766	1.1871560454987744	0.45669267680260206	-0.28543372609672885	1.008117215658417	-0.036813520613796745	
9.546154612905791	1.1154500541568857	0.39981527177994597	-0.2534897886180927	0.9624990261099213	-0.02487833228087221	
9.609617941300105	1.0771474257139133	0.35335430154467723	-0.2176568051991632	0.9249721339616257	-0.017775444517402553	
9.673065080951865	1.0699421624064565	0.31849885804591815	-0.1817202263092473	0.8949153965301043	-0.014820880403279793	
9.735302663014886	1.0896515226810446	0.29587771811922203	-0.14909158995355598	0.8716837224598163	-0.015309113170951627	
9.79573628042564	1.1307502454547846	0.2856113548501621	-0.1226130156123872	0.8546265442463106	-0.018549242544643966	
9.854290523941941	1.1869024021447696	0.2873822139469232	-0.10442741819486527	0.8431060154697849	-0.023891914190965494	
9.911327882633092	1.2514033916381797	0.3005059611337341	-0.09593333203595164	0.8365155207718159	-0.03074522155264077	
9.96758089733	1.3175148658038316	0.32398631885733487	-0.09778623727679106	0.834299522927913	-0.03858369970489727	
10.024087320607466	1.3787311218973672	0.3565590226391182	-0.10993972890509185	0.8359751913428797	-0.04695224180102881	
10.082124974799333	1.4290007108604603	0.3967226266627834	-0.13171719646499724	0.8411571686498234	-0.055466407155261986	
10.14313589156053	1.462904785565669	0.4427618207658205	-0.16192357920934877	0.8495805951373971	-0.06380778832947322	
10.208649623323199	1.475807382662148	0.49276190593831604	-0.19896420575084484	0.8611189630012052	-0.07171717903540946	
10.280208257341856	1.4640060244739894	0.5446186336754079	-0.2409571510813481	0.8757972986577758	-0.07898732979469233	
10.359291323835532	1.4248911530354111	0.5960498776054702	-0.28584155363454433	0.8937992275466984	-0.08545518722773018	
10.447239666479765	1.3571302335832145	0.6446155719112405	-0.3314820643254484	0.9154661148265466	-0.09099384121855142	
10.545192586427527	1.2608167757427136	0.6877555036705737	-0.37576549351030214	0.9412805429154044	-0.09550386567303516	
10.654045481015142	1.1375975441935362	0.7228340748759111	-0.4166857944468213	0.9718409763015353	-0.09890607172255204	
10.774431486878228	0.9907635989534481	0.7471887870341516	-0.4524261481704841	1.0078288667491817	-0.10113541811856692	
10.906732055853952	0.8252908787201242	0.7581815909126406	-0.48144534251162097	1.0499683568567335	-0.10213611225776624	
11.051129120291298	0.6477691937067274	0.7532528393128326	-0.5025717484791447	1.0989785827682108	-0.10185818079764428	
11.207693549576248	0.4661554933370734	0.7299739921785343	-0.5150878655846901	1.155526365299827	-0.10025607434359363	
11.376482006903466	0.2894210433079653	0.6861036922322976	-0.5188083842641991	1.2201830734661967	-0.09728947719007171	
11.557632068835506	0.1270938936213561	0.619649480111211	-0.5141451907634516	1.2933854488626844	-0.09292616768742366	
11.751445269553503	-0.011302025635485505	0.5289406390989388	-0.5021583756301891	1.3753994470770512	-0.08714735222914473	
11.958432034888961	-0.11686549134098947	0.4127016050777795	-0.4845631703539785	1.4662945100788976	-0.07995522077437102	
12.179303969889506	-0.18185850231199172	0.27011554340921845	-0.4636896637098431	1.5659316278960467	-0.07138119196650741	
12.414924553929001	-0.2001445668694039	0.10088697973202532	-0.4424132448676569	1.6739600587025474	-0.06149424484068187	
12.66622001242839	-0.16751400487001908	-0.09469428192793791	-0.4240521033109882	1.7898233464617705	-0.050408664175129715	
12.934044479687326	-0.0818873166398735	-0.31567472045555994	-0.4122283388427217	1.9127742690009302	-0.03829074717714982	
13.219006133216356	0.05669848392583757	-0.5603596011362226	-0.4106905805067699	2.041903905634014	-0.025360824932008714	
13.521269169992332	0.24621571350220944	-0.8262205856961287	-0.42312963694390776	2.1761736193161787	-0.01189096899494998	
13.840329400368946	0.48282467261882667	-1.109789341485929	-0.45298881406307123	2.314446541986287	0.0018013795871092892	
14.17475675680409	0.761081547395127	-1.4065429140487073	-0.5032651372103172	2.455516782303542	0.015364365258273489	
14.521901483578128	1.0741583490458024	-1.7108039093629088	-0.5762998144989456	2.5981327853107126	0.0284285555854738	
14.877637973607944	1.414072681126458	-2.0157377638413485	-0.6735972736803857	2.7410090348729628	0.04062809350493134	
15.236142227996696	1.7718757979496562	-2.313437792186385	-0.7956618188981789	2.8828229182160414	0.05162222680402917	
15.589725021154962	2.1378309269722067	-2.5951169423392693	-0.9418534587597688	3.0221980587048214	0.06111601529086394	
15.928732872111471	2.5015985658880466	-2.851427765092043	-1.1102564406600413	3.1576720782385195	0.06887928284596295	
16.241613430226025	2.852470059416565	-3.0729467901674914	-1.2976017355443499	3.2876494079705836	0.07475934942481678	
16.515187777389716	3.1796519576220885	-3.250747911173887	-1.4992763023060502	3.4103493775781377	0.07868358286064514	
16.73506771356448	3.4725924181368177	-3.377005620680967	-1.7093919509160653	3.5237544404246406	0.08065431013016564	
16.886229024748893	3.721356154275256	-3.445605424627884	-1.9209338173225172	3.6255649540245036	0.0807359865292967	
16.95376126329235	3.9170636489263613	-3.4527505447890583	-2.126007668107259	3.713166307483563	0.07903402323221921	
16.923731438937047	4.052316298038906	-3.3973780254272183	-2.3162271416476314	3.7836357558192764	0.07566482192861664	
16.78400178400083	4.121539235050187	-3.281314721135053	-2.4831677456872963	3.8337907643591147	0.07072351350333693	
16.52498043772661	4.121242840305815	-3.1092115805741996	-2.618853146923075	3.8602723844007842	0.06425282692953017	
16.140300492101698	4.0501967535644	-2.888260803431413	-2.7162616639306227	3.859664126746751	0.056215728647037395	
15.627422674941824	3.9095097175515074	-2.6277021167611414	-2.769831793535831	3.828649332378092	0.046477020589260176	
14.98798498483106	3.7025460924632623	-2.3381748654765615	-2.7758283655185103	3.764181741509149	0.03480467271206835	
14.228016170003093	3.434780526922851	-2.031103664005512	-2.732570008223654	3.6636506294828513	0.02088558615456717	
13.35799817447321	3.113581070928495	-1.71811228562127	-2.640521977692189	3.525042127763828	0.004350748072731074	
12.392755402549172	2.7479155144205825	-1.4104616223334148	-2.502253195954859	3.347102880766591	-0.015193928261037128	
11.350999674035672	2.34794771524697	-1.1185316852139953	-2.322201161215389	3.129492465971627	-0.03813695196590413	
10.254464330659955	1.9245901832955201	-0.8514378029391564	-2.1062657856986915	2.8728811776984533	-0.0648397232664491	
9.126854980334436	1.4890992592491228	-0.6167596054711325	-1.8613637417344953	2.5790014369506253	-0.09562263491144381	
7.9926638670225145	1.0526936236674267	-0.4203782669966613	-1.5949603868622195	2.2506344503854434	-0.13075405613404578	
6.8759183873222725	0.6261757415068813	-0.26642144881559	-1.3146065843481043	1.8915183734772456	-0.17043638749347975	
5.799088903331606	0.21955049809292845	-0.15740206009425325	-1.0275368687910726	1.5061323709798848	-0.21478417802009506	
4.782382446739149	-0.1583296552398821	-0.09449736798116783	-0.7403894107305233	1.0994149825894963	-0.2637949640002342	
3.8433451193605808	-0.5000918807425379	-0.07786557216853254	-0.4590185177774264	0.6764704798219965	-0.3173156089085246	
2.996723210621418	-0.8001309975410886	-0.10695421236632152	-0.18838196293808684	0.2422798075425424	-0.3750067744662062	
2.2545326052408323	-1.0548512742472287	-0.18072462247152563	0.0675104038834292	-0.1985607338495588	-0.4363065423477392	
1.626336221027133	-1.2627590736777385	-0.29772172870862945	0.3055672351856234	-0.6420129059454213	-0.5004070575458515	
1.1195304401464432	-1.4244637695368674	-0.45599354071516557	0.5235609560771277	-1.084684352421859	-0.566243424401674	
0.7396123812944574	-1.5425944869981119	-0.6529184158377551	0.7200625686888023	-1.5238552096690379	-0.6324972782855924	
0.4904195955641534	-1.6216236040809504	-0.8849674168177464	0.8943735322216071	-1.957454865369413	-0.69761874305522	
0.37435636010916223	-1.6675469801965228	-1.1474401596388861	1.0464548771187179	-2.3839890696648793	-0.7598766232222438	
0.39262543095473346	-1.687406856599936	-1.4342567728745632	1.17684951312372	-2.8024230372578725	-0.8174368093445182	
0.5454125301117253	-1.6887577971893517	-1.7377806612426594	1.2866192332074715	-3.2120551488843287	-0.8684508346047904	
0.8320351714784975	-1.6790792877050817	-2.048673595995376	1.3772837161735265	-3.6123777763497453	-0.911150776754443	
1.2510354328277418	-1.6651366574719528	-2.35576866808516	1.4507576919110927	-4.00292304278242	-0.9439483538543142	
1.8001977531802	-1.6523550772844418	-2.646022711423854	1.5092680676332495	-4.383095425107434	-0.9655241540738643	
2.476466862951246	-1.644326694840374	-2.904578713179961	1.5552539776805288	-4.752016277369214	-0.9748908775878609	
3.275761168316209	-1.6424397978764225	-3.114917303809953	1.5912564560418345	-5.108383209654408	-0.9714375047422612	
4.192693737471549	-1.645641046569044	-3.2591363976672003	1.6197934149099142	-5.450345983927827	-0.954954900840405	
5.220179037844578	-1.6503416644129627	-3.3184114157720774	1.643214963459507	-5.775399361451809	-0.9256452900079077	
6.349023677085157	-1.6505979064765206	-3.273703476289649	1.6635568672028431	-6.08033297512149	-0.8841013560077545	
7.5675487678846975	-1.6384821738468072	-3.1066278473054485	1.6824119713920758	-6.361231418557951	-0.8312715498471517	
8.861264245260532	-1.6046096320686718	-2.800465862184214	1.7008218455918647	-6.613516424672488	-0.7684179159525436	
10.212624504073842	-1.5388351648246563	-2.3413363792548822	1.719192973052914	-6.832034671033617	-0.6970668742414793	
11.600934817077771	-1.4311608394555022	-1.7195443979674876	1.7372513154031848	-7.011204220813906	-0.618952430666503	
13.002583631869978	-1.2727499552139934	-0.9308059435125968	1.7540712028507484	-7.145221842235001	-0.5359528536837038	
14.391504111113612	-1.0569258726755324	0.022664359898595027	1.7681508000313924	-7.22829553815904	-0.4500329048005409	
15.739891269745947	-0.7801227328262316	1.1312553889017871	1.7775327899196074	-7.254903025561912	-0.363188780683092	
17.019216663808077	-0.44277163180332935	2.3772599077277867	1.7799713904793708	-7.22008307373514	-0.27739457270297	
18.20158966104811	-0.04992865829840697	3.7346723216063396	1.7731514703385445	-7.119744701045102	-0.19455100129480227	
19.26122990918346	0.3885796572073612	5.169686848526785	1.7549228789072886	-6.950942816880602	-0.11644145090761349	
20.175868821436296	0.8583576125548062	6.641592319188933	1.7235207750534673	-6.712122519516191	-0.044693343313786396	
20.928068332082447	1.3410522658942396	8.104181171869989	1.6777725944574482	-6.403342714528515	0.01925922226861168	
21.506406033532524	1.8154058586633326	9.507702646217709	1.6172843427897083	-6.026484513895538	0.07421377739325752	
21.905774767856784	2.258607982441234	10.80101717011302	1.5425024571174635	-5.585251183095071	0.11921111417341074	
22.128527001475625	2.6486623072525877	11.935497677525404	1.454883741014738	-5.085497984988839	0.15360299256037668	
22.18176240216324	2.9647476408869853	12.86514839180699	1.3565315314325452	-4.534455326092536	0.1769457699710772	
