21.56620133781062	4.192365176120481	12.839402958653135	0.6684890235860765	-4.026228473269809	0.1239139211797106	
21.282078530087354	3.9398515016392066	13.256091351804711	0.5253868910996125	-3.417008244714742	0.11144973260297068	
20.873601359549067	3.5766874502276664	13.39804052528076	0.3990610277821674	-2.787382658624594	0.09175859463547922	
20.367172234825194	3.1210849214994334	13.261198877268617	0.29415425890607955	-2.15030316625633	0.06556666251810737	
19.789319597312115	2.5962181933929305	12.85276427914008	0.2142919861258411	-1.5187636254779135	0.03364457726324384	
19.16581644375637	2.031633614582469	12.196718740365734	0.16138930570876853	-0.9054835880847558	-0.003219957119354403	
18.519897624770845	1.4597844667293838	11.330447215838936	0.13559209810424988	-0.3222475135510029	-0.044317351095720194	
17.87115244304198	0.9138511273293368	10.303086350652892	0.13516722114843788	0.22059262979588426	-0.08903613496479626	
17.234769073432947	0.4249772800674838	9.171358294868126	0.1567022397909187	0.7145102599541597	-0.13683574456369757	
16.62116978056476	0.019856599439527063	7.994816257275774	0.19544624399526367	1.153051711803198	-0.18717618306621428	
16.036020817225506	-0.28125075582791476	6.830836296261439	0.245752955604621	1.5319400703897719	-0.239421751336035	
15.480620535091148	-0.4660252990876751	5.729663791018257	0.30159226579244847	1.8490470651335698	-0.29273511354938797	
14.952801964477736	-0.5308081520476827	4.730364507689338	0.3570722296404207	2.1042194842232202	-0.3459886534188199	
14.448315415845235	-0.4802194206896422	3.8589650906585655	0.40685477592839864	2.298995622416614	-0.3977385750358981	
13.962300545023929	-0.32613121080276203	3.1283956913225253	0.44643654665351407	2.4363413652875114	-0.44626377059080324	
13.490651145964318	-0.08615243422533392	2.5398026870823944	0.47231446077333705	2.520405445836473	-0.48966525848949466	
13.031073862878916	0.21819629207428087	2.084799915762905	0.4820539716039409	2.5562981718360835	-0.5260216131210587	
12.583572861724708	0.5634529310882274	1.7482758719506424	0.4742662061396699	2.5498587865290743	-0.5535865047433851	
12.150314096370671	0.92596876189314	1.5111166667559073	0.4485295076772971	2.507397510925609	-0.5709752632093525	
11.735169299458521	1.2833293729274435	1.3524546615466475	0.40532285016549463	2.435436658795172	-0.5773132505178693	
11.343077268025429	1.6155168302810967	1.2515107841778566	0.34597312395283225	2.340451326062101	-0.5723334898306329	
10.979325979352588	1.9058665321956583	1.1890232149142228	0.2726219403349011	2.228618805343279	-0.5564149416045028	
10.648862438016248	2.1417640483421185	1.1482013492675494	0.18817642103795856	2.1056070239963436	-0.5305370077472442	
10.355775454061591	2.315023911050486	1.1152141425666324	0.09620942619284184	1.9764399269655508	-0.4961655750574225	
10.102947150103404	2.422055474756844	1.0794181082044982	0.0008079222524806448	1.8454235491098134	-0.45511145993166335	
9.89185156983374	2.4637825355529026	1.0333889731402002	-0.09364223999999649	1.7161254541734365	-0.4093729593420844	
9.722479691985264	2.4453064352897305	0.9728138429824066	-0.18274147118158274	1.591395115224817	-0.3609759839738576	
9.593418541020085	2.375169655438252	0.8961856034608542	-0.2624144417274583	1.4734295827806603	-0.3118327550690251	
9.502044085679627	2.2643589525151007	0.8043702533377404	-0.32922796787802916	1.3638567091164535	-0.2636434642156432	
9.444772712232725	2.125216976931935	0.7001231238908555	-0.3806581158254691	1.2638146208299563	-0.21783471972556476	
9.417360900186557	1.970317289628005	0.5875494899701965	-0.41528429170784154	1.174028927336975	-0.17552967215811743	
9.415233578465907	1.8113808404293508	0.47152633564121227	-0.43289282909718557	1.094883567255681	-0.13754415022495423	
9.433802382911072	1.658430019935071	0.3571208868475457	-0.4344290916293537	1.0264910065028723	-0.10441130314276008	
9.46870864722484	1.5193078175123158	0.24910885732217924	-0.4218355288691102	0.9687513355280137	-0.076418120776524	
9.51599204775072	1.3994905371982904	0.1516011422774144	-0.39782562069401844	0.9213998670983451	-0.05364319142228188	
9.572191501693784	1.3021569845279868	0.06778192630868239	-0.36561159290472783	0.8840461159263382	-0.03599358176318962	
9.634386768448769	1.2284696540814566	-0.00023313920401802453	-0.32860726959398845	0.8562039562314396	-0.023237240394089767	
9.700179270080335	1.178037426102069	-0.051371691308586105	-0.29014735136118996	0.8373149979195003	-0.01503197918133516	
9.767652254171317	1.1493700436006296	-0.08547252315700916	-0.25327333394907536	0.8267644041664043	-0.010947908816621334	
9.835329929613708	1.1402575861545063	-0.10309917113397876	-0.22058114439566515	0.8238926101719621	-0.010486386642178635	
9.902140506703033	1.1480519212798717	-0.1053253472994457	-0.19412584446133127	0.8280054646077051	-0.01309803921752559	
9.967387070659502	1.1698266965724096	-0.09352119719902083	-0.1753769645895644	0.8383849320414567	-0.018201834956184895	
10.030711903604399	1.2024326683238113	-0.0691761863260798	-0.16523154448890123	0.8543023582811277	-0.025205910963395136	
10.092059280084241	1.2424998979847464	-0.033787749944797454	-0.16404962785283467	0.8750335637132199	-0.03352721134368279	
10.151634019396301	1.2864340532693863	0.011197138766579361	-0.17170081293324477	0.8998761436605924	-0.04260961249387414	
10.209855602590363	1.3304337113988234	0.06439487240073283	-0.18761728017878654	0.9281692879360434	-0.051940148801027965	
10.267310151408667	1.3705548857423315	0.12445760096696372	-0.21085020895589637	0.9593166954564265	-0.061062797925065075	
10.324705120017427	1.4028385541655772	0.19001703446009718	-0.24013321080627645	0.9928084362785702	-0.06958682982578455	
10.382837579652234	1.4234889635273344	0.2596192362350281	-0.2739382385317905	1.0282409165185196	-0.07719155820933182	
10.442574940563258	1.4290990776667916	0.3316599290322325	-0.3105299829505104	1.0653341180815996	-0.08362831681976302	
10.504849186543568	1.41692209647752	0.40432684157767684	-0.3480234047767531	1.103945585476143	-0.08872025371176546	
10.570667373832336	1.385180478002797	0.4755583336750017	-0.3844539930803669	1.1440792327070317	-0.09235983508009274	
10.641137852531708	1.3333297356660507	0.5430326136421688	-0.41786648543081895	1.1858838174033177	-0.09450275187382538	
10.717510730260779	1.262252282398262	0.6041762683443179	-0.446418359616881	1.2296459755333868	-0.09516062530403108	
10.80122772055109	1.1743546644363747	0.6561883073879035	-0.46849786338623106	1.2757775767777766	-0.0943920280347322	
10.89397752474038	1.0735489489001235	0.6960773627248171	-0.48285622598400396	1.3247977624383571	-0.09229188064066396	
10.997743836936657	0.9650685760826183	0.7207160465426439	-0.48874403623305157	1.377307999995746	-0.08897893905151086	
11.114820144605439	0.8551182117831123	0.7269159242515101	-0.4860163932768652	1.4339610044157687	-0.08458300905831885	
11.24778963842303	0.7504546428680329	0.7115212209861203	-0.4752071516326278	1.4954273255897128	-0.07923392559194399	
11.39946542216946	0.6579226582937897	0.6715245103543561	-0.4575661304691389	1.5623588117297666	-0.07305235908701053	
11.572786639461299	0.583969569024444	0.6042086680229496	-0.4350584168940481	1.6353483775539597	-0.06614269790410991	
11.770664335797388	0.5341842630392153	0.5073089924873938	-0.41030811425603475	1.7148878210868321	-0.05858867239059237	
11.995798042812373	0.5129466591858908	0.3791662724215934	-0.3864890119786216	1.8013313194566893	-0.05045201237027919	
12.250473685285792	0.5231782854411912	0.21887270894251715	-0.3671895320377973	1.8948649826525183	-0.04177286023803442	
12.5363414371501	0.5661950908485299	0.026409205873952513	-0.3562489899575527	1.995483613854636	-0.03257162729017673	
12.85416017742348	0.6416576171679961	-0.19721461742169755	-0.3575625982076706	2.1029737946397566	-0.022852012113329538	
13.203522428207528	0.7476653073220194	-0.44983480472465975	-0.37485297379730254	2.2169078600043868	-0.012605437569574829	
13.582591299799015	0.880970168117277	-0.7280318403164001	-0.41143540607334955	2.336646899055607	-0.0018162895988370668	
13.987840160771395	1.037237724962089	-1.0270366826208706	-0.4699841250098628	2.4613452061641397	0.009532624212057167	
14.413813463824736	1.211339823886843	-1.3406630113400793	-0.5523054843030643	2.589955716070253	0.021454441414166463	
14.85290777050121	1.3976508825470395	-1.661274351548379	-0.6591156285673186	2.721232724971869	0.03395244063868932	
15.295268120375384	1.5903170281583368	-1.9798634257899712	-0.7898699734566549	2.853733699407435	0.047014556076	
15.728829713802545	1.7834530542830846	-2.2862594630811928	-0.94266348922644	2.9858160261966273	0.060608552545553834	
16.1394892909049	1.971280621460695	-2.5694536392107024	-1.114184636527292	3.1156257282399142	0.07467746568107618	
16.511438343006542	2.1482282030857505	-2.8180628107400945	-1.2997345803389555	3.2410799378783692	0.08913531667734295	
16.82769016100384	2.309014614530241	-3.02096312177136	-1.4933169513380684	3.3598418940094463	0.10386281211970358	
17.070838008889595	2.448731414476534	-3.1680663175751254	-1.6878519621343422	3.469301430409756	0.11870415616986696	
17.223911281730366	2.562938193434374	-3.2511102528926057	-1.8754797572099	3.566568115761924	0.13346437956670867	
17.27126374210737	2.64777076941388	-3.2643962321590485	-2.0479351114744113	3.6484825247518895	0.147906249456894	
17.199455544074468	2.700051531656934	-3.2054039396899703	-2.196993393144378	3.711653656119633	0.16174660209597547	
16.99810926104267	2.7173929892867514	-3.0752156774527624	-2.3149912796581917	3.7525325200570916	0.1746517711523399	
16.66055595319428	2.6982509775409333	-2.8785289550563498	-2.395347216651937	3.767529622218554	0.18623576960958846	
16.184290155867448	2.641955360408717	-2.623373396069567	-2.4330057647776924	3.753155283815717	0.19606427905126964	
15.57128493503215	2.5487435993904826	-2.3206372125234878	-2.4247922574513345	3.7061728425497584	0.20366712080088384	
14.82816930316395	2.4198022135405735	-1.983443896392326	-2.3696590590277706	3.6237594911410804	0.208561254310861	
13.966266490657707	2.25731185342343	-1.626406765527645	-2.26880162594607	3.50367416130815	0.2102867190023483	
13.001306454018211	2.064417586935541	-1.2647849660091375	-2.1255471417249123	3.3444024113474247	0.20844975943496336	
11.952919136597336	1.845123300860661	-0.9136590346363715	-1.9450997841513895	3.14528512388198	0.20276297458834364	
10.843883327786957	1.6041284347619047	-0.5871311044094246	-1.7341686964613896	2.9066305719951284	0.1930766894414894	
9.699110813788586	1.3466323706312011	-0.2975667724544959	-1.5004958153885875	2.629803131475212	0.17939657734333775	
8.544340635707949	1.0781437833980292	-0.05492053601962302	-1.252300801698817	2.317267840060494	0.1618805819248192	
7.404737483008861	0.804319452809429	0.133662972990327	-0.9977279188208885	1.97252624229325	0.14081055422712546	
6.303678379889826	0.5308148629719078	0.26397468718717515	-0.744384516202707	1.5999669753548225	0.1165547781738187	
5.2618011366570725	0.2631178011055504	0.3345944469906001	-0.498971212062552	1.2046335703359028	0.08952928600600399	
4.29637525160586	0.006355795652091028	0.34648854404203966	-0.2670071725561301	0.7919183493123291	0.06016381340177873	
3.4210944766655627	-0.23490661801082638	0.302381611155513	-0.05266792551665857	0.36719989465873726	0.02887787390868161	
2.646346008726626	-0.4568110298861663	0.20608618340250887	0.14123031895853025	-0.0644922420224196	-0.003929129196743623	
1.9796804945804507	-0.6562878245736348	0.062008265356658876	0.31317056736201987	-0.4987335240813555	-0.03787601071943196	
1.4263902639812671	-0.8310877213886533	-0.1251588705475552	0.46281477826678163	-0.9318768021533554	-0.07258886099322061	
0.9901106069670447	-0.9797759791778085	-0.3505381712545265	0.5908411217909602	-1.3611389525984683	-0.10768293297976302	
0.673383559542885	-1.1016912558360468	-0.6089809313233558	0.6987397907213021	-1.7845878885242508	-0.14274124770737318	
0.47810569898542093	-1.196866690550727	-0.8948645659737928	0.7885932815265645	-2.2010385775960786	-0.17729935811899858	
0.4058339316210037	-1.2659302144468496	-1.2018415080451579	0.8628822808574959	-2.6099131632791015	-0.21084010429897834	
0.4579832514535027	-1.309968796073848	-1.5225700049028688	0.924312252298558	-3.0110729141214425	-0.24279905382714678	
0.6359199557418571	-1.3303460521664092	-1.8484336848403382	0.9756638196172475	-3.4046301536404484	-0.272580715057223	
0.9409392272320071	-1.3284575268878789	-2.1692898560001774	1.0196689110816752	-3.7907423263397493	-0.2995841316777854	
1.3741242445494337	-1.3054568611160433	-2.4733023168394754	1.0589171986484724	-4.169412976957651	-0.3232299931860451	
1.93609611299753	-1.2619831188770063	-2.746846855805875	1.0957789379447258	-4.540305950661799	-0.3429846669925716	
2.6266561678793585	-1.1979092020848023	-2.9745229160625772	1.1323340003364817	-4.90257170456533	-0.35838016440566123	
3.4442956471595974	-1.1121318848776165	-3.139301184368623	1.1702962613149774	-5.254682826944068	-0.3690301294418986	
4.385601296985547	-1.002480841952433	-3.222910017949773	1.2109369299427801	-5.594306177845394	-0.3746403112439156	
5.44464808943089	-0.8657954905974271	-3.2064573268157264	1.2550156986914582	-5.918233295420316	-0.3750149953683398	
6.612402463313762	-0.698150549898637	-3.071249729847241	1.302718902862312	-6.222357711534686	-0.37006308384500985	
7.876190605854893	-0.49523478555664624	-2.799814692119765	1.353613859769457	-6.50170768674593	-0.3598041222094642	
9.21925639744986	-0.25289734672815345	-2.3771666828954316	1.406623316789278	-6.7505387930366325	-0.3443758716502547	
10.620627504059819	0.0321647371906309	-1.7921964995213266	1.4600505076725145	-6.962514850038095	-0.3240402291247313	
12.055326182524505	0.36168592914443537	-1.038994409992624	1.5116507674299973	-7.130946803508039	-0.299187784805426	
13.494876344268206	0.7351114445353196	-0.118081158036153	1.558739288499542	-7.249069732758057	-0.27034216327174976	
14.908146693196619	1.1489136608364268	0.9625301115105498	1.598339250004502	-7.310356658322117	-0.23816306941733495	
16.262580056502753	1.5959685140983793	2.1864671468878676	1.6273766881605658	-7.308874543512259	-0.20344841741612502	
17.5258038776818	2.0652288904231955	3.528750026689087	1.6429186228581725	-7.23963978723626	-0.16713015726476652	
18.667344024743294	2.5417642608794027	4.956114997519114	1.6424230629298657	-7.098940708418013	-0.13026397757053423	
19.66028792040563	3.0071438661093692	6.42780167596586	1.6239856718251353	-6.88462245832016	-0.09401183398153387	
20.482863112809387	3.4402500788571424	7.896890839268368	1.586577472780172	-6.596341912294463	-0.059611783509911455	
21.11988265709514	3.8186065688737183	9.312265319069983	1.5302623433150278	-6.235800355447014	-0.028328950454738898	
21.56317624314573	4.119815139058602	10.620801028630373	1.4562503332051693	-5.806734271982555	-0.0014018374683607948	
21.813227593354988	4.324380850059969	11.771234051493858	1.36706684559001	-5.315257254715588	0.0200703373382828	
21.87631574851274	4.415503983268232	12.714699302055037	1.2660887295216705	-4.769044681367435	0.0351102762889987	
