0.7586345012277835	4.249568482880936	14.069935076979482	0.19788559637471725	0.0006200105310845694	-0.27748222136337425	-0.1301693972476188	0.5172775501799549	-0.9077214251144927	
0.8295175758555148	4.937243559442172	13.877304573267445	0.18046506372875157	-0.09482723601000183	-0.4271229345996962	-0.12717836394277215	0.5192654172893442	-0.9068689184970035	
0.9191301487190987	5.320834476355427	13.340717886412126	0.18365120755860698	-0.1767498527800101	-0.6054925111546429	-0.12284670029556369	0.5217418718573364	-0.9063606763889445	
1.0232769182913977	5.331599519476593	12.540064005920483	0.2072743180212158	-0.22002541450870294	-0.7776413041626822	-0.11796723868550087	0.524340000465855	-0.9059279884597669	
1.1535873057514845	4.975962156780848	11.605310068409429	0.24380019896924246	-0.21680788987978244	-0.9086861120568835	-0.11281479867593501	0.5268907576170675	-0.905170660720047	
1.302456286036886	4.348788921276123	10.690275908433735	0.278876261391295	-0.1779688303156418	-0.9828162159238425	-0.10747583462384697	0.5295468293397423	-0.9040316484766311	
1.3891003749579915	3.5568391866043467	9.8862841853644	0.30041023501211694	-0.11551936956791475	-1.0222321853664318	-0.10263715803923157	0.5324827139280467	-0.9031755908414787	
1.3332664535365344	2.653323945981171	9.24861525249999	0.3008253812334996	-0.0362904665372058	-1.0447400043539223	-0.09860425731958468	0.53502007095195	-0.9022904425944516	
1.1407368523830654	1.69109771351112	8.81118660536534	0.27827429551297783	0.0523905560862992	-1.0397019727488506	-0.09533804659409513	0.5373537451944038	-0.9014989058663412	
0.8809920856846654	0.7679544441896653	8.574484000872197	0.2356022855103013	0.13982420385224753	-0.985768762747668	-0.09287527532797521	0.5395790275908363	-0.9008040060923146	
0.6268163083598854	0.007903638979872854	8.507257955904489	0.1790522322000636	0.2114159461216472	-0.8754370838384744	-0.09119694223358336	0.5411328671930827	-0.8998555934703579	
0.41449620721662017	-0.5093886596131648	8.573058245756377	0.1174098528603219	0.2512351054245766	-0.7219114308704341	-0.08988041669505781	0.5418945393157364	-0.8989341469020886	
0.25188090816960496	-0.7671331260028673	8.741480050495245	0.05990086545357969	0.2526994702679101	-0.5425688739719297	-0.08942590908587553	0.542034761450052	-0.8985422282313982	
0.14875793180430857	-0.7760915670096915	8.968692639360034	0.013908695468995737	0.22387400404827473	-0.3517513675994928	-0.08972171427445975	0.5419911667923376	-0.8982628405426688	
0.12038199022918283	-0.5585846539472931	9.20217622783773	-0.01607967869385899	0.18173290854167984	-0.16313648061158706	-0.09038304681953202	0.5417286578313769	-0.8979733321305678	
0.17440327577535053	-0.15621279475063238	9.394593691702472	-0.028518399678801917	0.1400217224237328	0.005210153015464205	-0.09139557328147428	0.5410124203593091	-0.8980248161050203	
0.29865275708671213	0.35928299591678114	9.512220712966325	-0.02450609084749638	0.09906471606099775	0.1305304197300112	-0.09272525421694398	0.5406379238928765	-0.8975926814730151	
0.46921653861543844	0.9216088768886816	9.543621904766885	-0.008136441337480536	0.05287970094664501	0.1980447710953882	-0.09409592723073389	0.5403956063653647	-0.8972033304667556	
0.6713103646936617	1.477544403875505	9.49204311471717	0.016138778155543078	-0.0010864492111775435	0.20236934180578578	-0.09487504980964724	0.5405639565938721	-0.8972174405934413	
0.892355046975046	1.978604244086187	9.374737490505046	0.044589571285548704	-0.06038816297364159	0.14518552110842564	-0.09484320439226371	0.5410215250251049	-0.897615081998953	
1.109608060772761	2.3775733643295522	9.218793293544042	0.07431919426501851	-0.1200896892528642	0.035279743234874324	-0.09422390390231915	0.5410815467212705	-0.8981703435599543	
1.2956390046116442	2.641240509858675	9.046869250207756	0.10303823640851852	-0.1742746861020976	-0.10875080858192447	-0.09245398270043328	0.5416775773672317	-0.8980916200918677	
1.4320049810448727	2.7619955044166145	8.876899115167701	0.1268098499752017	-0.21558186647759817	-0.2662864225382784	-0.0894954847803342	0.5422932762508613	-0.897880534774421	
1.5089068322294426	2.744563778430171	8.718007387039858	0.14236886283758354	-0.23740072012651556	-0.42071403575675126	-0.08575069760142949	0.5427019730313105	-0.8975633010525509	
1.5245654018606607	2.603258347757173	8.56924629928026	0.14756836042875557	-0.23777994585211762	-0.561441594870696	-0.08147624735126358	0.5432453703504625	-0.8971014927112939	
1.4865140067831693	2.3613916656686906	8.425451959706722	0.1412624626426119	-0.2209979818209148	-0.6829983740527203	-0.0767471563976783	0.5440308562683909	-0.8970876985649792	
1.412427903851725	2.0423486896934326	8.289267087211691	0.124565137285899	-0.19430161953588948	-0.782954293393197	-0.07215281769033598	0.5448954573494261	-0.8972672849683125	
1.3249301467569479	1.6783345020731524	8.170802818490278	0.09913983824336277	-0.1665330983706625	-0.8612298640668139	-0.06753732302991974	0.5455410947210912	-0.897159575678713	
1.2433539161422742	1.2928682315977897	8.07675884054364	0.06739487727059876	-0.1444247594172796	-0.9201488268647061	-0.06263573101350248	0.5462985126700503	-0.8968369750573488	
1.1808673838258053	0.9063315703494507	8.010098499950235	0.03282011255060564	-0.1311108094115927	-0.9603324034246635	-0.0577029484721801	0.5471708832073913	-0.8967488795006063	
1.1463338987856857	0.5441844353366136	7.9749133606553135	-0.001028943290887545	-0.12743334239097584	-0.97922158676398	-0.05318977804132856	0.5474041977814523	-0.8969647695922627	
1.1450505323601194	0.21561748039739195	7.974289162676502	-0.032597198264311254	-0.133866146282501	-0.9786531814731512	-0.048585553209827465	0.5477286521258936	-0.8968842227877315	
1.167477837368661	-0.08054650357828594	8.006742631047954	-0.05835677016957032	-0.14638434878031564	-0.9613732190799181	-0.04356496583199702	0.5478940598958302	-0.8967946118897598	
1.2120739543605923	-0.34133823746203007	8.064345539984513	-0.07625747315306722	-0.16081244986269996	-0.928392329063466	-0.038342185319254866	0.5478678246047958	-0.8969124907912964	
1.2855131185740336	-0.5597150545324614	8.13702248435379	-0.08638914727614772	-0.17452362496740192	-0.8826487348523451	-0.03328514654916101	0.5479953766965646	-0.8970659492364822	
1.384259324897233	-0.7359398097068679	8.21563150377145	-0.08922960286198146	-0.18513053344463648	-0.8326107291303375	-0.028469552318900918	0.548124480326306	-0.8972724964615602	
1.4920583517365997	-0.8826583988132661	8.285818258888305	-0.08656901664202657	-0.19103874014018554	-0.7857553124447116	-0.023844322194972675	0.5480170562375594	-0.8978580882280838	
1.5976250288467564	-1.0046618467754136	8.342332904604888	-0.08064245508580847	-0.19207886576521396	-0.7425653672892403	-0.019044010602922917	0.5476671045381334	-0.8985744314148211	
1.6921399260007708	-1.1005535616333226	8.38866740796775	-0.07347419297503004	-0.18897870048857976	-0.702947782484219	-0.014294380923549701	0.5470761901184533	-0.8989711320339531	
1.7670915440374868	-1.169366043019511	8.431051178430804	-0.06660732971851767	-0.18220922776240836	-0.6679374336959342	-0.010234730141408738	0.54639263302562	-0.8990818832901545	
1.8177649559863167	-1.2141006659749436	8.474429601350002	-0.06105816748555133	-0.17131613887625124	-0.6365961628110648	-0.006810420813530657	0.5459419338482645	-0.8994178290427801	
1.8448967850101405	-1.240836758157586	8.524871921045362	-0.05726235540695918	-0.1559352940355412	-0.6083267121322898	-0.0032300176299055214	0.5451908515688588	-0.8997157113318434	
1.8493100113651644	-1.2471020933129333	8.59076842896156	-0.05505378329903711	-0.13560327301131472	-0.5804990947355487	1.4768263889584865e-05	0.544174794780234	-0.8999807149551361	
1.8368841874661914	-1.228475731332097	8.675559440876144	-0.0533688143022676	-0.1109095791175324	-0.5519508969494029	0.0026141631039684854	0.5434245801152984	-0.9001250073154213	
1.8183488783043489	-1.1835431603984334	8.777893586381582	-0.05098610671753277	-0.0841691027786643	-0.524944554273416	0.005033054432069064	0.543063452998622	-0.90001130625345	
1.8009317854506541	-1.1145957086737128	8.90018069391043	-0.047470587887230256	-0.058659724919209656	-0.5032388395545326	0.0074175065892101225	0.5424971082445537	-0.8998863138886456	
1.7835292210274456	-1.0359401519670879	9.050754552607641	-0.041819005064162924	-0.036616112790067754	-0.4893827588203364	0.009641153072697452	0.5420461609448011	-0.8994943065419059	
1.7668739427812912	-0.9577816017557377	9.232094008114661	-0.033441488018366064	-0.018384552832806215	-0.4822274499923077	0.011630765311928658	0.5413617992796295	-0.8993563029157703	
1.7511101734810068	-0.8864103249492641	9.444970986371482	-0.022557619854519526	-0.003027478381232869	-0.4804373941559769	0.013314736941549348	0.540658941377825	-0.8996077280129603	
1.7372536688722335	-0.828211938547535	9.69001123218011	-0.01014100962839848	0.01102341355547954	-0.48371315414485033	0.014817064519929805	0.5405463088512084	-0.8996121056067746	
1.7335943500331208	-0.7909918854717657	9.96492182833969	0.002318936041648664	0.02573566111570759	-0.4903762965536899	0.016608781452137147	0.5403027481661118	-0.8991999128537544	
1.7457586703922674	-0.7875685933063182	10.277130826565083	0.013334592607001204	0.04301027232584062	-0.49917898656090864	0.01831749661385036	0.5402176357179036	-0.8986037155239729	
1.7794331255140166	-0.8237171696864612	10.621957221379075	0.022471958065053286	0.06406449007010613	-0.5081675382110952	0.01964462434769366	0.5404652834936279	-0.8978916298611672	
1.8416423432796856	-0.9036311550984831	10.990303201069576	0.030483378442846223	0.08885711166017426	-0.5151007791204794	0.020697712269135835	0.5408027041851359	-0.8973345801739325	
1.9350918984692478	-1.033103284864999	11.372140307075856	0.03903432446034454	0.11707550470860865	-0.516956429392851	0.021713831214607866	0.5409745065526973	-0.8971864670280538	
2.0492160691949994	-1.2086283223710763	11.742300701237543	0.050409195354309856	0.14995398797678056	-0.5079195009879431	0.02264542730325496	0.5410746081025609	-0.89685802466021	
2.164859853917575	-1.4055016332298025	12.069991319056902	0.06691908472385738	0.1882010370411771	-0.48034619835356346	0.02326708682616269	0.5412581182734918	-0.8963744322308693	
2.263478633157577	-1.5761497989957565	12.333290622757318	0.08923476892160452	0.23146854926636587	-0.4286538324463884	0.023342303886086928	0.5420101906729791	-0.8961353361977635	
2.3295467739458764	-1.6683677851388683	12.53226754446935	0.1158491271512396	0.279693554758151	-0.35315217162327717	0.022599780208904276	0.5429660745675706	-0.8960911076718805	
2.3477642868385	-1.6375879274570067	12.687674827536027	0.14377276559793623	0.333640299211324	-0.25975127508383017	0.021018343266264138	0.543398671571213	-0.8957439555521008	
2.306607596542843	-1.4469662404862402	12.822490351805405	0.1697540489397417	0.39235305020737893	-0.15534312062397698	0.01913937955689418	0.5445502430594427	-0.8951665883524562	
2.230881119632726	-1.103471227072146	12.952857073498706	0.1903746243460088	0.44774298841028537	-0.04803893266219807	0.016412818574256263	0.5458530697076777	-0.8945776494838332	
2.1375288289981045	-0.681244045005299	13.090969832253476	0.2043803300273691	0.48703969983869483	0.052820724368498495	0.012812040558495354	0.5469874410848202	-0.8938704169701264	
1.9962657483601434	-0.260170755785651	13.221727991211424	0.21163502123790262	0.4993098964297758	0.14628564152626652	0.00875114888539605	0.5482315265822946	-0.8930506827009418	
1.751830087203093	0.1600415994711923	13.275081323382649	0.2124122003635495	0.4792191070150859	0.24263407849179508	0.004348850282042773	0.5496861897562368	-0.892383950774771	
1.4151550849706787	0.6713084555534545	13.141773569460321	0.209680161911008	0.4249443190901733	0.3473084747777073	-0.0002676110108056474	0.5513039919110672	-0.8916467978180712	
1.081266673921044	1.28516338634801	12.79736331327147	0.20701324835866186	0.34015747011800074	0.4488722263660473	-0.0046126897497448865	0.5531453911461239	-0.8909737176166586	
0.8181058935080665	1.9097647935516884	12.28657823629214	0.20684007112220376	0.237463032554919	0.5305176982160729	-0.008359154004224349	0.5549296080567658	-0.8903061762177032	
0.6357388021100328	2.4604762668588145	11.672827068261059	0.20705877754914945	0.1300458846908985	0.5842528460447247	-0.01162443070848843	0.5564176578819711	-0.8894363108942807	
0.5210094505994171	2.941684111041213	11.019419101857844	0.20012408773726656	0.02667161461962554	0.6130717519441182	-0.014686075109173342	0.5577029666139374	-0.888488389999133	
0.4654399407851387	3.3672157840433257	10.411047749684673	0.1785874228544725	-0.05776519161133481	0.6171759758756892	-0.017345148676123204	0.5585171890431949	-0.8879055098429851	
0.46244116367117716	3.7068764584219953	9.870048266208217	0.1399362852515786	-0.11396737114328269	0.5980094994858369	-0.01942867233290359	0.5590496821095722	-0.8872987369962883	
0.4974280700972433	3.969610534374139	9.40110576606313	0.08683002133537979	-0.14714518215760672	0.554942274336594	-0.020888581082017264	0.5596958224573486	-0.8868548480926467	
0.5579265024535681	4.1840790591267165	9.027963392507543	0.024576919293930355	-0.1705448779553194	0.4773961038339477	-0.02164512585699828	0.560312065119535	-0.8867375830157004	
0.6533987172150904	4.32057441473343	8.786528220137768	-0.04061245407638693	-0.1923148175010312	0.3510881955838282	-0.02149704843850598	0.5602118618701061	-0.8863853176572773	
0.8194019998355189	4.306621452539274	8.692107583976496	-0.10015234613957189	-0.2107957548514807	0.18976245952765558	-0.020381713689362375	0.5596003284730492	-0.8866097489670413	
1.08807934355805	4.146954399608057	8.735759799260927	-0.14667016481931774	-0.2193578214080518	0.022161257195937922	-0.01867379165636383	0.558720108788711	-0.887025215245148	
1.4334244434715493	3.8834673193444194	8.891997797257176	-0.17630919574909715	-0.21523370614596143	-0.13952136414993876	-0.016547115327868754	0.5574656551714506	-0.8875372574382292	
1.7787564523033335	3.539926995725019	9.127810414192538	-0.18869381652559591	-0.20102546088824552	-0.29774071882808073	-0.01391614345315865	0.5558096401541135	-0.8884880854027818	
2.0530903966198757	3.1185433949437558	9.4076660574175	-0.18597478979163024	-0.18069236921878115	-0.4471623258772258	-0.010802670747116152	0.5541719487090407	-0.8895041567599581	
2.2269052421581734	2.6487081642266	9.691320542033369	-0.1729072034044691	-0.15801462255416385	-0.5751419611195997	-0.007192728397770078	0.5526541388410288	-0.8901366162904444	
2.2944112155617	2.1577628052538316	9.936144112548416	-0.15498963929504736	-0.13632419983325184	-0.672653831604799	-0.003213817431072811	0.551309268548934	-0.890631554590787	
2.2709539388380833	1.663506985419956	10.104109537604426	-0.1376240321672876	-0.11808443054891724	-0.7324771765378616	0.0008209430501869694	0.5501019254470976	-0.8911284105642321	
2.1885025735606423	1.180959746973703	10.170721295049308	-0.12513636274961054	-0.10448638553577781	-0.7475548676985934	0.004646518985995634	0.548945514337735	-0.8915077484660965	
2.084837403638684	0.72912197678237	10.130874681683437	-0.11986983802115353	-0.09483266648198459	-0.7137383869958125	0.008298054984759943	0.5478307849140651	-0.8918685367972597	
1.9957769341763212	0.32746031898021705	9.994639526132323	-0.12256503475247427	-0.08546246284388426	-0.6335334451164243	0.011815783785094102	0.5466813676551594	-0.8920872840037478	
1.9455853171442068	0.0005736988911831907	9.779431906569533	-0.13190878769458314	-0.07162440836936029	-0.518263450306453	0.014614428300843136	0.5451639767232154	-0.8922565756167323	
1.937872335236105	-0.2446644491611394	9.503527671085005	-0.14566267284153261	-0.05161085899239557	-0.3856626230931906	0.016484755078594725	0.5435657935855039	-0.8925614018978915	
1.957951305357551	-0.42159875268103536	9.190688878881287	-0.1616889388954761	-0.02821846278170654	-0.25256999124163354	0.017621814186480917	0.5423987464387041	-0.8929085108377904	
1.9853928413090298	-0.5413928549774669	8.87564243439124	-0.17830508168731588	-0.006422411644217572	-0.1273732471799416	0.017820057028900393	0.5411813769590629	-0.8930030363790625	
2.002791591849675	-0.6084839068895761	8.582800471745225	-0.1946866157204576	0.009760726513099767	-0.012256704203648938	0.017650077303415442	0.5396627299297317	-0.8934747074600244	
2.0034352688769297	-0.6151320346881862	8.330594939025293	-0.21066064961911357	0.017630215320034618	0.09239822220125019	0.017344797477294897	0.5379222635497068	-0.8943286834109784	
1.9952229353283364	-0.5584159912156181	8.135547264025588	-0.22580369715130424	0.01657712017928716	0.18511829292162627	0.01648894615861629	0.5358947703714259	-0.8953674013268129	
1.997738815981867	-0.4496125167059415	8.008936593858975	-0.23900247541095057	0.008749807033959658	0.26366687604677713	0.01496935927597791	0.5336033209442747	-0.8965282136899547	
2.0321488278458104	-0.30363000563931497	7.949755409823598	-0.24889035642533297	-0.0016075941855910757	0.3276362955035467	0.013728453654260132	0.53164458510874	-0.8975246666174829	
2.1087859409481093	-0.12848344602942902	7.9482762961233115	-0.25446213662460476	-0.011256596499212979	0.37829072490801774	0.012174088386979235	0.5295334707281137	-0.8987998169158383	
2.2235250507542457	0.06020765333698321	7.992052064069576	-0.25540927501492966	-0.017417873716375012	0.4153169540944531	0.0103716422617554	0.52764078895606	-0.9000009106932375	
2.3616508530892384	0.24465355763489086	8.070191941064834	-0.2518271989794579	-0.019104645924312682	0.43963748685494836	0.008647756923066326	0.5260567215179306	-0.9009048201863383	
2.5064188511182	0.41381584976306574	8.172182317006774	-0.24397125820238474	-0.016947214758292254	0.45370861523091544	0.006880734149475982	0.5241572312152594	-0.9019331858192716	
2.6462883659201135	0.5615095307604345	8.283139703207462	-0.23247322137704526	-0.010425665527352511	0.45682938150613867	0.005074180119638434	0.5223717577930649	-0.9029670777399621	
2.7688822885987987	0.6799133446404764	8.388495401704391	-0.2185989227500868	0.001584385610652639	0.4483540933647297	0.003000107417827165	0.5208259474136169	-0.903991951137246	
2.8699938177315865	0.7653291887931944	8.478042853334937	-0.20288156625411183	0.018693804188045803	0.42924986068495746	0.0007314124161540112	0.5193416006054771	-0.9049675662943475	
2.9512089575229474	0.8211120320475287	8.546577809005862	-0.18539562998383405	0.03820194202778821	0.40161806833264574	-0.0013414508022763709	0.5178239443765114	-0.9059348831531372	
3.0148925643891538	0.8529950138051279	8.593670564501183	-0.16655966419432638	0.056709880205714505	0.3674238587705663	-0.0029878224326034125	0.5164036965611538	-0.9069398608910952	
3.0649242664183967	0.8598520869971469	8.623506442614193	-0.14693880637508408	0.07302243991671314	0.32782817331032843	-0.004562918377884664	0.5151689728606598	-0.9076702092903196	
3.1031070263800395	0.8378282434235219	8.64048097758184	-0.12580184928812496	0.08637591686550727	0.2848007146189355	-0.006277456855151522	0.5140850669745765	-0.9081822744410123	
3.12498560002546	0.7910166985817324	8.648938864849976	-0.10249632610361178	0.09698976917941941	0.24184898938649133	-0.007880064759780083	0.5132146184026273	-0.9082365306057958	
3.1312243797961514	0.7313836545567654	8.657617166552344	-0.07698875590387905	0.10607797764253926	0.20229654977410277	-0.009456558041508072	0.5125931210571579	-0.9080499562544886	
3.1353306442240605	0.6722183853859373	8.678567649977301	-0.049750082489509836	0.11476790504748718	0.16701476980412633	-0.011421643501867144	0.5120396704620094	-0.908500223153901	
3.1488798496730213	0.6209645286225295	8.716812294487942	-0.02176821834264089	0.12232153051959989	0.1338963547319432	-0.01300994351087087	0.5113833470049816	-0.9092557932474646	
3.163343672628972	0.569216707386042	8.77773055176668	0.005977824078646858	0.1254368328383362	0.10013396348786915	-0.014553800461285408	0.5111991352762397	-0.9093869135330416	
3.1726218684381835	0.5122002689383282	8.87175678544973	0.03222371366955884	0.12410019969825753	0.06759170770264662	-0.016152908800376318	0.5114159623498611	-0.9091862314687028	
3.1813290142188935	0.45762231663271774	9.007748978945402	0.05583711691378697	0.12258096846583788	0.040320459378083005	-0.017546369508116746	0.5117949968854708	-0.909114608464608	
3.193680269703831	0.4136303314640791	9.186001640136936	0.07611106057032252	0.12537381405619036	0.019506503653687668	-0.018767468182444864	0.5126601364770809	-0.9086997786740427	
3.200111526774975	0.3683753409452682	9.404243707394432	0.09206307530002769	0.13291673451173877	0.004822115367255409	-0.01984536230931953	0.5136278023654384	-0.9084386299690403	
3.1959657637225014	0.3235175155243735	9.666973671458269	0.10356569696330402	0.14602071401959774	-0.0005448363146955462	-0.021065374792412602	0.5145369692030415	-0.9079668438128011	
3.1834584082459125	0.29301638134572994	9.972488040018956	0.11094361009775117	0.1644567948822739	0.002291398376687941	-0.02267492122992186	0.5153068452415253	-0.9070408570543848	
3.156550450439957	0.28826323318592845	10.304968748579817	0.1151098113173583	0.18547512603234872	0.006019863104897363	-0.02432174839893501	0.5161024592093305	-0.9060583635985602	
3.0955126931206625	0.31005924970964893	10.643173765725267	0.11799557086389798	0.20462134852772032	0.0027912176441742933	-0.0253781239742015	0.5173080456192575	-0.9054030734680409	
2.9962737323816526	0.36055988831996105	10.982028917974484	0.12206232382342885	0.21899540901671713	-0.009903938767588591	-0.026703222229746963	0.5184693804668901	-0.9046315391581042	
2.865689564914634	0.4501100874765691	11.31760408392912	0.12958995221316255	0.23026093431392683	-0.03275153451979712	-0.028489878922823047	0.51948540820697	-0.9039586961007128	
2.7009527638855806	0.5879413771964677	11.64051220021778	0.14193185123801869	0.24238945541913098	-0.0686423951647594	-0.030442921094744266	0.5203100621309864	-0.9033365396985182	
2.482221327331626	0.7770707830553079	11.938343099230114	0.1590178951484577	0.2581976567407311	-0.12052925568920682	-0.03215018424913352	0.5211580338937889	-0.9023781930030822	
2.1878333220101154	1.0242528543203584	12.207832085063153	0.17906154950911835	0.27701426421373876	-0.18746124806582856	-0.03330032676946596	0.5225746293759127	-0.9011847807531224	
1.8332174843286075	1.3628067343737282	12.472024230536164	0.198063271773824	0.2943587013483199	-0.2678053045518479	-0.03436545501755154	0.523758549301697	-0.9000753717771859	
1.5149181121306543	1.8278019082444388	12.745378179636859	0.20863885960295211	0.30064349298358484	-0.35865284000652464	-0.035037197570323246	0.5248540449909466	-0.8988826163672078	
1.3106186471432613	2.3990212234758386	13.013713173687918	0.20671587014890092	0.2825228409374432	-0.45823523614735556	-0.03498610460579526	0.5261973956623015	-0.8976656842157811	
1.2441318105765506	3.0039547060415446	13.24174605921177	0.19289986476549187	0.22504497174428562	-0.5664966787293807	-0.034331404345670044	0.527694303749961	-0.896963179790951	
