12.727500270277568	-4.339930195790764	0.5853726759622083	0.3935992006655321	0.0815286812993536	0.9985265369935696	
12.712219677252511	-4.331589183625671	0.48387208116364033	0.5347242862932466	0.07010903197356415	1.00330108964156	
12.6723986313033	-4.302561729555524	0.38708197742290096	0.6857780119553526	0.05801115781920931	1.0106537967112432	
12.609851028415859	-4.251446344165113	0.2961232978025491	0.8439982203169499	0.04567434724581854	1.0204136597163571	
12.526570811120903	-4.177545346847763	0.21220383830851838	1.0063439332825383	0.03355924505347537	1.0323074484674746	
12.424666845824802	-4.08115290982026	0.13661926821828874	1.169451150763545	0.02214148969757275	1.04594731442032	
12.306092299628329	-3.963379925350678	0.07066629684234178	1.3298191998138544	0.01187943377599763	1.0609070133187168	
12.172486883261964	-3.826115112123238	0.015569097003175422	1.4839144137789597	0.00318826163173086	1.0767692675548681	
12.025051738229484	-3.671882922012913	-0.027609477581292494	1.6283052372004405	-0.0035879292752618096	1.0931821045523096	
11.864509851856052	-3.5036933015810736	-0.05804734871696424	1.7597812308696366	-0.008198762783571774	1.1099023997481143	
11.691142729288943	-3.324892277752361	-0.07522964202306166	1.8754589895152094	-0.010504370119288549	1.1268254307588537	
11.504897725263842	-3.1390160273147703	-0.07899716875020737	1.9728744773668685	-0.010484903816197185	1.143998435186188	
11.305558059841871	-2.9496576926531444	-0.06957462236730878	2.050062078876376	-0.00824196647795169	1.1616163256912464	
11.092958691544512	-2.760351163341386	-0.04757121933686698	2.1056134412972214	-0.003989129852151677	1.1799963446846458	
10.867200955434193	-2.5744805222550182	-0.013955840810475401	2.1387096504446363	0.0019678885123755826	1.1995352581680625	
10.6288361661896	-2.3952077861963033	0.029978450389344772	2.1491380159128153	0.009256971880014116	1.2206571829004962	
10.379002197237936	-2.2254111061028725	0.08265771967862472	2.1372911613012144	0.017469955998529192	1.2437556452044392	
10.119501428753924	-2.067626178992726	0.14227449534689543	2.1041497386297787	0.02619550619500921	1.2691338961244731	
9.85280756610864	-1.9239850087918715	0.20683949926799677	2.0512454386942047	0.03505244604192642	1.2969478887077468	
9.581989989424374	-1.7961613205663083	0.2742404321706434	1.9805951891390754	0.043718254773868384	1.3271629770875566	
9.310589584524394	-1.6853201603957844	0.3423043065188274	1.894622072995857	0.05195063505503263	1.3595253918788348	
9.04245887822609	-1.5920781420917864	0.4088655473174114	1.7960617175352716	0.05960178390843005	1.3935492637688291	
8.781579346467977	-1.5164795853640123	0.47183922840831466	1.6878559471785224	0.06662489042458863	1.4285197880030183	
8.531865829841063	-1.457991364304843	0.5292991818063673	1.5730349631681086	0.0730728282563261	1.4635123731023372	
8.296979945924278	-1.4155334842840877	0.5795506166593752	1.4545943978214593	0.07908701638060847	1.4974309489715174	
8.080172719026589	-1.3875340418791748	0.6211910409393582	1.3353813851348417	0.08488023998873592	1.5290561706640091	
7.884157923251389	-1.3720050566535784	0.6531586074648855	1.2179921001194511	0.09071536970296405	1.5570994633582613	
7.711020344292339	-1.3666390466726066	0.6747653747637729	1.1046843186403716	0.09688102594082021	1.5802604180724442	
7.562158341501136	-1.3689236409677665	0.6857162629146073	0.9973058572679285	0.10366523105318812	1.5972852993671547	
7.438276249338415	-1.3762714845008415	0.6861058856592887	0.8972503917242217	0.11132875358300673	1.6070219803836732	
7.339423242604765	-1.3861468119486988	0.676396135194806	0.8054433177515489	0.12008151624465381	1.608464696872228	
7.265062100192209	-1.3961804293579791	0.6573833245775237	0.7223479954130012	0.13006259358066943	1.600788953149791	
7.214166767589519	-1.404270101618561	0.6301547623345879	0.6479918742546562	0.14132443823725124	1.5833757535187927	
7.185343061495964	-1.4086646117863726	0.5960371550036908	0.5820084862938348	0.15382163187759135	1.5558254765949924	
7.176970956340733	-1.4080271341895334	0.5565359207738082	0.5236956985580944	0.16740569005284464	1.5179593989523195	
7.187353616964399	-1.4014686487452144	0.5132688053873459	0.47208707956296125	0.18182806758422956	1.4698067856463592	
7.214855100878787	-1.388562098225422	0.4679015193618549	0.4260238508142795	0.19674860312647094	1.4115850194165864	
7.25802215179887	-1.3693375196223114	0.42208543626938366	0.3842277612536773	0.2117493484205089	1.343673628253294	
7.315683031646765	-1.3442596026696583	0.37739904485992	0.3453728901826382	0.22635319509835844	1.2665842042804725	
7.3870165669585415	-1.3141884041470375	0.33529406595030087	0.30815543190525635	0.24004699851187436	1.1809279725174997	
7.471573785959208	-1.2803174164432887	0.29705311897199954	0.27135570804137626	0.25230785737460787	1.0873826694579827	
7.569259837698883	-1.244102357401651	0.2637581864483866	0.23388858188162573	0.26262888450075816	0.9866642488146903	
7.680282492757623	-1.2071812705688947	0.23626786809010333	0.1948428599977576	0.27054351058100834	0.8795037820665662	
7.805072096184786	-1.1712864573233124	0.21520288172155108	0.15350883561205522	0.2756471338915355	0.7666301523085378	
7.944178615411738	-1.1381483515352486	0.2009378803948763	0.10939430991810424	0.27761547395545205	0.6487590991343009	
8.098154130784401	-1.1093959700103433	0.1936048890936845	0.06222341923029885	0.27621636789992954	0.526589417770223	
8.267440395296855	-1.0864667046310412	0.19310620902594924	0.011921216956050485	0.2713146908083856	0.4008051451468008	
8.452267631073564	-1.0705309399290115	0.19913428069561473	-0.04141164335708515	0.26287212825347034	0.27208144055016514	
8.652567194481996	-1.0624384064659957	0.2111995096023453	-0.0975331606109002	0.25094213868366216	0.14109257988001897	
8.867896858328288	-1.0626918362428128	0.22866537524569497	-0.15610059347829192	0.23566121167124002	0.008520625054414472	
9.097380365571816	-1.0714599743529867	0.2507925750691699	-0.2167151188820848	0.21723632565690937	-0.12493692021943337	
9.339661938524864	-1.088631517629016	0.27678915756887856	-0.27896253169891155	0.19593006526385462	-0.258562308400372	
9.592863391039895	-1.1138933030456817	0.30586226318227117	-0.34244373839147985	0.1720457282043684	-0.39161559680609737	
9.854546451419552	-1.1468248154807457	0.3372701409515507	-0.406792528110682	0.14591225148641176	-0.5233353832410476	
10.121683594170962	-1.1869987453071553	0.3703714715072254	-0.47167776950210194	0.11786926315625819	-0.6529419191265268	
10.390649272607435	-1.2340763982664502	0.4046676346433868	-0.5367868463694251	0.08825230392310836	-0.7796423580659436	
10.65726158475989	-1.2878770874940266	0.43982747420973745	-0.601791108642943	0.05737950144914743	-0.9026377150047773	
10.916871674010707	-1.348412179788459	0.4756952133218069	-0.6663005636296384	0.02554064244994633	-1.0211307393974842	
11.164506081077288	-1.4158815489853427	0.5122831038971477	-0.7298138610681401	-0.007010989556129129	-1.1343349036096901	
11.395060833928614	-1.4906308495765148	0.5497510118110785	-0.7916700158990914	-0.04006333396393421	-1.2414847446530275	
11.603545291254747	-1.5730683956984615	0.5883762405539339	-0.8510082717847155	-0.07344614543016265	-1.3418483475444962	
11.785350034463026	-1.6635479178819952	0.6285161980266513	-0.9067513727742409	-0.10702571761991209	-1.43474144074399	
11.936501081087881	-1.762239570961701	0.6705715485643289	-0.9576165030566091	-0.14069496944420445	-1.5195427850893302	
12.053888545177728	-1.8690024474574636	0.7149513700814739	-1.0021538402698218	-0.17436002225733913	-1.5957107615264778	
12.135456135688448	-1.9832705792630323	0.7620406206735	-1.0388135896979362	-0.20792409552298607	-1.6628003459574465	
12.180345655426132	-2.1039609812889295	0.8121698809315648	-1.066041958964651	-0.24126955651142165	-1.7204803911694493	
12.188957969428047	-2.2294262012831023	0.865589220353237	-1.0824033549465912	-0.2742401230978959	-1.7685479861495217	
12.162909915811808	-2.3574634476976297	0.9224496085845606	-1.0867110642936828	-0.3066264715508696	-1.806937208872631	
12.104904241014143	-2.4853718983272888	0.9827921715553509	-1.0781562224549779	-0.33815617520737923	-1.835723179711103	
12.018509339148588	-2.6100608817045328	1.0465465536404939	-1.0564256039109763	-0.36848917196408315	-1.855120136726186	
11.907859320568887	-2.7282081507157008	1.11353837612537	-1.0218006680963811	-0.39721962239008496	-1.8654734986364312	
11.777288440212525	-2.836470352534612	1.1835053112477816	-0.9752231590045194	-0.4238858519465637	-1.867244714542026	
11.630962731624777	-2.9317215162836874	1.256117023611643	-0.918302815860333	-0.44798876985020913	-1.8609888274370459	
11.472568366273773	-3.011292083012527	1.3309896567473793	-0.8532792995314337	-0.4690154774316438	-1.8473298406165386	
11.305079558218054	-3.073193777767955	1.4076905387290355	-0.7829368701078333	-0.4864667665699576	-1.8269349459745052	
11.130626717519137	-3.116314332837495	1.4857296330907896	-0.7104738518086915	-0.49988680655800666	-1.800489431015704	
10.950480247667523	-3.140568073155554	1.5645351068646256	-0.6393275371191086	-0.5088936147820656	-1.7686739866761605	
10.765170757962158	-3.1469539497227665	1.64341919164234	-0.572964651436944	-0.5132048135091123	-1.7321473620500263	
10.574692986568458	-3.1375310843366537	1.7215444921897207	-0.514668661809434	-0.5126567736712522	-1.691535515885622	
10.378758224225608	-3.1153174167449125	1.7979000128312914	-0.46733534370719915	-0.5072168512975087	-1.647426148253147	
10.177066724667005	-3.0841139935116257	1.8712952119673258	-0.43328903387866136	-0.49698803204434133	-1.6003677930908415	
9.96957315078222	-3.0482624985705105	1.9403793942608436	-0.4141272625996814	-0.4822063675361161	-1.5508723084836389	
9.756701576172773	-3.012344826257782	2.003695669967793	-0.4106246558370763	-0.4632288175020384	-1.499420095150583	
9.539475543488173	-2.980876977385483	2.0597619124782702	-0.42270371054562456	-0.4405147240658797	-1.4464659201732772	
9.319568615491217	-2.9580242255006506	2.1071682622592514	-0.44945849080536343	-0.414604183773004	-1.3924439671360893	
9.099278205476931	-2.9473530955962812	2.1446832796386768	-0.48923002112986474	-0.38609409945976975	-1.33777165542375	
8.881430726866519	-2.951632279109533	2.1713617366484286	-0.5397255008423855	-0.35561330610083025	-1.2828516159911185	
8.66922254275175	-2.9727064364283438	2.1866413854654625	-0.5981806345773354	-0.3237977776795172	-1.2280714508416282	
8.466025440875965	-3.011464925956168	2.1904093616136846	-0.6615446202475322	-0.29126873648515345	-1.1738014329571669	
8.275190253873808	-3.0678766653180207	2.1830405448056105	-0.7266610899544899	-0.25861458147931154	-1.1203904436772785	
8.099859770103185	-3.14108306560226	2.165404745438183	-0.7904400391866477	-0.22637638006818414	-1.068160687827075	
7.942802440417527	-3.2295356713449266	2.138842019731803	-0.8500130097856178	-0.19503684419179285	-1.0174014516077126	
7.806276595665943	-3.3311666628002503	2.1051035225943115	-0.9028653879919049	-0.16501266479103988	-0.9683620127770066	
7.691950975943073	-3.4435751834425607	2.0662543549497148	-0.9469261805957191	-0.13665165680694458	-0.921245077860246	
7.600873402835854	-3.5641942143871144	2.024559189271127	-0.9806205908855857	-0.11023268465051901	-0.8762003764502169	
7.533483656718573	-3.6904339743512646	1.9823562830617572	-1.002890244074784	-0.08596778163442398	-0.8333185744307063	
7.489668312919708	-3.8197970371592875	1.9419266964103599	-1.0131840031602524	-0.06400597594582658	-0.7926257099364481	
7.468853526046802	-3.9499628653328007	1.9053641285898641	-1.0114249059518916	-0.0444379592992703	-0.7540779007789364	
7.470136758787657	-4.078834186543747	1.8744627138468208	-0.9979494039399844	-0.027301920476202276	-0.7175582502619781	
7.492429762067405	-4.204550134244808	1.8506346509155078	-0.9734369618631816	-0.012588763915511449	-0.682875611188321	
7.534598426890406	-4.3254763311571445	1.8348562590537578	-0.938838914732951	-0.0002462451960679627	-0.6497650146436651	
7.595590210932531	-4.440177319242724	1.8276435115964542	-0.8953095843694231	0.009817713264354837	-0.617890342723082	
7.67453964135911	-4.547377873265622	1.8290539399334256	-0.844144500633212	0.017732567036240123	-0.586849234020317	
7.770836192948749	-4.645918538320338	1.8387189921469673	-0.7867281881993349	0.02366265891040666	-0.556181517447999	
7.884142355968042	-4.7347172749252255	1.8558985238331278	-0.7244959617320552	0.02780418193530523	-0.5253807276389617	
8.014368605167443	-4.812745744921715	1.8795417344366125	-0.6589084219628025	0.030381701228662322	-0.49390735646442585	
8.161607881232172	-4.879022891608699	1.9083518165197895	-0.591434364614648	0.031643733643894736	-0.4612040577416696	
8.326033358196844	-4.932628823767426	1.940849365241446	-0.5235386161328273	0.03185727055834096	-0.4267127118905674	
8.50776247498143	-4.972741087990898	1.9754323205713773	-0.4566700661383288	0.03130099280553076	-0.3898936316959328	
8.706707310914597	-4.998686459941	2.0104300910040154	-0.39224544504841785	0.030257513017311253	-0.3502454791344618	
8.922430537052469	-5.010000577596246	2.0441502485737613	-0.33162550753647946	0.029005487491686296	-0.3073254954979407	
9.154019087794213	-5.006488096481861	2.0749225665801627	-0.2760821423364662	0.027811767743046754	-0.26077002518523695	
9.399988456501013	-4.988276757040261	2.101143329497339	-0.2267559006860868	0.026923912553387726	-0.2103150775148163	
9.658229690130668	-4.955859664963509	2.1213239100977974	-0.18460266728922584	0.026563270998873113	-0.15581723226061558	
9.926027624291036	-4.910107595186568	2.1341407591511095	-0.15033796239544944	0.026919963473656012	-0.09727050301924306	
10.200134909338324	-4.852252915796677	2.138484297057727	-0.12438365396443093	0.028149844470633054	-0.03481914723280955	
10.47688713293829	-4.783846305658835	2.133504634068325	-0.1068204662965514	0.030373323602542017	0.03123412159489681	
10.75234688499139	-4.706686049439423	2.118650705584395	-0.0973509556044641	0.03367607459878368	0.10042599158905569	
11.02246212043944	-4.622720924822673	2.0937018716018425	-0.09527480709945156	0.03811131507353633	0.1721369850994962	
11.283220902258956	-4.5339280235860215	2.0587822906002318	-0.0994893610289993	0.04370374314594295	0.24560690050634346	
11.530779283404854	-4.442183439086815	2.0143567695185833	-0.10851655682674405	0.050453791983447134	0.31995983204010525	
11.761565359774597	-4.349137391007367	1.9612117987455184	-0.12055173443509669	0.05834094020559437	0.394236217575831	
11.972363843485391	-4.256104264516344	1.9004197851046394	-0.13353491203603618	0.06732576640642653	0.46743106069481377	
12.160393123830483	-4.163977781742432	1.8332855082202213	-0.14524505109282587	0.07735011132021323	0.5385376962684754	
12.32338821559215	-4.073190600026709	1.7612689903639769	-0.153422382821653	0.088334929801144	0.6065972736724116	
12.45963055618677	-3.983745768321219	1.6859050517521332	-0.1558749814373457	0.10017898322622294	0.670733833850371	
12.568125038123748	-3.895286023805837	1.6086747418439378	-0.15067235699824358	0.11275047557516901	0.7302226413113933	
12.648413321010835	-3.807255902233145	1.5309746197563807	-0.1361269929323989	0.1258945464021081	0.7844622451312425	
