13.310932153669512	-5.001482547698389	0.2338031270364092	-0.6545301649948456	0.2652669987470516	0.8848881243340485	
13.311610936871816	-5.0012270194418225	0.07302500876284607	-0.561297814226609	0.24672859026486926	0.9530978504258654	
13.286117912063027	-4.97532010004225	-0.07246263113019989	-0.4540872849668256	0.2247489437623947	1.0220909259809758	
13.237339379209846	-4.9216176353844565	-0.20139886095062942	-0.33587550872293376	0.19949638387208254	1.0917172102938622	
13.168143924352883	-4.83915536212	-0.3130252918123445	-0.2098159080308611	0.17121174944293657	1.1617030770365702	
13.08124391342691	-4.728724235452939	-0.4072930436949471	-0.07920337756561689	0.14024538134045744	1.2315814968365673	
12.978954274181408	-4.592515565584051	-0.4846497384205478	0.05280187354048598	0.10703898595795355	1.3007115656706492	
12.863018926594814	-4.433987374801396	-0.5459756803672289	0.1833300417473445	0.07212184651069295	1.3682833241904866	
12.734500463656103	-4.257526395093415	-0.5924600510149636	0.30993481854698646	0.036091998510556174	1.4333534044563645	
12.593742713356107	-4.068097688866613	-0.6254881358825523	0.4306755099601292	-0.0004068534163347245	1.4948921484579154	
12.440404065050776	-3.870892542428144	-0.6465353181991457	0.5441547236935235	-0.03671212487149447	1.5518402105090885	
12.273559578383264	-3.6709799059724104	-0.6570636359767436	0.6495184459604516	-0.07217262859713906	1.6031736754313557	
12.091881132538202	-3.472990990266202	-0.6584273164838826	0.7464122447122323	-0.10618039015142164	1.647973891467675	
11.893872781565413	-3.2808930321621324	-0.6518014410248497	0.8348964092239297	-0.13819772081540466	1.6854884317519532	
11.67811551975608	-3.097847893062549	-0.6381345340221638	0.9153500959028512	-0.16777794560524356	1.7151801299867708	
11.443510434465896	-2.926146047142324	-0.6181243853892597	0.9883677439648674	-0.19457928434966965	1.7367629191055558	
11.189510343456444	-2.7672070565577327	-0.5922174809166543	1.0546533898860277	-0.21837171169611805	1.7502240991238205	
10.916311783053333	-2.621652864313616	-0.5606392923960296	1.114918656301542	-0.23903416414784362	1.7558260411532105	
10.624964296911008	-2.4894352307333434	-0.523453440254525	1.169800578348874	-0.25654203429112293	1.7540838358488124	
10.317415304842669	-2.369971205727822	-0.4806349265849958	1.2198020756057704	-0.2709507144102827	1.7457303459400206	
9.9964908858523	-2.2622840028176787	-0.43215374427220926	1.2652528928835252	-0.28237604400685856	1.7316691009710843	
9.6658170084874	-2.1651420641493835	-0.3780649183171026	1.3062902547028803	-0.29097318233268493	1.7129169535016373	
9.329666907789706	-2.077194005079376	-0.3185938857186146	1.3428645463988866	-0.29691525276621544	1.6905372455826382	
8.992762646986774	-1.9970828390151525	-0.2541980686795606	1.3747671988763297	-0.3003756417478098	1.6655745395341441	
8.660066630075418	-1.9235365585902369	-0.18560369719826592	1.401670393200118	-0.3015149632846652	1.6389959739226039	
8.336567499704113	-1.8554381651040162	-0.1138158301722751	1.4231763558230535	-0.30047233212397134	1.6116398752593024	
8.027066962883609	-1.7918757750840821	-0.040100228516244424	1.4388737328064094	-0.2973609738830599	1.5841720069643836	
7.735990152414377	-1.7321642768997012	0.03407108347226964	1.4483956125576878	-0.2922690268917659	1.5570572748161995	
7.467246382741637	-1.6758396004615648	0.10709741536329113	1.4514679244901632	-0.28526427472216687	1.5305489350323647	
7.224131674619417	-1.6226355661644878	0.17733673342870823	1.447946391513883	-0.2764008733798986	1.5046892721969118	
7.009271697044315	-1.5724458071256384	0.243198542364963	1.4378408485950867	-0.2657273818120802	1.479321262884031	
6.8245999664131105	-1.5252739880928186	0.30323874396539596	1.4213260452816185	-0.25329549952226377	1.454109295677253	
6.671389608954565	-1.481176000772549	0.3562411209275728	1.3987321688081162	-0.23916826957916007	1.4285716309142544	
6.550316994924087	-1.4402072163827755	0.4012740015330959	1.3705207367927141	-0.22342643892615222	1.4021161184959505	
6.461539767165945	-1.4023781392648904	0.43772537564917463	1.3372520540918063	-0.20617311256357543	1.3740754232695227	
6.40478732513709	-1.3676195354541747	0.4653164199407884	1.299546082831215	-0.18753667337470917	1.3437414992968915	
6.379458099949467	-1.335758446017001	0.4840952925349952	1.2580386906491507	-0.1676719858178088	1.3103984059206975	
6.3847225730206265	-1.3065110844977643	0.4944047463443799	1.2133382469484861	-0.1467588926952369	1.273350860449903	
6.419611571860366	-1.2794889914102134	0.4968406574156917	1.1659890431231006	-0.12499888053915972	1.231946129336201	
6.4830884221598275	-1.2542143768928855	0.4922083459167922	1.1164410165616805	-0.10261036528249945	1.1855910354294201	
6.574104401496219	-1.2301435026683762	0.4814780274645776	1.0650255687865042	-0.07982267330068886	1.133765023251316	
6.691633860417677	-1.2066979288627653	0.4657406333962515	1.011936914355943	-0.056868771699784534	1.0760304740697098	
6.834682365573686	-1.183302340115286	0.44616212957777646	0.9572242062331655	-0.03397759531383756	1.0120382917721464	
7.002270402081334	-1.1594238106828216	0.4239401299107802	0.9007908054294057	-0.011367403026716858	0.9415319166221984	
7.1933978648560295	-1.1346117519895205	0.40026003044404806	0.8424001134952953	0.010759491669520331	0.8643508125821207	
7.406991923709303	-1.1085380162397611	0.37624898507324983	0.7816886836577248	0.032220266550040705	0.7804338975910573	
7.641839884049506	-1.0810368700985231	0.3529258561896915	0.7181887410831282	0.05285286074227783	0.6898234219018632	
7.8965227485740215	-1.0521365735745178	0.3311541190502921	0.6513629646003273	0.07251401501244716	0.5926661481688709	
8.169357779464399	-1.022085206872218	0.3115993037971256	0.5806457776869606	0.09107529644637014	0.48921444626248284	
8.458354191304045	-0.9913702625322176	0.29469278903885643	0.5054910056889195	0.1084176041203806	0.37982672083504593	
8.761185084194208	-0.9607311905273892	0.2806042207351022	0.42542593946805746	0.12442450068789744	0.26496721711232646	
9.075182588560098	-0.931160424180618	0.26922945349044386	0.3401115402323072	0.1389747306902513	0.145204574565484	
9.397365700446535	-0.9038834886859175	0.26020761846610024	0.24939783094878082	0.1519354004195518	0.021206751903248798	
9.724482001174945	-0.8803267664679999	0.2529589039852971	0.1533724206952965	0.16315655560884879	-0.10626433032284663	
10.05305800473394	-0.8620721560771027	0.24674299435174385	0.052400215484608645	0.172467286370506	-0.23635922703671072	
10.37945205866892	-0.850798443612189	0.2407375436043352	-0.05284645270893101	0.17967348184544948	-0.36814839834892815	
10.699905679715792	-0.8482069626795017	0.23413631507436003	-0.16137396874048882	0.18455782081567276	-0.5006319008235481	
11.010590700154737	-0.8559391197216027	0.2262491934744516	-0.2718785939722872	0.18688241277246792	-0.6327521314789863	
11.307656423258042	-0.8754922925651598	0.21659042256879626	-0.3827716319641022	0.1863930424914557	-0.7634076142512218	
11.587287890631298	-0.9081352922219401	0.20494931983749437	-0.4922195851267484	0.1828251519677613	-0.8914689838505664	
11.845786633941172	-0.9548233941477536	0.19143845321438432	-0.5981985330453408	0.17591187548241266	-1.0157979695226684	
12.079684476587305	-1.0161228329275285	0.17650448366826108	-0.6985660246815959	0.165394880955291	-1.1352706469945144	
12.285876390721162	-1.09216084302621	0.1608969814364811	-0.7911423303756834	0.15103747620613492	-1.2488030516174649	
12.461760320886103	-1.1825931299358214	0.14561424442225337	-0.8737935422454736	0.13263988859040962	-1.3553784618731248	
12.605369959657773	-1.2865902911898184	0.13183167804617263	-0.9445172595472672	0.11005662893663884	-1.4540759335709068	
12.715491946958142	-1.4028399816559292	0.12081948753077437	-1.0015329203584584	0.08321657683167649	-1.5441006213514623	
12.791727287380443	-1.52957523558426	0.11385799000685856	-1.0433706149559137	0.052143414164203525	-1.6248113037525707	
12.834472670380254	-1.664624331687468	0.1121676292991247	-1.0689479429879565	0.016972695970701033	-1.6957398423072305	
12.84483730189565	-1.8054710560261273	0.11685647860566312	-1.0776396484040311	-0.022034089300113698	-1.7566041964931678	
12.824491549184602	-1.9493306894045812	0.1288842200426791	-1.0693371920613084	-0.06448008842371988	-1.807313264274686	
12.775448250524413	-2.09324585520781	0.14904139786372958	-1.0445002472670442	-0.10982873384816451	-1.8479636107553077	
12.69978887384119	-2.2342109862500306	0.1779470743170829	-1.0041781738381175	-0.15741028800187162	-1.878822189411636	
12.59940644931522	-2.36931125958888	0.2160567933696777	-0.9499985916945765	-0.20643793838890753	-1.900299733001776	
12.475801713642308	-2.495868012842195	0.26367083642016853	-0.884131205499858	-0.25603004413083713	-1.9129201905661866	
12.329952259885872	-2.6115857228839094	0.32093909485840827	-0.8092222293140859	-0.305238503634187	-1.9172868770306648	
12.162277320284264	-2.714698668554182	0.38785626103204357	-0.7282977169125808	-0.35308277797649235	-1.914047176392076	
11.972735611483364	-2.8040851661377806	0.4642473050493746	-0.644627524934848	-0.3985876282220794	-1.9038589435922415	
11.761017782163961	-2.879339919779057	0.5497437877840553	-0.5615754543612772	-0.44081825038787636	-1.887364745198042	
11.526792248587945	-2.940810222350512	0.6437556047699864	-0.4824449154460243	-0.4789118754395766	-1.8651738844676773	
11.269981964919829	-2.9895908087168706	0.7454444750386383	-0.41032343059585874	-0.5121053123382342	-1.8378518961178774	
10.991051913225503	-3.0274731038390748	0.8537049381071323	-0.3479281361642579	-0.5397584595857808	-1.8059174370188458	
10.691238639386103	-3.056824985767812	0.9671710234201661	-0.29748113386333985	-0.5613681454340691	-1.769847234546791	
10.372691575670158	-3.0804363866938855	1.0842434579063787	-0.2606220120207438	-0.576574946197743	-1.7300849066403163	
10.038531289214514	-3.101345638604059	1.2031322241847682	-0.23835263750892915	-0.5851653457822441	-1.6870512562596038	
9.692822710901565	-3.1226539988961544	1.3219125429132943	-0.2310145100972367	-0.5870699159107838	-1.6411548416826167	
9.340459429970519	-3.1473366982334197	1.4385931033909298	-0.2382985108043127	-0.5823585950567018	-1.5928015858160514	
8.986952074802295	-3.1780814084226066	1.5511920997355715	-0.25930333729707894	-0.5712301128289164	-1.542401573728361	
8.63818706068326	-3.2171689096760536	1.657812438545522	-0.29261196221744745	-0.5540007777217064	-1.4903721858673773	
8.300173145900256	-3.2663911113389776	1.7567167449565428	-0.33638058837872664	-0.5310924291274722	-1.4371380178460242	
7.978786657543473	-3.3270044596479287	1.8464021811393074	-0.38843701607384373	-0.5030193383465005	-1.383127660318123	
7.679526195304851	-3.399719073469305	1.925674065471017	-0.44638690845789475	-0.4703734198332139	-1.328767059082227	
7.40731880828403	-3.4847325050931595	1.9937004173940875	-0.5077218101605977	-0.4338065484117512	-1.2744702166365198	
7.1663787024148835	-3.581777659697929	2.0500503152823653	-0.5699145807950917	-0.3940132941189759	-1.220628358884527	
6.960111824106413	-3.6901788200378154	2.0947142358959794	-0.6305057695266665	-0.35171347753116716	-1.1675978931000799	
6.791061937092908	-3.8089091328934646	2.12810510768906	-0.6871822390198106	-0.30763450474677007	-1.1156871202223178	
6.66090427502393	-3.9366451213605673	2.1510324354958223	-0.7378476527590389	-0.26249346760486775	-1.0651419852012178	
6.570500774813232	-4.071814256545992	2.164641439785141	-0.7806750023174218	-0.21698111713292043	-1.016133897287838	
6.519977880751064	-4.212625931441078	2.1703356508981972	-0.8141480799074401	-0.1717481019750773	-0.9687489303354555	
6.508825462460741	-4.357092448024266	2.1696837948350023	-0.8370936817149445	-0.12739309425519116	-0.92297909612699	
6.5360100492364674	-4.503042760261591	2.164313554157475	-0.848707790061581	-0.08445236647505713	-0.8787157578265866	
6.600102570203708	-4.648137122597678	2.155796157108015	-0.8485723654343053	-0.04339155884022088	-0.8357474492641274	
6.699405301866324	-4.7898924466199215	2.145542552933361	-0.8366568668622342	-0.0046012212748243716	-0.7937645983798111	
6.832057964638396	-4.925719117102226	2.134718904855687	-0.8133160365987409	0.03160611417888445	-0.7523680766698299	
6.99612501956007	-5.052974063640651	2.124182859971831	-0.779281170484049	0.06499710993193548	-0.7110821773599149	
7.189660126300695	-5.1690347056597785	2.1144411770564107	-0.7356464401077273	0.09541758939937732	-0.6693718772007458	
7.4107401290609145	-5.271397687754433	2.105638787651718	-0.683842146752187	0.12278971795219797	-0.6266654001961968	
7.657463214483929	-5.357790292775612	2.097579476419148	-0.6255934955155474	0.14710600164670937	-0.5823790775602563	
7.927918216339178	-5.42628891417251	2.08976096253981	-0.5628721658496408	0.16842193764277735	-0.5359419590394269	
8.2201306429321	-5.4754393781560875	2.0814218240312563	-0.4978361110794673	0.18684655971331432	-0.4868200110709391	
8.531987978486956	-5.504378778431287	2.07159533688528	-0.43275498333322593	0.20253083838866054	-0.4345399186528003	
8.861157720107608	-5.512932531561302	2.059169793363406	-0.36991649313225955	0.21565304561991716	-0.378709833786614	
9.205022120784268	-5.501666434903332	2.042946264789681	-0.3115243383191447	0.22640336436734523	-0.31903467991212653	
9.56063726397501	-5.471902068779308	2.021692235113571	-0.2595924360451476	0.23496937038091584	-0.25532793498786693	
9.924723538051392	-5.425688405880994	1.9941950505062735	-0.21583750439003815	0.24152292043680576	-0.18751986910552337	
10.2936925680988	-5.365727278621001	1.9593194438311714	-0.1815692427834016	0.24620930291545992	-0.11566339655939432	
10.663720749673296	-5.295231399983904	1.9160690060195913	-0.15759915329970547	0.2491414049980788	-0.03993429008299746	
11.030845757316676	-5.217742104235569	1.8636469152474895	-0.14417936825147604	0.2503998482672805	0.03937246321635962	
11.391065946813567	-5.136925016459567	1.801515347351523	-0.14096674292186206	0.25003781530330893	0.12184815547834363	
11.740433669944316	-5.0563466571914955	1.7294501060434104	-0.14701647763748668	0.24808997776013747	0.20697841823405855	
12.07513333663909	-4.979232879079302	1.6475886200945753	-0.16080614786327815	0.2445848938265991	0.29415365804175375	
12.391528660970163	-4.908241227587184	1.5564506812924623	-0.1803094987435132	0.2395587380862613	0.3826846286463482	
12.686185447500101	-4.845273075702921	1.4569323205566014	-0.20309890222917776	0.233066775648502	0.471819898141218	
12.955884475337578	-4.791327159836724	1.350277740388962	-0.22646405655103086	0.22519161061958054	0.5607640661430212	
13.197640830675017	-4.746398887652194	1.23802872823813	-0.24754884683253084	0.21604782516795457	0.6486969169501202	
13.40874834872144	-4.709432423904524	1.1219526827507995	-0.26350610616806464	0.20578268293587085	0.7347930468847871	
13.586811590401645	-4.678407182980671	1.0039575523261997	-0.2716224479314586	0.1945714491355968	0.8182369616018101	
13.729939802280263	-4.6503923285939335	0.8859956713686867	-0.2695361678404214	0.18261420042251642	0.8982427796399729	
13.836616929687075	-4.621922171816009	0.7700170303095614	-0.2551692468321869	0.17012516930498	0.974048626406853	
