13.252129697802353	-4.622630799601138	1.2672850957699244	0.1114042105857089	0.3149980705264162	1.2685268882008036	
13.276970707073886	-4.532667820969571	1.1596362414314842	0.14741226341089309	0.31333716278406776	1.3672137884361832	
13.283801879731286	-4.429998061112799	1.052236052366145	0.19182696716089367	0.310655257575635	1.4624806516366762	
13.272572100625478	-4.314497648444377	0.9466324897784377	0.243605133465402	0.3072000273340258	1.553339062137527	
13.242927466214223	-4.186628005258957	0.8443342412214754	0.3014608413001869	0.3032243314468838	1.6388219636970256	
13.194023688326691	-4.047727332870735	0.7467564517017615	0.36378824620605715	0.29897676229777664	1.7180162523480313	
13.124578886356218	-3.899779852261287	0.6551628768748644	0.4288444264071502	0.29467417823439224	1.7901018835868774	
13.03292211787074	-3.745310608234772	0.5706137965870143	0.49484227571083983	0.29048032187149947	1.8543912715365822	
12.917139858325507	-3.587186381993287	0.49393350733113134	0.5600613871851152	0.2864884458431294	1.9103605682754374	
12.775265468823052	-3.4284185490672323	0.42569391530367073	0.622940799893946	0.2827101206648575	1.9576739084860697	
12.60550185379079	-3.2719757470827435	0.3662138278093112	0.6821532017402749	0.2790710608969471	1.9961994892833408	
12.406477487241201	-3.1206070217774147	0.31557143268780136	0.7366645956023667	0.275414519180537	2.026017876579883	
12.17749382132922	-2.9767068023859666	0.27363282916175674	0.7857630886161189	0.2715163464236525	2.047413960435087	
11.918712698872465	-2.8422348865920704	0.24008485819110592	0.8290588728436105	0.26710801720176225	2.0608555008547516	
11.631287774147765	-2.718670952964573	0.2144652185622335	0.8664682436958341	0.261903353647793	2.0669647647394482	
11.317434519707554	-2.6069971335701587	0.19619104534956366	0.8981828790933399	0.25562804159424046	2.066482914374381	
10.980433246473797	-2.507702914873076	0.18458551739916154	0.9246262331710354	0.24805108159189507	2.0602273728240705	
10.624521750735346	-2.420827587190372	0.17890402973118943	0.9463945365644443	0.2390118733425923	2.049044060353852	
10.254733209615068	-2.3460176988185797	0.17835613941286063	0.9641986761728562	0.22843995364267264	2.0337633291095893	
9.876697361207158	-2.282593907911875	0.18212547510179355	0.9788086375049849	0.2163680625231851	2.01515974456824	
9.496409449414191	-2.229625245379834	0.1893892515084518	0.9910008679376985	0.20293849141927883	1.9939156323022922	
9.119969758005222	-2.1860089468248187	0.19933894969039437	1.001510444097303	0.18840070402670564	1.9705904449795888	
8.7533327435744	-2.150545781679847	0.21120005671627584	1.010995820964606	0.17309790260014488	1.9456034360783494	
8.402092752224924	-2.121999098702174	0.22424966774183655	1.0200152596616945	0.1574489930661241	1.9192252215573151	
8.07130295609965	-2.0991415380264096	0.23783185417227892	1.029012467138836	0.1419264910857756	1.8915773819587502	
7.765325320930944	-2.080790323460598	0.25137110841558347	1.0383095783609524	0.12703097564778684	1.8626389644689663	
7.487738855543351	-2.065829503087741	0.26438125670969936	1.0481090709266303	0.11326300618577352	1.8322631381111563	
7.241316300943691	-2.0532187248277904	0.27646921972751926	1.0585010845175324	0.10109768182566134	1.800200735391343	
7.02803573003535	-2.0419933225512397	0.28733703721009185	1.0694697903663775	0.09096288773629536	1.7661254327264173	
6.84912351012356	-2.031256980167094	0.29678213096807476	1.0808980641243233	0.0832209241155254	1.7296611651854705	
6.705118864115772	-2.0201678544991544	0.3046967556210688	1.0925676791776633	0.0781530761857425	1.6904117129422094	
6.595971124012031	-2.007919629645283	0.3110633142512915	1.104156568519438	0.07595091370548135	1.6479907485212817	
6.521135492227402	-1.9937256900762226	0.3159478166085392	1.115231954119645	0.07671246938597182	1.602047848084031	
6.4796606819126215	-1.9768098345746785	0.3194919728158728	1.1252406166114155	0.08044120957867834	1.5522907216044186	
6.470270189924935	-1.956405758902695	0.3219033141669841	1.1334979136160026	0.08704741546330189	1.4985037399114303	
6.49143660770883	-1.9317696023717486	0.32344252946690455	1.1391777280448498	0.09635190994308966	1.4405618019028434	
6.541448463479739	-1.9022059505588946	0.32440738037704997	1.1413121129736805	0.10809424927109185	1.3784345331844965	
6.618458265580023	-1.8671040187844596	0.32511624925624116	1.1387981269006637	0.12194137368546228	1.3121843058407487	
6.720516923718187	-1.825982166475023	0.32589045267609434	1.1304135503906225	0.13749715191564324	1.2419587279130608	
6.845594903731072	-1.77854196370657	0.3270344056727136	1.1148433657592274	0.15431269578858262	1.1679779596282318	
6.9915908513544025	-1.7247278634288004	0.3288132965373611	1.0907223901900716	0.17189831755443064	1.0905155120951133	
7.156331356324184	-1.6647786023534856	0.33143225187933545	1.0566910647979213	0.1897360383420709	1.00987527244027	
7.337566423245371	-1.5992713464585107	0.3350182768894791	1.01145930218785	0.207291091190067	0.9263685154814058	
7.532965830202364	-1.529154512508209	0.3396061078077118	0.9538783835798162	0.22402312428287147	0.8402908778687413	
7.740120450764644	-1.4557684910013218	0.34512858886978554	0.8830238600237658	0.23939747227051683	0.7518994018927686	
7.956557715303689	-1.380835096090748	0.3514170275154953	0.7982773317989232	0.2528960947699801	0.6613931431077877	
8.179771793939143	-1.3064208701436817	0.3582100161369281	0.6993963618780141	0.2640273223923529	0.5689001266828327	
8.40726586557371	-1.2348826363763004	0.36516789202514693	0.5865745783793352	0.27233504206995524	0.47446977221977676	
8.636605735867548	-1.1687932603209608	0.37189312309152994	0.46048955876307995	0.2774076275678738	0.37807129770946163	
8.86548445182032	-1.1108441017968504	0.3779574995258721	0.32233659531966213	0.27888716294929977	0.2795995023006852	
9.091780905248125	-1.063728006355191	0.3829350264704202	0.17382352696549128	0.27647647004158576	0.17889147986478007	
9.313602830735025	-1.0300208361905872	0.3864357371629105	0.017144346143334818	0.26994500735768784	0.0757498491956595	
9.529312222654308	-1.0120619788525564	0.38814038338892437	-0.14506629291759915	0.25913371153280607	-0.03002830153188367	
9.737531784614298	-1.0118321181220846	0.3878365221394572	-0.30979769195011103	0.2439589607202201	-0.13861639324995317	
9.937126770657517	-1.030833969868777	0.3854540575384534	-0.47375368295731585	0.22441454383534346	-0.25011748578953585	
10.1271660139618	-1.0700022711435366	0.3810911463739194	-0.6334637897384673	0.20056974518092194	-0.36452557465825514	
10.306884083151687	-1.1296320444983012	0.3750320968661212	-0.7853972799605096	0.1725664995802794	-0.4816910979654236	
10.475648946985785	-1.2093272283409506	0.3677554527587954	-0.9260832422979905	0.1406152597137196	-0.6012921477328953	
10.63294156834261	-1.307966003981657	0.3599314277543914	-1.0522405052513903	0.10499018275847484	-0.7228117792249467	
10.778349335704146	-1.4237085619133112	0.3524003550551451	-1.1609092363452227	0.06602234117771323	-0.8455310844103905	
10.911569552511086	-1.5540444343175577	0.34613664417092627	-1.2495673495287236	0.024092384516803126	-0.9685396387154591	
11.032417264525717	-1.695861043132861	0.34220593320086296	-1.316236901328906	-0.02037608197764948	-1.0907573003288629	
11.14083213676087	-1.8455392416204355	0.34171575670591414	-1.3595795105900481	-0.06692294559443905	-1.2109681193340007	
11.236879819610367	-1.9990803324088764	0.3457601078898276	-1.3789843323239999	-0.1150577582019199	-1.3278672759080887	
11.32073418132861	-2.152274142142275	0.3553648548241956	-1.3746125788005037	-0.16426624654751984	-1.440120176381382	
11.39263636850082	-2.3008791279067364	0.37144234336353077	-1.3474114375081903	-0.21401590382170402	-1.5464216258245658	
11.452828714869526	-2.4408126468492446	0.39475523397330214	-1.2991023486775035	-0.26376112181673383	-1.6455529198617884	
11.501461393778696	-2.5683543056580316	0.42588992437080136	-1.232141256924028	-0.3129484078013766	-1.7364361069210588	
11.538472693870528	-2.6803614401378444	0.46524237705977267	-1.149639644649305	-0.3610225081572675	-1.8181821519643948	
11.563480544117732	-2.774449650455494	0.5130218037117469	-1.0552334062940183	-0.40743371027246106	-1.890119920531406	
11.57570777114428	-2.8491363560083895	0.569259934782492	-0.952935286674224	-0.45164608103345716	-1.9518113622625757	
11.573951733024959	-2.9039406062711066	0.6338227601133775	-0.8469687499243386	-0.493146723904807	-2.0030540996031303	
11.556609089001348	-2.9394362618621206	0.7064203985709342	-0.741582405226307	-0.5314564334059477	-2.0438732002820554	
11.521781415188585	-2.9572170049172235	0.7866136566656697	-0.6408504845506479	-0.5661406872320645	-2.07449785047778	
11.467445268560517	-2.9597716902086737	0.8738158119047839	-0.5484938500910509	-0.5968186582630046	-2.0953282605689996	
11.39165290700017	-2.950318507388165	0.9672892904348357	-0.4677258650107283	-0.6231707056847051	-2.106902638776181	
11.292753995118536	-2.932600169513546	1.06614200769863	-0.4011240966444966	-0.6449438850913674	-2.109863810330346	
11.16963361582172	-2.910646310248485	1.1693261217876116	-0.35052635073876226	-0.6619556704946747	-2.1049270484572316	
11.02191534145414	-2.8885186143162147	1.2756498907025142	-0.3169886139145725	-0.674093056990791	-2.0928497715815864	
10.850100215939328	-2.87008537837939	1.3838001693063187	-0.3007929884906132	-0.681309107084116	-2.0744075383060445	
10.655649632539307	-2.858827064222752	1.492372677096545	-0.3014882056946346	-0.6836185636846699	-2.050374940134741	
10.441008916984375	-2.8576720934648256	1.5999103469163753	-0.3179618049123422	-0.6810928132195293	-2.021510045092159	
10.209561173196454	-2.868868877210902	1.70495068092017	-0.34854455345577534	-0.6738548185867056	-1.9885417190452193	
9.965484658757239	-2.893934526828149	1.8060770677761488	-0.391149459317535	-0.6620735454099876	-1.9521611414254567	
9.713573639497925	-2.933654321528179	1.9019684636366436	-0.4434063345392337	-0.6459600780953964	-1.9130160293711727	
9.45903113314483	-2.9881230804399572	1.9914478420807369	-0.5027918185602158	-0.6257647240725348	-1.8717067008537391	
9.207238029115281	-3.056822912824313	2.0735305934611397	-0.5667533066190182	-0.6017749466295461	-1.8287833524099193	
8.963504885984403	-3.138743679879302	2.14746860011068	-0.6328216094481356	-0.5743131097339843	-1.7847451035953115	
8.732848946565788	-3.232527772588652	2.2127796446152925	-0.6986954894889414	-0.5437330724667606	-1.7400412184435328	
8.519807092949652	-3.33660697384298	2.269268048262412	-0.7623019685383515	-0.5104163338691925	-1.6950722623256047	
8.328281932365032	-3.449332062698604	2.317034789855812	-0.8218371039138649	-0.4747671628698238	-1.6501911413760795	
8.1614171332954	-3.569090881856262	2.3564776441687596	-0.8757911422338432	-0.43720651098004865	-1.6057029901778042	
8.02153517286629	-3.6944004576161493	2.3882689590971204	-0.9229497688708167	-0.398164323121757	-1.5618642906323743	
7.910132803619962	-3.8239593797513325	2.4133158169058877	-0.9623792790082693	-0.35807174548982396	-1.5188802716955223	
7.82790924201861	-3.9566674781402598	2.432708778695869	-0.9934057372771736	-0.317353785480408	-1.4769001310510286	
7.774826478549788	-4.091615145771853	2.4476571906784113	-1.015588709940486	-0.2764224518432618	-1.436010599402929	
7.750198912254016	-4.228041350039165	2.459408442537208	-1.0286919706627407	-0.2356704348781387	-1.396227654431724	
7.752823618232063	-4.3652634930885865	2.4691577092486354	-1.0326489679489534	-0.19546661124985662	-1.3574904843286555	
7.781112756535637	-4.502602676300421	2.4779644391983418	-1.0275341291825166	-0.15615285581981939	-1.3196573464470034	
7.833226700153201	-4.639311817794942	2.486679510914238	-1.0135396698770816	-0.11804156117356797	-1.2825037001615818	
7.907208201411434	-4.774510742956985	2.4958864877371765	-0.9909583361635583	-0.0814134000993572	-1.2457229174433468	
8.00111578132654	-4.907136956611253	2.5058683192350393	-0.960172909817609	-0.046515092128297665	-1.208931104675748	
8.113134904477374	-5.035926902485396	2.5166150480024996	-0.921652156579305	-0.013557698024104248	-1.1716773616820484	
8.241658815229766	-5.159420144136022	2.527856265792731	-0.8759544673037017	0.017285619103036713	-1.1334556279860548	
8.385340501136696	-5.275984384412855	2.5391141880928365	-0.8237365375938704	0.04588189695557144	-1.0937183840998976	
8.543113921321835	-5.383861161952345	2.549773492004888	-0.7657671419209084	0.07214080833249488	-1.0518920468317348	
8.714169786030997	-5.481235348848296	2.5591630315097738	-0.7029411150935294	0.096015444579922	-1.007394111484843	
8.89789193399805	-5.56631639577602	2.566628801554199	-0.6362885089319857	0.11750070542879207	-0.9596494434916336	
9.093771707250385	-5.637424767780212	2.571590894948766	-0.5669788676166682	0.1366301637440655	-0.9081053994170599	
9.30130411011107	-5.693083360271946	2.5735837200128833	-0.49631768849821	0.15347103853444485	-0.8522464264165217	
9.519868211829714	-5.732116412698061	2.572276423481206	-0.4257319423667288	0.16811717649925986	-0.7916092510530524	
9.748613924484832	-5.7537358324318255	2.567464414737575	-0.3567365680556479	0.18067976863729818	-0.7257968575746276	
9.98637539750746	-5.757608854561625	2.559040802847883	-0.29088749577580053	0.19127830652195119	-0.6544920321913311	
10.231611655014865	-5.743909202299505	2.5469557353018475	-0.22972316726804215	0.20003253505744037	-0.5774716272832968	
10.48237673768882	-5.713350326752254	2.5311671346195657	-0.17469366311901308	0.207055855387794	-0.4946221855283677	
10.736327376580935	-5.667194061464848	2.511587529473851	-0.12707590571538088	0.21245124464073384	-0.40595740569011596	
10.990778702287386	-5.6072139444615585	2.4880425171947924	-0.0878911744850116	0.21631131775400902	-0.31163170052918837	
11.24277935033404	-5.535636203893879	2.46024774674038	-0.0578294113524343	0.21872172088132974	-0.2119520419752691	
11.489200199021354	-5.455056092508102	2.4278045970880995	-0.037182846100836116	0.21976700522404818	-0.10738645911338772	
11.726832594357283	-5.368327113179381	2.390215744606499	-0.025788928673576583	0.21953849294010674	0.0014311772898817528	
11.952491293980952	-5.278413652470331	2.3469235060221476	-0.022998735130901556	0.21814269162635636	0.11370599125714735	
12.163109537609031	-5.1882244992566955	2.297360672493375	-0.027683555445450113	0.2157071498993812	0.22849901353043223	
12.355826947238386	-5.100446426745661	2.2410016507712953	-0.03826337261852311	0.2123831800319827	0.34474986760715864	
12.528083992606856	-5.017374300887514	2.177413653006074	-0.05276127458823807	0.2083451839467239	0.4613068438527816	
12.677731963935688	-4.94074138731008	2.106306349673531	-0.06888406660716061	0.20378638900983065	0.5769641212492012	
12.803098623454694	-4.871638427155408	2.0275567051880263	-0.08412792994953552	0.19891163588512678	0.6904994280835015	
12.903214894953166	-4.810321298020348	1.9412763009927583	-0.09592621571748715	0.19392709045141468	0.8007309326667771	
12.977596164220886	-4.756496408647048	1.847735435663136	-0.101717414265518	0.1890367690528413	0.9065169851332672	
