13.1298713068205	-4.272336514974091	1.542170543095357	0.3548386592898181	-0.0579381057826212	1.0739561847417567	
13.177112451743088	-4.099687826967494	1.5216226591979238	0.4186424741936557	-0.03599284939292421	1.1319196410714811	
13.208305204146043	-3.913602302520345	1.500039214668712	0.48663927026541753	-0.007854521468174029	1.180551940060997	
13.223205940732248	-3.716685179870841	1.4767006339222195	0.5561424297497792	0.02569429562884757	1.2206718069073987	
13.221445356240926	-3.512430972276072	1.4506176987495698	0.6241210609813163	0.06370178018941826	1.253357129497184	
13.202422439967778	-3.3055509478553744	1.4204565792223105	0.687168645040776	0.10498858732444938	1.2800301344430065	
13.165249129634173	-3.1014760633609635	1.3847358924179425	0.7418743111705277	0.14824320326472756	1.3023016635241411	
13.108670329756743	-2.905989738952381	1.3419708619938309	0.7850856575608692	0.19206749692004083	1.321887038089886	
13.031031322101299	-2.7247062688035735	1.2908470549461017	0.8141988001425146	0.23504146230589826	1.3404886790339812	
12.930297086047714	-2.5625998224713755	1.2303682624872767	0.8273965697074964	0.2757792454568282	1.35969352657585	
12.80413386657681	-2.4236211959914886	1.1599811917277407	0.8238226178852858	0.3129770673033175	1.380889086355663	
12.650063538279246	-2.3104200486259683	1.0796839127289632	0.8036847945588036	0.3454550277449906	1.4051984449391337	
12.465705049623956	-2.224214587074072	0.9901130957116983	0.7682559135205403	0.3721910180183882	1.4334407122748662	
12.249071474812268	-2.164826769495773	0.8925783854567195	0.7197546960476728	0.39234343221708096	1.4661194007354124	
11.998883896805285	-2.130799215877606	0.7890431895953618	0.6611696806327229	0.4052698472800001	1.503421956735035	
11.714876640767208	-2.1195824253032307	0.6820389487185008	0.5960387232452021	0.41054319409844553	1.5452288899199582	
11.398073174552579	-2.1277795131708777	0.5745054083608888	0.5281986246209924	0.40796814976657136	1.5911301145462107	
11.050967296372088	-2.1514482585314707	0.46954894291655286	0.4615188332185286	0.397595022576492	1.6404530303119342	
10.67754012356852	-2.186401875231632	0.37017164883435605	0.3996652782900711	0.37972507470105166	1.6923012909593411	
10.28316126480801	-2.228455226523774	0.2790221285004045	0.34590855374199897	0.3549110470978746	1.7455937297212887	
9.874381751721812	-2.2736145056613584	0.1981851880385656	0.30297266205956336	0.3239492344285823	1.7991046926026257	
9.4586338244927	-2.318207303563307	0.1290234170033204	0.27291994375840417	0.2878623278721746	1.8515047493292662	
9.04384232652958	-2.3589503341329197	0.0721051449170536	0.25708667653536	0.24786625021027417	1.901403381422036	
8.638021202594647	-2.392972594119977	0.027226255703227766	0.25607126198376545	0.20532426149119762	1.947390294932841	
8.248898731202615	-2.4178259428340256	-0.0065117756477914915	0.26974851917444215	0.16169601652784935	1.9880744133773478	
7.883577743161082	-2.4314912439723466	-0.030575116287843228	0.2973098595388699	0.11848151773441712	2.02212193700999	
7.54823605440904	-2.4323906014664636	-0.04683232317330235	0.3373229977520021	0.07716060853704487	2.0482947487376735	
7.247914600384859	-2.419399993443158	-0.05735762030695909	0.38782324921891115	0.03913199495463228	2.0654856808587994	
6.986412361812656	-2.391863949649127	-0.06424407892887693	0.4464198342559165	0.0056603870538323026	2.072747024605316	
6.766253385434163	-2.349615766424858	-0.06944311333831203	0.5104043397044091	-0.022168707021918057	2.0693145164120823	
6.5887219579243315	-2.292995498642671	-0.07463400645007255	0.5768642595094207	-0.043486163072029946	2.054626193345617	
6.453953218371471	-2.222863181141973	-0.08112799078477582	0.6428013479223869	-0.05766976022354234	2.0283375061057454	
6.361098561344482	-2.1405815053489756	-0.08982728336883153	0.7052511911743963	-0.06435929272569853	1.9903255199649357	
6.308516290731341	-2.047970071288576	-0.10123135836698838	0.7613895072349105	-0.06345918582232561	1.9406849714217966	
6.2939627615087455	-1.9472387088127014	-0.11547238023940883	0.8086262892718835	-0.05513366408848595	1.8797195040093686	
6.3147820373682135	-1.8408995127993322	-0.1323738376197165	0.8446883198281783	-0.03979414785397346	1.8079271996644133	
6.368086099734974	-1.7316598704547945	-0.15152541212709125	0.8676923760387136	-0.018080380457739003	1.7259810192632243	
6.450913473883028	-1.6223021144699876	-0.17236842703833577	0.8761927644825187	0.009170059773743692	1.634699845962898	
6.560345001746948	-1.5155719860214851	-0.1942709647382306	0.8692087638634587	0.040955219541425524	1.5350170974716353	
6.693583386649817	-1.4140788142109342	-0.21658919679891545	0.8462380423204193	0.07614357032170288	1.4279481624945338	
6.848000636313857	-1.320209231364428	-0.23871362867000498	0.8072562677576451	0.11351067357367692	1.3145564072079845	
7.021156025843375	-1.2360565755250714	-0.26009763740070935	0.7527048802276592	0.15177797333703083	1.1959177081755386	
7.210784270540351	-1.1633827996679464	-0.28026347144109764	0.6834547431096052	0.1896528646906723	1.0730861993992635	
7.4147710609717254	-1.1036048388345743	-0.29879155411420993	0.6007630343903675	0.22586576006999984	0.9470648472304599	
7.6311237238516805	-1.05779814295205	-0.3152991856438889	0.5062247273420345	0.2592053243923974	0.8187803068075703	
7.857940703416701	-1.0267131078264782	-0.32941263210414884	0.40171849220061673	0.2885525311887913	0.6890620901171448	
8.09338248267177	-1.0107996919748627	-0.3407373486174777	0.28934604459742225	0.3129142637402588	0.5586264986492026	
8.335645065112724	-1.01024011542761	-0.3488367416660685	0.17136309646773373	0.33145024589503036	0.42807016627406713	
8.582937522894998	-1.024974981489997	-0.35322513408605904	0.0501128093755867	0.3434950919683099	0.2978695834263323	
8.833461292361745	-1.05472455400007	-0.3533753792084909	-0.07204029455493698	0.3485754647220585	0.16838595063637304	
9.085390359521552	-1.099005967221049	-0.34874156976079757	-0.19277647049537	0.3464224074196603	0.039874922368871094	
9.336852591921698	-1.157149885607974	-0.3387969977521747	-0.309886709719431	0.3369768829988295	-0.08749802639677176	
9.585916800810978	-1.2283240117634122	-0.3230776952828489	-0.4213284166473227	0.3203823758845351	-0.21363625300943356	
9.83058657160697	-1.311559550509682	-0.3012211738853542	-0.5252702256228973	0.2969718168601994	-0.33848931409569055	
10.06880201651198	-1.405782251688139	-0.2729953707733939	-0.6201260877454098	0.2672483026410174	-0.4620287673386114	
10.298451283973428	-1.5098471733571575	-0.23831398047555924	-0.7045792835755038	0.23186037379750202	-0.5842225495001618	
10.517396765095672	-1.6225751116447629	-0.1972315818614315	-0.7775926323797167	0.19157055591118285	-0.7050083179239197	
10.723519092406121	-1.7427820833249068	-0.14991764010969807	-0.838400863895599	0.14721964301049678	-0.8242698177090579	
10.91477871885833	-1.8692958775184705	-0.09662213891211234	-0.8864976295601716	0.09969291179578886	-0.94181719923097	
11.089295161684916	-2.000959102239109	-0.03763839541724312	-0.9216184505489957	0.04988794966594298	-1.0573718345068053	
11.2454452876289	-2.1366173762641028	0.026731032025714772	-0.9437237829200859	-0.00131516109177276	-1.1705560368951984	
11.3819709315851	-2.275092746394507	0.09619734488445698	-0.9529827995473367	-0.0530792644925561	-1.2808911693078333	
11.498067537806351	-2.415152030771328	0.17049046389606468	-0.9497606599319084	-0.1046273116535047	-1.387806130350831	
11.59344902702862	-2.5554793800360542	0.2493481045362093	-0.9346143219655916	-0.15525284934956288	-1.4906525219878746	
11.66837959730181	-2.6946590756855366	0.33249136600757406	-0.9082936554486212	-0.2043246478595162	-1.5887264251976392	
11.72366588575531	-2.8311742710266987	0.4195875845279309	-0.8717480138159636	-0.2512865358550978	-1.6812963865691701	
11.760582239419824	-2.963431467048663	0.5102053252972412	-0.826131012672994	-0.2956518394075807	-1.7676367998908724	
11.78072990511215	-3.0898094428696203	0.6037747969357611	-0.7727978643048249	-0.33699520002553623	-1.847060592649347	
11.785850263754684	-3.2087259334311113	0.6995612503835963	-0.7132955160017994	-0.37494540665626364	-1.9189487090132111	
11.777598455989423	-3.3187198862151672	0.7966584218427891	-0.649341437021614	-0.40917998354864815	-1.9827752033336905	
11.757284587926097	-3.4185502135776185	0.8940093961983627	-0.5827882371612698	-0.43942331990664574	-2.038127192454288	
11.725628237639627	-3.5072983768817934	0.9904660284998015	-0.5155679675055523	-0.4654487273556497	-2.0847139343072474	
11.682588735666238	-3.584456103571032	1.0848740406775998	-0.44962400021990323	-0.4870843763899806	-2.1223647472894385	
11.627282802682686	-3.649993576063174	1.1761680477016134	-0.38683611558895153	-0.504222153559651	-2.1510196243123896	
11.558003332317183	-3.7043992282251113	1.2634663882765982	-0.32894106161394504	-0.5168277705935493	-2.1707134154683456	
11.472353572980238	-3.7486841758236134	1.3461556153384304	-0.27744941330462874	-0.5249512963094894	-2.1815554269376225	
11.36751758547776	-3.7843251601804204	1.4239365122774321	-0.233574426892411	-0.5287328302465524	-2.1837061079720304	
11.240598703791848	-3.8131631253413536	1.4968247549718308	-0.19818112798528922	-0.5284022574204125	-2.1773576061731506	
11.088983377313442	-3.8372733401673638	1.5651152464206732	-0.17175363761931786	-0.524273665344266	-2.1627200493408623	
10.910707144011884	-3.8588127649910837	1.6293139981180795	-0.1543829063894447	-0.5167338902716586	-2.1400140857831746	
10.70480254688703	-3.8798506956103904	1.690042224210805	-0.14577563345698347	-0.5062248638320836	-2.1094710174243056	
10.47154295940436	-3.902210015868599	1.7479271303260304	-0.14529679053337358	-0.4932195073100727	-2.0713405277547903	
10.212569192358243	-3.9273448398676747	1.8035073840827565	-0.15202889634362296	-0.4781963170084367	-2.0259034677541994	
9.930914778896497	-3.9562560940804383	1.8571604844797915	-0.16484156639669656	-0.46161405571071584	-1.9734873452401742	
9.63093113090171	-3.989448359158914	1.9090567975911292	-0.18246902990394573	-0.4438874100927454	-1.9144828899917599	
9.31811122694534	-4.026932715101826	1.9591459564422713	-0.20359303063738549	-0.4253645299423519	-1.849360253951688	
8.99880136846466	-4.068289960458461	2.007183451189411	-0.2269219445137361	-0.40631165908411027	-1.7786789831014107	
8.679882637762574	-4.112763409145478	2.052778917819958	-0.2512555071058752	-0.38690470929891235	-1.7030918742136112	
8.368439004098436	-4.159369644032997	2.095456485058528	-0.2755361042034763	-0.36722717020037543	-1.6233426878545631	
8.071423535285133	-4.207019408168987	2.134721325755325	-0.29888642604254884	-0.3472743106121521	-1.5402573514142281	
7.79533526420692	-4.254640089633064	2.170126703893752	-0.32063191970195315	-0.3269643253789672	-1.4547274649583282	
7.545961135133063	-4.301277661809676	2.20132786431459	-0.34030137209100625	-0.3061570224372715	-1.3676857076441393	
7.328186133129073	-4.346168213732532	2.228116981791178	-0.35761562667438423	-0.284674885729051	-1.2800780359690151	
7.145862051665021	-4.388782287198348	2.2504382059225163	-0.37246688256740523	-0.2623257976441955	-1.192833290908875	
7.001728393155886	-4.428843076806533	2.2683807235315503	-0.3848903006328327	-0.2389267293649263	-1.1068306717485892	
6.897392159052149	-4.466315666634824	2.2821449573571226	-0.39502751413683185	-0.2143274788277974	-1.0228661232590757	
6.8333864407148805	-4.501365728345341	2.291987101994107	-0.40308463372884096	-0.18843034774777578	-0.9416240541159211	
6.809260040962793	-4.534303472249988	2.298160926210004	-0.4092924529261549	-0.16120527373245666	-0.8636542665599546	
6.82369851780379	-4.565516091153726	2.300865152996443	-0.4138699077873703	-0.13270043988483052	-0.7893546080553102	
6.874670403568	-4.595391995169141	2.300203478691237	-0.41699303028226764	-0.1030484446878779	-0.7189592020389166	
6.959603734479295	-4.624242135742166	2.296166717853016	-0.4187742507598288	-0.07246628888774692	-0.652535546841169	
7.075575264272504	-4.652235085935116	2.2886408442096053	-0.4192577984942019	-0.04124809081171858	-0.589993439585758	
7.219484316533389	-4.679351105223133	2.2774296256853255	-0.41842793200277806	-0.009754173408706613	-0.5310995384292869	
7.388213596988616	-4.705357605201842	2.2622860640360454	-0.41622789337968596	0.021603414807199205	-0.4754978004229603	
7.578773144933791	-4.729808628688016	2.242947539346541	-0.41258784731905424	0.052378477138472386	-0.4227347712194904	
7.7884137929449775	-4.752077281768202	2.219168136218534	-0.4074584988467848	0.08211133756937454	-0.37229046814262506	
8.014689467474295	-4.771416720117735	2.190739522115794	-0.4008410425247359	0.11034940613177234	-0.3236104438188916	
8.25547541857194	-4.787035463645318	2.157499986255217	-0.3928089791707603	0.1366658883115081	-0.2761355605663426	
8.50894473235338	-4.798182016549842	2.119333078325866	-0.38351945717328106	0.1606763484583227	-0.22932968697245157	
8.773504675275177	-4.804234133828686	2.076157362055016	-0.3732116051819561	0.18205294506362113	-0.18270516346624954	
9.047691956325943	-4.804778421462977	2.0279105230218786	-0.36218651982327693	0.20053390843015517	-0.13584350885856744	
9.330052752906603	-4.799663910362725	1.9745365809784572	-0.3507722313485661	0.215927517040874	-0.08840926744222538	
9.619026595346266	-4.789032098041757	1.9159816777528043	-0.33927965532627075	0.228112918832903	-0.04015925070904946	
9.912842744706762	-4.773322580902729	1.8522007890352863	-0.327952196496173	0.23703825365814749	0.009052465934381363	
10.209437800516188	-4.75325437193198	1.783178723140135	-0.3169105663355845	0.24271730314840903	0.059272687387354604	
10.50641925205446	-4.72977445641911	1.7089653355722116	-0.30610282841563147	0.24522417130666813	0.11045274494181823	
10.801077875718441	-4.703985275143093	1.6297177093364568	-0.2952684575596131	0.2446883666676317	0.1624556299794004	
11.090434273793965	-4.677059464407686	1.5457443972803238	-0.28391620739273904	0.24129144228280913	0.21506498907096058	
11.37131312295846	-4.650142712605352	1.4575473388885052	-0.27131829560713244	0.23526482434973223	0.26799666593816335	
11.640437746880123	-4.624243745300324	1.3658582472263736	-0.2565230269424886	0.22688904224128947	0.32091313296132945	
11.89453142168299	-4.6001231136062115	1.2716537522404088	-0.2383952389987588	0.21649214277900233	0.37344244441340785	
12.130406728721999	-4.578192680111163	1.176147140826965	-0.2156760355541719	0.20444674422531992	0.4251991896479071	
12.345042528818624	-4.558428324078557	1.0807598103142175	-0.1870549960815755	0.19116513248881503	0.4758064292302334	
12.535657980908834	-4.540299107722898	0.9870687466399093	-0.15125716215175442	0.1770909846251393	0.5249190592993799	
12.699794849743082	-4.522718256484805	0.8967265842923245	-0.10714646167600966	0.1626864295585861	0.5722485631545479	
12.835360940770954	-4.504067883948014	0.8113779857269332	-0.053800909916463545	0.14841759497342413	0.6175775142579574	
12.940827583353421	-4.482209432368862	0.7325056230704357	0.009317320872910128	0.13472655337620895	0.6607902679206039	
13.015076703732664	-4.454692747605858	0.6614434674866487	0.0824567097572906	0.12203150125522	0.7018428475113836	
