14.236355548187246	-4.446266205108331	0.7865758843270964	0.158811674737538	-0.1183411152809269	2.1665146405680105	
14.26684162917684	-4.269660043407605	0.7162018348923548	0.2585465012218338	-0.1247269689204171	2.267290835563963	
14.269219428910688	-4.079089390345261	0.6515985373579856	0.3705990642096586	-0.12607671766508347	2.3522184523582936	
14.243238943587077	-3.8771002048105836	0.5932822050116452	0.49203680244334125	-0.12250103685392598	2.4213495257096715	
14.188453092242964	-3.666719572992181	0.5414670046157838	0.6194637523701405	-0.11424833643090888	2.475071092465974	
14.10410451529832	-3.451495006819967	0.495946744389837	0.7489573360487171	-0.10176327006471722	2.5142268856466603	
13.989133369789599	-3.2351543415277013	0.4561650942929835	0.8763618351184447	-0.08566531638486971	2.540031792795346	
13.842222709493512	-3.021398131031852	0.421253697736001	0.9974827210539814	-0.06674621744671058	2.5540400556156904	
13.66192508845247	-2.813659894409597	0.3901235585627772	1.1083505381831726	-0.04594108604882072	2.5580576172881138	
13.446848728040587	-2.6149504124172718	0.36157014340571647	1.2054633209950598	-0.024286789796178626	2.5540401908669272	
13.195890278677753	-2.4277941496618904	0.3343833122794439	1.2859968546024838	-0.0028708791416275988	2.5439843785510585	
12.908503121349913	-2.2542433368607044	0.3074553048418027	1.3479708583833656	0.01722681084288174	2.5298149928333493	
12.58498553756145	-2.0959375078432343	0.27987685951254954	1.3903603540870169	0.03499604925118227	2.5132746069098046	
12.22677121918065	-1.9541573024574193	0.2510129271484233	1.4131464756882317	0.049559051049480676	2.495819356709904	
11.836650376691262	-1.8298429887974077	0.22053971305997766	1.4172797283300487	0.060225494183712334	2.4785399540855306	
11.418887618969565	-1.7235839856840394	0.1884400223776628	1.4045802970843133	0.0665365288874192	2.462113409903655	
10.979213132908587	-1.6356002991965868	0.15495813499934144	1.3775882162513404	0.0682962619190501	2.446785761272228	
10.524674004682002	-1.5657237628217373	0.12052036795891427	1.339375999292948	0.0655882620379636	2.432385471076089	
10.06335143876365	-1.513374037485637	0.08563404411686859	1.2933396306397915	0.058776427698297086	2.4183632409410087	
9.60395290034051	-1.477525316854952	0.05078556992395174	1.2429805035012937	0.04848525018493227	2.403858276457143	
9.155346663602014	-1.45667255476173	0.016366344612614683	1.1917029063417686	0.03556087818678762	2.387781538069592	
8.726097567011253	-1.4488098931409723	-0.017363369930320748	1.1426345383841328	0.021020858958677315	2.3689041052244733	
8.324030979224789	-1.4514401929832927	-0.05027345562110346	1.0984699602082466	0.005994594186278629	2.345947503087957	
7.955853444226308	-1.4616276331065081	-0.08233136882113185	1.0613389772141135	-0.008341813136807643	2.317670883557209	
7.626850554204882	-1.4761016387594728	-0.11354771417537583	1.0327000498199217	-0.020833568466978564	2.282951268023678	
7.340721613163207	-1.4914124986664439	-0.14391532179613303	1.013278822487133	-0.030411339108123547	2.2408473076869706	
7.0995360122081586	-1.5041131351695478	-0.1733579503172459	1.0030446296071804	-0.0361459860013538	2.1906439994855758	
6.903795176503629	-1.5109553581843482	-0.20169555278715173	1.0012229522964387	-0.03729319239808174	2.131879731593754	
6.752590500070409	-1.5090888884226064	-0.22863111684352688	1.006345483895354	-0.033326540704156665	2.064355656806755	
6.643837601246538	-1.4962538873989972	-0.25376190822469497	1.016335502413085	-0.02395917926190616	1.9881291335210252	
6.57457824485332	-1.4709447445765675	-0.27661673894550853	1.0286343498600163	-0.009150851851388428	1.903489769185477	
6.541306162943043	-1.4325145320876438	-0.296710474340394	1.0403584035452416	0.010900680177365256	1.8109215120386133	
6.540271464539581	-1.3812223196020637	-0.31360299106096184	1.04846765944908	0.035777736331673256	1.7110590486846715	
6.5677517463181765	-1.318218283430121	-0.3269543751410513	1.0499405555875805	0.06486971649911467	1.6046403145530155	
6.620275168617844	-1.2454684972825962	-0.33656926855955976	1.0419458017605818	0.0974070607687645	1.4924580653144477	
6.694787581355018	-1.1656247683844612	-0.34242550914377584	1.0220045882311748	0.13250045976583497	1.3753126370772661	
6.788745462902764	-1.0818422740264846	-0.3446800150867436	0.9881215195635586	0.1691842277318273	1.2539697995424843	
6.900143521920662	-0.9975820500414212	-0.3436561897687455	0.9388782180572465	0.20645785818275425	1.1291273410377536	
7.027490822957705	-0.9164126010264556	-0.3398170729539009	0.8734917286474085	0.24332467630699897	1.0013903297147546	
7.169743993390763	-0.8418209855097406	-0.3337271222193616	0.7918368846401822	0.2788266438569842	0.8712555933439032	
7.326208377816501	-0.7770416188562042	-0.3260060211245291	0.6944365200431063	0.3120747005715438	0.7391053391987913	
7.496414755372779	-0.7249130540971678	-0.31727758161355246	0.5824160172341166	0.3422732079694828	0.6052112811904686	
7.679990845726835	-0.6877775023825065	-0.3081208319115834	0.45742631692411684	0.36873623223779184	0.46974893565719544	
7.876545108784281	-0.667416311740072	-0.29902723679403714	0.32155388293734294	0.39089769141431707	0.3328179726826188	
8.08556863620646	-0.6650207869661601	-0.2903658106198148	0.17721982415867532	0.40831580630651354	0.19446735266934612	
8.306361044282777	-0.6811971810092793	-0.2823580918954702	0.02707366665059095	0.4206725815180007	0.05472337784161796	
8.537982620779031	-0.7160034880156837	-0.27506417507645126	-0.12611383375924543	0.42776944366760655	-0.0863808595830615	
8.779237083412033	-0.7690244634021731	-0.2683844129524902	-0.2795525441850089	0.42951785245418617	-0.2287776196097805	
9.028673269798979	-0.8394659266187329	-0.2620728154913255	-0.4305186930368129	0.4259280646451407	-0.37234098570868096	
9.284594357473559	-0.9262587041246043	-0.2557581417753632	-0.5764237995574144	0.41709708454139915	-0.5168677162149666	
9.545068322630406	-1.0281650733455132	-0.24896948798195345	-0.7148658224308202	0.4031959919570716	-0.6620626510095313	
9.807934793918559	-1.143878015457816	-0.24116219073778594	-0.8436630126028664	0.38445730096906044	-0.80752808049898	
10.070811806676856	-1.2721016958694982	-0.23174051489468275	-0.9608697002665603	0.3611622372182808	-0.9527573877668177	
10.33111555558922	-1.411597032060421	-0.2200744106715876	-1.0647753395237676	0.33362851530748117	-1.0971336754587224	
10.586102661495069	-1.561188470558156	-0.2055112918428218	-1.1538977656120792	0.30219985784207937	-1.2399311185936766	
10.832942971798587	-1.7197348113110351	-0.18738669257247115	-1.2269756801108183	0.2672371802568716	-1.3803196496707344	
11.068822335916261	-1.886069530491065	-0.16503713188051206	-1.2829658486550173	0.22911185126804673	-1.5173733574503911	
11.291068711525384	-2.0589182571439997	-0.13781875130020782	-1.321051479508646	0.18820149328602123	-1.6500831534162093	
11.497275309269009	-2.236811685076401	-0.10513287141521509	-1.3406617207715836	0.14488864119973252	-1.777375832173395	
11.68539355182961	-2.4180126086382354	-0.0664562375979741	-1.341503788098277	0.09956195401164443	-1.8981376134825796	
11.853786116113069	-2.600466223906947	-0.021373692095520494	-1.3236054228954655	0.052619021575238754	-2.011241380112248	
12.001233666188602	-2.7817821981303434	0.030389504797641936	-1.2873626236406286	0.004469759429566164	-2.11557696222922	
12.12689398417065	-2.959254460767609	0.08893786285517336	-1.2335892064471612	-0.04446061287613859	-2.2100836609413244	
12.230210332066411	-3.12992820694156	0.1541828847736829	-1.1635590392073756	-0.093730341507691	-2.2937836711667985	
12.310778296251122	-3.290714652395127	0.22583523212312676	-1.07902513111893	-0.14288292771092392	-2.365812161517665	
12.368196046955884	-3.438539959634766	0.3034120922128659	-0.9822168188203931	-0.19145187383889511	-2.425443669588515	
12.401916458214037	-3.5705214080653596	0.3862621608151258	-0.875809020807012	-0.2389682892816241	-2.472113932755234	
12.41112502056146	-3.6841594673693745	0.4736080160146222	-0.7628607961885556	-0.2849709095172246	-2.5054364420087754	
12.39467010168775	-3.777535733228452	0.5646036440384096	-0.6467215817596756	-0.3290180027354659	-2.5252141745688466	
12.351083068931905	-3.8494807754563176	0.658399751795595	-0.5309029197834692	-0.3706992617194187	-2.5314428182954396	
12.278691460282365	-3.8996888504628324	0.7542013780965816	-0.41893321625806057	-0.40964567413911246	-2.5243084213811158	
12.175808464819573	-3.928774752606372	0.8513096289038347	-0.3142052387268177	-0.44553655317411656	-2.504182155799598	
12.04097900597269	-3.938265059163655	0.9491427147543804	-0.21982437147719086	-0.47810297678943403	-2.4716127197372266	
11.87325891356081	-3.9305242045142563	1.0472343827302901	-0.13846495230784664	-0.5071274377237941	-2.4273179641124383	
11.67249433671398	-3.908611212354314	1.1452102469804986	-0.07224559092409236	-0.5324394162460262	-2.3721755526705564	
11.439540214280399	-3.876077106693848	1.2427495677344238	-0.022645881686830193	-0.5539073408638071	-2.307210950247561	
11.176402946443531	-3.836740345263871	1.3395455076323974	0.009540187419368924	-0.5714294062601644	-2.233584964348195	
10.886295374337738	-3.794453722834031	1.4352710175645351	0.024212399822783406	-0.5849242398089075	-2.1525790316985747	
10.573598733908229	-3.7528806819242355	1.529555763415193	0.021934626881991635	-0.5943225504364544	-2.0655774322964016	
10.243735044613484	-3.715296216974944	1.6219769246684563	0.003871619979454819	-0.5995608522803731	-1.9740458469060966	
9.902943023851046	-3.6844431975866323	1.712064056876207	-0.0283116449138421	-0.6005783165556383	-1.8795046855895277	
9.558003135777321	-3.662459122400394	1.7993117823980098	-0.07256662445239433	-0.5973172788736809	-1.7834995578576447	
9.215942673436263	-3.650865328201909	1.8831948439682227	-0.12658022509387104	-0.589727041995532	-1.6875696509628835	
8.883737862913879	-3.6506126444432843	1.963183080807446	-0.18789012275913872	-0.5777705356398924	-1.5932142175216426	
8.568030296755252	-3.662170644598533	2.0387553689828	-0.2539890396589982	-0.5614334383584828	-1.5018573842282237	
8.274873052485184	-3.685646330036941	2.1094135106020118	-0.3224127572802924	-0.540735227332651	-1.4148115323376689	
8.009537943436474	-3.7209087786230564	2.174697475105845	-0.3908045436412764	-0.5157402722610525	-1.333243205957665	
7.776377852281364	-3.7676917182223457	2.234203707447786	-0.45695851423563494	-0.4865683931277207	-1.2581410570293006	
7.578740520244266	-3.8256672962354408	2.287606621083081	-0.5188473477376709	-0.453404208547382	-1.1902864446580421	
7.418931458078193	-3.8944851760876675	2.334682102269812	-0.5746386504933789	-0.4165046577843089	-1.1302274576552922	
7.298218000851406	-3.9737730624621466	2.3753316028825937	-0.6227058154727996	-0.37620454348254384	-1.078255567300829	
7.216887910317759	-4.063098563619155	2.4096004426546127	-0.6616350805466592	-0.33291804319695906	-1.0343904175196614	
7.174344696454106	-4.161902878017831	2.437685879878074	-0.6902341361046299	-0.28713619470129537	-0.9983727805042817	
7.169223509885758	-4.269418940344914	2.45993386063847	-0.7075460709264769	-0.2394209186349463	-0.9696640915950564	
7.199525447771542	-4.384586218423957	2.4768230081458746	-0.7128683628113204	-0.19039515513949146	-0.9474545771755756	
7.262762375348345	-4.505973232515979	2.488936416070243	-0.7057775637964232	-0.1407291847816142	-0.9306802811520372	
7.356107897791815	-4.631721438615603	2.496922333511149	-0.6861585690079519	-0.09112276995589627	-0.9180511509568736	
7.47654515983851	-4.759532026688101	2.5014487054217582	-0.6542298495063561	-0.04228390172863987	-0.9080929613546969	
7.620996028182154	-4.88669342784963	2.50315847359312	-0.6105659802974348	0.005093672275967602	-0.8991966856075156	
7.786431618368668	-5.010151725508957	2.502627431005604	-0.556113246526715	0.0503534339146501	-0.8896751147191986	
7.969960683875145	-5.126623471711907	2.5003262928463075	-0.49219461234520345	0.09289847205322846	-0.8778250736487611	
8.168893205591829	-5.232749471993698	2.496587011268536	-0.4205019263352949	0.1322126311125854	-0.8619940738059587	
8.380770291506956	-5.325282274013639	2.491576443133952	-0.3430649960417677	0.16787744704338864	-0.8406471372252883	
8.603359320834349	-5.401281747766605	2.4852781570802294	-0.2621984999062627	0.19958306639429033	-0.8124269803673104	
8.834622215599383	-5.458305551673546	2.477480766058281	-0.18043008702580626	0.22713365195096644	-0.7762065186109778	
9.07266282273674	-5.494582940329892	2.4677744525664416	-0.10040859158281389	0.25044668243962626	-0.7311315986465763	
9.315662273756072	-5.509162340095931	2.455557029831961	-0.02479351246510124	0.26954641650816663	-0.6766529873378276	
9.561813295061878	-5.502020434595423	2.440052894754577	0.04387438326080315	0.28455160102320015	-0.6125459436871035	
9.809270677480418	-5.474100363446695	2.4203493634271944	0.1033091438368321	0.29565765834247965	-0.5389104204067046	
10.056129276623551	-5.427290781142756	2.39544524879961	0.15161263620847687	0.30311767030550496	-0.4561590588598698	
10.300431448399033	-5.364344406058819	2.3643101193594704	0.18739826455068512	0.3072234217010888	-0.36499366467256444	
10.540202482183275	-5.288736961161919	2.325951336502292	0.2098971696463887	0.30828793443233216	-0.266371242865902	
10.773509286375267	-5.204470596829467	2.279486524796704	0.21904253763936782	0.3066307750279135	-0.16146173545737771	
10.998529387334825	-5.1158219622763905	2.2242147133330104	0.2155110543886866	0.30256725966485215	-0.051596319686472276	
11.213609992475417	-5.027066181680608	2.159676926415531	0.2007152773099813	0.2964020899518627	0.0617878714599786	
11.417308061441105	-4.9421968830759155	2.0857040063571097	0.17675560574944324	0.2884261738810442	0.17720291551652254	
11.608408784397726	-4.864654712196578	2.0024478164876243	0.1463299856839434	0.2789154636953796	0.2931646144788884	
11.785926191044723	-4.797078833963266	1.9103937149104937	0.11260487332813868	0.2681307890225879	0.40824472717636673	
11.94909614497469	-4.741097826938995	1.8103520839244596	0.07904874880100235	0.25631790337603005	0.5211195707866383	
12.097374423825382	-4.697208289662698	1.7034245404381227	0.049237892613370464	0.24370788541768262	0.6306087144207579	
12.230453405611062	-4.6647393385088565	1.5909571595744654	0.026659452206158323	0.23051824910218313	0.7357026442228942	
12.34829342421831	-4.641907349659931	1.4744842583517226	0.01451889492438249	0.21695559395489963	0.8355790330694208	
12.451158378145017	-4.625959696634614	1.3556663676894873	0.015563850472692601	0.20322025918499742	0.9296068425599657	
12.539640893305826	-4.613400446547637	1.23622439777386	0.03192929076226062	0.18951325093632507	1.0173393284314867	
12.61464883853821	-4.600299883564161	1.117868552199802	0.06501458209257238	0.17604516345764754	1.0984955790167976	
12.67735053134401	-4.58258712399761	1.0022446216746679	0.1154597610596436	0.1630430935928089	1.1729305765094762	
12.729045620152727	-4.556464552865954	0.8908425940854883	0.18301532597622513	0.15076033313174106	1.2406175445630279	
12.771058894106847	-4.518481629171009	0.7850122656846528	0.266792361229581	0.1394709979419863	1.3016017514722102	
