12.739388279386596	-4.299735347365888	0.9110961545177724	0.022158187177778	-0.1495538582932	1.1500395000582702	
12.759061629480144	-4.236311969277118	0.8602711008944541	0.06794171686299444	-0.15742923145806376	1.205702887137621	
12.767606448306717	-4.166996220525073	0.8113638100680781	0.12289616119775484	-0.1621816107857917	1.2558080735528712	
12.76671939588276	-4.090839465405331	0.7642545850188492	0.1861729075816515	-0.16363739812084044	1.3003818762888317	
12.757758827189772	-4.007181903061965	0.7187956347810379	0.2567003049893714	-0.1616893391400269	1.33951999269967	
12.741468946081188	-3.9158236397312307	0.6748187887760002	0.33308876050613206	-0.15633573960140063	1.3734216430928408	
12.717890707640901	-3.816965448651981	0.632193126358791	0.41374802934227467	-0.1476688040722176	1.402365611011226	
12.686261724597625	-3.711189665221507	0.5908703429829825	0.4969311950363411	-0.135880489140111	1.4267107438967102	
12.645024513229789	-3.5993874415569174	0.5509261397763995	0.580802230688481	-0.1212586666169676	1.446889563288136	
12.591897785172815	-3.4826837041499177	0.5125889062225755	0.6634965869970358	-0.10418199511102788	1.4634029314134975	
12.524012479001325	-3.362364841672239	0.4762534240054426	0.7431765910115459	-0.08511248931570028	1.4768142949270398	
12.438119553946889	-3.2398123996235513	0.44247825404443664	0.8180867319764202	-0.06458457236174905	1.4877417404570827	
12.33087452721584	-3.1164498871532795	0.41195857960982624	0.8866039905965986	-0.043187868863803734	1.4968452437694828	
12.199140753427026	-2.993707842952932	0.38548121121974527	0.9472800410090848	-0.02154582684295553	1.5048097975648385	
12.040283614722323	-2.873001811501423	0.36386832799252	0.9988794830776379	-0.0002919576470777793	1.5123253180423453	
11.852445902564813	-2.7557184524014326	0.3479095366541109	1.0404149289724158	0.019956644837231488	1.5200626541543878	
11.634794207731758	-2.6432057538168197	0.33827974218323364	1.0711816435380817	0.03862910717267343	1.5286442596259888	
11.387659901660463	-2.5367631418577514	0.3354554668502378	1.0907793888040067	0.05522912660426668	1.5386133295937747	
11.112590063751876	-2.4376252891897914	0.3396420327556512	1.0991271832551854	0.06935908591985047	1.5504043649110961	
10.812327220715387	-2.346937186189722	0.3507153705698606	1.096471847213355	0.08074009266645185	1.5643156265944402	
10.490722250988764	-2.26571825214782	0.3681823571954468	1.0833897632444738	0.08922784417717984	1.5804837824690485	
10.152569169224623	-2.1948137969093664	0.39117170251114747	1.0607768530133865	0.0948221210439484	1.5988634956446401	
9.803365919342937	-2.1348451094870953	0.41847107262439787	1.0298174517119114	0.09766456328327026	1.6192205062666918	
9.449066284552373	-2.086159469978317	0.4485892453779032	0.9919449032946309	0.09803075326694935	1.6411323042454025	
9.095822972560596	-2.0487834522164587	0.4798397307656353	0.9487914378129098	0.09631645886578492	1.6639969975068565	
8.749725058932508	-2.0223792849962328	0.5104429187740493	0.9021263728720595	0.0930185258825642	1.6870499145462643	
8.41654704712181	-2.006219155808202	0.5386408823776564	0.8537789491064216	0.08870830477824174	1.7093922769975123	
8.10155038580045	-1.9991870417063775	0.5628006189246267	0.8055569490725378	0.08400196603948412	1.7300273380872748	
7.809329964733268	-1.9997995665386146	0.5814999995757986	0.7591666771409188	0.07953133208004604	1.7478979439628066	
7.543702160932269	-2.0062495134579095	0.5935965932238998	0.716134113338032	0.07591475606742501	1.7619260877649439	
7.307629708586123	-2.01647440705748	0.5982798624357631	0.6777259423155663	0.07372781484164813	1.7710545393460364	
7.103218937266961	-2.0282556234663214	0.5950911342317141	0.6448872313612136	0.07347777562175804	1.7742863142832876	
6.931762564489446	-2.039325047527979	0.5839210231127505	0.6181986080646092	0.07558392979306275	1.7707174960207053	
6.793809595334499	-2.047473075689058	0.5649929333032783	0.5978485208754504	0.08036241379336864	1.7595647931865932	
6.689260241291993	-2.0506572992915366	0.5388337494609277	0.5836209569301656	0.08801525492295426	1.7401883410319514	
6.617485142889889	-2.047109787751125	0.5062311653287309	0.5749017531827277	0.09862416574522796	1.7121092919478604	
6.5774659492880305	-2.035419988451299	0.4681755504308389	0.570716283516761	0.11215343341175238	1.6750154490368745	
6.567920537816481	-2.0145961320117065	0.42580239843866785	0.5697791807937446	0.12845649754475516	1.6287613563754428	
6.587414642662768	-1.9841073333179935	0.380334320737235	0.5705560767568103	0.14728587825654135	1.573363453157657	
6.634457249713331	-1.9439090911063064	0.33302256947490805	0.571337066694401	0.16830578856372358	1.5089914402915434	
6.707573360566673	-1.8944416262619164	0.28508913004499514	0.5703247019614178	0.1911085103579494	1.435953560194143	
6.805344291867676	-1.8365974082966188	0.2376779054730709	0.5657247471996645	0.21523245531332452	1.3546769805163523	
6.926422271193185	-1.7716777922663212	0.1918154706545283	0.5558320188873579	0.24017856138042404	1.2656888968147673	
7.069525178423294	-1.7013364892406917	0.14838069900460202	0.5391125471583642	0.26542572823074284	1.1695971962723817	
7.2334131968759605	-1.6275114115354756	0.10808281223131957	0.5142839158873755	0.2904451629092011	1.0670711442051923	
7.416848761597139	-1.5523393709877165	0.0714559551613409	0.48037979568414174	0.31471299758187066	0.9588212837091425	
7.618549035958427	-1.4780704525726813	0.03886728994392516	0.4367932195581597	0.33771993187124816	0.8455816909627174	
7.8371347367859565	-1.406987142149809	0.0105326448729392	0.3833050817443259	0.35897876500987347	0.7280946001462302	
8.071076669100679	-1.341327351310928	-0.013461008224976454	0.32009739834541295	0.3780303407871018	0.607096648690604	
8.318640934347536	-1.2832123823635075	-0.033127262478448515	0.24775103985384928	0.3944483108952172	0.4833064871005757	
8.577848936082454	-1.2345930397994915	-0.048547143870626155	0.1672142553356825	0.40784158461535996	0.35741544672837816	
8.846451424029407	-1.197214451345795	-0.05983910103462522	0.07976119996550804	0.4178558950241671	0.23008123761136606	
9.12191458141325	-1.1725952355940128	-0.06713155138761452	-0.013056802280790066	0.4241749619924019	0.10192415956948608	
9.401416511539557	-1.1620178959875684	-0.07053728849802225	-0.10946558276111037	0.426521689040787	-0.02647426004278524	
9.681856836125021	-1.1665296063982564	-0.07012920642263545	-0.2075283663982431	0.4246593812859587	-0.15456924175589004	
9.959882596194225	-1.1869496332843763	-0.06591927784646445	-0.3052053958444417	0.4183924175318695	-0.28184666803267744	
10.231921152918163	-1.2238673915535119	-0.05783930526091908	-0.4004044645357007	0.40756782701250405	-0.40781499114279546	
10.494226495048407	-1.2776288575688926	-0.04572345022679787	-0.49102609484652343	0.39207756389154225	-0.5319952504754868	
10.742946221101858	-1.3483034045480977	-0.029292345230197334	-0.5750054916613655	0.3718622146709379	-0.6539093432172045	
10.974223317107613	-1.4356336770997091	-0.008145271956897127	-0.650352231883434	0.34691526396890154	-0.7730676465182734	
11.18432495574932	-1.538978077690798	0.018235651021749618	-0.7151881269818949	0.3172877930323314	-0.8889590228537568	
11.369790318725256	-1.6572503156710605	0.05047076816143555	-0.7677886087258342	0.2830944513600542	-1.0010439742853579	
11.527593533080436	-1.7888649167200468	0.08925587352412695	-0.8066303530738568	0.24452030793035365	-1.1087515181360312	
11.65532214298938	-1.931694026285504	0.1353198131001724	-0.8304514547497913	0.2018292551252536	-1.2114809201242547	
11.751324075570459	-2.083068769754552	0.18936733293928665	-0.8383135365056128	0.15537037300316556	-1.308610523177674	
11.814813370728979	-2.2398134114955255	0.2520173204112551	-0.8296645661305804	0.10558299431521026	-1.3995115877800974	
11.845936258219773	-2.39830724645116	0.3237390965295631	-0.8044017862514742	0.05300033106218666	-1.48356598243343	
11.845791114134073	-2.55457688143997	0.4047877926406237	-0.7629338380618603	-0.001748913315946816	-1.5601875672403507	
11.816377591827868	-2.704428695841358	0.49514302491924084	-0.7062363180178429	-0.05794272433783357	-1.6288469695514276	
11.76043842951676	-2.8436182422460985	0.5944713377017019	-0.6358731392321414	-0.1147755798637885	-1.6890942104820965	
11.681244058497606	-2.9680362801670617	0.7021091340646349	-0.5539977461468445	-0.17137257161972344	-1.7405783230567835	
11.582329401591508	-3.073913562727226	0.8170677184197002	-0.46332878477919065	-0.22680868598357035	-1.7830634232963973	
11.467192408564157	-3.158051605398609	0.9380613156100699	-0.3670977073034693	-0.2801340803566221	-1.8164414860734095	
11.338989284988994	-3.218061168471221	1.0635670288589767	-0.26894862636748895	-0.33040636978645127	-1.8407376206308343	
11.200307323379647	-3.2525601957452843	1.191904884499759	-0.17279891066625575	-0.3767246453771455	-1.8561064547956017	
11.053025283452687	-3.2613357139528096	1.3213201894086826	-0.08268084133664562	-0.418262669621171	-1.8628247383423546	
10.898262679275264	-3.2454579255211584	1.4500653882182823	-0.0025626309398332978	-0.45430051781939057	-1.8612801286135707	
10.736423984878485	-3.207342310557702	1.5764771647589306	0.06385526859566526	-0.48425477686355456	-1.8519574660666642	
10.56736051564021	-3.1506908920501395	1.6990345862380032	0.11334356334433743	-0.5076991006289229	-1.8354213754097684	
10.390588388509267	-3.080343796142765	1.8163931811111707	0.14331965037318709	-0.5243748441515402	-1.812300311053864	
10.205526382157656	-3.002067342528764	1.927403011274117	0.151996551994634	-0.5341946699643324	-1.7832728750965936	
10.011741506781261	-2.9222761381219517	2.0311147686909035	0.1385018094663265	-0.5372391420018743	-1.7490558098467384	
9.80918552811469	-2.847682488817995	2.126778050955233	0.10295756035803837	-0.5337458396614246	-1.7103933888212561	
9.598364369332481	-2.7849095041049137	2.2138317730461825	0.04647327452340376	-0.5240874922985483	-1.6680475159746004	
9.380434730069558	-2.7401321774704326	2.291898447328261	-0.02890972022235294	-0.5087479103827383	-1.6227890412904282	
9.15723671354167	-2.7187509524402262	2.3607824147763683	-0.12031703885742479	-0.4882958765763829	-1.5753891539501383	
8.931265290848712	-2.72509982002157	2.4204734591265415	-0.22417997541304263	-0.46335735861547167	-1.5266100285434874	
8.705567071201672	-2.7622255848585446	2.471153030052951	-0.3364237789302701	-0.4345858756448165	-1.4771939976825392	
8.483579109111012	-2.8317892254735884	2.5131964438908176	-0.45268081630488555	-0.40263501618272407	-1.4278521312379318	
8.268953452968537	-2.9340365179773857	2.5471724543962786	-0.5684948397252143	-0.368135170351086	-1.3792519139136665	
8.06537223142858	-3.0678343087082	2.573835546264138	-0.6795197648325411	-0.3316737220796037	-1.3320040246507516	
7.876358719998631	-3.2307603140305177	2.594108206088238	-0.7817141943304293	-0.29377841235464014	-1.2866472951544512	
7.705110140034457	-3.419279039866319	2.6090439335675186	-0.8715094540622526	-0.2549070434555881	-1.2436346273145142	
7.5543800206022755	-3.6289569242287523	2.6197771373016296	-0.9459329177984219	-0.21544386883265593	-1.2033211876763388	
7.426401889802806	-3.854686228825666	2.6274655570269134	-1.0027000535371173	-0.17570033749268155	-1.1659535836297679	
7.322852721338113	-4.090922667954212	2.6332254006688762	-1.0402768619198137	-0.13592005785216407	-1.1316603417015028	
7.244856302051279	-4.331936910883354	2.6380585892098636	-1.057915179927367	-0.09628795547215553	-1.1004431038737825	
7.193042248499285	-4.57206113320271	2.64278450868222	-1.0556303529128508	-0.05694463672144017	-1.0721738617285732	
7.167625032206443	-4.8058990255773315	2.6479825717784573	-1.0341527587191865	-0.018001743159344403	-1.046594777281907	
7.16849257837497	-5.028506130194431	2.6539460936950565	-0.9948591691319708	0.0204423487950718	-1.0233205393049474	
7.195299008454883	-5.235544481266828	2.6606487006297814	-0.9396855194344594	0.05828676095198834	-1.0018435012369438	
7.247555495659295	-5.423402710117013	2.6677317110158376	-0.8710159627412357	0.09541311384137087	-0.9815437920775621	
7.324703338139125	-5.58925278506198	2.674524943187147	-0.7915542166814735	0.13167437434678184	-0.9617066105764862	
7.426159111864323	-5.731074546206171	2.680085509918708	-0.7042032323667237	0.16688763989706568	-0.9415418274552355	
7.551336009152824	-5.847651052259641	2.683253885046141	-0.611948867585371	0.20083050994197962	-0.9202067877087323	
7.699639764821479	-5.938543074332323	2.682725937912537	-0.5177471544036631	0.2332408963177	-0.8968326183064825	
7.870437021602464	-6.004026317228624	2.6771405840611755	-0.4244207898311366	0.26382148685486595	-0.8705540806963965	
8.06300458364771	-6.04500600190162	2.6651660257975722	-0.33457775798724304	0.2922474726267396	-0.8405382573069269	
8.27646756310228	-6.06293094950587	2.6455781749774823	-0.250546004165759	0.31817553164867063	-0.8060111723187761	
8.50973075072952	-6.059702368947707	2.617330979086531	-0.17432114448814687	0.34125393947014615	-0.766282559472604	
8.761404130373936	-6.037579326734859	2.5796181481613405	-0.10752264916878365	0.36113373684488376	-0.7207695341506342	
9.029744348956955	-5.999075125059389	2.5319107994702437	-0.05137213829395153	0.37747992010998627	-0.6690136219216933	
9.312617014166754	-5.946862419173489	2.4739749145639234	-0.00668321346398502	0.38998151317944996	-0.61069248523539	
9.607478617393749	-5.88368390455622	2.405875621162255	0.026142696054580736	0.39836101561271586	-0.54562834763748	
9.911380669755856	-5.812264214760213	2.3279704562053447	0.04711498157692548	0.40238367738044845	-0.473793634648329	
10.221003679080507	-5.735219712906242	2.24089204055497	0.05664540770809072	0.401867039550516	-0.3953136901739997	
10.532729668074767	-5.654976947958615	2.1455164768767543	0.05552073600553525	0.39668883583996517	-0.3104623308563715	
10.842727313238635	-5.573700377888504	2.042931219223479	0.0448715670503836	0.38679482040562446	-0.21965636135730007	
11.147045868837358	-5.493227238833187	1.9344001901167858	0.026134045184990816	0.37220633914292073	-0.12344824160651226	
11.441714529181235	-5.41500617569787	1.8213252390778745	0.0010040475835122985	0.35302808254108714	-0.022517367596956314	
11.722840803443615	-5.340048919392911	1.7051985727338388	-0.028622795286492187	0.3294536564192656	0.08234293232054937	
11.986694883007413	-5.2689056873546285	1.5875478723882008	-0.06071999704487518	0.3017664389235331	0.19024244123750417	
12.229783286901673	-5.201653300426025	1.469879293114732	-0.09319779990041842	0.27033759641463645	0.300211303948913	
12.448926802321363	-5.137899026686713	1.3536150494657975	-0.12397402460320917	0.23562040613021154	0.4112189207854818	
12.64135393009406	-5.076801120416461	1.2400254758922298	-0.15104848692920964	0.19814072087109247	0.5221943864172439	
12.80475598114272	-5.017133835757649	1.1301857262039015	-0.17255577387874074	0.15848087182893522	0.6320466026924346	
12.937518425631678	-4.957348187509243	1.024885264660314	-0.18687186309631146	0.11726428834516933	0.7396890725430549	
13.038508172782114	-4.895721001754587	0.9247183751572025	-0.1925466306893741	0.0751345327940624	0.8440449109914606	
