13.16556645141289	-4.92697691524199	0.719970406238525	-0.8955720504210676	0.2558930914865931	0.9541517107492	
13.156057349146598	-4.937050258262541	0.546246801179248	-0.8193029070999741	0.2461848530970435	1.0324447178197211	
13.125795743769585	-4.935107613869194	0.3770996080275669	-0.7215537761258171	0.23498251156385425	1.1039391930873141	
13.077119372708667	-4.9187407580315385	0.21442732408576565	-0.6034268569319166	0.22259335644639072	1.1679270663530792	
13.012211862231473	-4.885953913511601	0.06003431221389403	-0.46642648505343876	0.209355070012368	1.223803128920365	
12.93290396968629	-4.835426830863164	-0.0844287867095893	-0.31267210230066905	0.1956458971841199	1.2711386686675095	
12.84048316022502	-4.766424652688981	-0.21744826659271815	-0.14471932095098763	0.18185608291300734	1.3096807194497333	
12.735561969897613	-4.678783143905888	-0.3376707297783061	0.03448155830469299	0.16836609577732992	1.3393810898118907	
12.618042019752224	-4.572838427517932	-0.4439224711443102	0.2216695156028175	0.1555202606444666	1.3604114658564739	
12.487147167936897	-4.449362581213949	-0.5352328575674481	0.4133536858904512	0.1436011859849518	1.3731755910369676	
12.341525601469026	-4.309508850906663	-0.6108600705802195	0.6058939850936604	0.1328060405474947	1.3783171759790098	
12.179430307374016	-4.15476726355309	-0.6703174924737616	0.7955948587278595	0.12322503639235485	1.37672051977794	
11.998972298816131	-3.986925807618398	-0.713386362818055	0.9788075353227277	0.11483159877144923	1.369491196375909	
11.798380038633695	-3.808044523148031	-0.7401217814540685	1.1520305456611992	0.10748220276102509	1.357926373080334	
11.576253558467283	-3.6204334646583023	-0.7508537001947996	1.312011076861695	0.10092446200570833	1.3434754772475497	
11.331812820429668	-3.4266291434171103	-0.7461844582095456	1.455852161203344	0.09481372525120484	1.3276894606294065	
11.065105309281165	-3.2293561738790073	-0.7269774257793586	1.5811155532580694	0.08874107400946452	1.3121549708535443	
10.777120723439591	-3.031471391298051	-0.6943377998688415	1.6858962834699835	0.08226766079152369	1.298424013870841	
10.469843560234656	-2.8358984578839865	-0.6495968398106238	1.768880852587614	0.07495921582918172	1.28794547084221	
10.146245061022144	-2.645549435089695	-0.5942968722677978	1.8293874537557069	0.06642080649321616	1.2819974541954757	
9.810212743718589	-2.463227007082337	-0.530177245081156	1.867390045490341	0.056331760267054914	1.281618760969423	
9.466384977675478	-2.2915171538889205	-0.4591497599604482	1.8834950049140067	0.04447282256426314	1.2875573348429332	
9.11995468151945	-2.1326856887484125	-0.3832668805934835	1.878895965908757	0.03074409659660589	1.300235257575401	
8.77645691007174	-1.9885805607196234	-0.30468122456107033	1.855313185764005	0.015175906497986894	1.3197262448894924	
8.441538760563914	-1.8605394091144183	-0.2255930041243792	1.814916161723639	-0.002066739975898479	1.3457443654660353	
8.120716826029822	-1.7493196751641444	-0.14818166508621497	1.760219271421323	-0.020689367645658745	1.3776525289382158	
7.819167631119174	-1.655076878604133	-0.07453325036444293	1.6939601592336693	-0.040283774297238624	1.4144952923363168	
7.541556078643732	-1.577367346264809	-0.006570006816140801	1.6189822634941282	-0.060346858281677185	1.4550383173666337	
7.291894787818922	-1.5151769636184134	0.05401742868080875	1.5381165561404662	-0.08030312013677442	1.4978166444322196	
7.073428383670756	-1.4669754980706247	0.1058365920732631	1.4540596957881533	-0.0995310416257943	1.5411919292585663	
6.888583571464778	-1.4308147244345937	0.14783770883583008	1.369265368562298	-0.11739313054774106	1.5834211151487736	
6.738963549147412	-1.4044389865438782	0.1793372699913035	1.285860414170861	-0.1332640665431196	1.6227217449177977	
6.625367761930037	-1.3854001344710891	0.20002755928635993	1.2055794963467545	-0.1465571675142974	1.657333505402082	
6.547834068200823	-1.3711790944452866	0.20997351105257295	1.1297156671655395	-0.15675023335834903	1.6855782716161052	
6.505712837975652	-1.3593130204613728	0.20959167750537627	1.0590953952093356	-0.16340986168239194	1.7059171480467143	
6.497775796982155	-1.3475056025811347	0.1996081609200884	0.9940921260900875	-0.16620876010053676	1.7169932223428204	
6.52232227589205	-1.3337162257188209	0.18101515628109766	0.9346538804407319	-0.16493910482441732	1.7176646658962824	
6.57728980123196	-1.3162321700818567	0.15502377080273996	0.8803453835944896	-0.1595221803806892	1.707029691375429	
6.660369164072209	-1.2937274815063167	0.12301404429119203	0.8304026812274216	-0.15001537413473207	1.6844459535914154	
6.76912479134219	-1.265290099127164	0.08647977799893322	0.783808150704786	-0.13661044718811402	1.6495332134183127	
6.901097793378671	-1.2304271416405859	0.04697896899873352	0.7393659643437652	-0.1196263467443948	1.6021657097462711	
7.0538921395114125	-1.1890608877046824	0.006089130685226099	0.6957737652431254	-0.09949918365271179	1.5424601195508467	
7.225246743086794	-1.1415170470479794	-0.03463561693452444	0.6516935319516103	-0.07676883423428155	1.4707590010678748	
7.413088129363708	-1.0885027852939486	-0.07370724108988252	0.6058225766505756	-0.05206058343501252	1.387607963396421	
7.615548375640825	-1.0310662947569007	-0.10974038264078283	0.556955360040702	-0.026061660252935437	1.2937244911893273	
7.830959820294477	-0.9705558025388656	-0.14148464843496383	0.5040355897578196	0.000501671756406974	1.1899694927387117	
8.057831404198936	-0.9085735213983868	-0.16785440828537465	0.4462019840662725	0.02688746625250229	1.0773193102153493	
8.294809100821485	-0.8469231309277365	-0.18795923020395	0.3828314425462749	0.052362521014273036	0.9568383152800537	
8.540622796349135	-0.7875429982638383	-0.20112690433024488	0.3135694146466856	0.07622625022946952	0.829650436133917	
8.794038127919448	-0.7324354958605851	-0.2069174687233432	0.23834724181144354	0.09783074548426587	0.6969143475166908	
9.053818856176797	-0.6835947531054959	-0.2051314276801287	0.1573928802246066	0.11659822061326895	0.5598022297488405	
9.318699284269796	-0.6429294321432727	-0.19581031875581126	0.07123432524452036	0.13203661520750679	0.41948050795615227	
9.587367874007597	-0.6121785071696441	-0.17922493640559073	-0.019307510047231222	0.14375322817042124	0.2770920292626532	
9.85845941234221	-0.5928372649651847	-0.15584172651188996	-0.11314770141406683	0.15146144180729848	0.13374208743852065	
10.13054404274111	-0.5860949401056739	-0.1262802508441638	-0.2089735497135258	0.15498443354738853	-0.009512423703955128	
10.402108070146017	-0.5927838749846627	-0.09126112883311267	-0.3052897747061349	0.1542558328598979	-0.15167166384242528	
10.671520383422202	-0.6133386735335853	-0.051542993729944024	-0.40047397953148356	0.14931786667927988	-0.29180021962262037	
10.936987041731456	-0.6477851119299101	-0.007850576867549258	-0.4928454386152485	0.14031292630249909	-0.42903102765285084	
11.196509162665622	-0.6957587458795494	0.039189209131108835	-0.5807338582020511	0.12747075383899234	-0.5625663882899962	
11.447851800351339	-0.7565383448985044	0.08909855212087275	-0.6625436610252574	0.11109459872493872	-0.6916785447919094	
11.688530877367242	-0.8290945867523928	0.14158576235841472	-0.736814925630311	0.09154583477775657	-0.8157100192457208	
11.91583106173716	-0.9121542031555796	0.19656158980529292	-0.8022798704823075	0.0692271447245009	-0.9340744789600118	
12.12686987704874	-1.004276457264073	0.25412149022513825	-0.8578994037813984	0.0445656330610037	-1.0462563172208779	
12.31868553713589	-1.1039192312877524	0.3145095279783987	-0.9028859829895401	0.01799968499709831	-1.1518120278922002	
12.48834194929268	-1.2094953217819302	0.3780693098633449	-0.936716524530745	-0.0100311436435058	-1.2503728882038212	
12.633050856088051	-1.319417435723628	0.44518345771780055	-0.9591390772630061	-0.03909318000462196	-1.3416496005374723	
12.750296311712592	-1.4321260223587482	0.5162057876823444	-0.970168081753429	-0.06876173824394635	-1.4254363708414417	
12.837930116253409	-1.546097605420099	0.5914012307727644	-0.9700733159507727	-0.09862060487371441	-1.5016127836059996	
12.894237533651236	-1.6598428939988676	0.6708952356677516	-0.9593724949809519	-0.12825985311713217	-1.5701448567917256	
12.91797007185736	-1.771901196819065	0.7546318606038893	-0.9388258740300821	-0.15727294000977615	-1.6310842222806068	
12.908336513625985	-1.8808399624761614	0.8423418747331273	-0.9094338202908528	-0.18525424653802752	-1.6845647339757002	
12.864933779742243	-1.9852728229962566	0.9335356104470545	-0.8724253113258768	-0.21179912633328024	-1.730792888151137	
12.787663856738561	-2.083901513812815	1.0275119054766073	-0.8292422903651836	-0.2365073877183352	-1.7700365326753074	
12.676655984016293	-2.1755790816906546	1.1233793872346298	-0.7815160651794258	-0.25899000696491614	-1.8026122257305066	
12.53221028728724	-2.259397249664824	1.2200888458967865	-0.7310318519433318	-0.27887963835709545	-1.8288713338992257	
12.354788955115755	-2.3347875632414823	1.3164782714942915	-0.6796716150843651	-0.2958444348525885	-1.8491848373481266	
12.145067701265248	-2.4016054776429776	1.4113200112208897	-0.6293409338592071	-0.30960152006010744	-1.8639298880136455	
11.90403412602146	-2.4601951297020204	1.5033623079362428	-0.5818887639137515	-0.3199293214006854	-1.8734793760811423	
11.633119944206282	-2.511428408094413	1.5913668465034734	-0.5390195559752233	-0.32667809186826785	-1.8781939911069314	
11.334363853128732	-2.556709473466204	1.6741425821336051	-0.5021956402567501	-0.3297781417492115	-1.8784170054962643	
11.010542581346787	-2.5979093067463	1.7505719625564444	-0.47255345298536816	-0.32924068019148206	-1.8744729557924171	
10.665254271741519	-2.6372574256392625	1.8196323703991377	-0.4508407760433144	-0.3251542060175786	-1.8666685815706705	
10.302954437398805	-2.6772003214368825	1.8804175856699112	-0.4373736534961518	-0.31767770962043507	-1.8552947909669772	
9.928940071971985	-2.7202246020431144	1.932163486536897	-0.4320136133444977	-0.30703092983072766	-1.8406290703473396	
9.549248714728616	-2.7686494168615305	1.9742794451263683	-0.43418253327352724	-0.29348069109713065	-1.8229378563086673	
9.170477222656654	-2.824438985696482	2.006379294078283	-0.4429211908154143	-0.2773254599883049	-1.8024782083836866	
8.799571403013204	-2.889052086122821	2.028313201507259	-0.4569663062609778	-0.25888112823128373	-1.779498466214298	
8.443584786893066	-2.963331672232133	2.040197015833486	-0.474846611235349	-0.23846747286131773	-1.7542381861248564	
8.1094018163362	-3.0474425307711583	2.0424380156343296	-0.4949983993067655	-0.21639532785872387	-1.7269272712071575	
7.803460955873848	-3.1409025864102786	2.0357374314571923	-0.5158897862980901	-0.19295638952521255	-1.6977847255695242	
7.531515815632069	-3.242673610652429	2.021075503517224	-0.53612768123756	-0.16841669335601947	-1.6670168706890023	
7.298426582543675	-3.351288032217733	1.9996826466889233	-0.5545470782687819	-0.14301301737813496	-1.6348148400220754	
7.107974364943622	-3.4650079722017124	1.9729950506575566	-0.5702831874730521	-0.11695214186771645	-1.6013509823371939	
6.962721553824124	-3.582012312803077	1.9425880791662513	-0.582814254291342	-0.09041413910864521	-1.5667738111985408	
6.863964914773237	-3.700571251986763	1.9100943544326867	-0.5919590173496615	-0.06355989986169425	-1.531202264354223	
6.811729766806385	-3.8191864116086025	1.877120724958941	-0.5978483179824127	-0.03654066933131971	-1.4947188727642229	
6.804809518187981	-3.936699248822369	1.8451637456708352	-0.6008727140624837	-0.00950944550522142	-1.45736210909386	
6.840848075930343	-4.05236491926597	1.8155228149415743	-0.601605763796557	0.017365534985427557	-1.4191173385568208	
6.916511406925586	-4.165861897283575	1.7892301122410514	-0.6007031186697308	0.043887440366310905	-1.3799094631650586	
7.027693883871953	-4.2772522947991085	1.7670062970243796	-0.5988031348050079	0.06982025197529436	-1.339597792681535	
7.169740824522318	-4.386911065584981	1.7492370929955923	-0.596434749302811	0.09488106239023016	-1.297972757129675	
7.337693645782807	-4.495425507587095	1.7359710643610522	-0.5939329337930284	0.11873567442847874	-1.2547548198915284	
7.526561112963815	-4.603462401108819	1.7269470777716174	-0.5913706453421262	0.1409997144299461	-1.2095973720279733	
7.731573093991238	-4.711624510304385	1.721655230334858	-0.5885297953202676	0.1612475521454897	-1.1620956555569253	
7.948392975947904	-4.82031640466842	1.7194074792305345	-0.5849009255973838	0.17902569304595894	-1.1117980309562734	
8.173293922334143	-4.929618687332267	1.7194168157455667	-0.5797100670418873	0.19387050592043398	-1.0582199582211063	
8.403299910273526	-5.039168677256646	1.7208837433098612	-0.5719751349315989	0.20533110892257767	-1.0008611866121797	
8.636240433646881	-5.1480798448826315	1.7230792863496396	-0.5605997274952544	0.21299560282551833	-0.9392260402981331	
8.870723027416838	-5.254910240204605	1.7254058393599627	-0.5444816242641107	0.21651579758510128	-0.8728433800996624	
9.10605146435308	-5.357669255106257	1.7274365140803676	-0.5226258199636872	0.21563010099054936	-0.8012862644181042	
9.342089464541449	-5.453867016338388	1.728932659085903	-0.49426175494642227	0.2101846414080807	-0.7241921869915899	
9.579061598064916	-5.540623382026919	1.729832201750227	-0.45895852558642575	0.20015101971894197	-0.6412843493157766	
9.817318166470375	-5.614840072277136	1.7302038368017891	-0.4167027436679272	0.18563346830659755	-0.5523893301568467	
10.057119804206224	-5.673394876604196	1.730186416523103	-0.367942772638789	0.1668706246939925	-0.457453865013896	
10.298446294745757	-5.713354837884304	1.7299187652358614	-0.31359966336183376	0.14423230725318478	-0.3565610267322751	
10.540836834466358	-5.732212743015192	1.7294626116388905	-0.25504263227531304	0.11821224623022718	-0.24994778699707176	
10.783307170400208	-5.728111420538449	1.7287348525560882	-0.19400690661003117	0.08941318213810924	-0.13801794936896128	
11.02435300213927	-5.700012309018806	1.727468222951907	-0.13247562167157848	0.058529021534274216	-0.02134910415856714	
11.262006305803101	-5.647816231053326	1.7251975387321727	-0.07254616341462697	0.02632716065600703	0.09930393711288032	
11.493935838676505	-5.572431618954434	1.721271257395242	-0.01628077981673785	-0.006370160493754549	0.22301102017932464	
11.717585596374816	-5.475768442864851	1.714892311034038	0.03445671087339948	-0.03870660395144344	0.3486771978597129	
11.930323816238337	-5.360605963931344	1.7051830089137547	0.07814234266259898	-0.06981515971512343	0.4750698054025075	
12.129565461451973	-5.230402793679899	1.691248827503547	0.11369838893281935	-0.09884131344046837	0.6008518144944301	
12.312880591197466	-5.089050638406058	1.672238666283975	0.1405707254130549	-0.12496929708759465	0.7246234249965956	
12.478091088486817	-4.940579460763972	1.6473977464090293	0.1587750433366691	-0.14745210690906418	0.8449715992510909	
12.6233248222159	-4.788879794922503	1.6160948878555568	0.1688658640876112	-0.1656336284053833	0.960516441807756	
12.74717558787534	-4.637295378694434	1.5778697791222138	0.171935402368739	-0.17900736971485315	1.0699929841590112	
12.848547714627074	-4.4887531139728685	1.5323723427122369	0.169385387673112	-0.1871684295603493	1.1722233787302692	
