15.043478726365407	-1.0379796847522036	6.050541779274573	0.924230525982267	-0.7634338312409774	-0.6497980003829549	
14.94716526671969	-0.8754769473088139	5.916872614977947	0.859716479662811	-0.3685817891181175	-0.48061832541061994	
14.750796748230524	-0.6994052448101726	5.716036407619156	0.7868944184558099	0.002377182018134777	-0.32451604244095633	
14.467146149120921	-0.5144799718949022	5.460434572025977	0.7073171956831781	0.3413583713654245	-0.1846103561219468	
14.1096855392446	-0.3254272300423833	5.162541349253001	0.6225602906836796	0.6409377056613559	-0.06369892276124858	
13.694609846850842	-0.1369967128412895	4.835078472832259	0.5342864273224276	0.8963116584783484	0.03669326402805382	
13.239262600017454	0.04642822908226167	4.49012081863806	0.444176837187559	1.10476834196536	0.11599945220400136	
12.76142091348853	0.2210499110191605	4.1386904184959645	0.3538846291215126	1.2655436931746749	0.1745112796819257	
12.278683264214733	0.38396606531596605	3.7903381894124046	0.26495911854662074	1.3799964432549112	0.21342513896678988	
11.807726512495753	0.533226655056931	3.4530150321146285	0.1787657272585199	1.451163603347483	0.23462822606230585	
11.363891741359595	0.6678353272526623	3.1329835719395462	0.09643245886209524	1.4835307931960457	0.24059075748448255	
10.96054520484037	0.7877612627966317	2.834578085298637	0.018751681715233684	1.4828301216199842	0.23426931389504652	
10.608933236335806	0.8936727807139753	2.5604066617848256	-0.05382653938961178	1.45557115419007	0.21890427847409272	
10.31808375439133	0.986787846262034	2.311463703475543	-0.12119074123313017	1.4087787659442763	0.19790329297876474	
10.094474395615787	1.0687156204212775	2.087159660362984	-0.18357885640476704	1.3496742266404718	0.17469012982992835	
9.942219419230643	1.1412625926273148	1.8857062137993759	-0.24149654550725416	1.285328994036096	0.15255141136987455	
9.863145212783328	1.2063353059020445	1.7043393513941292	-0.2956676052534393	1.2224637868411345	0.13454626927316263	
9.856639746880656	1.265830477170907	1.5395381032219317	-0.3469828999739756	1.1671343584077567	0.123356981027796	
9.919959102714738	1.321533753823618	1.387400888507509	-0.3964101182777841	1.1245558470375825	0.12121728811757032	
10.04838200449058	1.3750608055140996	1.2438618600422622	-0.44493781063542126	1.0989990962852807	0.1298696177996847	
10.235178800612923	1.4277578331823166	1.104967328179174	-0.49349655454579594	1.093542462465812	0.15045102899527105	
10.471944153877972	1.480661507709685	0.9671235717587487	-0.54288236598223	1.1100588738054042	0.1834987335950029	
10.748785302263723	1.5344801380061281	0.8272311211592934	-0.5937107282384367	1.1492134115667545	0.2289563939649406	
11.054388915415876	1.589531842518781	0.682916269522579	-0.6463309529531976	1.2103162189092218	0.2861126709261594	
11.376377483992732	1.645757856775959	0.5326037311208043	-0.7007895288589426	1.2914437895207116	0.3536722275173109	
11.701545885618966	1.7027333080646248	0.3755390751437649	-0.7568128493505983	1.389527366013155	0.4298067261024683	
12.016093943363986	1.759634765746099	0.2119107793706186	-0.813745203423563	1.5003320115090821	0.5121594869364159	
12.306068917713441	1.8152860761751992	0.042772464595352666	-0.8705657366148777	1.6186827815076974	0.5979655918368322	
12.55768175319757	1.8681922008494922	-0.1300283624523725	-0.9259126865410322	1.7386248207918973	0.6841354991808306	
12.757797467945187	1.9165426460494364	-0.3038502609288888	-0.9780786983868105	1.8535423046912978	0.7673281998937884	
12.894481595343768	1.958280356970785	-0.47544555140226874	-1.0250996364535576	1.9564489514124	0.844096014197073	
12.957365798440165	1.9911569813263799	-0.641105135876557	-1.0648280859709187	2.0401859503968574	0.9109806592588188	
12.938395826764319	2.0127884348457665	-0.7967991222127252	-1.0950161964972296	2.09767007950093	0.964642990178697	
12.832347397545368	2.0207912900346194	-0.9384296998238574	-1.1134563466761696	2.1221985295083416	1.002001458077704	
12.637091031289966	2.012898906539544	-1.0619836800806046	-1.1180737494245325	2.10764040888803	1.0203131089261595	
12.354394134935742	1.9871528599287764	-1.1637330996919004	-1.10706985638713	2.048778194203181	1.0173289835046515	
11.990100538029955	1.9421189669123515	-1.2403585814418336	-1.079041623120569	1.941565028442864	0.9913846981388633	
11.55402853195488	1.8769979972109851	-1.2889557148821162	-1.0330354808908986	1.7832515122195574	0.9414334463497189	
11.060361841409279	1.7918490720549416	-1.3070621471433017	-0.9686764551877688	1.5727420021370646	0.8671765010718681	
10.527024881215308	1.6876210545468424	-1.2924982887992158	-0.8861942843127706	1.3107101834748707	0.7690706923706201	
9.974953760862682	1.5660752598949639	-1.243231912007371	-0.7864010982985999	0.9995824057623145	0.6482956814700879	
9.427520771736516	1.4297719542137226	-1.1572272902247798	-0.6707421397337057	0.643767729742115	0.5068177574056724	
8.909045970699596	1.2818132707592258	-1.0323248748069733	-0.5412160184012499	0.2495181505923653	0.34730648153571503	
8.443718978054271	1.125634712841155	-0.866262087847942	-0.4002868318012221	-0.1752858148116225	0.1730387264879859	
8.054231333583472	0.9647955237761062	-0.6567457538222228	-0.2508422440583672	-0.6211699163537453	-0.012130584908116436	
7.760320975671374	0.8026978918426467	-0.4017370811120476	-0.09604542869555327	-1.077471403900882	-0.2039282429246526	
7.578100537721838	0.6424391938779459	-0.09969755820599022	0.06078117770913185	-1.5326910274310594	-0.3977931477328042	
7.518769126342585	0.48660727654748986	0.2500021288826269	0.21627195341687697	-1.9747952634915582	-0.5889888417112726	
7.588069714301886	0.3371729659806494	0.6466501891395245	0.3671807818070845	-2.3917379178355396	-0.7727869974038062	
7.786435019023278	0.19551105173790673	1.0879980637665994	0.5104729684593443	-2.77180582125335	-0.9445865989251343	
8.108417331999908	0.062362209316536	1.5698015126709146	0.6434595847825795	-3.1040737567341625	-1.1000721833498615	
8.543215724023694	-0.06201770838493097	2.085621996469893	0.7638929615937434	-3.3788735208782863	-1.2353754673085686	
9.07550379207715	-0.177690031670185	2.6269178169071363	0.8699816431942774	-3.5880092576362297	-1.3471505931616987	
9.685709952369898	-0.2848786993429213	3.1828633121661514	0.9604693550901582	-3.725226894439382	-1.4327409099386557	
10.351257926458093	-0.38371350807566224	3.7406671817833606	1.0346232375815985	-3.786497157707644	-1.4902859177926764	
11.047656518702105	-0.4740844040669014	4.286062463199438	1.0921740977289645	-3.7700133441045915	-1.518729464287852	
11.749411171143331	-0.555459164314434	4.803685468322722	1.1333178925986742	-3.676523410903717	-1.5179526321510703	
12.431456148380134	-0.6267766845339442	5.278006742658354	1.1586282567145467	-3.5093089929498498	-1.4887898168214	
13.07003593647311	-0.6864907664008824	5.694083936185928	1.1689640945799336	-3.273917020758476	-1.4329468828297929	
13.643819802131823	-0.7325798335352297	6.0385017039973174	1.1654150319566687	-2.9782010548933746	-1.3530407012609957	
14.13492377904881	-0.7627630322420498	6.3005045910988935	1.1491920996049227	-2.631923417385912	-1.2524733662301923	
14.529150773942145	-0.7747342326105243	6.472448019937438	1.1215527240584018	-2.2462621952179282	-1.1352503870186428	
14.816739424380987	-0.7664239110745558	6.550682422289565	1.0837362582348364	-1.8334948999799028	-1.0058727900426367	
14.99251295071069	-0.7363677858320355	6.535876646005291	1.036901280255975	-1.4063249346846944	-0.8690738209817852	
15.055431691366076	-0.6838759354996808	6.432533763822125	0.9821131011021851	-0.9773761170571276	-0.7296080419549771	
15.008737899261291	-0.6093019900214528	6.248959343942567	0.9203276026993185	-0.5586756099768905	-0.5920414933228545	
14.85947393314028	-0.5141821432017303	5.996284290135258	0.8524180342346505	-0.16105017792540025	-0.46049441626760623	
14.617767009355441	-0.401114663897639	5.687416410780348	0.779217780846401	0.2061061690903608	-0.3385376470110415	
14.29659505834098	-0.27375437600783215	5.336286439283269	0.7015597956466052	0.5352477710808158	-0.2290224197151992	
13.911064825491321	-0.1364980350914684	4.95678356338323	0.6203328971824715	0.8209266282495518	-0.13398505465026916	
13.477665668032305	0.005903117599182148	4.562215978431881	0.5364967173130479	1.0596771896017265	-0.05469957403057192	
13.013757487290233	0.1486797786600312	4.164782227526702	0.4510958808550667	1.2501756748570911	0.00837514312024561	
12.536700822010234	0.28754319625289027	3.7751347886114286	0.3652296091163001	1.3931217525758797	0.055544197141955534	
12.063289182394762	0.418888472410068	3.4023118214265495	0.27999644335453583	1.4908858854559275	0.0877487816024306	
11.609170681131681	0.5400341106493015	3.0534579056991116	0.19643492253453307	1.547414520271702	0.10653882594960702	
11.1882620178803	0.6492900395126241	2.7336844821490573	0.11542847482268262	1.567881047460849	0.1139571671485087	
10.812636603258278	0.7458046677551606	2.446246788957285	0.037666696321518374	1.5582988387941081	0.11239557461711457	
10.4921915523809	0.8295314637461256	2.1924534658644523	-0.036410041897840056	1.5252985816275095	0.10451399296443285	
10.234467968000661	0.9010857179713063	1.9717937830603014	-0.10663706899228391	1.4757588386626128	0.09309084707246353	
10.044827963826467	0.9615927734633092	1.78228821074904	-0.1730920431085321	1.416536406525091	0.08090582624856432	
9.92630529821964	1.0126356651790418	1.620602250333916	-0.23609419289837186	1.3542370752791473	0.0706402306500568	
9.87959792083018	1.0561538278881346	1.4823787588140622	-0.2961672049169455	1.2949294450766577	0.06474906830953606	
9.903342875897938	1.0943131705990785	1.3626202791245061	-0.35397903236430117	1.2440258048410902	0.06540536139267217	
9.994062532368734	1.1294205512190694	1.2559283062709932	-0.4103068028288508	1.2060978767546187	0.07441683325413484	
10.146243013387574	1.1637651705844216	1.1568909784457424	-0.4659637137384128	1.1846914314410535	0.09313923894339045	
10.352645156117807	1.1995053890030691	1.0603514236445986	-0.521731908572241	1.182336432814305	0.12247566898670903	
10.604331630942324	1.2385606368537445	0.9616534006916277	-0.5783006738053882	1.20042495466379	0.162817316279082	
10.890831812110703	1.282479601626919	0.8569365335486375	-0.6361765395759991	1.2391233267470758	0.21399609929206315	
11.200489051402556	1.33239787192261	0.7432048712383542	-0.6956435627850253	1.2974845891814182	0.2753299959120018	
11.520601095100345	1.3889506874990334	0.6184751571540409	-0.7567044018962196	1.3734023684903645	0.34559641460964646	
11.837739865956001	1.4521696771177715	0.48188408319239723	-0.8190147589266231	1.4636324391455744	0.4230346431974131	
12.13814838701713	1.5214917392665233	0.33357206662940225	-0.88189018779018	1.5639899682974086	0.5054343193482199	
12.408038114179636	1.595698062854393	0.1747037932444593	-0.9442741479396092	1.6693981744603292	0.5901547959891993	
12.634119737212695	1.6728764067414896	0.007416320869356522	-1.0047242121716118	1.7740371190087074	0.6741928682120565	
12.804017487647188	1.7505285800123975	-0.16538213750048503	-1.0614812432433802	1.8715927763354205	0.754303463599616	
12.906726086688895	1.8256003020750884	-0.3400843594574567	-1.1124965043541093	1.9554003306939471	0.827070133533852	
12.933335375561429	1.8945987073860078	-0.5125490086693488	-1.1555188532280845	2.018706634604471	0.889037769778232	
12.87734207622677	1.9538006604949656	-0.6783343558003929	-1.1882240029858764	2.054913625832407	0.9368375700001222	
12.73516891964234	1.9994031089775963	-0.832844337970923	-1.2083117807990664	2.057788043099976	0.9672957322653074	
12.506895734818361	2.027810208899041	-0.9715653412679655	-1.2136745354056264	2.0217973616111355	0.9776073110485641	
12.19623840798632	2.035867888189265	-1.090209659147574	-1.2025037362059983	1.9422893273127526	0.9654236148373644	
11.810884037925693	2.0210856615959107	-1.1848194812648196	-1.173397322266709	1.815724289476126	0.9289654885351686	
11.362800544603727	1.9819606661744245	-1.2518453048832756	-1.125506211118626	1.6400239492027273	0.8671847037537223	
10.867573664203345	1.9180155207712206	-1.2880490558340005	-1.058546434097854	1.4146168185890602	0.7797678641731081	
10.344187073285713	1.8298891780888713	-1.2904407842194483	-0.9728574107510406	1.1406154077403907	0.667207996132411	
9.814355995659374	1.7193566341464088	-1.2561240638736282	-0.8694653706596883	0.8210462870992442	0.530890772123464	
9.3012257844499	1.5890403247213651	-1.1821825396455163	-0.7499973924285269	0.4606706990370244	0.3729952619931438	
8.82850699404116	1.442256896382564	-1.0656401081094355	-0.6166675928507219	0.06599760312120899	0.19648962313908108	
8.418947205507344	1.2827135781246555	-0.9035146552662056	-0.4722292374445268	-0.3547629603301734	0.005098839937668827	
8.09316229081708	1.1141720278490763	-0.6930322836934161	-0.3198128730041593	-0.7921034122611705	-0.19687815331720185	
7.868668249196065	0.9402312228901298	-0.43184891094901834	-0.16283703532316607	-1.2354071693113207	-0.4046526978245724	
7.758433288870045	0.764018686584123	-0.11851796280663807	-0.0048469329141399755	-1.6732882083054126	-0.6130930765417401	
7.77063378870738	0.5880858541969318	0.2471897956210351	0.15066618127982123	-2.094063622612421	-0.816926800016763	
7.908186411991434	0.4143306203140718	0.6639596007323904	0.3003938489492489	-2.486062988142367	-1.0108708120973688	
8.168126518396392	0.2439569244431763	1.1283838014647676	0.4414158259676454	-2.838137695857937	-1.1898435123137439	
8.542375499032717	0.07768118552641695	1.6349043358575188	0.5712877210392723	-3.140031374052117	-1.3491198728437204	
9.017954539089036	-0.08413184230661591	2.175650278533433	0.688120473847097	-3.3826982553751868	-1.4844631885411061	
9.577357957027195	-0.2412007190544803	2.7402071982985494	0.790687031589739	-3.5588395161887667	-1.592346407796572	
10.199901480554605	-0.39304428797037794	3.3160457406095634	0.8783481293481629	-3.6630515121143286	-1.670018094666065	
10.862443886047428	-0.5387953454276939	3.8887425985501243	0.9510277454035194	-3.692044756783773	-1.7155981812040009	
11.540515887020632	-0.6769304745847127	4.442422828639138	1.009165864902059	-3.645044657106813	-1.7282573773568464	
12.20963703492447	-0.8052484553328659	4.960655785523475	1.0535538667593345	-3.5236289173576134	-1.708169792224159	
12.846191215871565	-0.920878871628742	5.427120166982426	1.0852444100550656	-3.331743837803694	-1.6565388401560568	
13.428848274824325	-1.0203834933905724	5.8268432039412446	1.1054170319502659	-3.0757939202783593	-1.5756737729791195	
13.939006224617046	-1.1000388320170063	6.146872970929056	1.1152566398390742	-2.7641213323971714	-1.4687861051646727	
14.361563083149939	-1.1561456199234272	6.3772485831561365	1.1158637802532831	-2.4067948193660436	-1.3399252745897083	
14.686728934030992	-1.1857128479682117	6.5132204258818645	1.1081001888363669	-2.0153893974681063	-1.1939414250778269	
14.906062170543931	-1.1859347441580153	6.551367078348097	1.0927660843647995	-1.601853333986572	-1.0358841009868216	
