12.79171395312452	1.68463814911838	-0.0874911136879384	-1.322496397918974	1.9611870645982703	0.8707783319386411	
12.757028533522334	1.6908345001721954	-0.21444906792726426	-1.361204060194263	1.9899820191189466	0.9166043798348963	
12.67243754769753	1.6900852182395498	-0.33481911542663984	-1.3922942403934213	2.000953165514113	0.9532502910503134	
12.538319467036391	1.6815190297970752	-0.4465675435697597	-1.4147426685216478	1.991883722142142	0.979292175652924	
12.355053189067956	1.6642647149091239	-0.5476607074261742	-1.427525123137036	1.9605570190676676	0.9933061997747713	
12.123722023335407	1.6375396338951125	-0.6361768464719952	-1.4296976405101252	1.9049410362944985	0.9939612031002173	
11.847551173918067	1.6008305493970458	-0.7105344299731626	-1.42056035839952	1.8235653209503802	0.9802078777490939	
11.530779867818886	1.553783599184134	-0.7693265828127605	-1.3995637836533925	1.7152831513948485	0.951164218819432	
11.1792677335241	1.4963335406732474	-0.8114399097183457	-1.3664358516194057	1.5795269753620855	0.9062517580429025	
10.799785451389079	1.4285917786624025	-0.835906221361571	-1.321084476297164	1.4161197249693194	0.8450987890051355	
10.400610271955195	1.3509717686710807	-0.8419837139834586	-1.2637318517341893	1.2255751939906134	0.7677006465578371	
9.990704965188163	1.2640427597468136	-0.8290010119734447	-1.1947839156785065	1.00884921219136	0.6742912021112994	
9.580000338106627	1.1686061046694824	-0.7963649034544039	-1.1149329828895067	0.7676063648139704	0.5654885404651452	
9.178707935694078	1.0655615552688797	-0.743468169559064	-1.025027314753134	0.5039653832854543	0.44216220738442025	
8.797328010763342	0.9559355571228381	-0.6696603327250304	-0.9261348509357468	0.22071410664377344	0.305554198146132	
8.446109537759954	0.8407845619758	-0.5742437676051964	-0.8194289848326165	-0.07894231267174448	0.15714712824770724	
8.134835515452911	0.7211911169802917	-0.45645320549695484	-0.706215333526537	-0.39123892208567335	-0.0012510728760471242	
7.872464961759977	0.5982130701642205	-0.3155336922114313	-0.5878453949810486	-0.7120837959669529	-0.16762958510307677	
7.6668172799502115	0.4728685823227497	-0.15075758691203003	-0.46571834991573385	-1.036989544443093	-0.33972879253060967	
7.524376809738863	0.3461183907841492	0.03845058487364444	-0.34122200820215803	-1.3612811353466743	-0.5151501296373664	
7.450008514893273	0.2188527840533563	0.25246678030429176	-0.21572336527800914	-1.6800861942525653	-0.691343165906044	
7.44688207377256	0.09189134522896536	0.4913263104887354	-0.090529683881302	-1.9885205708869202	-0.865704466856863	
7.516322199276321	-0.034022487098940686	0.7546778279643793	0.033120673724062556	-2.2817091548654	-1.0355847437154508	
7.65780517013562	-0.15820901962187933	1.0416389760447775	0.15408500997297472	-2.5549621088943852	-1.1983833610979524	
7.868991025355628	-0.28004894629390675	1.3507889772276256	0.2713173547746837	-2.8037921722933756	-1.351558448747183	
8.14576612908657	-0.3989549646228693	1.680027741726053	0.38388849768581546	-3.0240997899199487	-1.4927263951971443	
8.482442671049466	-0.5143638978733526	2.0266348040200706	0.4909753316183411	-3.2121536205693606	-1.6196567989945536	
8.8718494664238	-0.6256903750218382	2.387145829323434	0.5918770104817889	-3.364801449932892	-1.730386118695833	
9.305632546293948	-0.7323246201241237	2.7574845977931943	0.6859932355193832	-3.479386728447064	-1.823181445806689	
9.774422499651749	-0.833572888592921	3.1328848802182017	0.7728381829125159	-3.5539950723443785	-1.8966745524509792	
10.268138700761146	-0.9286725778658758	3.508074449803856	0.8520116187927247	-3.5872901622043374	-1.949783321568492	
10.776277653058061	-1.01673321110572	3.877288474897083	0.923212282735447	-3.5787940061561114	-1.9818668976431975	
11.28811477777331	-1.0967742170357098	4.234455605698949	0.9862066906340032	-3.5286394295129115	-1.9926006055064307	
11.793155743707489	-1.1676897187534074	4.573363401055219	1.0408440330996245	-3.4378674779567655	-1.9821450857096488	
12.28114174368648	-1.2283006033424622	4.887771028978243	1.0870260237107277	-3.308110055704077	-1.9509791525133617	
12.742680037575708	-1.2773712108730557	5.171782318522444	1.1247248020065848	-3.141872861669661	-1.9000669362831488	
13.168990018887131	-1.3136512517699137	5.419796091707701	1.1539545830657938	-2.9421789500627566	-1.8306628112722243	
13.552683664549182	-1.335967644712924	5.627106217761533	1.1747921766082556	-2.7127948252435146	-1.744453208696215	
13.887240287792496	-1.343221826408231	5.789612859694424	1.1873497733481964	-2.4578807855441593	-1.6433571457933143	
14.167859478339912	-1.3345633851905538	5.904604006000213	1.1917961608266796	-2.1821161288875475	-1.5296167814358146	
14.390716885593424	-1.309311996098681	5.970199017256349	1.1883306411205994	-1.8904105512716967	-1.4056235943139825	
14.553791502903122	-1.2671948692983361	5.986193130709209	1.1772038283176236	-1.5878954652452297	-1.2739366290475356	
14.656010038949784	-1.2081822998270864	5.953282675491277	1.1586936182696455	-1.2797475529706523	-1.1371647251361796	
14.69797030090671	-1.132748977884686	5.873806161980141	1.1331268457343744	-0.9710365808185037	-0.997904230611255	
14.681096135369506	-1.0416411178661311	5.750884036512009	1.1008574148469543	-0.6666948555953187	-0.8586994815961195	
14.608216964108424	-0.9361139588195463	5.588904102475955	1.0622913886755485	-0.3712415834248083	-0.721909229442173	
14.482824795472018	-0.8176715831393195	5.392759915873406	1.0178653624057628	-0.08890302749299606	-0.5897516120535726	
14.309500371511136	-0.6882419388244888	5.168021389337287	0.9680761291192489	0.17674156171194239	-0.46412409815326416	
14.09331435581694	-0.5499340679856815	4.920430391315092	0.9134558349148725	0.42251575499232313	-0.3467208432276194	
13.840104146086304	-0.40512740221001275	4.655819816233218	0.8546030688269527	0.6460237956255241	-0.23883841910159964	
13.556019429080953	-0.25627749262804517	4.379913950416458	0.7921520141053303	0.8453298763917633	-0.14153970903029175	
13.247652279580544	-0.10590898885822858	4.0981178696799585	0.7267969443805514	1.0193111565837745	-0.055474999204678375	
12.921711598383252	0.04351045133728135	3.8155479717490235	0.6592564375594657	1.1673106603703938	0.01893849139996795	
12.58501157904162	0.18966594471320355	3.536785160588207	0.590282276946192	1.2894299193694099	0.08166093233841507	
12.244269713168435	0.33043479524177966	3.266018401137361	0.5206242698841157	1.386195709564609	0.1328612743339277	
11.905982156946171	0.46403430934600315	3.0068042403970123	0.45101904224960676	1.4587720101249024	0.1730199850632212	
11.576345103154013	0.5889674692858347	2.762241760096229	0.38216294345859736	1.5086684755987632	0.202786804364118	
11.261072414231593	0.704168388934341	2.534757254800869	0.3146838986744958	1.5378686663497747	0.22304369049956893	
10.965419832783121	0.8088796850649682	2.326276825739282	0.2491291494916876	1.5485956268774357	0.2347928001097927	
10.694003117286737	0.9027563593715037	2.1380522788818754	0.1859304375600137	1.543369227281897	0.23918623394478894	
10.45087975054278	0.9857262585218886	1.9708212609728895	0.1254095056736402	1.5248304676857753	0.23744151160461804	
10.239406514888513	1.0580457675087915	1.8246879994957033	0.06774884911466857	1.4957503742118403	0.23084780855293266	
10.062329519244667	1.1201868408174906	1.6992666629597188	0.013011423654431696	1.4589029706130188	0.22070405278152383	
9.921698229305896	1.1728580207954946	1.5936216268149526	-0.03887545600727598	1.417050680279624	0.20831314752578114	
9.818930179450765	1.2169286164386193	1.5063925854018465	-0.08809404906346449	1.3728496944379993	0.19493648652764675	
9.754784811041844	1.2534288891405565	1.4357871275867422	-0.13493860536728014	1.3288343846667034	0.1817870089116506	
9.729388143341392	1.283493338033296	1.3796914893516403	-0.17978860279977577	1.2873379160616687	0.16999238571219905	
9.742263037395311	1.3083491989412412	1.3356979603072232	-0.22310160002076715	1.250493080436594	0.16059504062165836	
9.792310630565106	1.3292561151584945	1.3012119209269661	-0.2653847706391112	1.2201536471518841	0.15451596480650723	
9.877889998439548	1.3474940337078665	1.2734901923817934	-0.3071844005565923	1.1979229665013944	0.15256682384154424	
9.996758325989003	1.3642903050223532	1.2497599987113572	-0.34905011010749165	1.1850657422665318	0.15540798675212086	
10.146191560487399	1.38082155083012	1.227241779800477	-0.39152886407415743	1.1825698448941488	0.16357559561256813	
10.322891227899865	1.398129599403654	1.203294952616985	-0.4351174679264517	1.1910426903420446	0.17743002893285112	
10.523137642872134	1.4171485039709868	1.1753999173800167	-0.48026971693404147	1.2108067525548312	0.19719921979284158	
10.742680520439585	1.43860760523971	1.1413381631976998	-0.5273365325382796	1.2417796070488354	0.22291649897744342	
10.97691417584932	1.4630882448704454	1.0991146562260024	-0.5765927010181154	1.2835998500594548	0.25448006157081027	
11.220778133918015	1.4909075004549845	1.0471696702231101	-0.6281660298000247	1.3354953505733091	0.29158204008931565	
11.468937646893053	1.5222062766849014	0.9842347507952973	-0.6820857847526269	1.3964330036520014	0.3337824205541275	
11.71572770840772	1.5568120730158967	0.9095646927214693	-0.7382030843130603	1.464985253792013	0.38043453038132397	
11.955314003875618	1.5943588553146169	0.8227347799465446	-0.7962591685192637	1.5394935890250876	0.4307694612093403	
12.181720360892074	1.6341380021437228	0.7238754253959675	-0.8558014149643901	1.6179480447139492	0.48382639582856046	
12.388936956549934	1.6752458803689785	0.6134306823732996	-0.9162666430619488	1.6981506411078917	0.5385406880024497	
12.571074929017257	1.716443333193494	0.4923753070097424	-0.9769006655534902	1.7776255465819326	0.5936895641259825	
12.72238195698413	1.7563190164818614	0.36196115336519885	-1.0368492484282417	1.8537656154637305	0.6479742229537466	
12.837562317834072	1.7931880445924309	0.22389560612841722	-1.0950926962112901	1.923791347783884	0.6999915505423233	
12.911658972945181	1.8252489700070336	0.08010321676689588	-1.1505345754323884	1.9848624839228977	0.7482991989205057	
12.94055899537019	1.8505562212734397	-0.06715488336235162	-1.2019651755109388	2.034101061836898	0.7914216968802085	
12.920710871094077	1.8671394191459578	-0.21547921814292215	-1.2481359113907196	2.068651787831457	0.827888436504193	
12.849805039058797	1.8730753451608788	-0.3622870743627414	-1.2877645723922175	2.085778083450059	0.8562781913655767	
12.726315175025194	1.866537015598832	-0.5049494653180817	-1.3195825069663645	2.0828601229368475	0.8752233380953135	
12.550306363091016	1.845969534290449	-0.6408231407050413	-1.3423886434502446	2.057563531934921	0.8834910258057752	
12.322813338450231	1.8100456972236283	-0.7673113293970599	-1.355058680707057	2.0077715121629214	0.879951840929343	
12.046690678639719	1.7579218678932254	-0.8819545743811182	-1.356644755003858	1.9318153136486182	0.8636898852636852	
11.725863400323979	1.6890927215395373	-0.9824117822652091	-1.3463410931201663	1.8283446520023803	0.8339392627135386	
11.366103833715716	1.6036755266052085	-1.0665731018693416	-1.3236147702471481	1.6965985538460688	0.7902105909293148	
10.974210603570903	1.502176443868745	-1.1324757926158426	-1.2881291549257174	1.5362248918731112	0.7322031459212633	
10.558593446713092	1.385737258412948	-1.1783988770706195	-1.2398820908981072	1.3475615629199091	0.6599331127206338	
10.128454423459276	1.2558487946913912	-1.202748683027712	-1.1790956574443796	1.1314208183167287	0.5736316783212206	
9.694100844340355	1.114507526277151	-1.20411362860056	-1.1063356842535852	0.8893469482009788	0.4738608004206375	
9.26620560308202	0.9639297578871856	-1.181167414656517	-1.0223828522259935	0.6233833001641019	0.36140711173527584	
8.855841677041903	0.8066046713631287	-1.132693284034491	-0.9283145980249858	0.33627627969044366	0.23737358145769752	
8.473877117535668	0.6450614070775609	-1.0575470895825971	-0.8253753102237055	0.031241498550708957	0.10307661534356907	
8.130802657847529	0.4818465062304436	-0.9546794742779197	-0.7150155797815818	-0.28790453580838365	-0.03989338181886528	
7.836281038139209	0.31937126784313413	-0.8231735734861874	-0.5987753155215916	-0.6169674318373146	-0.18976720778136583	
7.598892314120739	0.15986079140957726	-0.66228371724177	-0.4782889585991367	-0.9513166441449405	-0.34456777031834285	
7.425822777258259	0.0052774191313764915	-0.4715327418439227	-0.3551876705271484	-1.2860927466360978	-0.5021960686107153	
7.322662338971968	-0.14271811879603055	-0.25075810788154107	-0.23108767079938472	-1.616204946149394	-0.6604268098961131	
7.293196356252012	-0.2827881007747196	-0.00024532171720909046	-0.10751222627291537	-1.9365264793130943	-0.8169873736442774	
7.339355860982381	-0.4139235874446871	0.27924838474670227	0.014117730591995495	-2.241916379649857	-0.9695659892055871	
7.461076006251872	-0.535429610264458	0.5863405527581129	0.13254246417561596	-2.527416129704329	-1.115889741947106	
7.656440126573787	-0.6468972898772448	0.9190550703953381	0.24665606635581602	-2.788258430255046	-1.2537306505517762	
7.921589705467015	-0.7481642077924784	1.2746626299628168	0.35554657753028024	-3.020083440048296	-1.380991068385339	
8.25103851599536	-0.8392679879745326	1.6497879702697547	0.4584672056115669	-3.218899130197562	-1.495693180171361	
8.637647460004949	-0.920388666494414	2.0402685609297384	0.554858763808895	-3.381333482238476	-1.596080196874331	
9.073032088488894	-0.9918058579768525	2.441334123997268	0.6443054503628094	-3.5045187080623847	-1.680577065279529	
9.547638000439441	-1.0538268531194872	2.847522695205128	0.7265426674686147	-3.5863870472231087	-1.7479136313309973	
10.051135603119793	-1.1067671877379808	3.252900201892913	0.8014095121339542	-3.625463599503983	-1.7970482149644293	
10.57264965587663	-1.1508680326140779	3.6510947288669033	0.8688468159153679	-3.6212007139554054	-1.827315294558407	
11.10102539856329	-1.186311495237869	4.0354908178793485	0.9288577298132835	-3.573679502675168	-1.8383079264872095	
11.62524146143129	-1.2131345872954067	4.3994333339445655	0.9815010104415169	-3.483959448804965	-1.8300438624286157	
12.134464746754798	-1.2312813704071486	4.736324558631058	1.0268652808986862	-3.353708826183049	-1.8028105245991444	
12.618718195546922	-1.2405384261058707	5.040098233514878	1.0650604723042236	-3.185539803927599	-1.757342565156572	
13.06859887854187	-1.2406053266291508	5.305070627610419	1.0962057881477392	-2.982596141431898	-1.6946319318179295	
13.475964775363703	-1.2310619412817094	5.526498584256991	1.120421712016195	-2.7488013382569614	-1.61607269319598	
13.833578395402359	-1.2114546343119779	5.700369511350947	1.1378266563335289	-2.4884888240349787	-1.5232841978597416	
14.136478013451155	-1.1813901440862455	5.824663053279162	1.1485256157112254	-2.2066112121345265	-1.4182782899801443	
14.380450445984948	-1.1404951014405185	5.898014174709244	1.1526191694464805	-1.9083246792876374	-1.3031958715306844	
14.561282962318131	-1.0883961492449965	5.919058236752918	1.1502078941653917	-1.5987855253745145	-1.180177922559973	
