12.764920403809942	-5.799764926799242	-2.174329868593948	0.883836662425947	-0.7799153143422365	1.1739110706636844	
12.83812681526673	-5.620486333125316	-2.1818674321465963	1.036972809111501	-0.7923317504706939	1.2722754323110748	
12.911299271691574	-5.416748217976472	-2.1896691023531027	1.1883223524769686	-0.7988592435845148	1.3679998511335798	
12.98317937582668	-5.191428272662935	-2.197117463243445	1.3345063459569373	-0.8001356248032379	1.4616464508480753	
13.05163548321163	-4.94810660415208	-2.203486452357348	1.4723217144934457	-0.7968703128423369	1.5536915798617001	
13.113551641443653	-4.691042704950212	-2.2079610132441463	1.5989090250738036	-0.7898556422135078	1.6444915471909574	
13.165206511897038	-4.424752626456047	-2.2097316936407245	1.7118744290972456	-0.7799407159246339	1.7342853350370395	
13.202538125124608	-4.153786103960328	-2.2080639003307105	1.8093778703858163	-0.7680153525894502	1.8231897663474967	
13.221516181828544	-3.882491908778243	-2.2023750557927784	1.8901838661707453	-0.7549823737067709	1.9112012473193634	
13.218507092860188	-3.614869662959558	-2.1922952231523714	1.953675042964495	-0.7417243634765724	1.9981970080437002	
13.190602000283798	-3.3544900178417523	-2.1777043833795937	1.9998372915701534	-0.7290652099115323	2.0839354693207035	
13.13587577877762	-3.1044642610299524	-2.1587429098916293	2.0292264820699915	-0.7177286681029769	2.1680552654498717	
13.053551163188676	-2.8674413584753196	-2.1357941077780076	2.0429191979753116	-0.70829692809106	2.2500744096468077	
12.944051223353508	-2.6456086802244942	-2.109441304091299	2.0424495770967463	-0.7011728544553338	2.3293915086203016	
12.808935239768767	-2.4406757689910865	-2.080404219108599	2.0297330387063277	-0.6965493883419657	2.4052911013301372	
12.650716498903943	-2.253831159675837	-2.049459934024327	2.0069730905095944	-0.6943913190748091	2.4769564071698635	
12.472585566521282	-2.0856819423396837	-2.0173589798790874	1.9765507965955453	-0.694434786196864	2.543491725889824	
12.278089187574196	-1.9361933860066232	-1.9847471595185666	1.9409021806177758	-0.6962032430018097	2.603953348308778	
12.070798779640526	-1.8046548638079123	-1.9521003523875922	1.902387119510266	-0.6990396263831256	2.657387881716277	
11.85400473080484	-1.6896922717949618	-1.9196787146526633	1.8631583513076837	-0.7021523763707782	2.702875331630142	
11.630467254783532	-1.5893370058127707	-1.8875043622276555	1.8250409711188047	-0.7046714715399339	2.739573660976201	
11.402246477964232	-1.5011516549149904	-1.8553649262935472	1.7894326132873928	-0.7057102628234814	2.7667616689870678	
11.170637272863527	-1.4224030822319214	-1.8228459919322433	1.7572410231762206	-0.7044265139735365	2.7838743006514544	
10.936200408844854	-1.350254446850886	-1.7893861040384134	1.7288605730281803	-0.7000760281302738	2.790527983828615	
10.698876469536147	-1.2819579559754402	-1.754348915024885	1.7041869354739738	-0.6920559694856933	2.7865346611944886	
10.458167151971939	-1.215030661861726	-1.717105593597743	1.6826676785815742	-0.6799355282948428	2.771903427578646	
10.213363761076806	-1.1473972954610467	-1.6771190027767706	1.6633829272217637	-0.6634726182024981	2.74682976586185	
9.963802401107857	-1.0774899283212853	-1.6340216111546544	1.6451478596717661	-0.6426167172159463	2.7116734581850985	
9.709118905474487	-1.0042922049676366	-1.5876759476264142	1.6266284228360668	-0.6174964942918909	2.666925427101043	
9.449469881678457	-0.927330560260081	-1.5382093199337776	1.6064540162798597	-0.5883954328530917	2.613168002941309	
9.18570376708035	-0.8466247667817024	-1.486021982265625	1.5833168373953377	-0.5557200716881328	2.551032743280572	
8.919470411460404	-0.7626061627016976	-1.4317689599586851	1.5560514830055945	-0.5199639631909809	2.4811585145576793	
8.65326318757246	-0.6760145435615368	-1.3763187243959172	1.523689512390396	-0.4816709988040403	2.404153009444305	
8.390394836520734	-0.5877857277984591	-1.320694070450255	1.4854867235057994	-0.44140128612842316	2.320560360069774	
8.13490703546384	-0.4989415651572371	-1.2660007104886908	1.4409220004111218	-0.39970205864863556	2.230837595984326	
7.891420453719713	-0.41049780794275287	-1.2133523489169877	1.38967019114941	-0.3570861869799753	2.135342926885679	
7.664948435600071	-0.3234003635558566	-1.1638002247872852	1.3315595459529428	-0.3140185704326013	2.034335061224093	
7.460684701117829	-0.238493670831487	-1.1182709804488329	1.2665215537826606	-0.27090968011139077	1.9279827860224872	
7.283777459274248	-0.15652304553612856	-1.0775164650360416	1.194541797028676	-0.22811517824104724	1.8163833255480544	
7.139100863188806	-0.07816952128245357	-1.0420777594216297	1.1156202413335832	-0.18593999244827375	1.6995872735430213	
7.0310301282561065	-0.004113042471846617	-1.0122643480493172	1.0297486217148413	-0.1446449600976735	1.5776276253966033	
6.963237882819195	0.06488685199349133	-0.9881515767826964	0.9369115132792863	-0.1044545449829329	1.4505493053124474	
6.938519791932985	0.12790959278885333	-0.9695924332057695	0.8371122205276551	-0.06556366468922513	1.3184350352286023	
6.958655153218149	0.18380568682326268	-0.9562407266297691	0.7304204282893119	-0.02814296184175557	1.1814253999564415	
7.024311628475168	0.23115573213020968	-0.9475831021883301	0.6170360333212015	0.007657831025833348	1.0397315380600052	
7.135000754740382	0.2682671611193382	-0.9429764731774806	0.4973611138622525	0.04170869176893821	0.8936397746366707	
7.289084692095871	0.2932160673423949	-0.9416871148857278	0.37207138485738833	0.07390047222416045	0.7435086328112238	
7.483842994014993	0.3039396157520746	-0.9429279238568686	0.24217304346932794	0.1041481516276175	0.5897588421798772	
7.715586654774185	0.29836961034151727	-0.9458889782577101	0.10903290197817088	0.13239539364427644	0.4328591325244527	
7.97979862147129	0.2745911301478514	-0.9497593645236343	-0.0256222237326485	0.15861940146408182	0.2733109052215517	
8.271291178475082	0.23100828532414583	-0.9537399869731332	-0.15974032316432019	0.1828347717316755	0.11163386722230284	
8.584368093715238	0.1664962269195943	-0.9570476838450906	-0.29101223562310485	0.2050950731131454	-0.051645430622605966	
8.912982206648575	0.08052133247432902	-0.9589121314206389	-0.41696829456536855	0.22549100475067077	-0.21600076979077343	
9.250886692209175	-0.026786858046858437	-0.9585684396081823	-0.5350969469941945	0.2441438935935977	-0.38090835821657676	
9.591781950577792	-0.15462426809874488	-0.9552504889866515	-0.6429710776633475	0.2611941197244333	-0.5458438448172976	
9.929464150944947	-0.30154672091999174	-0.9481902482105066	-0.7383686232743283	0.2767861122727329	-0.7102751286028085	
10.257984359889123	-0.4655384657330133	-0.9366271707005986	-0.8193803051834271	0.2910522241291486	-0.8736517191396004	
10.5718173759437	-0.6441002144214125	-0.9198310570367252	-0.8844987985521898	0.3040989035642039	-1.0353913177263037	
10.866029905459678	-0.8343414109166218	-0.8971405513932219	-0.9326867836734296	0.3159989547069829	-1.194864296782628	
11.136429197262832	-1.0330639599142195	-0.8680181416706046	-0.9634249584007509	0.32679334032195145	-1.3513767251834223	
11.379652281062361	-1.2368323374052188	-0.8321151165822644	-0.9767353272218535	0.33650432381766	-1.50415456549999	
11.593180428048141	-1.4420283555739366	-0.7893364432135227	-0.9731872288235062	0.3451567809722226	-1.6523313921010467	
11.775281652180054	-1.6449010320200659	-0.7398963739788337	-0.9538901806954951	0.3528028115079955	-1.7949420647889476	
11.924895615080109	-1.8416249562245726	-0.6843557504151152	-0.9204740146442119	0.35954460544804645	-1.9309249308262644	
12.04148680949737	-2.0283801674344857	-0.6236331505350856	-0.8750563378244157	0.3655511066391367	-2.059134432585158	
12.124896280251065	-2.201465877462231	-0.5589836050674639	-0.8201967830870546	0.3710655160402416	-2.178365269126981	
12.1752174648491	-2.3574535412429998	-0.49193639517359605	-0.7588318166412441	0.376401291005581	-2.2873888646580967	
12.192717644388061	-2.493368095085364	-0.4241959947138125	-0.6941900848935953	0.38192710597580615	-2.384999400168761	
12.177811180166398	-2.6068808308238305	-0.35752068464068504	-0.6296911228861428	0.38804322292314813	-2.470066341563503	
12.131082555034782	-2.6964901914758634	-0.29359476915385807	-0.5688275158822382	0.3951513503798791	-2.5415906859075243	
12.053355650548419	-2.7616650066434882	-0.23391346231005125	-0.5150343340930607	0.4036209276149724	-2.598761471489569	
11.945803832799669	-2.8029300856151713	-0.1796976627161746	-0.47155080606295274	0.4137551250311919	-2.641009545076898	
11.810091623999316	-2.821877723157819	-0.13185335808712792	-0.44128060847844797	0.42576055929993845	-2.6680549133119555	
11.648521095235552	-2.8210953509430183	-0.09098541731390977	-0.4266656049360833	0.4397267863379571	-2.679940328390533	
11.464158606950791	-2.804036707570656	-0.05745451863504055	-0.4295778686220577	0.4556178168184774	-2.677051292929876	
11.260913408330628	-2.774850696182376	-0.031461935467765954	-0.45123413332036655	0.4732766722200884	-2.660120641151645	
11.043542768518696	-2.7381825079954956	-0.013142336482844992	-0.4921364392526489	0.49244226150031034	-2.63021666113574	
10.817566992261566	-2.6989602341317647	-0.0026434368303301535	-0.5520410106866492	0.5127760370651334	-2.588714944902513	
10.589086912132203	-2.6621752467184905	-0.00017393714197204657	-0.6299555918346912	0.5338948124142258	-2.5372547859865717	
10.364506680834438	-2.632666031128209	-0.006006204143915402	-0.7241751207567618	0.5554051453290031	-2.4776790564621956	
10.15019804358205	-2.6149169427958747	-0.020435202810748027	-0.8323484966127271	0.5769336000465565	-2.411963799650068	
9.952135431760858	-2.6128733113971743	-0.04370493478038903	-0.9515729222167663	0.598149934551578	-2.3421407471045246	
9.775531599955595	-2.6297770831155667	-0.07591711391134243	-1.0785145428293919	0.6187810351500793	-2.27021565805662	
9.624505819393702	-2.6680297729843048	-0.11693926880354041	-1.2095510041399302	0.6386142228337062	-2.198086474021128	
9.501810560896663	-2.7290893940396144	-0.16632855231345145	-1.3409306967275727	0.6574896772002033	-2.127464527073477	
9.40865665789052	-2.8134221034246636	-0.22328988182919052	-1.4689415759077502	0.6752824970413528	-2.0598045477563476	
9.34466485493357	-2.9205233024514423	-0.2866798732421258	-1.5900725697372937	0.6918780363735688	-1.9962501433445075	
9.307932294402372	-3.0489997091641206	-0.35505194158242925	-1.7011560540922503	0.7071452910939117	-1.93759507948892	
9.295208596863711	-3.1967050298983986	-0.4267349320591449	-1.7994828450615548	0.7209122406664918	-1.8842621847855157	
9.30216387191756	-3.3609113616214765	-0.4999328758908004	-1.8828829193546277	0.7329466467858459	-1.8363006478299424	
9.323724355683773	-3.5384941122991678	-0.5728328164025839	-1.9497699461835427	0.742944681651085	-1.7934011115709902	
9.354453669214717	-3.7261109462168687	-0.6437109498479956	-1.9991501722431533	0.7505288952425877	-1.7549285691579706	
9.388946841695551	-3.920357686744662	-0.7110277897077603	-2.0305950959861487	0.7552565027311818	-1.7199736763459375	
9.422201756399199	-4.117892473110236	-0.7735096075132304	-2.044193165973692	0.756636089319697	-1.6874148372665074	
9.449950798236728	-4.315532914432178	-0.8302144384300207	-2.040486676087159	0.7541515963551103	-1.6559885019447507	
9.468932945194577	-4.510331475116249	-0.8805787946294482	-2.02039958211421	0.7472919310957604	-1.624364088882695	
9.477090273861908	-4.699635305382312	-0.9244413620399485	-1.9851615732278063	0.7355839434504859	-1.5912194721474542	
9.473681073040586	-4.881137303481346	-0.9620415461234322	-1.9362323059573916	0.718626505821448	-1.5553137577104017	
9.45928859441318	-5.052916614258848	-0.9939876812059758	-1.875226840395878	0.6961215223082058	-1.5155515011044247	
9.435739511071013	-5.213467201129511	-1.021201894011665	-1.8038472460933963	0.667898963464013	-1.4710336294204598	
9.405947615756324	-5.361710240141969	-1.044848628777694	-1.7238210824336413	0.6339349816428821	-1.4210938052870574	
9.373690916806146	-5.496984034181185	-1.0662520658522427	-1.6368472241779672	0.5943619202156525	-1.3653186497476104	
9.343335761450795	-5.619009132400986	-1.086808377621104	-1.5445502696490707	0.5494694174502613	-1.3035512758543801	
9.319523481766577	-5.727832187304947	-1.107897267773416	-1.44844408731786	0.4996963155733183	-1.235879141600565	
9.306838541754415	-5.823756553547914	-1.130796704268327	-1.3499055751917746	0.4456118899722747	-1.162606059891808	
9.309496695659899	-5.907276659104339	-1.1566076104359897	-1.2501584287244452	0.38788714335551666	-1.0842117418576245	
9.331080371714217	-5.979030731132179	-1.1861916523153002	-1.150262372778445	0.3272594381633861	-1.0013050733300026	
9.374340292947775	-6.0397745930435445	-1.2201260287561564	-1.0511044121366562	0.264492747517657	-0.9145739648622503	
9.441077458165944	-6.09037282504438	-1.258679316804877	-0.9533888317573662	0.20033724022115632	-0.82473521729292	
9.532107985793163	-6.131797143778849	-1.3018108472079946	-0.8576233686593205	0.13549239257672127	-0.7324873364091437	
9.647303365567367	-6.165116671836914	-1.34919508855074	-0.7641007755933394	0.0705779801816977	-0.6384684709493673	
9.785692121955083	-6.191463563327291	-1.4002712205259522	-0.6728806589970286	0.006118166153402904	-0.543223031802963	
9.945580514847169	-6.211966714969983	-1.454307562236774	-0.5837745263334845	-0.05746108859467284	-0.44717781175270777	
10.124671299563074	-6.227651617153923	-1.5104734887838185	-0.4963399533781478	-0.1198229820096359	-0.3506275019540574	
10.32016834465451	-6.239310442038141	-1.5679100609957612	-0.40988991730909397	-0.18070207974713343	-0.2537295242915877	
10.528863686293349	-6.247352519379804	-1.6257903794513993	-0.3235224914203502	-0.2398817470576189	-0.15650762594415352	
10.747213392332121	-6.251649422973641	-1.6833626623503533	-0.23617532872044197	-0.29717111263437695	-0.0588633273923447	
10.971420966962706	-6.251407628311911	-1.7399711979080021	-0.14670835949393796	-0.3523858479862141	0.03940428610480644	
11.197542827449693	-6.245100136527972	-1.7950583798914987	-0.05400769738919598	-0.40533627788294013	0.13857253718722828	
11.421626977572126	-6.2304779193250015	-1.8481558069108819	0.04289801660216417	-0.4558232148269144	0.23896407600548636	
11.639886066695803	-6.204676206398867	-1.8988707347166485	0.14471974993371226	-0.5036402885435114	0.34091146251650684	
11.848891636973555	-6.164416973537272	-1.9468718938016285	0.2518015505365016	-0.5485805013677141	0.44471886248914927	
12.045764813203032	-6.10629390512535	-1.9918757431982914	0.36403682468521636	-0.5904441879004342	0.5506226886368099	
12.228320360695692	-6.027108863284919	-2.0336312229722493	0.48082175971177493	-0.6290458067424526	0.6587545863282699	
12.395119496838038	-5.9242256297453	-2.0719001357678897	0.6010527539284667	-0.6642197684094429	0.7691088115382708	
12.545413735177561	-5.795809664448223	-2.106438528369093	0.7231742372901575	-0.695823221669819	0.8815272216286234	
12.679015883109644	-5.6412001414454895	-2.1369663263795715	0.8452340941246239	-0.7237498614101198	0.9956689918768344	
12.796054364594402	-5.460742062157593	-2.1631624827425804	0.9650311147688828	-0.7479278178636284	1.111049940445541	
