12.798557059380808	-5.2804915121802445	-2.156075115839517	1.1416421690658176	-0.6633743015483129	1.0045467755414574	
12.864538791784456	-5.066198501419332	-2.1695193557707606	1.2680215013881635	-0.6725078961439562	1.1024675654095797	
12.912544932002486	-4.83042072817627	-2.177902670911086	1.3801555390559974	-0.6792578303650407	1.204321318276413	
12.940348184507002	-4.578930899816672	-2.1806073800303634	1.475811245386053	-0.684307456412496	1.3095269217645553	
12.945789665585561	-4.317809935451945	-2.1770529749990115	1.5533229942845341	-0.688367610687821	1.417342868880186	
12.926902372826255	-4.053334964483785	-2.166755227242277	1.611869873325418	-0.692172636134584	1.5268260796978588	
12.882073917171677	-3.791473000601165	-2.149395845398919	1.6513651475349331	-0.6964425315715025	1.6369262188913032	
12.810226990497137	-3.537611821222165	-2.1248917468422017	1.67245398569022	-0.7018532263377073	1.746523753875626	
12.710986596252623	-3.296346882964966	-2.093448598980189	1.6764232737662452	-0.7090007894464819	1.8544783677716499	
12.584809781327406	-3.07137168245425	-2.0555919662244175	1.665103873495325	-0.7183659320432636	1.9596636676350756	
12.433063901643603	-2.8654387509982087	-2.012173147403407	1.6407673945457266	-0.7302795020293887	2.060991529014355	
12.258038376189209	-2.6803709792934973	-1.9643458655705504	1.6060159257115194	-0.7448906797608406	2.1574285751374997	
12.062876347998788	-2.5171059095488046	-1.9135098141395306	1.5636681908486283	-0.7621395866019709	2.2480056348225026	
11.85139873005983	-2.375774980760118	-1.8612161691464553	1.5166400532273785	-0.7817450685951446	2.331821133855009	
11.627867970000631	-2.255783378507636	-1.809054941303992	1.4678306431898638	-0.8032071085763574	2.408042895673564	
11.39671907263845	-2.155886131970373	-1.7585347318149849	1.4200115426382858	-0.8258229895650567	2.4759111662750417	
11.16227707011703	-2.0742642619807765	-1.7109639126267022	1.3757183009009757	-0.8487177863683637	2.5347442262731947	
10.928478929565504	-2.0086022178014824	-1.6673418465025651	1.3371417545824742	-0.8708889927033093	2.5839487298881276	
10.69864718840957	-1.9561826516768812	-1.6282867579312987	1.306034703954643	-0.8912652298348833	2.623032993282924	
10.47534160277346	-1.913989641833563	-1.5940084399188557	1.2836397713067123	-0.9087679923669731	2.6516223434453754	
10.260281274772575	-1.8788214981475575	-1.5643196948498863	1.2706370096520052	-0.9223723277761585	2.669475206949297	
10.05433819644842	-1.8474163868903482	-1.5386844864881124	1.267115566168672	-0.9311639225822562	2.6764976629916646	
9.857599222156166	-1.8165935304965248	-1.516298392058223	1.2725696727691804	-0.9343910204759467	2.6727554406220766	
9.669511584682535	-1.7834020307378022	-1.496197804712558	1.2859377994745707	-0.9315022544496805	2.6584764648717925	
9.489075675281672	-1.7452591967140112	-1.4773729309398316	1.3056743766652403	-0.9221675334958368	2.6340439213110023	
9.315059271737107	-1.7000746311145634	-1.45887289322167	1.3298436102005624	-0.9062853044046736	2.5999817504432414	
9.146222619235036	-1.64635291434743	-1.4398970776716413	1.356234771710279	-0.8839761451319558	2.556932104344833	
8.981543184344416	-1.5832711483096555	-1.4198673789427012	1.3824958718746532	-0.8555644151174535	2.505625404510596	
8.82041227888232	-1.5107022115459718	-1.3984669988671494	1.4062801486732162	-0.8215453087429951	2.4468428062841743	
8.662773918368783	-1.4291780116205137	-1.3756422851600478	1.425382103283169	-0.7825449941916709	2.3813776827957573	
8.509209277207633	-1.3398050282335285	-1.3515766563535325	1.4378550346538879	-0.7392798566697035	2.309999700119762	
8.360964182515835	-1.2441322716866523	-1.326639723010173	1.44210453873201	-0.692516047271764	2.233423126427126	
8.219920450412436	-1.1439772745460064	-1.3013157285661308	1.4369537663873528	-0.6430314588428888	2.152281006579184	
8.088496922093455	-1.0412206559270647	-1.27611621438092	1.4216633135280239	-0.591583021634926	2.067109792891658	
7.969499090674269	-0.9376137757928582	-1.251495023777364	1.3959047875447887	-0.5388835271644108	1.9783463773993208	
7.86594392609881	-0.8346230139105272	-1.2277752716987478	1.359705272398667	-0.4855868820293819	1.8863340399104997	
7.780867917654412	-0.733321712101662	-1.205093083670206	1.3133684737840607	-0.4322806705243704	1.7913361140543838	
7.71712749133371	-0.6343391527588655	-1.1833621001201917	1.257381548746535	-0.37948464271793836	1.6935554792846472	
7.677210214212811	-0.5378849641886063	-1.1622681413514158	1.1923171441272467	-0.3276545550139964	1.5931582338249264	
7.663087635441817	-0.4438422081932459	-1.141294791433522	1.1187519482816835	-0.27718846857455476	1.490296043891054	
7.676108328750111	-0.35189919848467516	-1.1197687755230568	1.0372110476111127	-0.22843181649869307	1.385123473510353	
7.716933780732581	-0.26170640238137755	-1.0969219574397302	0.9481392193957822	-0.18168046591182918	1.2778091989331872	
7.785516231809481	-0.17304401852495424	-1.0719665026882408	0.8519010836103434	-0.13718046191617284	1.1685397203766439	
7.881131498512074	-0.0859777009637335	-1.0441791893004395	0.7488122664242869	-0.09512411052960837	1.057513875202161	
8.002465477681815	-0.0009664053010354022	-1.0129810340886078	0.6391925213573011	-0.055643360190767335	0.9449293697748528	
8.147723511266408	0.0810804336663227	-0.9780071522295746	0.5234270043402637	-0.018800663660356053	0.8309649143812329	
8.314755144253533	0.15879723288606795	-0.9391642981771884	0.4020277955504598	0.01542111288815868	0.7157604503907115	
8.501181103555584	0.23040637197415792	-0.8966745021705144	0.2756891254301919	0.04712886839498016	0.5993976405772893	
8.704508287803183	0.29381371650235616	-0.8510975084621564	0.14532617463521863	0.07652665427850038	0.4818843303493256	
8.92221090391015	0.3467374986348037	-0.8033218487763957	0.012085953988342666	0.10391551991367941	0.3631482030369379	
9.15177363936144	0.3868390427857565	-0.7545324497766813	-0.12266274973875768	0.12968622869434043	0.24303878542133103	
9.390707219516132	0.41184531046923073	-0.7061527812202366	-0.25735767650377306	0.15430325956220123	0.12133800448218057	
9.636546101181128	0.4196540455895926	-0.6597613365918501	-0.39028565604352994	0.17827937011886869	-0.0022208016349365717	
9.886842918871574	0.40841322243991773	-0.6169800381529958	-0.5196359800442345	0.2021396279515271	-0.12792472558225962	
10.139175255984087	0.3765686448369456	-0.5793479672902684	-0.6435557537670812	0.22637996900806415	-0.2560467494033031	
10.391166358560834	0.3229018526020265	-0.548197551521895	-0.7601990363990476	0.251427096221576	-0.3868085050263156	
10.640510231690962	0.246573346811393	-0.5245413644514025	-0.867771396597504	0.27760313860067104	-0.5203410703265265	
10.884988178812858	0.1471844394979046	-0.5089781067815964	-0.9645720767802362	0.30509817924154536	-0.6566443625088014	
11.122455436677907	0.024868183038912063	-0.5016310016627015	-1.0490385123940027	0.33395469188187304	-0.7955461231324701	
11.350780003673348	-0.11961351412786841	-0.5021430307009358	-1.1197933348732594	0.36406956130856016	-0.9366692816544535	
11.567746242348079	-0.28477900001203854	-0.5097139839533258	-1.1756981099202495	0.39520676843105706	-1.0794072579843206	
11.770943510328932	-0.4683628013022809	-0.5231730548901722	-1.2159131061875783	0.4270178853071307	-1.2229094062456447	
11.957662877907318	-0.6672938273983229	-0.5410796570588573	-1.2399617304104704	0.45906778941339155	-1.3660783450621639	
12.124835030527063	-0.8777352144847403	-0.5618452784053369	-1.2477967559905339	0.4908636522122855	-1.5075822329999176	
12.269056348599054	-1.0952118753730016	-0.5838589859690662	-1.2398463790666392	0.5218848859531797	-1.6458884852187696	
12.386696665419016	-1.3147902387412014	-0.6055950316202456	-1.217041750825745	0.5516104166407583	-1.7793093437950156	
12.474074529969545	-1.5312998050798763	-0.6256999409494389	-1.1808220863609016	0.5795439221323935	-1.9060580055968828	
12.527685365571054	-1.7395856335101945	-0.6430561828172764	-1.1331144617802145	0.6052368842985818	-2.0243140060154676	
12.54446877182796	-1.9347828922789192	-0.6568208116075384	-1.0762851376408071	0.6283092003906738	-2.1322979543225493	
12.522063654720126	-2.112571337973729	-0.6664320165433701	-1.0130535570652301	0.6484632700295059	-2.228348611932338	
12.459028035236733	-2.2693863492345594	-0.6715988976122074	-0.9463904484616538	0.6654921305101941	-2.310996116344909	
12.355020701385955	-2.402586571134316	-0.6722829693746446	-0.8794042823254772	0.6792827452256714	-2.3790307832681585	
12.210938640965846	-2.5105758105381337	-0.6686763619530477	-0.8152191313013818	0.6898152874760791	-2.431565845790963	
12.029008466141695	-2.592882593516835	-0.6611816298635578	-0.7568447428831858	0.6971599696664958	-2.468094290822795	
11.812782155607648	-2.6501644720199318	-0.6503901022177015	-0.7070511568483775	0.7014708931070297	-2.488524390391049	
11.56706355568544	-2.684165868577631	-0.6370618462467524	-0.6682564335818428	0.7029803597396787	-2.49319825831988	
11.297773006373541	-2.697637024761649	-0.622103341394077	-0.6424264168210281	0.7019939344009527	-2.48289495872884	
11.011748181244748	-2.6942123009082475	-0.6065388116570233	-0.6309887494053276	0.698885903317713	-2.4588165670331623	
10.716479710145691	-2.6782479358963966	-0.5914708563927654	-0.6347601849877402	0.69409504577688	-2.4225572651271388	
10.419776688634578	-2.654606288211551	-0.5780260764253453	-0.6539107277082236	0.6881182210732797	-2.376045045222594	
10.129411067771773	-2.628420854204914	-0.5672924767091527	-0.6879591988483907	0.6815018586238228	-2.32146869416704	
9.852754466011714	-2.6048493738919283	-0.5602533344989905	-0.7357962173462774	0.6748302345394728	-2.261194014768113	
9.596419504889255	-2.588818628780601	-0.5577226730714424	-0.7957375693099338	0.6687091115812421	-2.1976699575589302	
9.365912799636309	-2.5847626807086628	-0.5602871127862744	-0.8656078676030796	0.6637429363998885	-2.133325277355202	
9.165365203788888	-2.5963906608574545	-0.5682702924110193	-0.9428643862411517	0.660505040480986	-2.07046279349057	
8.997368396631186	-2.626516829287776	-0.5817241898397135	-1.024737832466893	0.6595041135512155	-2.011163915371672	
8.862909819925195	-2.6769580192282225	-0.6004436861157249	-1.1083778847371883	0.6611487488065827	-1.957204538084428	
8.761415638582694	-2.748509661165378	-0.6240037727120419	-1.1909970572510775	0.6657122856146983	-1.9099849029217832	
8.690900519585133	-2.8410027827141655	-0.6518168536625913	-1.270005460601783	0.6732991350410226	-1.8704729419295902	
8.648251907520828	-2.953458665140166	-0.683206905028866	-1.3431159202225336	0.6838210348727705	-1.8391754290688298	
8.629585071552746	-3.0842880321571586	-0.7174834896879676	-1.4084062420960346	0.696986623928759	-1.8161354640947909	
8.630620613773425	-3.2314902586150422	-0.7540086528237377	-1.4643469124314419	0.7123022571444388	-1.800947636979242	
8.647066740139433	-3.3928354102554383	-0.7922545687984649	-1.509798106489306	0.7290850191591373	-1.7927914724977418	
8.674986359601286	-3.566009786106815	-0.8318507548357815	-1.5439835736499548	0.7464872719941255	-1.7904799733997079	
8.711105503841718	-3.748708620929211	-0.8726140193662152	-1.5664432863404802	0.763535388154296	-1.7925282840147783	
8.753017672663779	-3.9386722191061034	-0.9145570956506583	-1.5769819478323301	0.779176063702617	-1.7972312908326733	
8.799294642616362	-4.133685136748845	-0.9578785721714065	-1.575626048566833	0.7923247906362031	-1.8027415016121981	
8.849503784746512	-4.331554890931251	-1.0029327066073201	-1.5625908773335393	0.8019151920160685	-1.8071470553750375	
8.904136824173804	-4.53008512670365	-1.0501785313616485	-1.538261332702855	0.8069477336306002	-1.8085481002989232	
8.964436764292923	-4.727061439017692	-1.1001074126512962	-1.5031849297503006	0.8065334962059412	-1.8051279818545127	
9.032157289725921	-4.920262341942923	-1.153162177946029	-1.4580729571824933	0.7999269959650278	-1.7952113687911595	
9.109298221281644	-5.10749274467748	-1.20965813833173	-1.4038056957228031	0.7865497378782048	-1.7773112282251604	
9.197830183810497	-5.286634288095565	-1.269712132303282	-1.3414353433093114	0.7660042455051432	-1.7501656199375026	
9.299424351800054	-5.455707580483197	-1.3331849999683822	-1.2721828082819335	0.7380795753517024	-1.712766620963147	
9.41521751908033	-5.612936625365361	-1.3996504842105006	-1.197420337323521	0.7027456852869796	-1.6643786362490445	
9.545658641160179	-5.756803904743544	-1.4683999755883856	-1.1186370405336425	0.6601378712460927	-1.6045447218764406	
9.6904329826117	-5.886101009318404	-1.5384738889013876	-1.037391340086133	0.6105384887614218	-1.533088679344437	
9.84846393336442	-5.999976709575455	-1.6087175538928322	-0.9552497319786788	0.5543570053361561	-1.4501121664704153	
10.017987828070483	-6.09798681550369	-1.67785791079791	-0.8737114392683861	0.4921110871238498	-1.3559886274655248	
10.196703290691294	-6.180141308048195	-1.7445975626391204	-0.7941198607653264	0.42441014938917454	-1.2513509525673747	
10.38196406337611	-6.246931131718567	-1.8077095170214157	-0.7175739737984645	0.3519431088068613	-1.137070235966367	
10.570967705628426	-6.299331315362474	-1.8661211330446636	-0.644844676442057	0.27547167331487454	-1.0142314263561782	
10.760926541403181	-6.338766182239493	-1.9189832198960393	-0.5763018931925333	0.19582652257267927	-0.8841031196103741	
10.949207004694339	-6.367025894669309	-1.9657207303710398	-0.5118568186306537	0.11390463896184494	-0.7481010282598103	
11.133424165338539	-6.386116255668425	-2.0060578095403803	-0.45093199609667045	0.030664192628193983	-0.6077422932347843	
11.31148325046532	-6.39805078598825	-2.0400096844541893	-0.39247769976141655	-0.05288710204665195	-0.46459228955527354	
11.481593039804856	-6.40461856087405	-2.0678548951101083	-0.33502267094459676	-0.13570985507775254	-0.32020965175109	
11.642268971564935	-6.4071473623775175	-2.090091902575351	-0.2767602579425621	-0.21675768240224713	-0.1760899509838268	
11.792342471696108	-6.406283542400044	-2.1073852719204993	-0.215668285007879	-0.29500854426842077	-0.03360940238664771	
11.93099230435505	-6.401823653877051	-2.1205058545248603	-0.14966331109987663	-0.369501948979407	0.10602870060482791	
12.057795341600684	-6.392661339252647	-2.130273993459093	-0.07676996131003756	-0.43937457294713583	0.2418338949520756	
12.172788961595602	-6.3768393511944375	-2.1375136212732824	0.0047160578095126375	-0.5038904315439496	0.3730558386381683	
12.276523729173784	-6.351697965328562	-2.1430156671755687	0.09608079889179134	-0.5624628716231324	0.49919793720371863	
12.370083153376095	-6.314114276004221	-2.1475078787392636	0.19806590002649532	-0.6146674830883841	0.6200175691297549	
12.455036069030882	-6.260826935182006	-2.151626256765545	0.31077072514038484	-0.6602451003674784	0.7355120190285758	
12.53331274435513	-6.188727177753984	-2.1559002235045535	0.43365012382851514	-0.6990847989538195	0.8458807278083155	
12.606945883497069	-6.095319713329382	-2.1606993557787404	0.565439687305443	-0.7312274948047496	0.9514988372725953	
12.677934048962088	-5.978652387380256	-2.166273511060281	0.7044000115893623	-0.7568111492050067	1.0528425867765985	
