13.183662026759292	-5.240620985653038	-2.224931758771012	1.5871962689563883	-0.7015384318875072	1.417659855182166	
13.286469366304996	-4.975436440352167	-2.225358409107298	1.7108634003268122	-0.7082423306255051	1.5456805326786849	
13.376831873019427	-4.690445265891832	-2.221686692621411	1.8176010208205868	-0.7108139496585495	1.6747848918465216	
13.452025979262658	-4.392283923303474	-2.213873521732911	1.9053090385044025	-0.7096704617525889	1.8039840772721702	
13.5089963725982	-4.087827269955828	-2.201873242613756	1.9725415100316195	-0.7053534929125426	1.9322212973186024	
13.544461320454324	-3.783938889510065	-2.185681819407948	2.0187143976022623	-0.6985527712344223	2.0583859028167875	
13.555278140169397	-3.4870148091505344	-2.1654055916407327	2.044015715085587	-0.6900634573716904	2.181367980035549	
13.538735805828772	-3.202717730946774	-2.141318567831894	2.049390775227507	-0.6807565014565595	2.3000856348036334	
13.492877487767633	-2.9357555467622496	-2.1139065186410853	2.036457209702155	-0.6715293845930793	2.4135113043075225	
13.416761414636138	-2.6897702372331893	-2.0838798247337134	2.0074018306064954	-0.6632501769488279	2.5206870736212235	
13.310627009430155	-2.467312347983419	-2.052150404408678	1.96486110748055	-0.6566984967196458	2.6207321075523713	
13.175948872960474	-2.269874930468209	-2.019775743530276	1.9117950403891015	-0.6525087900138916	2.7128445141045257	
13.015368768614541	-2.0979683766795882	-1.9878756865055143	1.8513563833508226	-0.6511211562484779	2.7962997571667576	
12.832512241730779	-1.9512166704732086	-1.9575318263941304	1.7867574986898123	-0.6527445153464682	2.870448059737265	
12.631709490790595	-1.8284595088864881	-1.9296808785395274	1.7211363156498483	-0.6573354051361466	2.9347132131676794	
12.417646352965205	-1.7278570669028321	-1.9050159659167463	1.657423221599335	-0.6645962867170969	2.98859450883176	
12.194995374053399	-1.647000278318737	-1.8839132518928003	1.5982179680987365	-0.6739951270569517	3.031672254805047	
11.968073850486547	-1.5830261223350466	-1.8663898759674267	1.545681063180713	-0.6848009503702621	3.0636169789638457	
11.740556070151762	-1.5327452728060185	-1.8520958615547307	1.5014458032291782	-0.6961326594798346	3.084200687081255	
11.515263350634584	-1.4927812667223292	-1.8403387529008608	1.4665575740261474	-0.7070170461461115	3.093308310767088	
11.294046110157522	-1.459715192929059	-1.8301361466591095	1.4414447952766152	-0.7164513945137694	3.0909475197244136	
11.077764549055795	-1.4302280025171799	-1.8202902531995966	1.4259236691694286	-0.7234664639488712	3.0772552286282564	
10.866376575073108	-1.4012280491582199	-1.809478450266151	1.419242555224835	-0.727183341809347	3.052497632318625	
10.659103680842879	-1.3699585807230052	-1.7963490657324144	1.4201534958896738	-0.7268594149969635	3.0170641976498	
10.454652730965822	-1.3340858799509892	-1.77961798167841	1.4270048652252485	-0.7219218093910396	2.9714554059520393	
10.251471632623385	-1.2917665682588515	-1.7581613005454666	1.4378494960228005	-0.7119870786533788	2.916264350592432	
10.04801486714038	-1.2416917026926653	-1.7310988226737827	1.4505612770486642	-0.6968671128702043	2.8521530560725568	
9.842998484714135	-1.1831059077418427	-1.697864232638935	1.4629537044515313	-0.6765626987770262	2.779824796378977	
9.635619312545689	-1.115792912025389	-1.6582528641095755	1.4728926322644935	-0.6512449403819544	2.6999941186109644	
9.42571643994997	-1.0400300932894757	-1.6124419191419486	1.4783923929458265	-0.6212288704081157	2.613358057904717	
9.213871654580627	-0.9565205994217767	-1.5609835227010713	1.4776913394960338	-0.5869437524826129	2.5205706471331326	
9.00144611109175	-0.8663092207038773	-1.50476944985936	1.4693043881729106	-0.548902576992555	2.422222200352007	
8.790554681419449	-0.7706917111961902	-1.444969427160035	1.452051664838827	-0.507673416568715	2.318824573790771	
8.583983957317631	-0.6711281694037907	-1.3829475546072878	1.4250652831885189	-0.4638546817442254	2.2108028475424675	
8.385057724540014	-0.5691700777704485	-1.320162703881008	1.3877766652902366	-0.41805544407248646	2.098493892216464	
8.197460881876799	-0.4664101219998851	-1.2580650867019052	1.3398890683276172	-0.3708815725696608	1.982151856789997	
8.025042574695108	-0.3644578525636023	-1.1980005584022317	1.2813462500988442	-0.32292696373008356	1.8619582300699002	
7.871608488421395	-0.2649380957751115	-1.141128462039668	1.2123027263793638	-0.27476837436812207	1.7380352136121526	
7.74071549174065	-0.16950693265343	-1.0883579790400497	1.1331007648056348	-0.2269624735352778	1.6104608122202289	
7.635482150018661	-0.07987740977036266	-1.040305831256321	1.0442580484945472	-0.18004372817148848	1.4792839617987854	
7.55842743976155	0.0021552909369618473	-0.9972764255202272	0.9464683869958357	-0.13452179765064212	1.344538219922455	
7.511361871958	0.07470392757247168	-0.9592686623612297	0.840612671436464	-0.09087767495159518	1.2062527518860424	
7.495336495344884	0.13580633052217272	-0.9260042426946634	0.727776561732633	-0.0495576447682926	1.0644599595744277	
7.510648448650464	0.18347749594133556	-0.8969738456484031	0.6092679662335713	-0.010964429930104646	0.9192005213128301	
7.556897543075789	0.21580003185209215	-0.8714973922717253	0.48662620276592455	0.02455479005382922	0.7705270266883826	
7.633080479401907	0.23104988422515738	-0.848792816893739	0.3616150110160109	0.05672335689031256	0.6185076745338276	
7.737703349562947	0.2278491803898313	-0.8280470658105672	0.2361925341849886	0.08535261658388237	0.4632317132347732	
7.868894592041378	0.205323584495722	-0.8084814849819456	0.1124511392692565	0.11035905531792209	0.3048178504826209	
8.0244973730159	0.16323286327050301	-0.7894021388234617	-0.007470392315725826	0.1317773577934882	0.14342591718273115	
8.202134710425765	0.10205439712864936	-0.7702316602480527	-0.12149484679375191	0.14976692404353348	-0.02072855580711333	
8.399254049133857	0.02300204920114317	-0.750522507006628	-0.22772575224452293	0.16460931774135357	-0.1873580258223223	
8.613162310271955	-0.07202822725252636	-0.729954514854877	-0.3245654711730832	0.1766955932041253	-0.35608647618196415	
8.841065124142842	-0.18058418667339188	-0.7083227440667762	-0.4108199082774545	0.18650411494200714	-0.5264343109648845	
9.080122925415491	-0.2998455704990447	-0.6855231169994174	-0.48577571131091185	0.19457074841875965	-0.6978064706360917	
9.327524142147112	-0.42684717813997247	-0.6615427833098934	-0.5492335838885649	0.2014561988484627	-0.8694861631136932	
9.580560533723263	-0.5586977069577135	-0.6364591583862689	-0.6014998341152259	0.20771641287552867	-1.0406332756774268	
9.836684671897736	-0.6927690368404928	-0.6104455912377627	-0.6433384818352403	0.21387916836606982	-1.2102874792294445	
10.093529330799106	-0.8268346044801215	-0.5837795077894793	-0.6758907798356923	0.22042874652647934	-1.3773757824164352	
10.348874482664861	-0.9591442733230555	-0.5568479396220049	-0.7005727402579458	0.22779876529254672	-1.5407241518328252	
10.60055661914431	-1.0884329426374433	-0.5301454423751464	-0.7189624362613196	0.23637139526054027	-1.6990729903678423	
10.846332032000372	-1.2138641841153588	-0.5042589374931973	-0.7326902137115132	0.2464802052660052	-1.8510971351122734	
11.0837257374627	-1.3349321097910942	-0.47983849879194873	-0.7433466142611989	0.25841215408832197	-1.995428948320842	
11.309898614473866	-1.4513418616761764	-0.45755396096431905	-0.7524131980078287	0.272405673555584	-2.130684391682962	
11.52156526016575	-1.5628870105217583	-0.43803947599559573	-0.7612190794669373	0.2886434110432149	-2.255492063084607	
11.714989205501306	-1.669342383839608	-0.42183138843110984	-0.7709235926182529	0.30723981121061666	-2.368524878397145	
11.886070820898857	-1.77038837416237	-0.4093067183819618	-0.7825224565839777	0.3282251580780195	-2.468534486137307	
12.03052971355185	-1.8655812688781126	-0.40063371751032256	-0.7968737281752619	0.3515303358814588	-2.554387460427269	
12.144150974597999	-1.9543737163197206	-0.3957448848111485	-0.8147341697796999	0.376976590382991	-2.6251017275689	
12.223061771099	-2.0361752479703576	-0.3943356179274629	-0.8367957132641594	0.4042715293810916	-2.679883876753483	
12.264016558193411	-2.1104396343772946	-0.3958917276800127	-0.8637149955331	0.4330122828260513	-2.718166927779165	
12.264673424608953	-2.1767641233683017	-0.3997466479990303	-0.8961299552119135	0.4626961092870211	-2.7396476541258803	
12.223850461569242	-2.234987590299453	-0.4051662423336909	-0.9346591821502787	0.4927386507237516	-2.7443224955471033	
12.141746438255314	-2.2852777892209764	-0.41145528488251387	-0.9798810358469804	0.522500846394889	-2.7325193261650105	
12.020085670826532	-2.328196784067168	-0.41806762090109634	-1.032293201600959	0.5513243169312962	-2.7049178971490626	
11.862178245961742	-2.3647440476557486	-0.4247001608446432	-1.0922562751347207	0.5785723025878554	-2.662559125840043	
11.67287818827762	-2.3963725750447034	-0.43135671529419434	-1.1599266859141735	0.6036735664700749	-2.6068403305518406	
11.458430417028245	-2.424971333358508	-0.4383724366160162	-1.2351862718138673	0.6261656337929187	-2.5394945116573893	
11.226208266708692	-2.4528079867710515	-0.44639609345667824	-1.3175771260707803	0.6457335400998917	-2.4625530307947066	
10.984349408281112	-2.4824275545910677	-0.4563326491125203	-1.4062504444953206	0.6622408207730424	-2.378291614225323	
10.741306148849052	-2.516508731938208	-0.46925082828161435	-1.4999448859426316	0.6757464475879471	-2.2891585321410317	
10.50536206152201	-2.5577004044994642	-0.48627073161302664	-1.5969987860435704	0.6865057604890862	-2.1976916573680967	
10.28415176393147	-2.608460714519657	-0.5084423851405481	-1.6953961772685051	0.6949545658350592	-2.106428238925944	
10.084222083412262	-2.6709205508986167	-0.5366257756787204	-1.7928443615342904	0.7016757849598337	-2.0178111584253138	
9.910673297867685	-2.746789491921558	-0.5713843606337177	-1.8868759259037262	0.7073501188222782	-1.9340963268340274	
9.766907504309064	-2.8373119976672196	-0.6129030869477653	-1.9749655353053934	0.7126937253012223	-1.8572644336271702	
9.654520493556161	-2.9432731529289238	-0.660946344209324	-2.0546496288703526	0.7183879539237198	-1.7889431238087112	
9.573345537797053	-3.0650329044014346	-0.7148647974947065	-2.1236333922594923	0.7250108429609313	-1.7303459819713922	
9.521613595585144	-3.2025571418989145	-0.7736447314631623	-2.17987919806699	0.7329770099048722	-1.6822272925942596	
9.496209391284495	-3.3554277261413854	-0.8359932870633031	-2.2216758862140793	0.7424906205774126	-1.6448544911527527	
9.492995067696704	-3.5228247787612643	-0.900448660772775	-2.2476905717352142	0.7535149789908252	-1.6179993885153205	
9.507172252505582	-3.7034878988819426	-0.9655026082181519	-2.257006991448861	0.7657602513021368	-1.6009480611786604	
9.533659046110044	-3.8956775930405567	-1.0297226900943715	-2.2491531784069188	0.7786903113394924	-1.5925305706554704	
9.567449489648169	-4.097170765951824	-1.0918568441157832	-2.2241138712599224	0.7915499017783014	-1.5911738820533845	
9.603926174494976	-4.305303561727809	-1.150909275590544	-2.182330070982286	0.803405877301177	-1.5949702145002718	
9.639116199018307	-4.517065245355203	-1.2061834142196637	-2.1246818770770344	0.813199556508363	-1.601759533249002	
9.669881572609853	-4.729235071569018	-1.2572912893447175	-2.052451660963204	0.819806554623389	-1.6092233572219343	
9.69404113000331	-4.93854527230728	-1.304133753440751	-1.9672668488328446	0.8221001061229495	-1.614985948878317	
9.710429074174378	-5.141849929752599	-1.3468604550767913	-1.871023594780815	0.8190147425271964	-1.616719513903253	
9.718885865622156	-5.336272759590209	-1.385819102240369	-1.7657936387090885	0.8096054732752131	-1.6122466629667467	
9.72020012856585	-5.519312894404979	-1.4215077946664583	-1.6537266752924178	0.7930986458037774	-1.59963223552736	
9.716014373992316	-5.688904936593027	-1.454535620289992	-1.5369568332273296	0.7689338101527468	-1.5772612396286037	
9.708697203109566	-5.843436551173518	-1.4855908516203993	-1.41752023589282	0.736795250929406	-1.5438991355162668	
9.701184938560754	-5.981734310239805	-1.5154135647297653	-1.2972895948966483	0.6966319569032737	-1.4987315623947457	
9.696794836162862	-6.103034417081534	-1.5447677480698445	-1.177928285076318	0.6486655311983415	-1.4413829797669169	
9.69901094553255	-6.206952985375894	-1.5744080231427597	-1.0608649402119281	0.5933829343431184	-1.3719108014699775	
9.711259323469422	-6.293467066130858	-1.6050404426956564	-0.9472851662267573	0.5315129841586357	-1.290775459810856	
9.736690524700135	-6.3629099341297914	-1.637279881613362	-0.8381308188485288	0.4639900970043235	-1.1987938634659738	
9.777983886419388	-6.415972029537488	-1.6716084154188815	-0.7341008717082841	0.39190620759894884	-1.0970783924051968	
9.837189298084867	-6.453696783899513	-1.7083401282794668	-0.635648983912794	0.316453764699996	-0.9869652458942411	
9.915617195823522	-6.477459948132574	-1.7475971465761666	-0.5429746016934124	0.23886371429376685	-0.8699362876417635	
10.013782522816584	-6.488920498923507	-1.78930078227867	-0.4560072697192858	0.16034272462110088	-0.7475376980222279	
10.131408607318486	-6.489933191639536	-1.8331814052089443	-0.3743907785641857	0.0820167514950406	-0.6213008463918887	
10.267469122429357	-6.482426559221042	-1.878802395447762	-0.2974711169884025	0.004885917444584216	-0.49267124113328653	
10.420255666315493	-6.468250215889337	-1.925594387107779	-0.22429572817734877	-0.07020755293089098	-0.36294769039658137	
10.587462273529725	-6.449001117358809	-1.9728952487441473	-0.1536311636603976	-0.14259745253143744	-0.23323428419741551	
10.766281958539563	-6.4258436687733225	-2.0199909119847064	-0.08400458271446598	-0.21179832878086302	-0.10440723229830609	
10.953516303604571	-6.399340723638529	-2.0661531155078117	-0.01377295947995601	-0.27749878335507994	0.02290268224925559	
11.145707805091414	-6.369328864963777	-2.110671347293377	0.05877839085041933	-0.33954382334105676	0.148308431891341	
11.339294932705634	-6.334863065903116	-2.152878278782709	0.13531782087021854	-0.39791040365595826	0.2716481177775278	
11.530788414608372	-6.294242731637397	-2.1921710121010096	0.21734003347809208	-0.4526789019735255	0.39295265852020095	
11.716959829897528	-6.245126687739456	-2.2280299592949975	0.3060406685051971	-0.5040016590665763	0.5124019593563091	
11.89502364571168	-6.184733415976496	-2.2600358406383547	0.4022050504565127	-0.5520700247506636	0.6302728864859959	
12.062789389289708	-6.11011184976891	-2.2878838143607623	0.5061213100859911	-0.5970814125417032	0.7468828188982821	
12.21875167328543	-6.018456613157435	-2.3113902211276187	0.61753137588048	-0.639208615996384	0.8625329935674436	
12.362092083920839	-5.907440274191942	-2.3304847206307406	0.7356253174102175	-0.6785743910436429	0.9774550748004267	
12.492595216273417	-5.775444831664542	-2.345188652611311	0.8590894076634465	-0.7152377491847759	1.091776223532616	
12.61049551232995	-5.621908720713205	-2.3555703344309054	0.9861518606746811	-0.7491811103498325	1.2054695347606401	
12.716255945869712	-5.447179228091465	-2.3617054931973165	1.1147424271798154	-0.7803286606258822	1.3183763434854736	
