21.98186509169569	5.275400397441734	14.31565067579227	1.6347600335112813	-3.685203573816645	-0.7308826220655593	
21.497019113690058	5.295879576438429	14.607909813821015	1.4479779662954648	-3.088673916225547	-0.6464161498966251	
20.914984272876236	5.2300816314944765	14.560463831484842	1.2531629686470769	-2.4711865468904035	-0.5634658613963021	
20.262501706806955	5.083770621983879	14.169068563137554	1.0582603306287048	-1.844943223452653	-0.48486989504790035	
19.56607576022022	4.866784805261813	13.44568676699116	0.8712438359042962	-1.2223644526530146	-0.41337699365502645	
18.8508490194136	4.593861473971683	12.424265735333801	0.699718027565604	-0.6157213885057964	-0.35151301150980885	
18.13909180909254	4.282879559884356	11.15711807079288	0.5503026627230715	-0.036418241041513005	-0.3014311866634969	
17.4490859779372	3.9539329285423492	9.712643759880834	0.4281991130762996	0.5055113350847458	-0.26476386131761614	
16.794154873609614	3.627991531567331	8.16971482804241	0.33683553279001693	1.0018429009825585	-0.24248541255160322	
16.182062703540314	3.3256751182854036	6.610560195308491	0.2776865830975976	1.4463841948874265	-0.23481856063922033	
15.614794448488173	3.0660831220904443	5.113141306406898	0.2502275743977923	1.8350125012807716	-0.24118745141805553	
15.088881826123947	2.865601526877837	3.7440683148533207	0.2520150932182746	2.1655518303117103	-0.2602226096992034	
14.59641441933644	2.736657911988991	2.553212248204896	0.27888744857950726	2.437536842534057	-0.28981769176358085	
14.126786800175646	2.6864250970412775	1.5708370526696172	0.3252755198213071	2.6519323255115577	-0.3272337481291444	
13.669042402136167	2.715753177409193	0.8078777250552628	0.3846346574749666	2.8108605104462363	-0.369257050159868	
13.214196868689328	2.818787103856245	0.25867585780698504	0.4499477327961198	2.9173798986385204	-0.41240286022552286	
12.756999258963544	2.9833920831741283	-0.0952692683970991	0.5142249976651978	2.9753195048133088	-0.4531508348052998	
12.29683753004284	3.192334207293479	-0.2812717930450241	0.5709543303952903	2.989140558290133	-0.4882016028319072	
11.837679981390004	3.424996843698397	-0.33168417108218773	0.6144676750262386	2.96380618019532	-0.514734709200989	
11.387157680865705	3.6593622578367544	-0.28061873380484664	0.640224408316471	2.90464361474829	-0.5306474352935053	
10.955073872608876	3.874025765603559	-0.16126092042369253	0.6450138471115318	2.8171891450725712	-0.5347278672172419	
10.5518431260072	4.050019268618013	-0.0038722228761214994	0.627092244406607	2.707029291222718	-0.5267311661464465	
10.187114117195852	4.1723582929365	0.16559563199056807	0.5862524005093487	2.579645214249625	-0.50735581002165	
9.868679621413076	4.231204500700113	0.32631447143574477	0.5238009843498618	2.440265025148225	-0.4781209825147158	
9.601731075134571	4.222545209505033	0.46287407190645535	0.44242927388458936	2.2937302486093767	-0.4411618259339902	
9.388477676553173	4.148324986434734	0.5651478195820436	0.34597318528670756	2.1443818160841457	-0.3989682686053177	
9.228183900098585	4.0159178730758445	0.6277760762878889	0.2390695947990338	1.995984948200884	-0.3541082766600887	
9.117503237677031	3.837122583107751	0.6494905391607242	0.12677491030470356	1.8516905335358853	-0.30898699974603955	
9.051005397692178	3.6268016612450724	0.6323637746034624	0.01417983465970637	1.714027813581722	-0.2656604031674072	
9.021820628340294	3.4012956847513776	0.5810299439427193	-0.09394932060034548	1.5849248523096648	-0.2257149932034853	
9.022327443627061	3.176781203690931	0.5019234887405152	-0.19347669153442243	1.4657500768791627	-0.1902165979780762	
9.044824762462607	2.9677600300790457	0.402559943946068	-0.2811288352084318	1.3573705954100168	-0.15972600196216044	
9.082097271164391	2.785939283566607	0.2908944006685405	-0.35462319694168404	1.2602241384417616	-0.13437248350286715	
9.12781979801121	2.6395621189301925	0.17478897305839733	-0.41271059525201453	1.1743881956342113	-0.11395385124560015	
9.176799331934067	2.5331675091122636	0.0615725119119464	-0.45514096950852595	1.0996444665858123	-0.09804713513995905	
9.225063321637226	2.467745359033143	-0.04230884236254143	-0.48256212851459523	1.035536755359455	-0.08611576007135083	
9.269823217133789	2.441218432704387	-0.13155482650657116	-0.49636690924653987	0.9814213399385862	-0.07760152634669383	
9.309342003460435	2.4491892628500347	-0.20217584705981556	-0.4985006109288685	0.9365124967031933	-0.07199232421369015	
9.34275513493105	2.4857989742799274	-0.25154866052807456	-0.4912579105577045	0.8999243724105394	-0.06885965201443002	
9.369901245685707	2.54453689924578	-0.27839431264977893	-0.47709704353264226	0.8707095737695446	-0.06787117887291455	
9.39118026379698	2.618936024178732	-0.28268578162511127	-0.4584784674146438	0.8478970541546823	-0.06878479280875353	
9.40745177133509	2.7030957367915622	-0.2654965132080728	-0.437735727773763	0.8305299789423455	-0.07143022671866778	
9.419978296709349	2.792000721128516	-0.22880363338984377	-0.41698101869332016	0.8177042747777099	-0.07568415369705603	
9.430401291675018	2.8816098153073297	-0.17525060946370813	-0.39804916056353457	0.8086063572594915	-0.08144355135414882	
9.440732412714308	2.9687530471433794	-0.10790520735921688	-0.38247415925687944	0.8025472652387333	-0.08860223958686499	
9.45334149336652	3.050916652894113	-0.03003754703595086	-0.37148405388999856	0.7989929695522769	-0.09703194353536344	
9.470923387263522	3.125979199947039	0.055072131748618226	-0.36600558559147567	0.7975896053323388	-0.10656794008121259	
9.496432629701182	3.19196167878331	0.14428731070706236	-0.36667166658861994	0.7981825809515989	-0.11699913593721693	
9.532978753259021	3.246845966786561	0.2347291599134837	-0.3738271517433771	0.800829018243379	-0.12806195628237632	
9.583683744440355	3.2885043326879866	0.3238450676976422	-0.38753858561041443	0.8057982858262963	-0.1394384820518358	
9.651520972820476	3.3147432153326006	0.40943669857254694	-0.4076091070738875	0.8135620594728443	-0.15075773691751693	
9.739149270444729	3.323440041917676	0.48965364043497916	-0.4336024691885689	0.8247742722261168	-0.1615996638647408	
9.848757304013215	3.3127514413618764	0.5629539026055868	-0.4648803495938288	0.8402403456211832	-0.17150196555791697	
9.981933549417416	3.2813698018978044	0.6280329875849873	-0.5006550690465121	0.8608762372512374	-0.17996991987237948	
10.139579125147675	3.2288039482220765	0.6837211349392812	-0.5400602142682578	0.8876573631625765	-0.18648964523213007	
10.321892657934825	3.155625746706244	0.7288544272137114	-0.5822369269162609	0.9215602938781835	-0.1905447021940511	
10.528420592122748	3.0636512312527113	0.7621356900239921	-0.6264267770185155	0.9635034037441935	-0.1916345993349789	
10.758168448160419	2.956031438725145	0.7819959438782554	-0.6720647024724197	1.0142895003483146	-0.18929438942131108	
11.009764466146258	2.837232206674277	0.786470177083242	-0.7188630753472367	1.074554427336504	-0.18311414565518305	
11.281661929300054	2.7128920637759846	0.7731005356604983	-0.7668780661812724	1.144724983667007	-0.17275734263425585	
11.572362062393424	2.589539495587847	0.7388868965292652	-0.8165441464276263	1.2249917870866576	-0.15797658738117792	
11.88061438613199	2.4741868003273066	0.680308931247354	-0.8686597730565326	1.3153040690974995	-0.1386244269378921	
12.205554232915958	2.373866025286412	0.5934251137678858	-0.9243248570707613	1.4153833037232408	-0.11466056662603905	
12.546746749796378	2.295154258199933	0.47406518303406764	-0.9848297229546898	1.5247543523303924	-0.0861559280304306	
12.904114069783724	2.2437398259455312	0.3181276994976697	-1.0515023690026373	1.642789989489978	-0.053294295140272084	
13.277733132842233	2.224065422650382	0.12199449977497578	-1.1255243171505187	1.7687622768710292	-0.01637285143522419	
13.667509498094464	2.2390933143173894	-0.11695043759829434	-1.2077353617870488	1.9018922900035204	0.024199087116103333	
14.07277967455272	2.2902122929054207	-0.3997623559055139	-1.2984583514786712	2.0413854353719643	0.06790325070132448	
14.491885760900438	2.3772612500906547	-0.7253848604920184	-1.3973579815440638	2.1864448247033663	0.11411686610380868	
14.921757677066052	2.4986589257579763	-1.0901658333382418	-1.503348114972394	2.3362589259647253	0.1621194297980726	
15.357537970732142	2.651614097179942	-1.4875013236083268	-1.6145601079592844	2.489961213178309	0.21110226236700144	
15.792274897611865	2.8323782622738274	-1.907663185594985	-1.7283813097567104	2.64656006581274	0.26018124361797507	
16.216762602501788	3.0365023306455075	-2.337937443650054	-1.8415818178412435	2.804844625130172	0.30841430021169436	
16.619550328714055	3.2590347405625355	-2.7630861836756857	-1.950510165145372	2.963278607916831	0.35482249347875683	
16.987123315647693	3.494638110005197	-3.1661230499525423	-2.0513376074940033	3.11989205551199	0.39841446416308024	
17.304269719025054	3.737623661643463	-3.5293974699718045	-2.1403328393085994	3.2721837668701816	0.43821440198234934	
17.55462822873907	3.98191486236255	-3.835945397757274	-2.2141434188435265	3.4170474094044545	0.4732934767207649	
17.721408678850104	4.220968379038322	-4.0710489984177025	-2.270059549275602	3.5507366162498784	0.5028052293736431	
17.788227295084887	4.447706666054819	-4.22376260299166	-2.3062095484344365	3.6688985285253755	0.5260218790511444	
17.739959379929118	4.6544890028387425	-4.288159511639963	-2.3216640796061054	3.766675507885033	0.5423693967261395	
17.563579698555113	4.833132981437267	-4.264111940297053	-2.3164367973473126	3.8388766190666574	0.5514587426924874	
17.24896851346209	4.9750058960077865	-4.1574432376748875	-2.291373877203292	3.8802151581376974	0.5531092979715818	
16.789679168662758	5.071221746858118	-3.979384137140021	-2.2479399381255156	3.8856014624466173	0.5473607178637628	
16.18363652384131	5.113016645263063	-3.745338563791163	-2.187922185267983	3.8504713849898637	0.5344673379839862	
15.433626262274672	5.092345923044788	-3.4732108400414385	-2.1131213902053707	3.7710927194972412	0.51487007720252	
14.54756955907147	5.002650981735602	-3.181750437623165	-2.025107453483235	3.644812500131583	0.48915341262340245	
13.538534193247614	4.839680236008723	-2.8891354267491693	-1.9250726300460852	3.470222523728454	0.4579937027137659	
12.424457264685394	4.602221855575815	-2.6119253519130514	-1.8137935633921267	3.247231362151474	0.42210681492982455	
11.227590100694947	4.292631108423612	-2.364385292232478	-1.6916895976574533	2.9770501894437538	0.3822025412593109	
9.973644330943356	3.9170311363932337	-2.1580870373471894	-1.5589505349251505	2.662097934406661	0.3389515194143091	
8.69073810656729	3.485171307279568	-2.001640021807419	-1.4156939101033714	2.305855674405127	0.29296653508148945	
7.408293432842329	3.0100534722179026	-1.900438796488168	-1.2621274389665493	1.912709370452678	0.24479408478470016	
6.155945451036883	2.5073467728163306	-1.8564749512472722	-1.0987084237211788	1.4877827159460164	0.19491300689387683	
4.962527779617101	1.9946052044032334	-1.8683169686156627	-0.9262885847149138	1.0367609345403228	0.14373751588533182	
3.855152965787505	1.490278226904857	-1.9313859213961473	-0.7462296485395833	0.5657010830398324	0.09162174175690369	
2.8584181088846243	1.0125239608874819	-2.038662566895139	-0.5604511605469362	0.08082125068061186	0.0388632303808323	
1.9937528824936914	0.5779975243251796	-2.1816562765832113	-0.3713859991491812	-0.4117157322803515	-0.014297123897750189	
1.278912556362149	0.2007732895757321	-2.351370009986034	-0.18185006492224076	-0.9060110091044066	-0.06767794196235966	
0.7276603589023385	-0.10847315735582581	-2.539076637430681	0.005155972031008884	-1.3966165093108358	-0.12116027706449697	
0.3496585203298431	-0.34294481473188654	-2.736784643642835	0.18668198272043807	-1.8786847320561615	-0.17468804514251748	
0.15054803563265706	-0.49985349749238567	-2.9373657365210923	0.3600667134235377	-2.3480721204634927	-0.22826409734046404	
0.13222394981700172	-0.5801737046177935	-3.1343966551079903	0.5231335682362761	-2.8013784932895267	-0.28194075925608625	
0.29317930314808666	-0.5881626761296768	-3.3218583998175775	0.6743225120428484	-3.235938192586189	-0.33580713778363724	
0.6288764207599206	-0.5307248240417438	-3.49379124117723	0.8127586747477726	-3.649775160843639	-0.3899744309678357	
1.1321323967198276	-0.4166709347442275	-3.6439623501975653	0.9382583999226171	-4.041527333918153	-0.44455996073016635	
1.793494159244852	-0.25593185336082913	-3.7655802462431245	1.0512786004818322	-4.410346681084562	-0.49967036526683767	
2.60158423604773	-0.05877704755123786	-3.8510732322870975	1.152814337801078	-4.7557766089464355	-0.5553835835020674	
3.5434040485423486	0.16487968703018524	-3.8919594767933314	1.2442522765980986	-5.0776100365408645	-0.6117295973579424	
4.604545239565132	0.4060300947425457	-3.878802174685667	1.327207179719485	-5.375743861987097	-0.6686685233012551	
5.769318448977114	0.6569721434977999	-3.80125633750824	1.4033518876371875	-5.650033219074751	-0.7260649833413673	
7.020807459252701	0.9115535891144358	-3.648221591672463	1.4742531926492028	-5.9001520391368825	-0.7836588783588467	
8.340857688375383	1.165264223738183	-3.4081212073630707	1.5412248239406618	-6.125465759540441	-0.8410330551596471	
9.7100326424833	1.4151722788888792	-3.0693458380452094	1.6052116471641134	-6.324926504618241	-0.8975817553510338	
11.107597902532252	1.6597231485058208	-2.6208663338114913	1.6667207815429854	-6.497006073773074	-0.9524880876979954	
12.511570462614593	1.8984667896999314	-2.0530017463416863	1.7257919736421357	-6.639664095454628	-1.0047139511471568	
13.898884315233342	2.131739711492854	-1.3583234057736246	1.7819995307347491	-6.750352709811048	-1.0530081096568178	
15.245706969620743	2.3603275336129106	-0.5326513529261757	1.8344762297336064	-6.826058087899568	-1.0959369588012295	
16.52793472505256	2.585123436973809	0.423890436726452	1.881948431370491	-6.863378882497208	-1.1319418998574795	
17.721877425872627	2.806790131324675	1.5059002705698064	1.9227822143176996	-6.858650017195314	-1.1594271906057667	
18.80506857798223	3.025443193208217	2.70193401167471	1.9550413604646193	-6.80810920907736	-1.1768698896166008	
19.757149044153554	3.2403599099285487	3.9939526442365336	1.9765616387947895	-6.708103397031745	-1.182941408427274	
20.560780799656587	3.449731621806086	5.357047849959872	1.985052458377562	-6.555335988070396	-1.1766301918276516	
21.202529773673266	3.650484726774424	6.75948856751344	1.9782304504128108	-6.347144361356248	-1.1573523588815382	
21.673681614332786	3.838200859925498	8.163139560159978	1.9539934246442898	-6.081801257745895	-1.1250396394238595	
21.97089358761948	4.007213997006413	9.524474106346412	1.9106494373646528	-5.758825642841806	-1.0801881667702293	
22.09626864336495	4.150840950767117	10.795918732615693	1.8470924640762751	-5.379139924689447	-1.0238396065721955	
22.05804352035914	4.26195307048004	11.928205990992602	1.76321291415049	-4.945511959991906	-0.9575937241253697	
21.868891988603885	4.333418234956528	12.87206449625463	1.659763512963352	-4.462155131648903	-0.883430333669604	
