21.855251169253734	-2.449706402009921	8.33008096270285	0.6031766327228213	-3.232138864724164	-2.1006820950552645	
21.541461093501226	-2.7482835492437996	8.964230589559012	0.6298230342028752	-2.6308189270197824	-1.8211420217453114	
21.069403329440554	-2.886811798204731	9.288544480326964	0.6444559718603754	-2.005350881219109	-1.5156694074774437	
20.463937684395525	-2.8472710416636584	9.254209617617649	0.6467202609224214	-1.371749772749214	-1.1956833347192106	
19.754769040502662	-2.6289609018170768	8.835209577445822	0.6366432852271194	-0.7469596487881988	-0.8731384853123333	
18.975622319056193	-2.251524416808209	8.03605670230515	0.6150671457211987	-0.1478880731873899	-0.5596934215128785	
18.162054971752948	-1.7517105862955686	6.894631317248821	0.5840444501976233	0.4099677229243283	-0.265741600585496	
17.34903687617305	-1.1776476804122795	5.482449803048488	0.5469453652782013	0.9137242897281977	0.00023532925267710086	
16.567689208337036	-0.5812448565413291	3.89967005267728	0.508112439049282	1.3540998995082942	0.23205201090792665	
15.841704914519696	-0.010950754049542715	2.2651785355248175	0.4721611273319758	1.7259018025890729	0.42589384671221536	
15.18402666418966	0.4945075642863408	0.7025122592316241	0.4431837836176543	2.0279253187082937	0.5801626744753938	
14.594891362626061	0.9110302435985322	-0.6758188319021856	0.42409260880713595	2.262299926231276	0.6951733949479114	
14.062505935800392	1.2319497349352602	-1.782108420931094	0.41619117571361675	2.4334834185446392	0.7727923385780355	
13.56698986080156	1.4674066999435285	-2.5622643061802735	0.4189734711667952	2.547198193080521	0.8161006959141535	
13.08674785806517	1.63959805592045	-2.998429783838239	0.43018630157224064	2.6095816340040274	0.8291326766817438	
12.605112026912186	1.7751962704891333	-3.1061900538534957	0.4462068851534396	2.626695543375274	0.816671442853404	
12.114929961050805	1.8977218122294994	-2.9280602431948983	0.46266757639750744	2.604381873585335	0.7840323783051238	
11.619689479291571	2.022294237602258	-2.52495050908227	0.47512526010841777	2.548339609701533	0.7367693398552468	
11.131323389218878	2.1536692039742222	-1.9672236291992695	0.47958209747631025	2.464256377707725	0.68029496357886	
10.666183832416838	2.287110611966886	-1.326638915275095	0.4728149804818729	2.3578681126982617	0.6194671070594113	
10.240966362216241	2.4111769783628434	-0.669853116212951	0.45260298845467883	2.234905925608662	0.5582267167091338	
9.869679239546889	2.5115944317531964	-0.05359279968395005	0.41793490532008426	2.1009570407475255	0.4993666568034687	
9.561885151847294	2.575428872955243	0.4785474104927946	0.3691736968269277	1.961285305816623	0.4444765583786637	
9.321997750128228	2.5946569772877517	0.8976304329404494	0.30808478607596024	1.8206461456107883	0.394065642880152	
9.149374796300055	2.5683323460018186	1.1892063717139043	0.23766583159974783	1.6831224016447546	0.3478302170878228	
9.03901906219383	2.5029833165705027	1.3516938139620822	0.16179100119784134	1.5520071295867677	0.30501042371806913	
8.982700382091465	2.4113611409440643	1.3938364633894162	0.08473121396084966	1.429755683402378	0.264765555980388	
8.97024726719397	2.3099929421515903	1.331854678629009	0.01063345040599665	1.3180104657831666	0.2264894292601934	
8.990778531220592	2.216130395431071	1.1867059378828946	-0.05695296516758912	1.217684971967637	0.19000332719865237	
9.033742000366514	2.1447324969394344	0.9816379955698274	-0.11542268639979467	1.1290859508259272	0.15560038599037107	
9.089716681528547	2.1060604715438593	0.7400710695768006	-0.1632798287708186	1.0520533203832143	0.12395814934267994	
9.15095623572085	2.1043084534522603	0.4838134307388475	-0.20010597793261828	0.9861021513098257	0.09596602450103596	
9.21164939850633	2.137481273005244	0.23167515038685102	-0.22635444829791115	0.9305535740482799	0.07252498066342211	
9.26791170017901	2.1984665695513397	-0.0014068916187643479	-0.24303691753878282	0.8846415174255433	0.05437103947241466	
9.317584228832219	2.276963766320266	-0.20468217555773924	-0.2513997271427678	0.8475848699245219	0.04195672773699884	
9.359933522647358	2.36173454251901	-0.3714330873118599	-0.2526836814696464	0.8186232699937265	0.03540203647696901	
9.39531579328688	2.4426435661164243	-0.4985421638575043	-0.24801679103132812	0.7970251986585313	0.03450739527048543	
9.424836829671026	2.512139394946381	-0.5859334605599972	-0.23843154913665557	0.7820826197580129	0.038811600350116236	
9.45002599236418	2.5660262907135194	-0.6359672056316906	-0.2249598012040012	0.7731047820880131	0.047674387595791554	
9.472544960444136	2.6035095203214467	-0.6528244694912393	-0.2087476228010368	0.7694169542611115	0.06036374647226116	
9.493966035400598	2.6265868853554553	-0.6419021847027528	-0.1911375665642581	0.770363760598467	0.07613135676654144	
9.515646166880549	2.6389811025730325	-0.6092398379794421	-0.17367800665041538	0.7753153700093989	0.09426441641477447	
9.538682245687653	2.644902560381585	-0.5609919113194181	-0.1580413420001149	0.7836753752213542	0.11410959189985274	
9.563910301217083	2.6479400792560734	-0.5029495879822232	-0.14586205753058717	0.794888593200093	0.13507267413599228	
9.59193006014318	2.6503044514749825	-0.44012312292956746	-0.13853345296429245	0.8084462042586292	0.15660308736271922	
9.623161712249376	2.652532570023772	-0.37642695735312526	-0.13701741447908025	0.8238870923344142	0.17817443221525678	
9.657934914605788	2.653630312948741	-0.31452932583490134	-0.1417178007565655	0.8407975184931709	0.19927115954873623	
9.696583165771742	2.651521557533928	-0.25589830007365755	-0.15244637181138737	0.8588133038283361	0.2193883087511002	
9.739506503282154	2.6436183106308233	-0.20100902691696737	-0.16848123065294152	0.8776277559283208	0.2380470810750083	
9.787177759825743	2.627348532949652	-0.14962861306431066	-0.18869377799605533	0.8970052902207392	0.2548247830107149	
9.840088455926974	2.6005490847787835	-0.10109477339712312	-0.2117056820889746	0.9167973016945041	0.2693944164725781	
9.89865027133908	2.561706738756957	-0.054541893794952605	-0.23604086269768423	0.9369555876835467	0.28156720977550576	
9.963078857595052	2.510066017316335	-0.009063957057524444	-0.2602507667326735	0.9575402216258904	0.29133040620820816	
10.033285416040185	2.4456297555982465	0.03617715329919574	-0.2830045474046672	0.9787207262315666	0.2988733754916558	
10.1087967738468	2.3690895296218866	0.08189047004966916	-0.3031450770994341	1.0007696213950221	0.30459730097547943	
10.18872338050249	2.2817427811860114	0.12863898018517145	-0.31971916346333024	1.024046831239207	0.30910630459070504	
10.271791664431586	2.1854548176904705	0.17685062570832452	-0.3319964223637781	1.0489737313700442	0.3131806195048401	
10.356448770488619	2.082693589665943	0.22681761628493005	-0.3394925189481934	1.075997329363017	0.31773534697921946	
10.441041558179274	1.9766197262425633	0.27864180324992244	-0.34200749949632075	1.1055477427250207	0.3237705925977076	
10.524074055779122	1.8711730342056256	0.3321082905987524	-0.3396820288333632	1.1379949628948889	0.33231906352842877	
10.60454584035697	1.7710720174864654	0.3864913481776246	-0.33306454763487414	1.1736125691192627	0.3443956186790154	
10.682354725542414	1.6816657990969095	0.44030782818157016	-0.32317008829079286	1.2125551674036874	0.36095149821032435	
10.758725592621808	1.6086518614738592	0.4910505124301383	-0.3115051265829402	1.254853164383933	0.382834695852506	
10.836606168561891	1.557737625093942	0.5349569073700056	-0.30003757061132796	1.3004264732877353	0.4107578775332075	
10.92095279868575	1.5343380640002455	0.5668767375590058	-0.29110546474554816	1.3491174284464025	0.4452752362412418	
11.018827692164715	1.543363846129428	0.5802907307236332	-0.28727153886209256	1.4007411050131489	0.48676845710816236	
11.13925116106575	1.5890992089398346	0.5675130074233814	-0.2911376137554202	1.4551482668458269	0.535439965555998	
11.292787548150207	1.6751284963127218	0.520088300253736	-0.30513438783941094	1.5122937786406838	0.591309965852027	
11.490873728409223	1.8042530520639155	0.4293808700174675	-0.3313016608315409	1.5723025120276437	0.6542131282185797	
11.744915422816229	1.9783369187074173	0.2873488291087286	-0.37107330426833585	1.635524527001217	0.7237912335565367	
12.06518368321039	2.198028104011091	0.0874970335773629	-0.4250806861125553	1.7025698647715692	0.7994794548838392	
12.459550304749497	2.462338821267785	-0.17401981250972517	-0.4929880594575815	1.7743108599486903	0.8804857339120544	
12.932127413735149	2.768157580088253	-0.4972405532511885	-0.5733765520656807	1.8518387057515242	0.9657649591698719	
13.481912976358608	3.1098584265700904	-0.8773512720292962	-0.6636944062417167	1.9363655103174036	1.0539909191560777	
14.101582942074646	3.479173341958546	-1.3039404389326485	-0.760295004688655	2.029070309353906	1.1435303989593135	
14.776598240861595	3.8653893139358	-1.7607417809115653	-0.8585849223208502	2.130895385217696	1.2324256131451297	
15.484786564203775	4.255816798338217	-2.226021138316417	-0.9532948051831042	2.242305976875064	1.3183929631726168	
16.196530789822702	4.636430582680924	-2.6737121558023307	-1.0388711170631366	2.3630314636691834	1.3988474978533199	
16.875657962662153	4.9925913532644834	-3.0753165172427623	-1.1099702084247847	2.491810788583503	1.470962926299473	
17.481066109078252	5.3097762256827785	-3.4024559307419424	-1.1620155267630454	2.6261699751097276	1.5317756819904473	
17.969046825340975	5.5742730661931486	-3.629821782518829	-1.1917514837877683	2.76226477645666	1.5783365002854506	
18.29617681869517	5.773828521480785	-3.738148276349287	-1.1976984215138988	2.8948269770076607	1.6079027632175569	
18.422572186012133	5.8982481636527995	-3.716756880927577	-1.1803955022132586	3.0172581943483636	1.6181506284308467	
18.315190663005357	5.939888806276297	-3.5651921521380827	-1.1423255352617434	3.1219141341134597	1.6073711781928992	
17.950731225806603	5.8939182600547335	-3.293556993106887	-1.0874694447809148	3.200591694571002	1.5746067391460628	
17.31774630223177	5.758313493083978	-2.9214665717668615	-1.0205485644963965	3.245163887593687	1.519698004549819	
16.41783457833859	5.5337747981648	-2.475859074374698	-0.9461253639209353	3.248251054668904	1.4432439338467957	
15.26599791107615	5.223784992905759	-1.9880975803648915	-0.86779899451636	3.2038079428861987	1.3465080365331317	
13.890240705160801	4.8348295813858115	-1.4908341636412694	-0.7876976584436385	3.1075459960163303	1.2313136382323273	
12.33038829079571	4.3765875660226055	-1.0150998123444728	-0.7063509953517499	2.9571594060145063	1.099953532384386	
10.63608699352205	3.86194633265015	-0.5880552753902777	-0.6228989502691437	2.752357119680168	0.9551112748347531	
8.864015709274724	3.306871190424474	-0.23168001996066304	-0.5355295259135553	2.4947262911860513	0.7997688289417715	
7.074401744813769	2.7301898477567454	0.03768618428628473	-0.44204618426502373	2.18747629088698	0.6370685452103312	
5.327056003450022	2.1531662943885306	0.2094739882399113	-0.34050288228058084	1.8351303195746984	0.4701154089047358	
3.6774267697274845	1.598536737900778	0.2793710270773778	-0.22986118377227902	1.4432284939858806	0.3017501938494878	
2.173406867294068	1.0887140276526586	0.2503217086810562	-0.11058456865679496	1.018072502183896	0.13436684944156493	
0.8533915624043237	0.6433134083294607	0.13323324379045168	0.01498701769250496	0.5664872842975376	-0.030169632674150404	
-0.2543633793085289	0.2767510851994671	-0.0537635182770673	0.1426490702053544	0.09554383138809538	-0.19051672645479345	
-1.1312394578439222	-0.003161702734431565	-0.28787264410093194	0.2667855247765449	-0.3877585645198382	-0.34580664481948153	
-1.7669721438615837	-0.19517682441288509	-0.545265526843523	0.3811456146495413	-0.8767697727853334	-0.4955820382689887	
-2.158175537620451	-0.3033651456661288	-0.804539225023815	0.47972556761781654	-1.3653485597806303	-0.6397055953856691	
-2.307181403665559	-0.3353477771450375	-1.0490526752416436	0.5575534259889694	-1.847909037936162	-0.7782316906721131	
-2.221302631915567	-0.3006911551986678	-1.2678672234261499	0.6112632463134856	-2.319416809300656	-0.9112546264525684	
-1.912307050525827	-0.2098669757917296	-1.4555486958072807	0.6394311428274747	-2.7753833749403376	-1.038773836471909	
-1.3958809204135048	-0.07379252985144735	-1.6112430694477482	0.6426926313410272	-3.2118682335250157	-1.1606213252142985	
-0.6910064074224468	0.09632988330919903	-1.7373435590307365	0.623669241866547	-3.625488869280751	-1.2764802866799476	
0.18075705135334708	0.28923504412516166	-1.8379904425051123	0.5867191126810464	-4.013447654687242	-1.3859954781683979	
1.1960960070327162	0.49410218650815896	-1.917651331944252	0.5375171579259813	-4.373575824101332	-1.488943272492336	
2.330839628474685	0.7013429259031015	-1.9799531506438899	0.482487009505814	-4.704372456954905	-1.5854058941563076	
3.560870426760514	0.9034724220567629	-2.0267600947918996	0.4281287834763114	-5.005002748712136	-1.6758937084176473	
4.862996776735623	1.0957481897019348	-2.0574060724380043	0.380311903533806	-5.275225167178443	-1.7613784230405933	
6.215724646211043	1.2762538740990457	-2.0680501091298535	0.34361888499056975	-5.5152318170234365	-1.843225672332989	
7.59980641376569	1.4452571662421796	-2.0512237101410813	0.3208315316768787	-5.725405745493546	-1.923033737471931	
8.99841058505831	1.6039461897900733	-1.9956770405325015	0.312638144268955	-5.906020742094644	-2.0023928453473228	
10.39682552469418	1.7528998221061223	-1.8866162924410632	0.3176046363280846	-6.056925817949137	-2.0825831985935963	
11.781760849167958	1.8907173411778906	-1.7064134555212713	0.33240366205332705	-6.177259980431839	-2.1642370531222546	
13.140439830629763	2.0130863393562763	-1.4358581441383043	0.35225329657330323	-6.2652343883352675	-2.2470021365343227	
14.459703432060646	2.1123294431814763	-1.0559626261663855	0.3714943970016135	-6.318008098278445	-2.3292565922503488	
15.725284965251744	2.1773510833798335	-0.5502212950244695	0.38423605682847733	-6.331680748653298	-2.4079386011647137	
16.92135469478738	2.194004189413752	0.09288008940139038	0.3850114313754444	-6.301423502552844	-2.4785506237076738	
18.030437922499246	2.1460893207121092	0.8773464535983386	0.36940341532663973	-6.221763050742729	-2.5353706317269267	
19.0338231966085	2.017206324542284	1.797393163933957	0.3345956677328654	-6.087015934242204	-2.5718618204002137	
19.912503442696334	1.7934303888932328	2.8356185801145397	0.27978978399515114	-5.891849228524564	-2.5812396144057184	
20.648488728838853	1.4663924159093575	3.96181535755398	0.20642936964938904	-5.631905824227249	-2.557122337935082	
21.226276106291355	1.0363367497680605	5.132573529311546	0.11820364194429461	-5.304474420305859	-2.4942321782562074	
21.633978644842585	0.5142376567607133	6.291993109878339	0.02082460321430711	-4.909024750069862	-2.3889753520999326	
21.864555549402475	-0.0763881327255176	7.373640469774115	-0.07837869775967178	-4.447863083152079	-2.2401054059557826	
21.91596060464688	-0.7006004885052297	8.30448777812574	-0.1711058757630423	-3.92617084561284	-2.048822526752332	
