22.365839028865857	-3.098437502350883	9.237350379203937	-0.2699827362597784	-3.0320200811734432	-1.6535530769809863	
21.90294141130067	-3.4478701481727048	9.590413746520731	-0.21133016482016684	-2.368203509927589	-1.3727189303438343	
21.294626493232506	-3.611648816812945	9.58249509196451	-0.13929012556190914	-1.6909495749811956	-1.078860765180321	
20.568853967671348	-3.578487660624093	9.189343890731772	-0.055448111537762565	-1.0184902249749688	-0.7820887484426585	
19.7584684375042	-3.3534817967343433	8.414116349645102	0.038126616471877206	-0.36898466262197666	-0.4922881232675281	
18.900376327374367	-2.9593053182661393	7.294040571294564	0.1390134779241315	0.24065041050658031	-0.21840923350648422	
18.03255659532459	-2.4316390850017053	5.898292075570766	0.24460900987612982	0.7960982088906772	0.03218423261763515	
17.190852156132852	-1.8150097652240975	4.323760734543751	0.3520508224206698	1.2866361542736477	0.25406484049627504	
16.40493773498741	-1.1576351887936864	2.6853483106303355	0.4580879247308652	1.7057242891888011	0.4438563070337316	
15.694390241664808	-0.506338836375803	1.1029834578818989	0.559018921201545	2.05102490832282	0.6001143272939895	
15.06578552479239	0.09872329115939886	-0.3128467103454682	0.6508245928632791	2.323893426186786	0.7230362115881294	
14.512144045966703	0.6289400935946292	-1.4738496416441842	0.7294784786992905	2.528485172959676	0.8140690799942778	
14.015625056947778	1.0702534620203168	-2.3221409530912673	0.7913209780484852	2.670717394320174	0.8755122090384754	
13.552933919084799	1.4228339824041751	-2.8331341413252575	0.83340077470953	2.75734009365047	0.9102160002708396	
13.101793023910668	1.6974095046656694	-3.0140480210616434	0.8537605951542228	2.7952590384708125	0.9214161293097859	
12.646508842025563	1.9098293012691183	-2.899316651036457	0.851647542520334	2.791151148518036	0.9126630183107607	
12.181050201785265	2.075934017620244	-2.543884531838628	0.8275821285177096	2.7513332080334316	0.8877618844544103	
11.709017387234503	2.2081105953993054	-2.0152015737693696	0.7832142235787452	2.6817897694227693	0.8506475451205308	
11.241098183220998	2.313811777046323	-1.3849086201606373	0.7209798196759376	2.5882464624540735	0.8051671263764525	
10.791473587498125	2.3955987602191366	-0.7213358245082482	0.64370244807756	2.476201848224343	0.7548019349568709	
10.37457211894981	2.4521783611166885	-0.08363565599774538	0.5543363265320891	2.350890665950724	0.7023992833868183	
10.002773250255386	2.4801290788663977	0.48206431920208836	0.4559431484618936	2.217196648744584	0.6499946672016529	
9.685002665611837	2.4760118631575363	0.9444974206598976	0.35181091630117334	2.079536761934777	0.5987688122390136	
9.426064861520189	2.4384264190520146	1.2872639115614026	0.2455435165614969	1.9417358484699467	0.5491395531979553	
9.22664731878185	2.369535320831382	1.507295508080911	0.1410045760934808	1.806920143049677	0.5009603587842419	
9.083881057122625	2.2757270559720206	1.6122205447208722	0.04209566347810509	1.677462265962756	0.45378261604978287	
8.992238112421818	2.1673038247073277	1.6171916108999334	-0.04758197278045055	1.5549978886953624	0.4071308276476477	
8.944509423797093	2.0572654476622856	1.5417452674709542	-0.12510489640397754	1.4405110042178302	0.3607361664017505	
8.932666591700684	1.9594250988025514	1.4071119603631577	-0.18856113539481598	1.334464565340023	0.31468112015180044	
8.948519408244877	1.886261522372589	1.2341351050546814	-0.23726029975322271	1.2369458999859875	0.2694326357755941	
8.984190824153156	1.8470380385371152	1.0417705713135579	-0.27175641336635775	1.1478022115484598	0.22577491539899971	
9.032485834255452	1.8466097830429384	0.8460840312526502	-0.2936753303105344	1.0667520491236788	0.18468253746126634	
9.087196400891647	1.8850618933411303	0.6596785736235576	-0.30538821345852396	0.9934699955673137	0.14717706408944856	
9.143332981881898	1.958118424239796	0.49150781730929827	-0.3096034546943291	0.9276441229776456	0.11419794018460626	
9.197262182714294	2.058153022668365	0.34702008765130454	-0.30896311399059834	0.8690072190829072	0.08650406158587826	
9.246735000517925	2.1755812039592297	0.2285626706982306	-0.3057225579894054	0.817346355577807	0.06461099425289599	
9.290794863859965	2.3003788789298576	0.1359586877872359	-0.3015663459319229	0.7724983143270144	0.04876237152905216	
9.3295679470309	2.4234573079410375	0.06715630867925194	-0.297574908778711	0.7343383962441526	0.03893133520710006	
9.363968350490568	2.5376685481976495	0.018856765420893526	-0.29431583351638313	0.702767905287236	0.03484721150647584	
9.395375364820088	2.638309381983023	-0.012929870433146567	-0.29200620705771585	0.677702912169514	0.0360425945707778	
9.425340209224402	2.723125134414445	-0.03241142389751	-0.29068419845555815	0.6590646306862346	0.041912022931747485	
9.455349461184749	2.791902613304027	-0.04361358280058746	-0.29034586905752274	0.6467703720536847	0.05177235970470308	
9.486652185994599	2.845785131527925	-0.05005113339084097	-0.2910237567449192	0.6407239269577178	0.06491648330465118	
9.52015213647781	2.8864760560138287	-0.054473382679709484	-0.2928019641928927	0.6408042834915723	0.08065458131450066	
9.556369059941401	2.915495974428337	-0.058689561340150534	-0.2957794345082762	0.6468518209930426	0.09834068276071498	
9.59547506848697	2.9336247562429287	-0.0634848489344235	-0.3000052144343019	0.6586523367666886	0.11738507542943905	
9.63740153796253	2.940612390334156	-0.06863781020337065	-0.30541305509910416	0.675921469089723	0.13725566606319684	
9.681986097871498	2.9351961808153217	-0.07303877365333589	-0.31177706657072146	0.6982937585226705	0.15747313452114367	
9.729104474754358	2.915411501901597	-0.07489621902375754	-0.3187006660002519	0.7253203920189423	0.1776056284730059	
9.778738302179303	2.8791116116194853	-0.07200350460115643	-0.3256400679122397	0.7564769822329017	0.19726830593140804	
9.830967858439713	2.824571165807769	-0.062035270102185895	-0.3319562632770306	0.7911804658719466	0.21613035496107216	
9.885910173702023	2.751036952384659	-0.042843265283258505	-0.3369858221751843	0.8288129038940766	0.23392928368005872	
9.943634716289756	2.659103891919177	-0.01272296192339582	-0.3401180762380583	0.8687492649531253	0.25049029920339755	
10.004087128477433	2.5508418599768503	0.029373843780245476	-0.3408661578938235	0.9103867981295407	0.26574732052077704	
10.067047925862234	2.4296651752080125	0.0836982702548763	-0.33892270977620687	0.9531746442030601	0.27976175415655763	
10.132151247655075	2.300000582186339	0.14964038554202377	-0.3341964883213601	0.9966427521005642	0.29273576369309223	
10.198982084577413	2.1668533146526525	0.2257306447123934	-0.32683118867173316	1.0404285102740254	0.30501825939337235	
10.267252614268111	2.035384980392943	0.3096881577238992	-0.31721080722145373	1.0842978776463084	0.317102647788353	
10.337036298352535	1.910592516989041	0.3984878688543073	-0.30596011555210306	1.1281579658124938	0.32961635986787463	
10.409030030461704	1.7971142439783359	0.4884154349375502	-0.2939483801865408	1.1720597633754732	0.343302182204274	
10.484812632975974	1.699147894792998	0.5750912526462071	-0.282296386437855	1.2161910768249335	0.3589910696095525	
10.567067685007661	1.6204556632494471	0.6534636519505636	-0.2723783139026616	1.2608616165844924	0.377567056171347	
10.659740760617472	1.5644303721489428	0.7177888572566262	-0.26580584743573166	1.306483792321078	0.39992623404201516	
10.768106343318212	1.5341884580971505	0.7616271200746292	-0.2643832510028512	1.353553775715835	0.4269329347491985	
10.898725840507751	1.5326420490287593	0.777891892983591	-0.2700263887388754	1.4026372117633752	0.4593765028361165	
11.059281446885361	1.5625015885082214	0.7589938365033991	-0.2846427716956935	1.4543623476758771	0.49793097983012324	
11.258267625160505	1.6261861299249039	0.6971230116987668	-0.3099742914663452	1.5094201755655976	0.5431187649358168	
11.504534597760765	1.725662071041095	0.5846972596578264	-0.34741193662564346	1.5685677561865288	0.5952776306257304	
11.806688821182684	1.8622571468214535	0.41498641416240467	-0.3977971189758971	1.6326287225222487	0.6545287006266048	
12.172354891611556	2.0364822853734412	0.1828989364244	-0.4612304883748787	1.7024842603794432	0.720743335297299	
12.60730166753031	2.2478576799060486	-0.1141147792089497	-0.53691294899201	1.7790481769052768	0.7935077690413367	
13.114442031845519	2.494725060031891	-0.47512229264450784	-0.6230425100065742	1.863219969124753	0.8720862213089373	
13.692744926420245	2.774057778599433	-0.894844513667423	-0.7167852607697124	1.9558104585605416	0.9553857615419176	
14.336144973402545	3.081334652781883	-1.3630014182155867	-0.8143324653046421	2.0574366735396543	1.0419286176408455	
15.032573239231773	3.410571315408913	-1.8640027648988167	-0.9110525971753316	2.1683862734480135	1.1298385526555514	
15.763276270701112	3.7545617317554987	-2.3771218530774965	-1.0017505842365206	2.288457929623817	1.2168488375093895	
16.502591948733283	4.105262010456552	-2.8772634055384887	-1.0810383733070612	2.41679058190702	1.3003379544937734	
17.218295334751367	4.454163151334627	-3.3363844146888724	-1.1438019559788464	2.5516962965775356	1.3773971994326246	
17.872595755560233	4.792530238070753	-3.725561920840612	-1.1857264427976824	2.690515698233191	1.444934311661368	
18.423803768507746	5.11147019328571	-4.017567235604431	-1.2038155436844833	2.8295168292878126	1.4998139995393267	
18.828639748441326	5.40187663696769	-4.189673787991161	-1.1968236650287163	2.9638603124817067	1.5390319260476546	
19.0450993251243	5.65436058872007	-4.226320992556843	-1.1655088224920833	3.0876578075976844	1.5599123238254007	
19.035685621597615	5.8592856853659665	-4.121200340657805	-1.1126210805785384	3.1941537162796214	1.560309914745648	
18.770682152743447	6.006965804209766	-3.878370217034978	-1.0425766165047927	3.2760517653518137	1.5387867793349184	
18.23102872447042	6.087984300171127	-3.5121601039218575	-0.9608311750666433	3.325976998042647	1.4947284978818853	
17.41041590914649	6.093590881571535	-3.045941747662492	-0.8730610196179667	3.3370069503918174	1.4283762338060213	
16.316454595281893	6.016256473335035	-2.510079885433361	-0.7843230587664046	3.303179246933469	1.3407826130150702	
14.970858497776058	5.850489229620744	-1.9392974852126033	-0.6983698418057128	3.219900401993067	1.2337157211094838	
13.408664697612965	5.593851574639727	-1.369674350830736	-0.6172552673742306	3.0842155990945055	1.1095394105836531	
11.676612227316545	5.247940720508644	-0.8356138941592601	-0.5412847583792734	2.894931627098352	0.9710891553616758	
9.830826632760486	4.819071386999006	-0.3672424962892347	-0.4692759209791721	2.652605383079283	0.8215460724541171	
7.933869104211642	4.318526870565434	0.011356761915948525	-0.3990377825171072	2.3594234846554594	0.6642934276663184	
6.051090168663148	3.7623724954060678	0.283023777310926	-0.32796553971346065	2.0190117152075677	0.5027299188507182	
4.246321511244165	3.1707961246243053	0.43792663043914404	-0.253671160500989	1.6362191788482796	0.3400291369691977	
2.5774590663561066	2.566829424444391	0.474083428779012	-0.17458368299254784	1.2169146857630069	0.1788863368413791	
1.0928525815017678	1.9743488988700622	0.39807823660161185	-0.09043441631193877	0.7677988645879372	0.02133017621634541	
-0.1708250493655883	1.4155726519617213	0.225187268484026	-0.002498938165066325	0.29618130699791373	-0.1313482462396638	
-1.1890891834029742	0.908715828693919	-0.022000788073409234	0.0865111481788213	-0.19033028327234278	-0.2785570826068717	
-1.9488111263659968	0.46659877584958154	-0.31663981385169115	0.1728954066308939	-0.684217080146394	-0.42029904791213196	
-2.446540100853807	0.09665313797674398	-0.6315781622921705	0.25260214736989905	-1.1784272572293637	-0.5570330119006773	
-2.6865500576805994	-0.19785236911879095	-0.9430058016903212	0.32184922922528764	-1.6666527913424682	-0.6895064186001872	
-2.679069050595082	-0.4160547799171059	-1.2328905154005998	0.3775748384865919	-2.1434774371645515	-0.8185543243393514	
-2.438826676989566	-0.5580303651833721	-1.4899093162983719	0.4176710271727784	-2.604423830085075	-0.9448799792536472	
-1.983841924730517	-0.6241962133289987	-1.709089034812714	0.44103600363893103	-3.045922098532105	-1.068859522859042	
-1.3344284311504924	-0.6156523870105813	-1.8906095344789902	0.4475258790677346	-3.465215015995441	-1.1904180701586946	
-0.5124308223593204	-0.5350966345304964	-2.038151813691772	0.43787697165073813	-3.8602274102702325	-1.309009729296324	
0.4593422891799231	-0.38777216385249413	-2.1571357442684955	0.41363495826216695	-4.229441980664466	-1.4237098364830372	
1.5575977301548263	-0.18200304581247725	-2.2531525247466506	0.37708382242431066	-4.571809563601653	-1.5333997008034503	
2.759058772291864	0.070880025861461	-2.330765741741056	0.3311398415621473	-4.886688904497906	-1.637001261571841	
4.041019946631069	0.357166413998784	-2.392655956313559	0.27917742488803243	-5.173785313867015	-1.733708605505863	
5.381906795840755	0.6617200579733961	-2.4389502619175203	0.22477906806030776	-5.433056494745085	-1.8231680137980626	
6.761762823581801	0.9689756861550713	-2.46662461919684	0.17143319838636117	-5.664571329685151	-1.9055717367605656	
8.162578583720853	1.2637282625224628	-2.4690325793605865	0.12223095211823543	-5.8683280178770785	-1.9816446593495458	
9.568382575029212	1.531628496078871	-2.4356945793378695	0.07961574249111043	-6.04405078552665	-2.0525202742264566	
10.965031841286143	1.7594633782598321	-2.3524924956501607	0.04522016839423938	-6.190989236903964	-2.119510771543319	
12.339718843111424	1.9353429988701334	-2.2023638457529966	0.019799043607459092	-6.307745280478586	-2.1837900331431146	
13.680303481146405	2.0488506924289744	-1.9665125780828303	0.0032477953850059073	-6.39214742152425	-2.2460264330063224	
14.974618977411843	2.091133562537491	-1.626069437802236	-0.005307673631078226	-6.441186540874696	-2.3060186743834667	
16.209871077373162	2.054913023265375	-1.1640684344468863	-0.007354322230453714	-6.451026273070983	-2.3623970100050546	
17.372197831158807	1.9345042969749136	-0.5675833899721218	-0.004766212476950035	-6.417105192265259	-2.4124507831536777	
18.446453909626584	1.7260664271251824	0.17011214186317236	0.0004830046246606341	-6.334353077344474	-2.45213329441168	
19.416334823107555	1.4283028122116719	1.047509767801109	0.0066303307865224715	-6.19753531121778	-2.47627394799655	
20.26495065719269	1.0436526143358908	2.053061010396204	0.0123929428029135	-6.001717795940537	-2.478988371430412	
20.975818188819012	0.5797148962824191	3.1637811102863536	0.017140023695284366	-5.742806727751025	-2.454239527900549	
21.534176334842414	0.05056018379014617	4.344386937034414	0.02094827368187356	-5.418162682419434	-2.3965342820310003	
21.928088936479487	-0.5226996251962983	5.547481403725839	0.024547055742958873	-5.027079795621864	-2.3015464881594245	
22.149808940380723	-1.1117320420112016	6.714348448020463	0.029228684973791663	-4.571490291521819	-2.166939253649644	
22.19580654521885	-1.682618770806348	7.778202590397377	0.036671464030442	-4.055917840269429	-1.9925016899248504	
