22.502524228076485	-2.054880804550144	8.41277148930907	0.5882408569414216	-3.350759404242347	-1.973154444446526	
22.156991268761104	-2.199186414652309	9.078811862306859	0.5853904737891283	-2.717226819927071	-1.6994347922936908	
21.639304736373813	-2.2246468133797674	9.399383658420462	0.5651889154119752	-2.05584466950776	-1.3964967632056187	
20.97613410086174	-2.1237216346367855	9.327899107677485	0.5311445916394502	-1.3841208536028826	-1.0759452844482227	
20.198549796613587	-1.900098288403844	8.845830719981075	0.4873713538434448	-0.7206921713675155	-0.7502488686507511	
19.341002722902005	-1.5705639193572467	7.970382488703004	0.4383929300683349	-0.08423114153799847	-0.43180725359740496	
18.43916562054167	-1.1624882112912225	6.7560302543505	0.3889521784295191	0.5080828230821162	-0.13187782859330482	
17.527592005338246	-0.7092854259403809	5.29283848965498	0.3438321751037466	1.0419111317475263	0.1401367705504954	
16.636720846178658	-0.24509310099390788	3.6989057189621155	0.30745381302869085	1.5068349333355553	0.3771464000403566	
15.78971453019632	0.19971459454386198	2.107533394879931	0.2833253989227883	1.8968470236758077	0.5745366534396193	
14.999826884910672	0.6022427698111165	0.650090397808711	0.27350210027056393	2.210179989287052	0.7301097795723874	
14.269562989695764	0.9500063010052276	-0.5621916564088754	0.2782069152760723	2.4485679274937615	0.8438564464324079	
13.592728571574051	1.2418945219687332	-1.4530465349665076	0.2956890675980685	2.6162238676115845	0.9176421899140768	
12.959222571396678	1.485640507362549	-1.9888633686581079	0.32238567137188445	2.7188696884762753	0.954891761981117	
12.360675323780086	1.6921516906232459	-2.1780430993031232	0.35343206404233385	2.763061482099463	0.9602899276355783	
11.794339475514075	1.8695304887639521	-2.063574432447905	0.3834196734902128	2.7558551703861998	0.9394263157936068	
11.263802558614007	2.019870558822595	-1.7120127227405795	0.4071379631239852	2.7046836627109894	0.8983146841575795	
10.777063184283907	2.1396400628343417	-1.2019409770843765	0.42010454586940804	2.6172759502549523	0.8428302132523147	
10.34354310877419	2.222314379694861	-0.6136125414955709	0.4189184743790627	2.501521853087688	0.7782000316853349	
9.971374962171268	2.26153375852931	-0.020350843013831024	0.40157920803270497	2.365269120433722	0.7086682684893963	
9.665572409570606	2.253758515159433	0.5179700478115212	0.3678082027519783	2.216070603977976	0.6373802431307081	
9.42716277198078	2.200043366729958	0.9588882822987506	0.31924468842037307	2.0608973613288284	0.5664629752983741	
9.25318504262565	2.106811330057058	1.278448738632444	0.25934200188823264	1.9058420743469648	0.49724201155608333	
9.137400450426348	1.9855943879353266	1.4696904004661109	0.19289827214973432	1.7558642593286193	0.4305213250047052	
9.07144914301202	1.851814276975382	1.5393531218198362	0.12530944191668503	1.6146424190387367	0.36685822220911257	
9.046079423833309	1.7227970556389138	1.5038286506847336	0.061723003933152366	1.4845719695033375	0.3067803399107803	
9.052118884403605	1.6153132359406197	1.385195166941755	0.006280852562601493	1.3668972912804267	0.2509074462009675	
9.081032694700262	1.5430593589906347	1.2078286534261253	-0.03839037482150381	1.2619298977997222	0.19996208881712213	
9.125106979816525	1.5146464503981585	0.9957873362748799	-0.07134183885413364	1.1692974444633955	0.15468762285425222	
9.177437799888938	1.532610794049384	0.7709601282238084	-0.09312015049742646	1.0881773122378084	0.11572361130061525	
9.231926410695316	1.5936268054518155	0.5518540504021472	-0.10534078950588176	1.0174888201318217	0.08349219712194184	
9.283380329292342	1.6897333495350724	0.3529008175845121	-0.11016328826979804	0.956037832543266	0.05812985731368165	
9.327708420348802	1.8101628107958643	0.18420078392777622	-0.10980856249953257	0.9026187738655529	0.03947505652761705	
9.362144508601872	1.943293033207402	0.05163273018058695	-0.10621816473906089	0.8560838235400934	0.02710355194862534	
9.385418781180919	2.0782835295023614	-0.04275087945042997	-0.10089634702832974	0.8153903428586726	0.020392801496077237	
9.39779685602913	2.206118231404632	-0.10012801838918771	-0.09491321000633367	0.7796355558938914	0.01859557433261904	
9.400935763329395	2.3200301074385035	-0.12419263604792947	-0.0890018813816529	0.748082130321384	0.02090812895591403	
9.397566748372963	2.415499402595425	-0.1203997572509051	-0.08367417909275332	0.7201731153562372	0.026525715588867245	
9.391071109711282	2.4900657276216895	-0.09523786995240245	-0.0793069766198316	0.6955338481246477	0.034683982414279495	
9.385033636836038	2.543084941299111	-0.05557044112366902	-0.07619075566743268	0.6739612421732405	0.044687984842407796	
9.382843743585926	2.5754350235338346	-0.008059127950129993	-0.0745546052990162	0.6554028354964951	0.055931163454984584	
9.387390027548095	2.589142342621456	0.04132232395014156	-0.074580857897338	0.639927383043437	0.0679054334534373	
9.400867187448982	2.5869467031965443	0.08766004701079887	-0.07641209200726162	0.627688619081156	0.08020254745837366	
9.42469513938792	2.5718599927613743	0.1273363567854735	-0.08014917198436786	0.6188845759512289	0.09250708691337152	
9.459538613346306	2.5467706189437243	0.15812790671328542	-0.08584225744454925	0.6137164262199479	0.10458274773024162	
9.505398506564266	2.514121693128762	0.17917426144878232	-0.09348049011323975	0.6123517752429273	0.11625487766180419	
9.561734326746741	2.475682193409017	0.19082694475995077	-0.10298534676414485	0.6148967481102335	0.1273928709251298	
9.627587038588386	2.432445867352996	0.19440084292536622	-0.11420840707761215	0.6213795202483106	0.13789618662890885	
9.701692362114319	2.384699000396844	0.19187045954240756	-0.1269314516667979	0.6317461780962615	0.14768751588361145	
9.782582300636395	2.332262441997778	0.18555961738575333	-0.14086801168110946	0.645868329485117	0.15671565417475453	
9.86866766551867	2.2748476667854773	0.17785737358713277	-0.15566813631673124	0.6635605394995653	0.16496863734679537	
9.958295760491291	2.212419949707886	0.1709772787052141	-0.17092838719346756	0.6846048446967875	0.17249497626853807	
10.049787248654715	2.1454672032703375	0.16677875661362374	-0.18620709027436122	0.708779847285087	0.17942837537551243	
10.141461225193385	2.075116521515881	0.1666716941085763	-0.2010438212516793	0.7358920648556566	0.1860101438533215	
10.231662220426607	2.003091557461936	0.1716076247121113	-0.21498289769019277	0.7658054992255733	0.1926039764276651	
10.318813075147423	1.9315513116735372	0.1821345231024887	-0.22760124596793446	0.7984638024450469	0.1996997926608202	
10.40151249555473	1.8628842705748818	0.1984800117471676	-0.23854045592911816	0.8339002630626677	0.20790523462956284	
10.478673807290699	1.7995386689980684	0.22062424349423337	-0.24754345619157284	0.8722330443005829	0.21792506170173465	
10.549693460096071	1.7439361863156202	0.2483229768027227	-0.2544979120723361	0.9136449779267019	0.23052991501000955	
10.61464999194003	1.6984656747824174	0.2810505929626613	-0.2594866495337227	0.95834921581815	0.24651688041909314	
10.674537242741275	1.6655220011501428	0.317855788062353	-0.26283992830184066	1.006544995002631	0.26666493097454996	
10.731514686652758	1.6475486365072736	0.3571465858984183	-0.2651799324565649	1.0583708928204372	0.2916888451233765	
10.789130265464866	1.647047806294741	0.3964364405817908	-0.2674463699921187	1.113864713743746	0.3221960335576196	
10.85245791706873	1.6665352122303294	0.43209691422078744	-0.2708917414833646	1.172938927464134	0.3586516553893864	
10.928095223898946	1.7084389551752348	0.4591804310571456	-0.2770358398038762	1.2353785866177804	0.4013569945032263	
11.023980887701793	1.7749656871461374	0.47138663635851846	-0.2875735172483474	1.3008650790401093	0.45044298195906174	
11.149013435420386	1.8679727904226973	0.46123919274655495	-0.3042371293635615	1.3690244403341782	0.5058761972994837	
11.312481671433122	1.9888742994999804	0.4205101190364857	-0.3286251174197276	1.4394939816756078	0.5674708856717209	
11.523336216053634	2.1385598190411876	0.3408889467298962	-0.3620169387665981	1.5119973580750876	0.6348996882562717	
11.789338750551336	2.317272160645276	0.21486467117779015	-0.4051975752376253	1.5864157242344334	0.7076975597678288	
12.116138767685454	2.5244239845602268	0.03676594188924527	-0.4583108338585095	1.6628413202524084	0.785255956131639	
12.506348905858404	2.7584071012679416	-0.19612418076735766	-0.5207545151141454	1.7416004439467616	0.8668071145365039	
12.958701208375683	3.016472915651621	-0.4825008069493092	-0.591128492845322	1.8232353410552	0.9514003259480517	
13.46735602765783	3.294695061267607	-0.816173598081272	-0.6672491072965232	1.908438789240745	1.0378734138349999	
14.02142118391051	3.5879210935276906	-1.185581569661388	-0.7462436111499533	1.9979404560858582	1.1248238574941969	
14.604742615807176	3.8895861315304723	-1.5738536135265444	-0.8247299719756391	2.0923497272580756	1.2105857519700434	
15.196036692757103	4.191353909849025	-1.9595402638019348	-0.8990708573528244	2.1919650838041855	1.2932207508097568	
15.769417463634927	4.482718934655886	-2.3180606629850837	-0.9656748547787846	2.2965648965379875	1.370532179987262	
16.295327757223525	4.750834505486442	-2.6237949437754917	-1.0213107386297418	2.405198298835508	1.4401107785463703	
16.74183875415534	4.980852463688406	-2.8526198603659374	-1.063398839223062	2.515999713961444	1.4994176022741832	
17.07624294915692	5.156960694153707	-2.9845742320581206	-1.0902450297196973	2.6260536593418955	1.54590278249878	
17.266858567827985	5.2641183944684595	-3.006295178740471	-1.101187444265024	2.7313418417931694	1.5771501163624833	
17.28494623007275	5.290191320256424	-2.9128393417551557	-1.0966325122200167	2.8268105049420007	1.5910287926783884	
17.106587719612378	5.227860945817655	-2.708515883261289	-1.0779600139647771	2.906589901031319	1.585828473429862	
16.71434974746259	5.075600853099792	-2.4064981786201285	-1.047278531937962	2.964366431621543	1.5603554574484348	
16.09864543650013	4.8373832356540865	-2.027272409774415	-1.0070348610457456	2.993857194560626	1.5139784586419258	
15.258859159533305	4.521406223618882	-1.5962831397489576	-0.9595356747194811	2.989297855451187	1.4466306319691515	
14.20431448759625	4.1385343338587015	-1.1412746466109869	-0.9064976779777745	2.945856752274809	1.3587897754518687	
12.954962694050664	3.701036502655919	-0.6897773326442718	-0.8487506202503529	2.859925962724986	1.2514602139560602	
11.541457471986849	3.2218154533305263	-0.26706170398470486	-0.786156932036452	2.729280697499501	1.1261666698184132	
10.004305509484158	2.714083383153939	0.10523949046211542	-0.7177287171924622	2.553118731732705	0.9849511214790471	
8.391981558609567	2.1914351368110556	0.4097727057875857	-0.641884877075976	2.3319991033170355	0.8303462360317487	
6.758055336415645	1.6682196792600514	0.6335030486005758	-0.556807252480943	2.0677114563764265	0.6652899234867433	
5.157507732927689	1.159899730493374	0.7675827960712092	-0.4608792394811381	1.7631210112683382	0.49296037019888506	
3.6426640231018075	0.6829210492684782	0.8076317174701966	-0.35318935310770266	1.4220225483290443	0.3165554908202403	
2.259493434437334	0.2537293554733897	0.7546933208275951	-0.23403935291720798	1.0490099999187943	0.1390870246033314	
1.0449989448240322	-0.11295602424821341	0.6163712822606138	-0.1053336817306687	0.6493346989845638	-0.03674733284768027	
0.026041480098336015	-0.4059572613649583	0.4071041932697997	0.029295252846593064	0.2287029408736928	-0.20861126143495273	
-0.7804387221246322	-0.6187352646906648	0.1468085907029135	0.1647053514742316	-0.20700723310943572	-0.37454416342413444	
-1.366121661479022	-0.7493624229552898	-0.14197040387748228	0.29476133207366917	-0.6520525150233383	-0.5329811538779254	
-1.7294984682221997	-0.7995813830369094	-0.43746753674350625	0.4130074848324329	-1.1010530220679413	-0.6827732415226795	
-1.8741925439291163	-0.7735324374235727	-0.7215887709466361	0.513342959392622	-1.549092897856529	-0.8231792712686723	
-1.8077432934436057	-0.676709650165856	-0.9816323945438568	0.5905982767554058	-1.9917279341123184	-0.9538179786249704	
-1.5407569414636804	-0.5154578767534782	-1.2107423132244375	0.6409729477026748	-2.424957818956184	-1.0745970164098086	
-1.086196234846205	-0.2970437961716292	-1.4073192118516942	0.6623322722646761	-2.8451855390306005	-1.1856475260595187	
-0.45874673131269295	-0.030114343652452195	-1.573685187636188	0.6543753912096051	-3.249166122079089	-1.2872877561966805	
0.3256720031706843	0.2747549582508031	-1.7143189110346024	0.6186815025433602	-3.633960360467201	-1.3800284900793076	
1.2502471680826772	0.6047177988236958	-1.8340390223355312	0.5586254113971401	-3.9969189226272746	-1.4646202091240885	
2.2975646900855042	0.9447328125058091	-1.936501619882131	0.47915221633596217	-4.335705987848278	-1.5421249851304795	
3.449927802847806	1.2781280439166343	-2.0231962621921573	0.3864153044254919	-4.6483430138590025	-1.6139784184202874	
4.6896592834922135	1.5875683126845948	-2.092889792819962	0.2873035357405447	-4.933237031179379	-1.6820000595237212	
5.99926773338989	1.8562372050012748	-2.141339758462788	0.18890337018092263	-5.189161578020306	-1.7483220645458968	
7.3613858020681935	2.069049407973344	-2.1611318496098	0.0979543096312836	-5.415174383294331	-1.815228289169742	
8.75848018581026	2.2137941700715706	-2.1416360298282937	0.02035769089285468	-5.610474808289586	-1.88491347433219	
10.172430686032627	2.282176839320996	-2.0692328510976727	-0.03921283329601065	-5.774219747181179	-1.9591767434557554	
11.584144580828422	2.2706822443233072	-1.928031102615475	-0.0775732564656899	-5.90532367643103	-2.03906508398282	
12.973379393949239	2.1810498811760386	-1.7011924817808857	-0.09316156118475237	-6.002264936894824	-2.1244961807459934	
14.318866035492729	2.0200638715874715	-1.3727181476001837	-0.0860488738791233	-6.062916819839617	-2.2139204414697677	
15.598695981615919	1.798504307637903	-0.9293352458807401	-0.057836986844672554	-6.084429467016962	-2.304105560278381	
16.790887695309653	1.5294283740109846	-0.3621739675843422	-0.011440455591588471	-6.063203242603233	-2.390123883819166	
17.874113247742553	1.226245554409344	0.3318330301863838	0.04924345008590363	-5.994996437277898	-2.46559082199372	
18.828628222233977	0.9011409097649292	1.148712191746942	0.11974250624114312	-5.875186341729674	-2.5231498721940353	
19.637389254404358	0.5642463270736537	2.0762484608185967	0.19542886740502632	-5.699174444278284	-2.555152549353519	
20.287154172795553	0.22365760736555898	3.0928525436223238	0.2718756255822749	-5.462891043973112	-2.5544320118083337	
20.769300193379653	-0.11385483968969672	4.166570632827662	0.3451277133684409	-5.1633915786303435	-2.51509270181808	
21.080023521889384	-0.4418346991319293	5.254696574405523	0.4118684650603007	-4.799399801307583	-2.433126012731611	
21.22027026799502	-0.7530152382265451	6.303862523692702	0.46961580384438406	-4.371999583925209	-2.3070083399732764	
21.19496267226016	-1.038709454296827	7.252201843186408	0.5167790680281473	-3.8848500177149887	-2.13773927231019	
