21.77184753100485	-1.3683590302529052	9.062896326005346	-0.2551962419526136	-3.2958053204438	-1.7957041748040117	
21.468501908383242	-1.908809613516314	9.444345702501591	-0.3079626636307919	-2.6785845491853366	-1.5319412814042237	
21.018404426645404	-2.3311913143861975	9.47288617346857	-0.33196919566049427	-2.03660775022856	-1.246411752824762	
20.444417096317327	-2.5956374030260734	9.118087887991681	-0.3245037847941575	-1.3863749213270484	-0.949762834496208	
19.7738897078187	-2.678431707987697	8.376644696215774	-0.2856033666160178	-0.7452811868668557	-0.6530739752824007	
19.037770705133518	-2.5768786285289083	7.278949653756554	-0.2179718130879729	-0.13059575438125623	-0.36695940359286267	
18.26832583329881	-2.3084220259129844	5.8891350273072085	-0.1261762830148181	0.44196631517228513	-0.10059864657128996	
17.49661863164762	-1.9068880870996177	4.302174621463002	-0.01603783753104063	0.9594631487735543	0.1388485143298108	
16.749201611379743	-1.4162917887780313	2.6351589606690737	0.10588805716002432	1.4126656775613582	0.3465247526386914	
16.044532674865824	-0.8837983475270275	1.0139946004264118	0.23267806357857304	1.796435512884887	0.5198324352272202	
15.390006308407022	-0.3524229347600404	-0.4426773041022805	0.35741591456617333	2.1094932979385255	0.6581600972057373	
14.781179329486973	0.14551550158925333	-1.6386261989941595	0.47360269917534725	2.3536839388566966	0.762474874105972	
14.20439958765868	0.5923466095523808	-2.5105127669235956	0.5755280867228179	2.533004071075405	0.8349046137749139	
13.642469283203058	0.9845731135964793	-3.031842258844123	0.6585409103754378	2.6526878943522387	0.8784177343539618	
13.081257057403656	1.3280995997046727	-3.2110409256697983	0.7192555243182618	2.7185516076984984	0.8966254517757616	
12.514715153177828	1.6317426098993302	-3.0856243655010336	0.7557246134992638	2.7366469663984416	0.8936323483155156	
11.946697664142201	1.9019638950446174	-2.714241573359213	0.767498058884144	2.713152818107643	0.8738427392875205	
11.389445498222955	2.1402097642231035	-2.1678331757434064	0.7554562779611484	2.654375860936457	0.8416850194770844	
10.859943564137552	2.342669824708132	-1.520985858908342	0.7214424749321071	2.5667390039551194	0.8012781408806925	
10.375876654867945	2.5016840895922297	-0.8443743874145335	0.6678815765288636	2.4566954985105767	0.7561029272377289	
9.9524262253035	2.608163194655507	-0.19882831769818077	0.5975847969647838	2.330572957116706	0.7087547730717468	
9.600275781600946	2.65451605693328	0.3687132761702427	0.5137809929609592	2.194378992499212	0.6608413333150293	
9.324659744040188	2.6374528791811827	0.82718775604928	0.4202390266503342	2.0535939953932347	0.6130510178344026	
9.125253879118338	2.5599529403979893	1.1613012407804482	0.3212958200148736	1.9129724075706929	0.5653722980655007	
8.99680561727372	2.431913500425414	1.3696351042023087	0.2216857155450593	1.7763850453007521	0.5174114183249862	
8.930347960861996	2.26935971155951	1.4616175056162926	0.1261754955700543	1.6467389624773983	0.46874164610372504	
8.914690640489031	2.0923703673313088	1.45410495983269	0.03908076388531353	1.5259923046605752	0.41920773743701856	
8.937831346793535	1.9221339326680082	1.3681813636335722	-0.03622295278683057	1.4152489009900704	0.3691121187879341	
8.988059418369737	1.7777621204515304	1.226460255394111	-0.09767055899914424	1.3149029564678394	0.31924348461160357	
9.054698225310808	1.6735747984426068	1.0509426941859585	-0.1446593555097941	1.224805206414652	0.27076244005923533	
9.128558083970153	1.6174172509560212	0.8614012510974	-0.1779435330145776	1.1444293793053395	0.2250018095235668	
9.202196090406627	1.610256580257431	0.6742743990989886	-0.19930467453787745	1.07302482605433	0.18325045763727227	
9.270038308486589	1.6469878851435258	0.5020677762846605	-0.21109026393519076	1.0097447304736733	0.1465742946958082	
9.32838787840402	1.7181468448434654	0.3532275844984011	-0.21574084048103412	0.9537425612492537	0.11570288103953863	
9.375339080978302	1.8120801345881294	0.2324012162611442	-0.21541773455073573	0.9042358990735079	0.09098684018446108	
9.410607532296023	1.9170784938916925	0.1409674176019698	-0.21180009319928148	0.8605442022464467	0.07241518768363112	
9.435267318182143	2.0230635903800125	0.07771556675961386	-0.20605947010964634	0.8221093577189799	0.0596738970613219	
9.451396514670668	2.1226170292876048	0.03957498913847332	-0.19896834236718153	0.7885037393298069	0.052226684037872353	
9.461673737122693	2.2113460410808012	0.02231351713982894	-0.19107184192943422	0.7594266254432044	0.04940185633255674	
9.468985537491532	2.2876992047743516	0.02114582859249507	-0.18285456420126722	0.7346905357042327	0.05047329476331202	
9.476089002771666	2.352368682695984	0.03122505123927155	-0.17485421976702664	0.7142006011377531	0.054727950347057866	
9.48535673311163	2.407437544069571	0.04802066377878623	-0.1676988315396707	0.6979306524810432	0.061515009110246925	
9.49861865342569	2.455452676382185	0.06760541132913953	-0.16207213263856313	0.6858991430972169	0.07027439675323346	
9.517107655331888	2.4985947328921445	0.08687055737137703	-0.15863322396434243	0.678146209268983	0.08054546426868547	
9.54150810716726	2.538076057911139	0.10366554637526033	-0.15792332168163115	0.6747113397962557	0.09196026056872235	
9.572087439762495	2.573844875549268	0.11684057058348794	-0.16028679034418464	0.6756115970137876	0.10422804790218404	
9.608863653356714	2.604614175511766	0.12618026901517526	-0.16582392086639072	0.6808228465466263	0.11711763791304582	
9.651749207148937	2.6281638095431648	0.13224345752050456	-0.17438313840738184	0.6902675907880056	0.13044267179793606	
9.700631281173258	2.641806835672787	0.13614210288459705	-0.18558948791874025	0.7038112264166425	0.14405333767015835	
9.755380192695862	2.64289680326846	0.13930342223846043	-0.19889667907605402	0.7212663308462398	0.15783590672663464	
9.815797420974738	2.62927578026754	0.1432661828387265	-0.2136465344864264	0.742403097960535	0.17171884332444484	
9.881526369705094	2.599599088160941	0.14954357953984826	-0.22912453417050155	0.766963737513841	0.18568223235239434	
9.951959412880402	2.5535068082693604	0.15955091421825685	-0.24460641817417444	0.7946793419865127	0.19976691165112423	
10.026176165772243	2.4916495959731932	0.1745691148261499	-0.259395923072327	0.8252884092447544	0.21408081288454314	
10.102940657699763	2.4156047856035308	0.19570697831520364	-0.272857608790589	0.8585559003415496	0.22880193818689845	
10.18077853024844	2.327727117811499	0.22383314127400356	-0.2844512427758758	0.8942911086283011	0.24417909393469137	
10.2581488875979	2.2309718605419397	0.2594615455004093	-0.2937740391675553	0.9323627217721445	0.2605320694140432	
10.333710828361227	2.1287218883500687	0.3025849342776698	-0.3006129783102582	0.972709850123762	0.2782521526711962	
10.406664411599733	2.024649943394509	0.35246400255966337	-0.30500323906146093	1.0153476057498452	0.29780218290534316	
10.477134077032751	1.9226395760064676	0.4073980333971021	-0.3072846032563075	1.0603656871756775	0.3197136657338747	
10.546558808664539	1.8267633982257365	0.4645158485522166	-0.30814558035775563	1.107919661798033	0.3445777327282985	
10.618040596680736	1.7412994557736066	0.5196238752968252	-0.30864228803533234	1.1582172224662333	0.3730274896610038	
10.696588711911708	1.6707735221437665	0.5671383414999519	-0.3101794915952504	1.211503807250709	0.4057112653606861	
10.789193146244818	1.6200147607231734	0.6001303877830919	-0.3144466100954176	1.2680520905272996	0.4432585278249404	
10.90467927731055	1.5941888182403563	0.6105118764971528	-0.3233108037000431	1.3281586767506537	0.48624205782457963	
11.053322199432289	1.5987559002082752	0.5893827135234997	-0.33867538181698387	1.3921491899490606	0.535139834252599	
11.24622385212488	1.6393148130179431	0.527552595811391	-0.3623132163385977	1.4603901438020255	0.590298072549873	
11.494478317858773	1.7213243454296485	0.41624076896007445	-0.39568502050985177	1.5333028523776149	0.6518944536718024	
11.808168332236564	1.8497122802784154	0.2479388996954895	-0.43975463354968075	1.6113720802710556	0.7198993675038603	
12.195247224388684	2.02837871617037	0.017391923293689382	-0.4948174138928111	1.69514129512364	0.7940336987620501	
12.660368414151765	2.2595954768175983	-0.27738083428496824	-0.5603597419790597	1.785187743834682	0.8737240306103715	
13.203731672090715	2.543334275930423	-0.634123178100642	-0.6349648949863834	1.8820729964295735	0.9580589843086073	
13.820038299756245	2.8766386234273815	-1.0455565424452242	-0.7162790948123556	1.9862664583885061	1.04575318127238	
14.497661062639173	3.2532082292139894	-1.498886865471956	-0.8010521922500801	2.0980403017429214	1.1351250857135153	
15.21814791480894	3.663321138824736	-1.9757275851603295	-0.8852744621643647	2.2173357285612867	1.2240945551739542	
15.95617520265939	4.094099692447637	-2.4525808171009458	-0.9644310141373895	2.3436048529292215	1.310206647164743	
16.680032264718218	4.530022490081415	-2.902001545582687	-1.0338767605593777	2.475638293326359	1.3906886688883606	
17.352681191666733	4.953574257156098	-3.2944920836275213	-1.089304206990999	2.611394064700445	1.462546209094093	
17.933404904772487	5.345993648400559	-3.6010420480922596	-1.127247653589204	2.7478482665047586	1.5227005527949473	
18.38002711710736	5.688158138059948	-3.7960831533930746	-1.1455491478794686	2.8808932684722266	1.5681654556929883	
18.65163634786282	5.961672455798082	-3.8605046343151006	-1.1437018210304328	3.0053163075419125	1.5962553667838708	
18.71164305791158	6.15015372172941	-3.7842786626974014	-1.1229826806407226	3.114900172627321	1.6048072343884994	
18.53084821692277	6.240521380023842	-3.568184663170558	-1.086297404221822	3.2026884782852756	1.592383477604429	
18.090090167986197	6.223924064767769	-3.224167350012388	-1.0376979894143035	3.2614317813878775	1.5584109725979955	
17.38211424422423	6.096040802277339	-2.774162486599379	-0.9816174347773455	3.2841657283912298	1.5032159708975605	
16.412584335154012	5.8569181570456195	-2.2477202574709185	-0.9219762878619681	3.26481184744571	1.4279501967914636	
15.200244284245281	5.510736868983043	-1.6789813661961392	-0.8613881005743163	3.1986869015541464	1.3344408627114008	
13.776186517111002	5.065710630244737	-1.1034972833961425	-0.8006762015213184	3.082846027509056	1.2250145671739217	
12.182238820323835	4.534028860954994	-0.5552693620806525	-0.7388039603229384	2.9162319077239696	1.1023339725255736	
10.468640705062525	3.931716768853995	-0.06436278382896281	-0.6731849743587117	2.699635471135796	0.9692590900719726	
8.691220712499906	3.278424989524881	0.34461262120506825	-0.6002548053710851	2.4354985484068843	0.8287177875603637	
6.908158418133502	2.597190091711337	0.6531641203732246	-0.5161767739470323	2.127612678863582	0.6835565175538536	
5.176390448132353	1.9140198433256952	0.8491911530129576	-0.4175938182223633	1.7807832910628432	0.5363560278260991	
3.548000429117199	1.2569206426894692	0.9275548404620535	-0.3023743444434338	1.4005218060364135	0.3892403835751125	
2.0672416286508053	0.6539667333272997	0.8911699266375929	-0.17028181197626677	0.9927965718020463	0.2437496486194042	
0.7687462733221203	0.13044159043200965	0.7518798856495735	-0.023417296071549222	0.563823163276241	0.10083384809654833	
-0.3229451906557247	-0.2941746363653468	0.529911239551558	0.13374517355778465	0.1198392679510162	-0.03904774202235732	
-1.1926807201477136	-0.608260529961761	0.25137112868818445	0.2947986812818777	-0.33315497212065315	-0.175786831158769	
-1.833177724221118	-0.8084577246921786	-0.055621462423317586	0.4522077176444012	-0.789630402155066	-0.3094899034463049	
-2.243288718857649	-0.8985162895365353	-0.36494809801511985	0.5982518395162021	-1.2446623777199088	-0.44034780283241565	
-2.426594535577122	-0.8872665081915844	-0.655577598727707	0.7258947907229728	-1.693956001616436	-0.5684998740862705	
-2.390497971142467	-0.786561778735376	-0.9132390414023309	0.8294532475724838	-2.133806941264652	-0.6938991204734682	
-2.1456626334114732	-0.6098086385727276	-1.1307120513072613	0.9050335781690109	-2.5610345732079143	-0.8162079275233266	
-1.7055940899789077	-0.37125680206747735	-1.3069976208733383	0.9507637229846446	-2.9728983208124866	-0.9347617876125026	
-1.0862753986589342	-0.08579256124349818	-1.4456869391570955	0.9668620020807326	-3.36701028137532	-1.0486278057653866	
-0.3058227324532778	0.23122354465774392	-1.552919857745198	0.9555671788447897	-3.741275647320783	-1.1567616699622774	
0.6159210689032115	0.5644396725742143	-1.635407654269838	0.9209258936765186	-4.093889253934813	-1.2582382755152883	
1.657954796644445	0.8993999964496863	-1.6989145304027755	0.8684193324891957	-4.42338370314597	-1.3525043504231822	
2.7988523319517395	1.223652330466623	-1.7473103183228624	0.804431234889172	-4.728690830854302	-1.4395919750241175	
4.017570372383877	1.5277615927743124	-1.7820478450618427	0.7355927590193208	-5.009168330793959	-1.5202430391740183	
5.294227775169008	1.8059044531163346	-1.8018464737696995	0.6680791436555609	-5.264554171581952	-1.595916497068954	
6.610769306880022	2.055810975028144	-1.802434710424537	0.606957102451465	-5.494829162182943	-1.6686721584396063	
7.951400539837979	2.2780042318500016	-1.7763196226108324	0.5556811820937338	-5.699990070814952	-1.74093862898883	
9.302657476263297	2.4745136741750864	-1.7126496560357742	0.5158088520676886	-5.879761139269968	-1.8151804313192286	
10.65303532272561	2.647388593307462	-1.5973120552409148	0.4869567733219403	-6.033290944447459	-1.893488323792641	
11.992238833674131	2.7973259168125133	-1.4134435784517412	0.46697611106886555	-6.158884233379873	-1.9771318526540236	
13.310228501143609	2.9225782531693834	-1.1424997454702333	0.45230191429292793	-6.253807340778565	-2.0661297721211778	
14.5962382476494	3.0181578371301647	-0.7659242637922106	0.4384305990315893	-6.314194186498974	-2.1589041088490357	
15.837878907010522	3.0753472539244218	-0.26734154041051317	0.4204867607576072	-6.33507859794986	-2.252088577163387	
17.020440057356446	3.0816690802973556	0.3648948946964948	0.39384057193333183	-6.310576302832197	-2.340549219939757	
18.126575006879246	3.021601147781014	1.1350108311878473	0.35473386921337907	-6.234229303023576	-2.417643900327928	
19.136577389568068	2.8782589411439745	2.0372402818762194	0.30085785642077173	-6.099502754751401	-2.4757094029819897	
20.029345178999385	2.6360018422174334	3.0536741023181397	0.2318086648493069	-5.900402615453868	-2.5067336821344135	
20.783877727002125	2.283555224613482	4.152847580862906	0.14934907640832185	-5.632146349179488	-2.5031309115264984	
21.381077078659942	1.8172955851068793	5.289375525360855	0.05742829356234827	-5.291871666347325	-2.4585744058471914	
21.805264238130352	1.2437719030470331	6.404965682783021	-0.038053248082333437	-4.879194923539188	-2.368681604518707	
22.045843736734824	0.582217565603997	7.430979042284337	-0.12972888211537795	-4.396909119363593	-2.2317725908163575	
22.097709445367403	-0.1359845997851937	8.292845419608417	-0.2094741020093529	-3.851005969889602	-2.048966976270562	
