3.741165425442578	0.9023312775198972	12.433165965667197	0.1129893502068446	0.0077900195707154	0.277053082848272	
3.7625552295278344	1.3124921636207603	12.39203588803305	0.05979126804593195	0.028647516003454228	0.16187575090210296	
3.774695530358744	1.7232626761108196	12.290134489488851	0.0029158451019051478	0.05206266693863765	0.04576525591765207	
3.778607794639661	2.1203926170903973	12.130144879269826	-0.05516869858918421	0.07801128691541198	-0.06889772036020868	
3.77533552323576	2.488463211550977	11.916230740122252	-0.11178582760136127	0.10632083762949626	-0.17963666403644007	
3.765721038141482	2.811410974888233	11.65479124120668	-0.16421892600453566	0.13658300056291525	-0.2839353806729905	
3.7500980494153864	3.0740953383941543	11.354585485427009	-0.2100750735801555	0.16812269400077243	-0.3793766548294558	
3.7281103448727553	3.2636424807433557	11.026758138315259	-0.24754457111932351	0.19997651159347618	-0.46374956927570254	
3.6986274412928064	3.370885992137289	10.68441882950449	-0.27562787548477113	0.23091190457839172	-0.5351692661323717	
3.6598336972682954	3.391515441104396	10.341829807086423	-0.2942448402448495	0.25948851716775895	-0.592179779665212	
3.6095013177213087	3.3267986400861616	10.013296373345643	-0.3042149743439088	0.28415810312571715	-0.6338310962069433	
3.5454220538746846	3.1838205543724913	9.711926115838677	-0.30712044379247644	0.303389947597782	-0.6597276038216269	
3.46593959755961	2.9751866776491647	9.448430985886292	-0.3050736936699481	0.31580576709475305	-0.6700480232500327	
3.3704885536257487	2.7181890554672057	9.230148241143446	-0.3004273402118328	0.32030490594139227	-0.6655421533652139	
3.2600308154555755	2.433477794169791	9.060414583173893	-0.29547017293194244	0.3161628721916886	-0.6475131567761887	
3.1372638873093237	2.143310289157735	8.93840572738184	-0.29215687565488674	0.30308798737038495	-0.6177896802505155	
3.0065107450142183	1.8696030408679325	8.859469557141104	-0.2919212214578302	0.28122855179234135	-0.5786876229457205	
2.873319718177307	1.6320400209558141	8.815813968633991	-0.29558695401313156	0.2511423836761115	-0.5329630570638209	
2.7438321158916366	1.4464176179159824	8.79744177472317	-0.3033732677953933	0.21373848195721792	-0.4837472530072471	
2.624014170678589	1.3233947711467333	8.793204742319201	-0.3149803849233879	0.17020169251099845	-0.43445591210819257	
2.5188714422105534	1.2677637373614477	8.791852396260271	-0.3297310723843117	0.1219103157890768	-0.38866619166480404	
2.431767735611234	1.2783025880449574	8.782978412102635	-0.3467405433981916	0.07035326766280878	-0.3499560087753792	
2.363996899919642	1.3482670321413464	8.75776811315856	-0.3650839879795636	0.017051524602590226	-0.321711415667448	
2.314655109107056	1.466334407565588	8.709527317833345	-0.3839332874587453	-0.03651098050581014	-0.3069192288780395	
2.280801969761008	1.6178524835683923	8.634017648052865	-0.40265233645828624	-0.08894594330488188	-0.30796106816176416	
2.2578701718854446	1.7862512812381586	8.529614541400054	-0.4208457181398454	-0.13900690414437347	-0.3264283757948001	
2.2402528474726835	1.9544730295127348	8.39730294448057	-0.43836098202779306	-0.18562161907520086	-0.36297760809875523	
2.2219849642522163	2.106304907863502	8.24052571510759	-0.4552498518544147	-0.22791070010310593	-0.4172394402514652	
2.1974227350112883	2.2274957722077664	8.064870310844016	-0.47169625804799814	-0.2651912985045685	-0.48780600932250484	
2.1618155338907834	2.3065667189033188	7.877632510974685	-0.4879286717683322	-0.29696852198495616	-0.5722977505025456	
2.111728285746633	2.335323740897225	7.687302424294758	-0.5041323699938602	-0.32291858386686295	-0.6674973187079293	
2.0452974614001667	2.3090833674964064	7.502999797864878	-0.5203734349390149	-0.3428656614278765	-0.7695431607652184	
1.9623200790126063	2.22663628787864	7.333896030974348	-0.5365446329941528	-0.35675518392200617	-0.8741681663884868	
1.8641924255110622	2.0899908386996975	7.188657676002863	-0.5523397314212753	-0.3646267347734465	-0.9769664650526806	
1.7537129499257362	1.903923669261498	7.074948709246596	-0.5672608244392972	-0.366589747545466	-1.0736705933194455	
1.6347766747573844	1.6753814891033667	6.999046458396405	-0.5806579867590762	-0.36280576155299366	-1.1604085653624185	
1.5120172466547535	1.4128215105706765	6.965581446246804	-0.5917911802818885	-0.3534801120097597	-1.233921738645802	
1.3904260900715466	1.1255244078577096	6.977402502586344	-0.5999054736915927	-0.33886316723797655	-1.2917320374773664	
1.2749810124427596	0.822922621684132	7.035556998725966	-0.6043090017890339	-0.3192603524191821	-1.3322487839618131	
1.170312720981143	0.5139846596040223	7.1393621456397955	-0.604443158544351	-0.2950491359045688	-1.3548109929829257	
1.080429782067314	0.20668811627357153	7.2865366468378	-0.5999361027106364	-0.2667004238533183	-1.3596659121847088	
1.0085302846236346	-0.09236311574277535	7.4733824060527265	-0.5906294833956568	-0.23479881739078218	-1.3478797715856676	
0.9568998486515261	-0.3781590898152853	7.694986161747579	-0.5765779084458081	-0.2000572158815203	-1.3212050221647889	
0.9268827179197066	-0.6473446966072661	7.945444735373127	-0.5580242876503391	-0.16332156921947497	-1.281919095979566	
0.9189121048165276	-0.8981278009429031	8.218122285786858	-0.5353558732163075	-0.12556222744510787	-1.2326473044655601	
0.932582731430581	-1.1300530791574193	8.505942050692472	-0.5090484407908246	-0.08785014676085663	-1.1761830727976195	
0.9667476632494315	-1.3436674949923582	8.801710915720292	-0.4796073535539943	-0.05131808745368914	-1.1153156770429071	
1.0196313749788157	-1.5401006726684523	9.09846320809343	-0.44751537386052664	-0.017109055452149555	-1.0526755240969774	
1.0889440994014916	-1.720614187580016	9.38978555575806	-0.41319683196702667	0.013680669854284155	-0.9906079420809146	
1.1719892909959069	-1.886162401632593	9.670092633071501	-0.3770011294035161	0.04005773677760302	-0.931075913089638	
1.2657685402528958	-2.03699621936163	9.934824079084885	-0.33920530919938413	0.06118229133899691	-0.8755917807187703	
1.3670907932790104	-2.17234273490271	10.180538057517037	-0.30003280875516875	0.07640866386461717	-0.8251772351569173	
1.4726967156086839	-2.2901867353754453	10.40489087101306	-0.2596830779455796	0.08531369639124124	-0.7803486201052537	
1.579411577532979	-2.387183911270928	10.606501715023706	-0.21836490819631757	0.08771055175502117	-0.7411261478629549	
1.6843278366980958	-2.458738276987266	10.784724211550909	-0.17632401780870535	0.08364610807162497	-0.70706673384828	
1.785009570242194	-2.4992314782233795	10.939378058162852	-0.13385846415726535	0.07338664707576241	-0.6773104598229459	
1.8797030575932583	-2.5024003439313955	11.070474965918073	-0.09131937822373998	0.05739315050504848	-0.6506394471729097	
1.96752783041798	-2.461845409951118	11.177974308653026	-0.04909715077543295	0.03628732085180932	-0.6255480718852181	
2.048617403726589	-2.371639661666405	11.2616020059579	-0.007595886515820424	0.010809249630969098	-0.6003242451090333	
2.1241767314237725	-2.2270010369631517	11.320764360879725	0.03279902341249508	-0.018232841601961047	-0.5731436450495987	
2.196410501014409	-2.0249423993836984	11.354591833354199	0.07175204081224033	-0.050018783709551665	-0.5421787251345095	
2.2683215579418916	-1.764819452545713	11.362120273171662	0.10899871612415822	-0.08377175168211866	-0.5057189197948665	
2.343391920848089	-1.4487218597720957	11.34259975346246	0.1443514028084913	-0.11880651553508843	-0.4623004201448895	
2.4251709848057925	-1.081655721449506	11.295905007608528	0.1776861434061403	-0.15456367622174003	-0.41084048575469667	
2.516811423185092	-0.6714855137311947	11.223000396335694	0.20891088000339175	-0.19062342142092129	-0.35076802219138586	
2.62059772490843	-0.22862940412166063	11.126398985908194	0.2379187616889499	-0.2266942833190987	-0.2821418721813675	
2.7375332372450205	0.2344986574891268	11.010511661143589	0.2645356759737324	-0.26257401377796313	-0.20573725037265575	
2.867054819062245	0.7042272646470471	10.881779911607806	0.28847683310405275	-0.2980883797840248	-0.12308241324677552	
3.006902326370366	1.1664495347680266	10.748546429728346	0.3093238462200435	-0.3330182551719827	-0.03644037927342583	
3.1531692401772204	1.6074519053181058	10.620633654419446	0.3265303084828657	-0.36702521690507856	0.05127315505266561	
3.3005449287062567	2.0146597267383037	10.508640061608876	0.3394591619438561	-0.39958684966014735	0.13663824594043983	
3.442738402055193	2.3772222701988204	10.422996791126696	0.34744974575259796	-0.4299521590129324	0.21594241600470962	
3.573053046910312	2.6863762711623265	10.372856053897864	0.3499071993817603	-0.4571281555364244	0.28544881506974734	
3.6850208149357315	2.9355530751935386	10.36497819193921	0.34639700690381303	-0.4799084545695105	0.3416929099059471	
3.7729831853459177	3.120306564947636	10.402766407390637	0.3367288150286306	-0.49694219436599546	0.38177300402754566	
3.8325492696379495	3.238129466590275	10.485572763656005	0.32101944614941996	-0.5068392928322085	0.40360820747688053	
3.860884328872624	3.288219544783842	10.6083841630891	0.2997285753939901	-0.5083024696699471	0.4061392327254158	
3.856812886960356	3.271247649121496	10.761958708611497	0.27366465249094796	-0.5002718081278387	0.38945510111167675	
3.820749579507298	3.189165902777985	10.933442705645284	0.24396166332708882	-0.48206583033833256	0.3548389225523726	
3.7544773663836524	3.0450664204912803	11.107469375368096	0.21202520201698513	-0.4534920911176931	0.304717116502839	
3.660849302108902	2.8431043150939823	11.267552218880683	0.17945577893463813	-0.414909360035094	0.24253098358061184	
3.543469944426047	2.588470012005783	11.397595631151852	0.1479546353875127	-0.36723346928074	0.1725454430469974	
3.4063947454852292	2.2873858882420963	11.48334659400143	0.11921721296238987	-0.311883354848145	0.0996050274338975	
3.2538782558023134	1.947101318065438	11.513612581568236	0.09482184003019777	-0.2506727774842655	0.028851607807205616	
3.090188798193819	1.575861380905073	11.481117638286252	0.07612140878137168	-0.18566103845524304	-0.03458227967211192	
2.919495073184744	1.1828154006252918	11.382875100415204	0.06415000867226525	-0.11898210836094157	-0.08588701414773889	
2.7458139135391986	0.7778494431760425	11.220066382020784	0.059557237652730514	-0.05268286630189229	-0.12086583870068246	
2.57299043712053	0.37134869007870214	10.997559842715143	0.06257223212932697	0.01140997374887563	-0.13618580968729316	
2.404685711936525	-0.026107008066825	10.723171453822598	0.07299925744529795	0.0717856427171954	-0.12957594370797235	
2.2443553154290146	-0.40410145505304973	10.406781936476177	0.09024381805586197	0.1273040560226103	-0.09996000653538198	
2.095211217123994	-0.7527797672403319	10.059416079229903	0.11336557114488192	0.17721133912341708	-0.04751719660339709	
1.9601687653268962	-1.0632719485280413	9.692364321103907	0.14115424576257515	0.22111964700746164	0.026335976804946388	
1.8417909157041719	-1.3281037992151792	9.316430861636848	0.17222265508975934	0.2589548175164969	0.11905269201030536	
1.7422347958930628	-1.541578830728678	8.94135681834416	0.20510442355825137	0.2908852626736617	0.2271254859075869	
1.6632032451613934	-1.7001123189326468	8.575427210469186	0.23835033000711497	0.31723912047148917	0.34630779739507606	
1.6059001280558214	-1.8024937392597327	8.225272001901354	0.2706163796212996	0.33841759834493473	0.4718733766730296	
1.570985568278883	-1.8500548298811985	7.895859875263216	0.3007372260490808	0.35481334271126297	0.5988973074178283	
1.558525994169785	-1.8467242350194422	7.590668570290984	0.3277804885740434	0.3667425752163055	0.7225450024812747	
1.567948612611455	-1.7989115268866323	7.312009820743729	0.35107502428065274	0.3744020266584157	0.8383481349621462	
1.5980100906622683	-1.7152234679413634	7.061426780099962	0.37021394730663076	0.3778563490680861	0.9424443379277604	
1.6467929958268706	-1.606019708589997	6.840097673758419	0.385036678286014	0.3770542336967567	1.0317711025615657	
1.7117441684999628	-1.4828160489836897	6.649197661299443	0.39559393751107436	0.3718688457906029	1.1042032587486912	
1.7897618780214635	-1.357567277507633	6.490180376548093	0.40210128641090687	0.36215539535577307	1.158626181668716	
1.8773311038199811	-1.241871829545499	6.364957380055737	0.40488759338741237	0.3478177783372456	1.1949432636544832	
1.970702392651682	-1.1461610121563341	6.275961002646149	0.4043445438803447	0.3288753703401204	1.2140110371223143	
2.066094773482386	-1.078973836268348	6.226090490218528	0.40088510333193594	0.30551983111550296	1.2175091748036553	
2.159904753827622	-1.0463703564854099	6.218559899731719	0.39491571615088295	0.27815765407998283	1.207768749539825	
2.248912030929347	-1.0515281941734909	6.256658264832076	0.38682339654628267	0.2474350880542208	1.1875695971816729	
2.3304720740387053	-1.0945562431332179	6.343435224512996	0.37697710404649865	0.2142428239224454	1.159921529539221	
2.4026874871181447	-1.1725386298977205	6.48132705224522	0.36574048955602845	0.1796989729306721	1.1278437365103209	
2.464547837418032	-1.2798130659693576	6.67174026883039	0.35349108993666634	0.14510854582303676	1.094154392082785	
2.51600940495779	-1.4084797921751477	6.9146454214590785	0.34063830362600583	0.11189854290141057	1.0612899444452586	
2.5580064557089863	-1.5490449159958406	7.208218967893014	0.3276329820091185	0.08153509333949244	1.0311634234419387	
2.592380194340068	-1.6911407416879274	7.548573331604518	0.31496371076812885	0.05542698525063559	1.0050649279331072	
2.6217162436051633	-1.8242588171410357	7.92961839904803	0.3031366249321341	0.03482231255045793	0.9836076600675825	
2.6490917701979066	-1.93842969719333	8.34309150595312	0.2926378320606985	0.02070692660517445	0.9667204328508822	
2.6777420515798207	-2.024795814386259	8.778783798235317	0.28387920814552087	0.013713482457428292	0.9536848756192002	
2.710676205020349	-2.0760096382473234	9.22499703611336	0.2771334687597452	0.014057635678436688	0.943221624079444	
2.7502999204486405	-2.0864310831279593	9.669182504273207	0.27246881281907576	0.021511288126449122	0.9336130091651684	
2.7980895243254045	-2.0521451150014003	10.098701525991524	0.2696927766125602	0.035415587106075	0.9228513902689657	
2.854357737711784	-1.9708253043919655	10.501641343686781	0.2683160293510832	0.05473513739567253	0.9088049812784703	
2.918145126331092	-1.8414895452733246	10.867601830135655	0.26754691089002036	0.07814981586221384	0.8893903477904433	
2.987256190520117	-1.6642091746055991	11.188369443117704	0.2663252107632518	0.10417590386862097	0.8627407294589604	
3.0584542690113183	-1.4398378536001835	11.458370928645047	0.26340269680211237	0.13130414241949287	0.8273555076682823	
3.127811948981735	-1.1698702681418225	11.674827066457011	0.25747722784818095	0.15813957932763456	0.7822229791886197	
3.191092470216295	-0.8563805960407787	11.837552135740186	0.2473260643282884	0.18350021640943381	0.7268724889914887	
3.2443234261711176	-0.5023908704149483	11.948624779551354	0.2320453421437473	0.20654348373485648	0.6614782894235876	
3.2840084910801943	-0.1118509112826928	12.011520193816883	0.2110813453263491	0.2267229042963078	0.5867196323506161	
