3.817568350732392	0.7946538328925697	12.74207344663334	0.0328283504830549	0.0551564414828119	0.140525296868395	
3.841779780840429	1.212594233810141	12.642575601571616	-0.0003014606632123634	0.07457013569661233	0.04051818645834473	
3.8537702590761196	1.6308138784031632	12.482698550995634	-0.03360454073894328	0.09668049409995928	-0.058561931000786896	
3.853538199170951	2.034871332530797	12.268289301851597	-0.06577477047213588	0.12130484448800646	-0.15486531510976498	
3.841166072352846	2.409739614113959	12.006550261044717	-0.0955128392606905	0.14806818496886637	-0.2465349259212237	
3.816759978554358	2.740271599281991	11.706641621307625	-0.12164389905280391	0.17631327898045293	-0.3317566709757535	
3.7803079207525894	3.0124988346632633	11.379447991656015	-0.14329363800361775	0.20512558911600526	-0.4088447823597826	
3.7316466736417166	3.214707159715959	11.037362115136347	-0.1600035589128298	0.23335242937040954	-0.4763045135963368	
3.670494790711903	3.338531953731651	10.69363211101574	-0.17179633597473615	0.25967062847306854	-0.5328905588173206	
3.596577366835829	3.379764177667857	10.361466989182393	-0.17916374105262364	0.2826786708231141	-0.5776489870842035	
3.5098225443145687	3.3388462157503676	10.053030153521183	-0.18299293426093644	0.30100117518906744	-0.6099476945967502	
3.410603422920315	3.2210012652394036	9.77843901992641	-0.18444307197136628	0.3133959147780828	-0.6294968145831907	
3.2999877833055287	3.0359690507447765	9.544897855775409	-0.1847902369498294	0.3188516320473449	-0.6363625339328038	
3.1799420781884185	2.7973335883007793	9.356078935511478	-0.1852623410883874	0.31666627564090444	-0.6309796901506265	
3.0533936029923647	2.52143288002443	9.211944030704371	-0.18689911001589685	0.3064876069859099	-0.6141596460535161	
2.9241239510969854	2.2260743970132495	9.108953590169685	-0.1904608995985422	0.2883206186847584	-0.5870985372259638	
2.7964987974728293	1.9291638984152775	9.040595837259078	-0.19638923907774836	0.2625090988693741	-0.5513807504671706	
2.6750586135574004	1.6473563211881042	8.998162984904381	-0.20481802424971765	0.22969778436737226	-0.5089700339266208	
2.564011823917445	1.3948257158687891	8.971678515135055	-0.21562826464573145	0.19078333397920405	-0.4621812413325619	
2.4667097578077675	1.1823088920157112	8.950872266625955	-0.2285366529391343	0.14685817886427116	-0.4136182847699422	
2.3852298411213946	1.01657284880863	8.926037807552538	-0.24319367904486866	0.0991539628856574	-0.36607537584002897	
2.3201184198652545	0.9002597206437049	8.888714336114315	-0.25927134325270845	0.04898805426375613	-0.3224096493257712	
2.2703213066829138	0.8320923962310326	8.832193423423842	-0.27653172663533304	-0.002289004636498393	-0.2853899543642826	
2.233308482217579	0.807393372406783	8.751857995108344	-0.2948694520815152	-0.05334523006055536	-0.25753128403721437	
2.2053830927146425	0.818857373405564	8.645378229113954	-0.3143238229520018	-0.10291820643555309	-0.24092447585809862	
2.1821419639536885	0.8575042388540319	8.512738008629823	-0.33505714913996376	-0.14985986592982048	-0.23709188793037633	
2.158975666580012	0.9136172492201012	8.356153234912568	-0.3573089173015587	-0.19317156403006086	-0.24688230039134654	
2.1315513970529154	0.9776004312859402	8.179900192482867	-0.3813336960306294	-0.23202873556045606	-0.2704093591846585	
2.0962336590022304	1.040704424083348	7.990056158418748	-0.4073297663789583	-0.26579388316152686	-0.3070387584175656	
2.0504105388241496	1.0955874334146674	7.794161365484706	-0.43536507994688717	-0.29401800604669287	-0.35542332936262594	
1.9926858568891637	1.1366657958167485	7.600789644847551	-0.4653107715605383	-0.31642802658221475	-0.41359371283457524	
1.922918755507604	1.1602295157945237	7.419058504223201	-0.496796114504263	-0.33290133072933215	-0.4790957853710845	
1.8421549792514593	1.1643882058503694	7.258118116019335	-0.5291874718023001	-0.3434338491518146	-0.5491518321266974	
1.75246929267068	1.148876450957409	7.1266285181315485	-0.5615943758354354	-0.34810461530782666	-0.6208391373797741	
1.6567419731634412	1.1147516418125618	7.032246978585654	-0.592903800999702	-0.3470414870448327	-0.6912754718478458	
1.5583889861777234	1.0640125734838033	6.981143103841619	-0.621842991264064	-0.34039346285001415	-0.7578033804339124	
1.4610669351538426	0.9991639396091534	6.97762352681363	-0.6470684948914078	-0.3283160458981028	-0.8181506660861904	
1.3683976868075203	0.9227931552094802	7.023891394574462	-0.6672660316026301	-0.3109728474486149	-0.8705531097506389	
1.283726458961078	0.8371818799594402	7.119941085989294	-0.6812526666801636	-0.28855170415248715	-0.9138370566060334	
1.2099254131811616	0.743975983286345	7.26359247184425	-0.6880731865209486	-0.2612926334651908	-0.9474572421663725	
1.1492497013480678	0.6439365269013607	7.450650267219736	-0.6870842259623415	-0.22952457361291156	-0.97148989736526	
1.1032572247501413	0.5368116817668444	7.675195584748717	-0.6780151635095629	-0.1937051570112833	-0.9865746856187697	
1.072794858251629	0.42136410145909364	7.929985275420456	-0.6609939821276937	-0.15445349605465997	-0.9938113890340905	
1.058022930479794	0.2955302728877607	8.206902415520945	-0.636543502464018	-0.11257172553019668	-0.994634245411865	
1.058467777756068	0.1567024163097783	8.49745052926674	-0.6055476938411518	-0.06905078747359907	-0.9906709472280222	
1.0730930928701958	0.0021145005254720357	8.793268986666583	-0.5691901454592553	-0.025057303352714253	-0.9835962693022337	
1.1003849390566032	-0.17068421001299922	9.086649491465508	-0.5288671760682947	0.018101068368000402	-0.974987958686915	
1.138459333446165	-0.3633244678554439	9.37098459859541	-0.48607954850246887	0.05903399376093583	-0.9662003283270607	
1.1851854918591243	-0.5761504470556024	9.641092856161604	-0.4423205045714693	0.09634121743359712	-0.9582662864759407	
1.238325721462618	-0.8078239152047811	9.893402955731363	-0.3989684864934498	0.12869339763279547	-0.9518273676012318	
1.2956895707876657	-1.0550352517743977	10.125976941937388	-0.35719201519034255	0.1549147678188579	-0.9470933114632089	
1.3552962124666816	-1.3123447723960755	10.338367848199201	-0.31787273413811973	0.17406181970067294	-0.9438299860287231	
1.4155321861254346	-1.572204197315796	10.53129954170335	-0.28155551486217634	0.18548853532113188	-0.9413792041759594	
1.475278573887416	-1.8251909158864654	10.706210052531759	-0.2484340836105601	0.18888474970928382	-0.9387102544027208	
1.5340042011507653	-2.0603995483378004	10.86474513758773	-0.21836317265949967	0.1842895497888711	-0.9344895497629994	
1.5918213976198083	-2.2659820997972724	11.008247126720526	-0.1908942897630787	0.17207869957373212	-0.9271666521887839	
1.6495024057466068	-2.429813795436382	11.137293142863019	-0.1653309730489903	0.1529273868209178	-0.915073027501712	
1.7084565471765516	-2.540271006745252	11.251333628493155	-0.14079960617200346	0.12775117959514692	-0.8965315634476668	
1.7706537072962114	-2.5870576821746667	11.348524897338795	-0.11633283443634695	0.09762763108720761	-0.8699703190079728	
1.8385050786072747	-2.5619938118870262	11.425781677068086	-0.09095412613817104	0.06371375066692467	-0.8340291638857502	
1.914703720286338	-2.4597294920834836	11.479035907704302	-0.06376000161167247	0.027166141069017626	-0.7876561330556481	
2.0020233726710517	-2.278330250302074	11.503689162976407	-0.03399724222525023	-0.010931857049516817	-0.7301894055614347	
2.1030756960664467	-2.0196921294346	11.49523446733887	-0.0011330270426419342	-0.04963221299939512	-0.6614234881898015	
2.220029348907115	-1.6896959441169868	11.450010266027972	0.03508621466376372	-0.0881683085719968	-0.5816548808507019	
2.3543280330458827	-1.2980034058952612	11.365959216407221	0.07459620362899608	-0.12597677300117158	-0.49169972928704053	
2.5064318283178233	-0.8575834008008477	11.243299700971527	0.11699341410408788	-0.16269652101674012	-0.39289447029209074	
2.6756063858702204	-0.38398559642878993	11.085033718184548	0.16153288950623387	-0.19814427951232974	-0.28707839805219576	
2.859784767111605	0.10559115375863577	10.897215622791666	0.20714704345333246	-0.23226737155647886	-0.17655757680750012	
3.0555212271782843	0.5933840787507082	10.68891693036954	0.25248729394570657	-0.2650755343280573	-0.0640488970163479	
3.2580861075759646	1.0622030273609882	10.471770098067134	0.29599543140041995	-0.2965584286468476	0.04740621140532518	
3.4616837427763962	1.496444019002557	10.259166489605663	0.3359964445472089	-0.32660518267597655	0.15455204033021108	
3.659770402939661	1.88291084853335	10.06519989364861	0.37080696621527726	-0.35493605524667476	0.25405181470030663	
3.8454562608317153	2.2113894408436066	9.903433634258048	0.3988539462489849	-0.38105526598070016	0.34264408431111315	
4.01196413873825	2.4749491725470754	9.785585697954762	0.4187967573164251	-0.4042328349678443	0.417320391851593	
4.153106048652917	2.669943381913168	9.720261183481748	0.42964243574525485	-0.42352544482156457	0.47551806881176767	
4.263688213474348	2.7957140091139983	9.711987367031881	0.4308326907220639	-0.437840561967686	0.51529825297567	
4.339806520242161	2.854151684073061	9.760616170835712	0.4223010475659219	-0.44603092307463155	0.5354972243307353	
4.379021007044804	2.849162251467684	9.861144124812947	0.40449763258613897	-0.4470103390840121	0.5358396780704985	
4.380407522530843	2.786094001600393	10.003976828484364	0.3783804578665738	-0.4398790848929781	0.5170046771330579	
4.34450130284906	2.671174359870251	10.175633861568604	0.3453743967626493	-0.4240476984645431	0.48064149894753616	
4.273128126399265	2.510999974899522	10.359911073705875	0.3072905889400795	-0.39933416675876066	0.42931322337319755	
4.169176309533847	2.312145299830451	10.539272435261045	0.2662188273851684	-0.3660176651654008	0.36638312650069543	
4.03634467055371	2.0808923689401215	10.696303238105543	0.2244016683494843	-0.324846781023784	0.2958584433880776	
3.878880516135323	1.8230762458928045	10.815107260057005	0.18409538388926072	-0.2769991950931494	0.22219538757046636	
3.7013271085858297	1.5440386782751132	10.882534815958604	0.1474256451213552	-0.22399519273459906	0.15007431866571655	
3.508298749501554	1.2486811908108963	10.889122301854206	0.11624838884905557	-0.16756866337680557	0.08415189563618883	
3.30431362082439	0.9415954935492765	10.829567545362599	0.09204011601828084	-0.10951643288594926	0.028816918751865435	
3.0936937153803603	0.6272239063401283	10.702806837024957	0.07582361121124305	-0.05155671341068094	-0.012031050429595952	
2.88052038774348	0.3100236623336037	10.511735182430582	0.06813102101728492	0.004789421110318697	-0.035174039255403446	
2.668632055068204	-0.005389639379894701	10.2626292190644	0.06900429025815522	0.05828239468912379	-0.038230879975653935	
2.4616451762091445	-0.3141421779970278	9.964357291777574	0.0780285775739272	0.108009537679056	-0.019774104450691877	
2.262981825432231	-0.6110787821320365	9.627451903035366	0.09440009540361152	0.15338483929176897	0.020614893348120233	
2.0758880710468097	-0.890832880303509	9.26322424967068	0.11701176035078095	0.19411378973401966	0.08234825255177118	
1.9034372930130838	-1.1479874302644324	8.882997158376883	0.14454487092453777	0.2301369721278658	0.16387729589533984	
1.748516095756578	-1.3773224045174495	8.497484215583336	0.17556261656633332	0.26155935750440856	0.26278136036822614	
1.613788302385039	-1.5741391625685084	8.116338746647607	0.20860022916862625	0.28857336003985506	0.37589408003123204	
1.5016315329232444	-1.7346449788402936	7.747889411416774	0.24224816100445767	0.3113832066730715	0.49946744491978934	
1.4140529479516963	-1.8563266835858108	7.399086952567603	0.2752199063218018	0.330143081660331	0.6293693069917554	
1.3525889311553525	-1.938271993984875	7.075597504972724	0.30640247358771533	0.34491659736306185	0.7612892638687684	
1.3181991477634192	-1.9814002270743871	6.782001524008436	0.3348903589479988	0.3556589174060107	0.8909492587864242	
1.3111670171378542	-1.9885656522945867	6.52205842122531	0.36000307131091525	0.36222237541214564	1.0143104723105048	
1.3310158424699687	-1.9645075630992115	6.298993063336429	0.38128782552212676	0.36438494988070624	1.1277708642599449	
1.3764702370635844	-1.9155884768961506	6.115758714360721	0.39850502580703556	0.36189915148382634	1.2283321348605216	
1.4454721499084042	-1.8493545980162047	5.975217748423895	0.41160191209393726	0.35454993443551	1.313718418209826	
1.5352438703003646	-1.7739769195631236	5.880223005146132	0.42068067934598863	0.34221260696795375	1.3824490224483892	
1.6423987629350167	-1.6976103653471877	5.833599319117981	0.42596368045868305	0.3249043349316303	1.433861027918495	
1.7630944194883449	-1.6277208969784596	5.83802918459581	0.4277595577245641	0.3028240123571011	1.4680826434906107	
1.8932262173469148	-1.5704350387018917	5.895852176784469	0.42643381537969977	0.2763757934100829	1.4859558334273815	
2.0286492144889348	-1.5300321196029523	6.008818215017095	0.4223875379048645	0.24616984042119028	1.4889056336015896	
2.1654060442924465	-1.5086152681741083	6.177825184117841	0.4160462487239114	0.2130061876036863	1.4787856646748447	
2.299953393631585	-1.5059759971294269	6.402657621090552	0.407856166016349	0.17784390718845255	1.4577076488766079	
2.429372412714556	-1.5196613160138692	6.681742601775377	0.39828422995649704	0.14175745464413392	1.4278649053716868	
2.551548341694691	-1.545232021743407	7.01192981672973	0.38781673834339825	0.10588176236640807	1.3913586215836022	
2.6652756375529645	-1.5767158413386642	7.388347249804213	0.376948866148213	0.0713475995725625	1.3500418531615583	
2.7702596580861463	-1.6071617620365537	7.804367558975753	0.36615987643958775	0.039215093636274956	1.3054001430896074	
2.867021387809027	-1.6292105172815377	8.251686409621664	0.35587340293507935	0.010410340626503298	1.2584702258153428	
2.956709191692423	-1.6356387522464828	8.720533043661446	0.3464049364821634	-0.014330140439062704	1.2097999742060115	
3.040835624668582	-1.619832116912228	9.200016796043524	0.3379006872785433	-0.034501984451211054	1.1594506574956442	
3.1209650094679615	-1.576150242760802	9.67861446872983	0.3302746444382278	-0.04985624642472579	1.1070435123009865	
3.1984119781435556	-1.5001263807320513	10.144759185063304	0.32316277293653184	-0.06039221666668636	1.051853215042534	
3.2740085547306492	-1.3885259846482527	10.587434195127578	0.3159036314903843	-0.0663249901340419	0.9929266163983591	
3.347963267256527	-1.2393031800269139	10.99671423684767	0.30755428191513823	-0.06803164647541891	0.9292183834011642	
3.4198263695429834	-1.0514924255040654	11.364190580377928	0.29694600151476064	-0.06598249293474918	0.8597324030479101	
3.4885650364374223	-0.8250957081039683	11.68323343577882	0.2827840037808217	-0.0606654972388356	0.783660340672511	
3.55275370851316	-0.5610436129931927	11.949031198558423	0.2637980846890807	-0.052514760492304184	0.7005065048105111	
3.6107958377740346	-0.2611621758781083	12.15837083572654	0.238877029474632	-0.04186681076805494	0.6101487641166284	
3.661257501504461	0.07139240509140278	12.309453294800333	0.2073223298570739	-0.02891884558649689	0.5129522032457665	
3.702948398581553	0.4323690040485065	12.401334009453906	0.1688135737741655	-0.0137633191507176	0.4096466091520936	
