19.76264334092579	0.5993914252885967	8.474986123704525	1.462314499580997	-3.745690820739618	-1.952528817974006	
19.466509730981258	0.16540883519699873	8.925092806821638	1.4214425419064414	-3.2970243585708645	-1.7936577974591625	
19.057875957737675	-0.2753365137898658	9.14200382866326	1.3725781426991355	-2.812740956290244	-1.617235268197939	
18.559256411680515	-0.7022326498916504	9.096066536875979	1.3157498526839362	-2.303785813201571	-1.4256141473388555	
17.994615686720834	-1.0940585239878495	8.769947171037053	1.251112567197778	-1.7822134590440144	-1.2221072797168622	
17.38861009011912	-1.4302216646348367	8.163150801554618	1.1788928805555037	-1.2607358410671123	-1.0109773666349902	
16.76534916371002	-1.6923207060910104	7.2939710008161525	1.0993376715470506	-0.7519003153648703	-0.7971523170667036	
16.14732496541287	-1.8654241155306892	6.200608486592113	1.0127282916472522	-0.2673673479672391	-0.5859390828218064	
15.554302597889302	-1.9391596112260974	4.940023964139932	0.9194308194678857	0.18281887176833628	-0.3826500684628498	
15.002317703274159	-1.908439668365368	3.5846249593829316	0.8199824585398653	0.5908115785235372	-0.19222646411932348	
14.502785564007862	-1.773776862572331	2.2166243107667594	0.715198229687614	0.9513390053607108	-0.01888798934073637	
14.06179208016318	-1.541131506895328	0.9204475372294195	0.6062814293685612	1.261814304934918	0.13414522557816208	
13.67969252932287	-1.2212917045629652	-0.22599673204330034	0.49491420465662894	1.522161069380879	0.26482868408350185	
13.35125500344119	-0.8288777978303515	-1.1597900949781699	0.38329834779057753	1.7343839949141955	0.3723505636280027	
13.066597979603404	-0.3812265435526295	-1.8394622923022426	0.27411440623304356	1.9019771042040108	0.4570769549159726	
12.812987742200404	0.10251776307850723	-2.2480596769491656	0.17037559520812037	2.029297719560015	0.5204152061593083	
12.57724942009928	0.6019560497918963	-2.39240536594838	0.07517162224941829	2.121018122270132	0.5646253979857045	
12.348234115211508	1.0958130170475735	-2.2992778030618495	-0.008673885763464303	2.1817217096027983	0.592596161143341	
12.118681140182218	1.5625334263038082	-2.0099392918710026	-0.07898318242413084	2.2156539802136455	0.6075871302284037	
11.885995768231412	1.9813626757797569	-1.5744101944744326	-0.13457579212916307	2.2265989215455835	0.6129435101422691	
11.651839639592373	2.3338176029886095	-1.0463170796740364	-0.17551700137208437	2.217839905779178	0.6118057520916951	
11.420808667164984	2.605172875114121	-0.47853029322894086	-0.2031902429195871	2.1921736011701443	0.6068511305204302	
11.198688901683557	2.7856077073156564	0.08048280641954263	-0.22014273362944925	2.151958950349392	0.6001012172264866	
10.99080137581018	2.8708884489294757	0.5896220972250377	-0.22970375563131637	2.0991899684933792	0.5928157051112833	
10.800843979156607	2.862624164428746	1.0173095552315825	-0.2354406512978191	2.0355829291566256	0.5854840792843362	
10.630429219476223	2.768160912160713	1.342697629652571	-0.2405727508054511	1.9626687496848712	0.5779153053826759	
10.47925721375416	2.6001216801942673	1.5558612747827645	-0.2474705664359112	1.8818840550519274	0.5694134341234239	
10.345674259665756	2.375578040484463	1.6570124795966719	-0.25734138294892717	1.7946539845363367	0.5590111178214285	
10.227315211153801	2.1148554796503696	1.6549229079192487	-0.270155153526608	1.7024575564009812	0.5457211313431171	
10.121610793991161	1.8399940006578657	1.5648413859733983	-0.2848117458257866	1.6068649989989305	0.5287643497894432	
10.026084939227259	1.5729251865527452	1.4062005844843959	-0.2995009587579516	1.5095383792845551	0.5077393620212174	
9.938491125137853	1.333509732553594	1.200347582025291	-0.31216519028972306	1.4121938162144658	0.4827108933313078	
9.856892375522465	1.1376862835932304	0.9684722533982627	-0.3209511945481304	1.3165341872995664	0.45421000190511573	
9.779768606645874	0.9960428486360805	0.7298749908492281	-0.3245461843487304	1.224170188112188	0.4231566401965558	
9.70616381587556	0.9130846850202298	0.5006929003783027	-0.3223363122427417	1.1365491725147183	0.39072904840806055	
9.635818427141352	0.8873270324285261	0.29316287030537713	-0.31438621980259274	1.0549045999243027	0.3582114657604078	
9.569218244190559	0.9121323579686971	0.1154102274294797	-0.301290522947649	0.9802281617114902	0.32684937987048707	
9.507519376842552	0.9770966149176542	-0.028315797002147883	-0.2839643390281861	0.9132605065063523	0.29773258887608306	
9.452351519621262	1.0697337430240486	-0.13708450974151043	-0.2634345465535566	0.8544948152404612	0.27171764355958816	
9.405538627824678	1.1772053192222258	-0.2125417799093699	-0.24067719409670726	0.804188407007939	0.24939298611719238	
9.36879612645944	1.2878661258488824	-0.2581091818528876	-0.21652695375974954	0.7623793070827993	0.23108336741032776	
9.343465212567033	1.3924340003681666	-0.2782258486105961	-0.19166462438119936	0.7289062863689502	0.21688504828641228	
9.330330874936413	1.484648210602666	-0.27770585178954077	-0.1666694975160913	0.7034319782706581	0.20671992139058581	
9.32954701943491	1.5613625869107102	-0.2612526400870339	-0.14210729873058484	0.6854692555302614	0.20039542463759286	
9.340666141040652	1.622122832071332	-0.2331410520253938	-0.11861564234824998	0.6744111594029566	0.19765841950017676	
9.362749501622904	1.6683757105999408	-0.19705276389039153	-0.09695089246720501	0.6695645377105983	0.1982347769062519	
9.39451740093044	1.7025370750801594	-0.15602936851358698	-0.07797538860144718	0.6701863558954996	0.2018512185500408	
9.434498362702513	1.7271451824376083	-0.11249420551476813	-0.0625860834728498	0.6755207534977076	0.20824114783197095	
9.481146699279556	1.744267918902826	-0.06829459929955463	-0.05160501897799737	0.6848339744267576	0.21713970867441998	
9.532914528435455	1.7552403398015934	-0.024729468744012474	-0.045664224642661295	0.6974437421311476	0.22827493716115002	
9.588283534773817	1.7607026221625555	0.017446356215169597	-0.04511888421480315	0.7127401882988675	0.24136150159893563	
9.645777504705428	1.7608227190826218	0.05802089846789729	-0.0500122329359953	0.730197147010091	0.2561014398206545	
9.703983544781952	1.7555520813438632	0.09729081798859396	-0.06009681694766525	0.7493750736922116	0.27219324223229463	
9.761606006724103	1.7447879135799587	0.13596501958508464	-0.07489676719506737	0.7699191142807548	0.2893475902307472	
9.817565639923913	1.7283854640127458	0.17500168237633068	-0.09378332217769937	0.7915569694256442	0.30730605580910697	
9.871142651340202	1.7060424151420004	0.21539996278337487	-0.11603606740380723	0.8141006940905293	0.3258586609573735	
9.92214753756685	1.6771328322983587	0.2579810731654676	-0.14087298143075655	0.8374546524878118	0.34485706130280736	
9.971094119531191	1.6405844295261622	0.3031902473735777	-0.16744674684021496	0.8616297805487331	0.36422203925096047	
10.019344433804301	1.5948806684703551	0.3509399424569719	-0.19481661513491416	0.8867621289031945	0.3839454308410029	
10.06919695814462	1.5382422544921779	0.400504605087967	-0.22191225699876393	0.9131322130463262	0.4040873943559657	
10.123898018018572	1.4690023527933875	0.4504686836527603	-0.2475095634912833	0.9411808715078157	0.42477004020347825	
10.187568723906313	1.3861391526754303	0.4987237819121111	-0.2702378354992357	0.9715171268168412	0.44616806824344996	
10.265052465372367	1.2898795769290285	0.542508439683288	-0.28863268646457496	1.0049139149034856	0.4684965692595137	
10.361696488545736	1.182256377430547	0.5784845204153266	-0.30123977624454074	1.0422883884168543	0.491995838885927	
10.483083292864816	1.0675008740854792	0.6028463905898769	-0.30676322839220127	1.0846646728523264	0.5169130634486688	
10.634724881281723	0.9521852429366126	0.6114613727936187	-0.3042427085524303	1.1331182754912352	0.5434810613427117	
10.821730885818505	0.845070032390995	0.6000405607263497	-0.2932359875998007	1.1887028912434092	0.5718950001167816	
11.04846383006301	0.7566614149199676	0.5643336947893218	-0.27398239969975835	1.2523629305974902	0.6022890240192463	
11.318195210684475	0.6985135630293766	0.5003346073620024	-0.24752818697616202	1.3248371767507034	0.6347153248088298	
11.632778733385067	0.6823196222755785	0.40447736090350717	-0.21579891868467382	1.4065612819169326	0.6691285340759315	
11.992358222548853	0.7188463760894711	0.2738044894953448	-0.18160693084857824	1.4975787638727667	0.7053780307689373	
12.395125509894804	0.8167858926050993	0.10610375196566188	-0.14858197858999067	1.5974708154014332	0.743209797961776	
12.83713564878884	0.9816273851179651	-0.09996390490365045	-0.12101349070413586	1.7053140771163164	0.7822778646577944	
13.31217299111277	1.2146870002271037	-0.34469527762747443	-0.10359693122545856	1.8196723119857128	0.8221632367357788	
13.811648244081674	1.5124517601485856	-0.6270744733914347	-0.10108787740260775	1.93862304608297	0.8623958966909698	
14.32450567165209	1.8663708316907295	-0.9443643593318931	-0.11788501612554667	2.059814815284682	0.9024736902027144	
14.837143225068633	2.2631556911700597	-1.2915826795206287	-0.15758192383214814	2.1805465155604655	0.941871727072682	
15.333401178053325	2.6855598953456155	-1.6609682577396487	-0.22254415691435075	2.2978589641273723	0.980037980860821	
15.794710425372667	3.113513579094935	-2.041587428838462	-0.3135651476492287	2.408628618717341	1.0163745469018657	
16.200506579304157	3.52548111865381	-2.419235910669888	-0.42964159301688887	2.509657604808987	1.050207886346527	
16.52898664494159	3.8999323942239403	-2.776759328507235	-0.5678960244248524	2.597757743917009	1.0807543959946657	
16.758220764205547	4.216841399259329	-3.0948601826541213	-0.7236624170904625	2.669829136210567	1.1070897476480062	
16.867553076613117	4.459132464541695	-3.353392503294508	-0.8907409912604232	2.72293570248892	1.1281314678217296	
16.839154369056008	4.6139761457097235	-3.5330680380608213	-1.06181679380439	2.7543807058069647	1.1426438065235516	
16.659540777050843	4.673802761074912	-3.6174102601947347	-1.2290181847682755	2.7617847469412022	1.149271433603848	
16.320854574658277	4.636874858419763	-3.5947066057843196	-1.3845639546739856	2.7431671228950405	1.1466033564281095	
15.821721043299654	4.507273577491757	-3.4596545624022075	-1.5214173938981852	2.6970289450018243	1.1332611237904422	
15.167538398390107	4.294221036046412	-3.2143891967758824	-1.6338423078075028	2.6224317428333794	1.1079975210209418	
14.370148825815853	4.010810122487511	-2.8686682097566756	-1.717757676654253	2.519059520779636	1.0697864644905566	
13.446967619904822	3.6723918592212073	-2.4391965135209155	-1.770835086276417	2.3872492884561387	1.0178869732009819	
12.419720174589562	3.294970195552422	-1.9482543629269262	-1.7923461931942606	2.2279733739863348	0.9518714603735545	
11.312988466726901	2.893958244736488	-1.4219313190172418	-1.7828339298388054	2.042763403597822	0.8716184141593224	
10.152777139011135	2.4835141290590808	-0.8882953072720564	-1.7437245014329785	1.8335803619122866	0.777277952509403	
8.965279283028314	2.07644821561988	-0.37573752995588616	-1.6769988463971806	1.6026538290103287	0.6692231431958262	
7.77595916239442	1.6844787892974284	0.08843467698415587	-1.5850016570447318	1.3523279720467802	0.5480003365616016	
6.608984220164334	1.3185061226176462	0.4792599446130116	-1.4704004029755373	1.0849529467199803	0.4142896778794302	
5.486950383597884	0.9886115698337313	0.7754238713513976	-1.3362417075755657	0.8028431202152305	0.26888423844803105	
4.430779269029192	0.703640312306708	0.9606947206910151	-1.1860116380215209	0.5082919880074017	0.11269332933011525	
3.4596656280984694	0.4704561510538088	1.0253315130227971	-1.0236069314625345	0.20360339624361606	-0.05323003101469635	
2.5910232700341775	0.29318096713724484	0.9670917515967925	-0.8531801055984097	-0.1089048055127749	-0.22764725530368513	
1.8404501892545584	0.17279160823305456	0.7914783306245152	-0.6788994959711431	-0.4269376544261191	-0.4090964807475874	
1.2217167921424117	0.10727151587524299	0.5110956105184299	-0.5047093468781945	-0.7482800201820485	-0.5958771875637555	
0.7467275163087082	0.09222588388116702	0.14427168813098046	-0.33416027663381503	-1.070845338908772	-0.7860656820428974	
0.42540870393499763	0.12167535695010502	-0.2867370621299735	-0.17033019756352455	-1.3927026714309594	-0.9775587726580569	
0.26553227739552593	0.1887382975316814	-0.7576456881195156	-0.015810887542824135	-1.7120863185290482	-1.1681368019972462	
0.2725345888856911	0.2860461394513953	-1.2439144216954723	0.12728282916035064	-2.027399035988124	-1.3555372159742107	
0.44939151874373057	0.40590172941438973	-1.7222394208125744	0.2573187982686972	-2.337215072065274	-1.5375326546503203	
0.7965693388043261	0.5403045373244648	-2.1716430855262465	0.37318799237547967	-2.640279407330184	-1.712009189186681	
1.3120132282401593	0.680997737820738	-2.5740842191200453	0.4743780006433036	-2.935491990128527	-1.8770392848000264	
1.9910955027199737	0.8196476645436308	-2.914580956469546	0.5610592605272154	-3.221865970439422	-2.0309419046967707	
2.826449460752885	0.948185514947209	-3.180949247449329	0.6341582036777043	-3.498456167683657	-2.172323705893079	
3.8076793407841487	1.0592769540610352	-3.3633103869241943	0.695391456738608	-3.7642605337354382	-2.300098219475044	
4.921001651502533	1.1468463194773415	-3.4535265180971475	0.7472381668945962	-4.018102289359784	-2.4134834051325846	
6.148914093357567	1.2065578208437475	-3.4447014639581433	0.7928301649039775	-4.2585039212673745	-2.5119801507527098	
7.469998664063018	1.2361419095006212	-3.3308548887500082	0.835745517507177	-4.483566856496122	-2.5953346007097924	
8.858952978523131	1.2354648268017274	-3.106844454055962	0.8797062892078624	-4.690871650720563	-2.6634866793115295	
10.286916997271385	1.2062922316195261	-2.768566002793896	0.9282077305508502	-4.877412184803567	-2.716507040234388	
11.722126153548416	1.1517909038809184	-2.3134031562796804	0.9841345199584062	-5.039574629531917	-2.754525258266439	
13.130883325668718	1.0759059959462831	-1.7408429650029478	1.0494314236803426	-5.173170263740932	-2.777653032829375	
14.478812580511951	0.9827888413327176	-1.053152116331887	1.1248812629105993	-5.273533126452035	-2.7859082416307244	
15.732329440839042	0.8764052334480116	-0.2560554961719932	1.2100035173456893	-5.3356910951004	-2.7791491932032746	
16.860254041687607	0.7603505494959719	0.6405737032913486	1.303053903879922	-5.354611428570428	-2.757030699050199	
17.835481166970045	0.6378116772670401	1.6220016033815374	1.4011033644449684	-5.32551329543392	-2.7189950755469487	
18.63653888235935	0.5115805287840703	2.6679772051238797	1.5001825007335583	-5.244215870307706	-2.664305842970133	
19.248944515588605	0.38402282646400826	3.7522338883153123	1.5955047845868249	-5.107517710337024	-2.5921351701265647	
19.66588193960737	0.2569929002043708	4.842462750516003	1.681747149738028	-4.913494004869324	-2.5016799502324223	
19.888807921588704	0.13166858126666622	5.900542185117535	1.7534738962096188	-4.661901695437971	-2.3923489571892618	
19.926323458810565	0.0085658297903486	6.883905641956558	1.8055102684795152	-4.354197500365905	-2.2638785992342303	
