19.78603440778804	-0.385889979230455	7.1752840415780765	0.6807445599480236	-3.632309505213212	-1.9430839058327831	
19.445152688425527	-0.8740247269779219	7.701144341754389	0.6623392456640409	-3.188117018956226	-1.7569428640126346	
18.95968157285509	-1.310570105043495	7.956169346646766	0.6493779514906839	-2.7048058116751212	-1.5534820636178788	
18.362197888526655	-1.6739126885938675	7.907548683539955	0.6407115958107668	-2.194075676192045	-1.3362392353925936	
17.686975320344345	-1.9463361135169228	7.540842096133564	0.6347105600769313	-1.6691397680816105	-1.1095517873039686	
16.968246975851027	-2.1157411702921207	6.864306151981798	0.6292419112454153	-1.144112038937579	-0.8784934150247964	
16.23836589739919	-2.176798091398903	5.910136580052795	0.6218401288754317	-0.6330498209062365	-0.64864154713487	
15.526388526972044	-2.1314912443961034	4.7341440432658155	0.610039372733445	-0.1490228047082311	-0.4257950244689228	
14.856822488374306	-1.9886435805826617	3.4126133078976895	0.5918282932384734	0.2968127634331872	-0.21560964482293812	
14.248594811890769	-1.7624676742734073	2.0365431239033476	0.5660844253657029	0.695955795338959	-0.02321612412556543	
13.714179414779457	-1.4703625729656735	0.7032710272148623	0.5328563666946715	1.0430161838722118	0.14713297242794654	
13.258935055448442	-1.1303723720396555	-0.49385332012822925	0.4934107100163849	1.3357961531823765	0.2923346272060028	
12.880845168232847	-0.7588265991944271	-1.4763763052955332	0.45003630286186064	1.5749842568851669	0.4105936299119825	
12.571002055224687	-0.3687723276498231	-2.1900774537557295	0.40566026363047797	1.7635356610423107	0.5014644869511579	
12.315125454779155	0.03026180962475186	-2.6104514168224973	0.3633662910753556	1.9058913463093086	0.565801157205838	
12.096064786371619	0.43105384415792036	-2.743046169872569	0.32591223763413074	2.007214356761112	0.60564266090136	
11.89678381233791	0.8266105343582985	-2.6191284373132904	0.2953242578436919	2.0727776446529207	0.6240381330440283	
11.70308923147325	1.2082937064318637	-2.2885335803509563	0.2726095111119446	2.107556379435053	0.6247901612092415	
11.505484752996859	1.5650605751439985	-1.8117648508718238	0.2575982028336731	2.116010403653996	0.6121056621430531	
11.299878846049118	1.8840338632490967	-1.2526946404404102	0.24892257108051757	2.1020156181621408	0.5901870749372882	
11.087226694577856	2.1519732359661554	-0.6723881827686082	0.24415997973631753	2.0689031374713283	0.5628328340577774	
10.872376093105458	2.357052249892012	-0.12416844983110659	0.24016917526174217	2.0195691234565287	0.5331173411097169	
10.662448044368622	2.4905295760014083	0.3499291198827835	0.23360264658977276	1.9566141986026881	0.5031984163178458	
10.46510183532663	2.5481228436671057	0.7211093174858944	0.22151183462384036	1.8824702534409568	0.47427297291875664	
10.28701739913681	2.5309938176329223	0.9741448095559245	0.20191712155723981	1.7994860781208433	0.44667637367443747	
10.132837814644724	2.446253014786714	1.1063380473634827	0.17420729779648783	1.7099655715568602	0.42009749304524563	
10.004663422239918	2.3068531911900996	1.1255503944738807	0.13926191588985698	1.616167919567814	0.3938632359100842	
9.90204174158662	2.1307248824346097	1.0477082736997079	0.09925057390963532	1.5202810394378496	0.36723747623550607	
9.82232064599773	1.9390745334420778	0.8940853991866936	0.057147067519130464	1.424374169369697	0.3396806723329364	
9.761239263555824	1.7539491790413135	0.688581103537927	0.016081259663859756	1.3303336892926743	0.3110267819923901	
9.71366892513389	1.5954262754426747	0.45518805850289545	-0.021296055025371186	1.239792263241941	0.2815530320421508	
9.674421300617144	1.478988505183136	0.21583421649205212	-0.053267667798282084	1.1540693624061953	0.2519425927101303	
9.639008281445395	1.413660491532474	-0.011233865922385178	-0.07922524219696692	1.074142087981408	0.2231631071728581	
9.604218530199015	1.4012839246423296	-0.21240966924507343	-0.09956557735987309	1.0006557895928512	0.19629807438837535	
9.568407652586597	1.436994697097464	-0.37900692457400287	-0.11538877486608459	0.9339700164991105	0.1723708456739042	
9.531472560251178	1.5106909340602428	-0.506955870255004	-0.1281117056779657	0.8742254145236383	0.15219538776737485	
9.494555663024686	1.6091326888311637	-0.5960852984340469	-0.13909830343093085	0.8214150299429046	0.13627729977895806	
9.459569389501228	1.718283335574915	-0.6491622575924666	-0.14937879099745566	0.7754465755228639	0.12477651035256415	
9.42865374794175	1.8255020966968363	-0.6708411943473943	-0.15950288832210455	0.7361861789887946	0.11753097468854651	
9.403684306074092	1.921218241463844	-0.6666626618778124	-0.16954372614692648	0.703478808774817	0.11412931735876111	
9.385930500249115	1.9998003093346393	-0.6422295767203252	-0.17923386138839778	0.677146381680563	0.11401173934514934	
9.37592149175918	2.059507976160933	-0.6026499514857586	-0.18817805200398088	0.6569704725763357	0.11657500184811492	
9.373518240040406	2.1016481790964776	-0.552265918217668	-0.1960651117055576	0.6426703464882589	0.1212599744740863	
9.378135279175508	2.129265332564829	-0.4946164469263947	-0.20280685632813356	0.6338870273971544	0.12760784240327297	
9.389022232515634	2.14579077701313	-0.4325378897694783	-0.208565819649299	0.6301804301717359	0.13528081830181185	
9.40551196854802	2.154023692903906	-0.3683058696082652	-0.21367978880740193	0.6310410782867638	0.14405226650296507	
9.427166377927465	2.1556485130945293	-0.3037530629292074	-0.21852907699737173	0.6359130379300754	0.15377744750134695	
9.453791177326726	2.151289502440482	-0.24033722069834798	-0.2234070813898844	0.6442221139010947	0.16435839037887148	
9.485334502189556	2.1409379839355482	-0.17916495328121818	-0.22844395487914465	0.6554034771239051	0.1757144774890981	
9.52171801193175	2.124507900500494	-0.12099398964043398	-0.23360532855083188	0.6689250509478578	0.18776536714557596	
9.562665407550206	2.10228997146878	-0.06624088638430907	-0.23875588004799744	0.6843058811943012	0.20042717089211123	
9.607588439184774	2.0751616124216987	-0.015013603534908245	-0.24375348257665716	0.7011310537264043	0.21361847266951708	
9.655567266087207	2.0445268329664055	0.03282793569265267	-0.24853264623222654	0.7190656785559166	0.22727092519604183	
9.705432003698437	2.0120564732042503	0.07759678409804104	-0.25314644417177656	0.7378697724837734	0.24133965212044803	
9.755926575943244	1.979347449344897	0.11970991612280693	-0.25775656736622365	0.7574141971161588	0.25581058896141173	
9.805921405584456	1.9476177174037672	0.15963829818333838	-0.26258151108004696	0.7776959882541584	0.27070418714317185	
9.854638713568916	1.9175171403912077	0.19787459558723258	-0.2678249947007464	0.7988502438674451	0.2860765778473015	
9.901859238811399	1.8890865098738197	0.2349072834365998	-0.27360816796548904	0.8211555829663454	0.3020196905095522	
9.948087148553226	1.8618562677694817	0.2711906477444307	-0.2799232641303689	0.8450308556835251	0.3186610251592726	
9.99465804579421	1.8350494903765555	0.30710702119958266	-0.28661849926612526	0.8710217919310138	0.33616252812132863	
10.043782624564672	1.8078377354622033	0.3429220173277359	-0.2934173497944691	0.8997772398859436	0.35471716457903735	
10.09852549080566	1.7795919042046868	0.3787309368540359	-0.29996962767108365	0.9320155146253541	0.3745417292237668	
10.162724190170485	1.7500774017306373	0.41438825438247934	-0.30592602585594547	0.9684823352901798	0.3958650439762755	
10.240856344133897	1.7195649065376675	0.44940962719399424	-0.3110232286819098	1.009902953984777	0.4189115931627195	
10.33786272066906	1.6888545037584193	0.48284089794588525	-0.31516581773869795	1.0569321299779393	0.4438816320163667	
10.458932424433918	1.6592268881915317	0.5130978985824959	-0.31849419515770405	1.110106226910972	0.4709298004415241	
10.609254449085427	1.6323391264656661	0.5377913628121511	-0.3214311085012024	1.1698019302318063	0.5001451344729355	
10.793739264474716	1.6100871814300213	0.5535632640317056	-0.3247010376137175	1.2362056872274676	0.5315356648346609	
11.01671624939899	1.5944670493253916	0.5559750985090502	-0.3293180467850865	1.3092967304851617	0.5650202614409944	
11.281617214926934	1.587471897699168	0.5395031241869557	-0.3365406719184219	1.388844709308674	0.6004292766101613	
11.59065439757678	1.5910563897887402	0.4977041663111673	-0.3477974563489094	1.4744203407234784	0.6375138937729213	
11.944487086785454	1.607179499511159	0.4236094090591301	-0.3645919521055701	1.5654144387121187	0.6759619865889589	
12.341853584464014	1.6379017457897689	0.31037127687657684	-0.38840001307436545	1.6610579976836588	0.7154160899641275	
12.77914530641728	1.6854650000392746	0.15213424611021162	-0.4205731424673144	1.7604350036927503	0.755487594232741	
13.249929954520171	1.7522462632004898	-0.054952227502034094	-0.4622563204878338	1.862481230279525	0.7957612395042051	
13.744479588257212	1.8404868973596407	-0.31169233537589874	-0.5143168117292162	1.9659660508421897	0.8357856337190591	
14.249402445082607	1.9517704558013416	-0.6149011628580275	-0.5772685805041975	2.0694587622415708	0.8750486652449978	
14.747497440565153	2.086330203557342	-0.956694863011406	-0.6511750677297253	2.1712846200905718	0.912940810066753	
15.21794418993926	2.242362538408187	-1.3241519781014603	-0.735526036329028	2.26947828183554	0.9487134330320194	
15.636912304526254	2.4155600696972406	-1.6994758069921532	-0.8291074999943872	2.36174408200069	0.9814420410717806	
15.978625923231284	2.599037324053856	-2.060757644354737	-0.9299062276794521	2.4454340852744902	1.0100054008587849	
16.21685771716551	2.783718788437798	-2.3833864935827713	-1.0351001452946467	2.517556042642976	1.0330905785630362	
16.326754981897288	2.9591391946851497	-2.6420718541091146	-1.1411775346242155	2.5748233157840827	1.0492315865041189	
16.286830083229084	3.1145054409972746	-2.813335047019823	-1.2442007770161296	2.6137554076401477	1.0568845956230066	
16.080901549534527	3.2398100639884437	-2.8782031351464377	-1.3401927816874488	2.6308315160619236	1.054535845369988	
15.699749730922495	3.3267646808781004	-2.824725267584533	-1.4255840883106523	2.622691420996717	1.0408302969621808	
15.14225995789256	3.369346470244143	-2.649865066629342	-1.4976256305050935	2.5863688466403723	1.0147017561459641	
14.415878320978207	3.3638406947803254	-2.360356100835177	-1.5546598978479582	2.519533348064148	0.9754815023020422	
13.536303362481295	3.3084189905378234	-1.9722738747077002	-1.5961629024421915	2.420709203889041	0.9229645541600742	
12.526457231634097	3.202473523475061	-1.5093536508442975	-1.6225248270623924	2.289436341212157	0.8574208867170364	
11.414884737009563	3.046041403096418	-1.0003788951962338	-1.6346179669886758	2.126341750319294	0.7795508399837722	
10.233798230476536	2.8396197008023845	-0.47617458316143785	-1.6332769305335217	1.9331017344907766	0.6903954469938165	
9.017019099201013	2.5844882989786	0.0332035023643377	-1.6188500503827399	1.7122949633486058	0.5912196280933147	
7.798057329978944	2.28342153278068	0.5006074458486446	-1.5909525988137363	1.4671696059995458	0.4833878700486862	
6.608510124663995	1.9415052594193174	0.9030520526196756	-1.5484771119945482	1.2013673153912336	0.368249770257747	
5.476865758858638	1.5667510094083978	1.2222017813367594	-1.4898327732758625	0.9186544659061071	0.24704901484752456	
4.427717444146418	1.17029092907407	1.4444542635287667	-1.4133281427855124	0.622703563358116	0.1208646794477329	
3.4813561301467115	0.7660698989668747	1.5610354782395999	-1.3175916061109674	0.3169492500425023	-0.00941169879510597	
2.6537025635133578	0.37006377387717193	1.5683450253262428	-1.2019351674856	0.0045212120419896515	-0.14306441783914858	
1.9565144968261179	-0.0008497929526515915	1.4684662800378228	-1.0666014763837164	-0.3117650033619673	-0.27951200005952237	
1.39778965234248	-0.3301606310940666	1.2694631057905366	-0.9128807914487369	-0.6293913575834822	-0.41824442262822226	
0.9822942566365487	-0.6029040214695625	0.9850556557470462	-0.7431225815735859	-0.946123457952599	-0.5587529142975144	
0.7121541650457303	-0.8065917509691617	0.6335362115518507	-0.5606757185229818	-1.2600091756941318	-0.7004682507764466	
0.5874344477086284	-0.9318728967758755	0.23610743383164348	-0.3697740975862682	-1.5693799561778006	-0.8427198636896825	
0.6066250528920352	-0.9729947482875176	-0.1850324969752564	-0.17536486224257483	-1.8728401060189235	-0.9847206851663644	
0.7669761883052764	-0.9281388323337186	-0.6085645963856613	0.017129626342560794	-2.1692393180131306	-1.1255761692921014	
1.0646882440677754	-0.7996419795458599	-1.015659073592428	0.20211863391251378	-2.4576355188401386	-1.264313013924471	
1.4950173791493115	-0.5940366052802193	-1.3911329170761935	0.3742082413982802	-2.7372568548945715	-1.3999224910126007	
2.0523624163016696	-0.321814234558742	-1.724002502595326	0.5285977954148698	-3.0074633928509464	-1.5314121027738594	
2.7303471704089914	0.0031467066312257626	-2.007356373904667	0.6614656089822645	-3.267700167817696	-1.657856566731254	
3.5218510259365585	0.364465986325422	-2.2375906499409055	0.7702955381601562	-3.517431201150889	-1.7784368488569586	
4.418921557264166	0.744355908836236	-2.4131617560859535	0.8541001078616992	-3.756049347501618	-1.8924567850982794	
5.412538646479954	1.1247798010041865	-2.5330780917698585	0.9135068991829078	-3.982765028205022	-1.9993315478713274	
6.492257185016676	1.4885353743895962	-2.5953746776822775	0.9506893579050043	-4.196483616300691	-2.0985489645789457	
7.645791486196775	1.820149880057709	-2.595822755597788	0.9691389495361289	-4.395684606066548	-2.189610433983137	
8.85859893463747	2.1064997960239467	-2.527120703337348	0.973296310760633	-4.578315209693647	-2.271961016933859	
10.113499376037472	2.337099026703099	-2.3787741663893485	0.9680804631909987	-4.741709455811708	-2.3449183973660985	
11.390366050669048	2.504060663818092	-2.137785537740834	0.9583772022074419	-4.882543327024322	-2.4076100658721544	
12.665958246879045	2.6018307829707767	-1.7901411089988568	0.9485605260368548	-4.9968372465276	-2.4589279011883827	
13.914015802386045	2.6268732462548177	-1.3229478437576438	0.9421137773759423	-5.080018397033935	-2.497508269998319	
15.105762163726471	2.5774947173258784	-0.7269704274547847	0.9413897665322091	-5.127055660250823	-2.5217430970653743	
16.210929647694652	2.4539206848918678	0.0007384186898282061	0.9475140089347605	-5.132675929975215	-2.529823572981228	
17.199337982784154	2.2586102492993034	0.8544352388794346	0.960409852286332	-5.091664750436687	-2.5198168528618963	
18.042890031226367	1.996681862930538	1.8178385695696617	0.9789155560509227	-4.9992335064096105	-2.48977295568457	
18.717811540136974	1.6762859335401348	2.8630659825275866	1.0009728354691252	-4.8514490539542665	-2.437868132938564	
19.206586447313736	1.308714212847375	3.9506811051834636	1.0238674521018225	-4.645637913235692	-2.36256134284527	
19.49980682083461	0.9082489742737684	5.0306676233084255	1.044530866793707	-4.3808743162685735	-2.262804913357828	
19.596484621032623	0.4915201441785373	6.045070339513577	1.0598498845229434	-4.058201305618652	-2.138181277173576	
