18.35029773011605	1.557122654697081	6.387119039687981	2.1306631613835094	-3.82838198284318	-1.566675382272038	
18.005209128034863	1.5377131526957766	7.135060832949442	2.145419325827259	-3.39959302739285	-1.463339635684232	
17.542212261297962	1.498494383867715	7.712216008528806	2.127136450468324	-2.930348339838766	-1.3431304693011472	
16.988838971372903	1.4307911112818807	8.0635732443425	2.0745843730198037	-2.431745052291488	-1.2074990593794528	
16.374620764148816	1.328838584174596	8.142380690120763	1.9895134808880495	-1.9164518441149583	-1.0589508041739648	
15.72964365666172	1.1916854855190477	7.917078548909231	1.876315999543374	-1.3981147281534883	-0.9010257614187103	
15.083067097445667	1.0240402162780762	7.3773573010801705	1.7412391186706015	-0.8905713831907349	-0.7381698521077399	
14.461793667073438	0.8357865269050377	6.538366839436407	1.591429302755677	-0.4069675583363849	-0.5755019618452963	
13.88928121803466	0.6403791319386892	5.442279574159222	1.434015688668447	0.04116275127070757	-0.418470071718464	
13.38450243635463	0.45271854940068107	4.156729802836885	1.2754296082188987	0.4447268939153681	-0.2724336822739808	
12.961025178367482	0.2871352014339112	2.769944398461044	1.1210249729358142	0.7976897821239145	-0.14222181986837254	
12.626201312666439	0.15586749470525063	1.3827020834826662	0.9749648972633623	1.097367083330302	-0.03172390718611087	
12.380495099008664	0.0681330999856485	0.09767388078325819	0.8402879222806576	1.3443278426272434	0.056433220528291236	
12.217098283324718	0.029723826201830412	-0.9926947369780866	0.7190698560791593	1.5419001394331926	0.1210802961309517	
12.122141124420729	0.04297636161725919	-1.8178282658762375	0.612621032383708	1.6953541296200456	0.16255195270119868	
12.075868968029008	0.1069167024310955	-2.3376991701536456	0.5216780267089395	1.8109215173491044	0.18259053220085336	
12.054937658121725	0.21736250994254133	-2.5463624750865046	0.4465499333862528	1.8948597265035945	0.1841354180390586	
12.035533138585176	0.36687340638082055	-2.469644402363931	0.38717143596323156	1.9527413480068287	0.17103228228633863	
11.996634577107425	0.5446752596036981	-2.1582084736024627	0.34302736428479963	1.9890514158974664	0.1476857648551027	
11.922670554955706	0.7368848599804598	-1.6783843916738954	0.31296432430642984	2.007069627268761	0.11866560466151678	
11.805064821095522	0.9273144770416761	-1.1029460521775625	0.29497818082623506	2.0089623886283925	0.08828121975782958	
11.642541876336399	1.0988746670625908	-0.502983854165452	0.2861199590577762	1.9960145427414562	0.06016470856994332	
11.440352832632058	1.2353716368704102	0.05881619983973147	0.2826510230961597	1.968950538399409	0.03692475802822425	
11.208707679810733	1.3234410164934955	0.5332639054699185	0.28048646141334665	1.9282935767018505	0.019934626370953022	
10.960739875461819	1.3543671822414698	0.8876747053378037	0.275839536532326	1.8746955984037614	0.009296739948032894	
10.710369558021789	1.3255034158287722	1.1064959687165352	0.265893026772682	1.8091734646815525	0.0039945478630336855	
10.470434753355017	1.2409891200534566	1.189817209009612	0.24930962638153695	1.733219369811009	0.0022065203026613335	
10.251346288809	1.1115568163615297	1.1504725499918573	0.22643871941110322	1.6487939199046404	0.0017236253783818422	
10.06033116819527	0.9534114947611249	1.0104518404618892	0.19915423621842504	1.5582320871534985	0.0003900366909647795	
9.901197125880824	0.7863218005539906	0.7971376986663836	0.17034903275614985	1.4640929297448937	-0.0035138966661723884	
9.774533195435144	0.6311335963369259	0.5397453865711711	0.14320019694102384	1.368978414346522	-0.011008448935460432	
9.678278528984004	0.5069853716590474	0.2662565151999284	0.12038788013031851	1.275345634212885	-0.022303921770178183	
9.608564901641705	0.42863490410085486	0.0010323370629636546	0.10347262806378558	1.1853393881184835	-0.03684403983775121	
9.560678060141457	0.40441045646729684	-0.2368042548302284	0.0925940120125498	1.1006721182373704	-0.05347575527522907	
9.529945935785417	0.43523429964258425	-0.4341835869151283	0.08655295317972218	1.0225698528642104	-0.0706969820433405	
9.512385688904804	0.5149081360795752	-0.5841245682863919	0.08321912716278906	0.951786075434803	-0.08692643064047366	
9.505022182199626	0.6315313350732219	-0.6851145113281911	0.08011618799077634	0.8886682878520135	-0.10074603871027267	
9.505887924604007	0.769704355644125	-0.740049809953863	0.0750141044852785	0.8332534061589214	-0.11108066696022222	
9.513787995676491	0.913101080159924	-0.7549687596467567	0.06638903509360246	0.7853692814660052	-0.11729545829483512	
9.527950165971673	1.0470044477781777	-0.7377562449314461	0.0536630201978735	0.7447254399673536	-0.11920613435964338	
9.547685129180032	1.1604089036819472	-0.6969474479237605	0.037188878788502626	0.7109823200888367	-0.11701188288747479	
9.572156723139578	1.2473073089344573	-0.6407342842060518	0.018002003928202975	0.6837942354806527	-0.11117386901965279	
9.600310916800987	1.3068834269607117	-0.5762591933380031	-0.0025787234783265288	0.6628275839972114	-0.10227177451935371	
9.630950686267763	1.342585805675648	-0.5092341438577166	-0.02337100153671784	0.647761579746041	-0.09087243034543575	
9.662895040522237	1.360403137297112	-0.4438501425860514	-0.0436335767949424	0.63828155972212	-0.07743732019779478	
9.695142153144138	1.3669175372412166	-0.382879929155766	-0.06316701953218978	0.6340729648323924	-0.06228196079012825	
9.726970376544482	1.367727006022296	-0.3278596062619531	-0.08220722048597227	0.6348185983367104	-0.045584795248595676	
9.75794421878789	1.3666037710103893	-0.27926641325615514	-0.10118598042642399	0.640196236126537	-0.02743127901917907	
9.787830020051494	1.3654301034058525	-0.2366618094629927	-0.120469391273534	0.6498712451676822	-0.007873358890277024	
9.816456231088734	1.3646834094401368	-0.1988115221089886	-0.14017175783598218	0.6634804633799127	0.013014253041971815	
9.84356644564574	1.3641193156696807	-0.16381353396128812	-0.16009608216687937	0.6806078774912753	0.03509376658334567	
9.86870790854847	1.363336866361773	-0.12926171973274897	-0.17979640846811826	0.7007571549352477	0.05814516961464724	
9.891183549460143	1.3620497867084371	-0.0924552209587008	-0.19871501384823634	0.7233288331017821	0.08186690860130225	
9.910081494649521	1.3600516086904357	-0.05064389477227716	-0.2163305414639338	0.747610354283691	0.10589122874651347	
9.924383521685707	1.356988680235594	-0.0012886125288825586	-0.2322619247045151	0.7727855474092918	0.12980829289567414	
9.933141245853204	1.352112000771424	0.05768640348170713	-0.24630005064803576	0.7979671010178659	0.15319464159329899	
9.935697826620308	1.3441556184987837	0.12766867451619546	-0.2583727958394695	0.8222516032798758	0.17564358964459842	
9.931926930235546	1.3314012293541362	0.20917515529728067	-0.26847494848515596	0.844792805520082	0.19679657003913267	
9.922460286252909	1.3118839587436126	0.3017226181097749	-0.2766012076614504	0.8648860618407723	0.21637482049428203	
9.90887715666235	1.2836353309526503	0.4037552516023345	-0.2827068404303306	0.8820559515129822	0.23421029033689864	
9.893829363992529	1.2448808456810552	0.5126317002366373	-0.2866975314424691	0.8961392452294177	0.2502735973420261	
9.881076237520215	1.1941883601601204	0.6246784466950673	-0.2884329290408755	0.9073553467041681	0.2646957639982624	
9.87541257110278	1.1306348859281217	0.7353223156057904	-0.2877267660369363	0.9163556184752586	0.2777798145693253	
9.882491717655238	1.054070815928589	0.839309354107891	-0.2843383543258051	0.9242425257617133	0.2899985671672907	
9.908567292379377	0.9655082675192815	0.9309985911315442	-0.2779660602924278	0.9325507001225447	0.3019762388980422	
9.960190859848025	0.8675777697593703	1.0047002424539617	-0.26826346545423413	0.9431852838447463	0.3144534516676317	
10.043904374861192	0.7649247536728504	1.0550190003256315	-0.25489899310274394	0.9583176115301646	0.3282374968780512	
10.165953647347042	0.6643840915251598	1.0771611441181803	-0.23767037649669795	0.9802433985312584	0.3441421373271296	
10.3320261034834	0.5747926510898678	1.0671640149301935	-0.2166693316257568	1.0112132626845103	0.3629233331042174	
10.546992902115344	0.5063715899174387	1.0220115029048378	-0.19247332063546757	1.0532491297322122	0.3852182481545892	
10.814624676322795	0.46970756914935985	0.9396169738925759	-0.16632521312425083	1.1079627248472115	0.4114944509545416	
11.13725822869153	0.47445758486344997	0.8186851366249115	-0.1402526313115551	1.1763937768375767	0.4420148576759718	
11.51541330827679	0.5279778660850147	0.6584988865291379	-0.1170807490489732	1.2588853487834983	0.4768219757961012	
11.947379793664169	0.6341182605317293	0.45871017190850244	-0.10030699172978141	1.3550112214272987	0.5157421320040281	
12.428803132945022	0.7924136590419738	0.21924320806696626	-0.09383041860956265	1.4635647813726078	0.5584066361161242	
12.952289704707834	0.9978401711353528	-0.05956398361524702	-0.10155601890398935	1.582610089143163	0.6042830532991641	
13.507048039602552	1.2411997761486877	-0.3764725268932403	-0.1269195192367092	1.709584860838296	0.6527070489348293	
14.078595027422018	1.5100701570718988	-0.7284883678879065	-0.1723990823605284	1.841435278164384	0.7029048666699774	
14.648597049200495	1.7901295064513527	-1.1097642467398947	-0.23909201858763524	1.9747579536086226	0.7539996057863467	
15.194968909724675	2.0665861611295004	-1.5105257825112046	-0.32642933236222216	2.105927174107002	0.805000675912296	
15.692378953155929	2.3254606259593533	-1.916360715531237	-0.43207647120174236	2.231194503288292	0.8547823556292066	
16.11327222721123	2.5545769722951412	-2.308178290590626	-0.5520370980870221	2.3467593749364504	0.9020617872671115	
16.4294255542334	2.744243437197682	-2.663032663923806	-0.6809536980514074	2.44881955541	0.9453891126113967	
16.61392138386433	2.8876593852332193	-2.95585181767767	-0.8125849685911668	2.5336165897511385	0.9831634648986988	
16.64331410634183	2.9810729866913754	-3.161945260239407	-0.9404213998149996	2.597492710267128	1.0136865199880316	
16.499699554092576	3.0236862799051494	-3.2599883600786868	-1.0583686214730494	2.6369727574021153	1.035257539095677	
16.17240145914499	3.017302279356955	-3.2350180444324863	-1.1613925490709465	2.648878475419197	1.0463004994003748	
15.659047681089039	2.9657248359370696	-3.080865355502469	-1.2460012850788296	2.630473804358008	1.0454997518722768	
14.965905573370527	2.8739431474347947	-2.8014601416540126	-1.3104515014370088	2.579628916900984	1.0319124425134643	
14.107467006424582	2.747180698136906	-2.410636614550886	-1.3546155425402944	2.4949791351131774	1.0050283828875342	
13.105395916609973	2.5899818232304246	-1.9304406582586908	-1.3795235997528643	2.3760461283243717	0.9647611886746125	
11.987032685618898	2.40560406045032	-1.3883698345676183	-1.3866865629865028	2.223287974542141	0.9113736301453724	
10.783667068729686	2.1959875860173454	-0.8142810035778152	-1.377380408730872	2.038055910735289	0.8453578734125397	
9.528768613078743	1.9624218574299184	-0.237740034055516	-1.3520973954696467	1.8224597927360804	0.7673010550239149	
8.256334883196633	1.7067597845584084	0.3136647713303489	-1.3103232057537983	1.5791761673977134	0.6777661828764776	
6.999483350556153	1.432776615402198	0.8149821994948105	-1.250695562916978	1.3112593614592303	0.5772105800487084	
5.789348083623624	1.1471837640208047	1.2439407822508959	-1.1714802509395503	1.0220204372897492	0.4659537175839551	
4.654237499012185	0.8599217040692878	1.5810388953059995	-1.0712096759373841	0.7150095837960215	0.3441966553075922	
3.618910827358572	0.583576458520996	1.8102326019358967	-0.9492893014664284	0.39407521791959993	0.21208871250833006	
2.7038572727414714	0.3320176989982488	1.9203228055314596	-0.8063916219229721	0.0634028622420825	0.06983308122373205	
1.924679794980052	0.1186417929056346	1.9065889099649558	-0.6445331852241833	-0.2725845699724424	-0.08218327467768306	
1.2919181477297244	-0.045180888379507275	1.771921102196853	-0.4668610006619992	-0.6095113650663051	-0.2432602308028247	
0.811588692066272	-0.1509319545654071	1.5269113577683757	-0.27729722717735955	-0.9434388697325347	-0.41228467316762585	
0.48634882788054845	-0.19293488155462885	1.1888898071736194	-0.08022002158926425	-1.2712074690291668	-0.5876798979629724	
0.31685733472233557	-0.16786042373717547	0.7802802757079127	0.11971997592319195	-1.590612106037725	-0.7674073652963967	
0.3028843880214932	-0.07427294837126036	0.3266826174946157	0.31766054676993316	-1.9003858695084923	-0.9490126416792	
0.44394180056951593	0.087431169821651	-0.14506198181458155	0.5085474054450494	-2.2000386533469993	-1.1297070706251335	
0.7394109712545036	0.3146671394355314	-0.6086840851784724	0.68719731018497	-2.489623232406222	-1.3064833664302014	
1.1882550661208695	0.6021107214219505	-1.040064764081823	0.8484543518685783	-2.7694951596555994	-1.476267396423461	
1.7884598520615365	0.9412522990220857	-1.4184399525174045	0.9874462689408979	-3.0401087830883142	-1.636103228764025	
2.536363879012916	1.3202934806909585	-1.7270731308268372	1.0999167888580246	-3.301856216462807	-1.7833559703845356	
3.4259886198630043	1.7245017928084645	-1.9532987001116213	1.1825934463816192	-3.5549257159710144	-1.9159052618082277	
4.448402689637558	2.1370099201527086	-2.087981643586155	1.2335407690934586	-3.799147907119987	-2.032299101307888	
5.591128634224051	2.539932691394654	-2.124592188267968	1.2524416719102849	-4.033813095215993	-2.131844002893982	
6.837634625147161	2.9155888698574586	-2.058190029600601	1.2407462552453727	-4.25746761356578	-2.2146176262113437	
8.16699040089543	3.247564306686224	-1.8846404261594165	1.2016340173540385	-4.467719544123058	-2.2813976812422263	
9.553774264345831	3.5213758200917025	-1.6003302134709572	1.1397685644339905	-4.661095901015648	-2.3335063074214255	
10.968304460498452	3.724646799535221	-1.2024896075238114	1.0608859511658268	-4.832990644743281	-2.372577306647611	
12.377245677188425	3.8469509495191074	-0.6900097500367146	0.9713114242648453	-4.9777307135144255	-2.400266309322288	
13.744621319861263	3.879653415240971	-0.06451927510419493	0.8774963622090225	-5.088774587489226	-2.4179375097645806	
15.033251215496655	3.8160346153278546	0.6684680916709728	0.7856114980450097	-5.159045757731114	-2.4263709213240547	
16.206605327435586	3.651761596111692	1.4983826621306742	0.7011819903857689	-5.181386198499035	-2.4255383025029964	
17.230987019355236	3.385556830138313	2.408392506011279	0.628748365936517	-5.1490946028062465	-2.414491744957377	
18.077839847313765	3.019840534156152	3.3742538458872158	0.5715732981488998	-5.056496241089671	-2.3913945206550733	
18.725900347585963	2.5612037465924695	4.3634886148462355	0.5314431066424103	-4.899492675369107	-2.3537042599158653	
19.16284098104178	2.0206624130890303	5.3352814418908805	0.5086177512561876	-4.676030605234702	-2.298487669190128	
19.386244563368656	1.413775468109605	6.241404042537104	0.5019376787498664	-4.386486782291636	-2.2228335978587532	
19.403542373670767	0.7605358249245697	7.028383819635147	0.5090781964946621	-4.0338789533653	-2.124281365289338	
