18.967908791628027	6.31311042537931	2.2060616110862625	1.5489740179117362	-2.4573460348186837	4.040137639187007	
18.835718298738403	6.542231350384326	2.4270157088905058	1.5859634312375894	-2.440876939351498	3.982795395023074	
18.620392757090862	6.794064644239216	2.676882071145805	1.6182645379796061	-2.4126213323478343	3.915183574548549	
18.324221964424375	7.069549255898787	2.952914093360037	1.6443198198094164	-2.3712572882917566	3.8357277836139176	
17.95150357338996	7.3674832369899	3.251348810477985	1.6622397869150307	-2.315723092949626	3.7425146466847856	
17.50894314798895	7.683823398974999	3.567289207205162	1.6698408571240027	-2.245321361369299	3.6332964531522496	
17.005408146723607	8.011781470708215	3.8949426843325505	1.6648640537624908	-2.159742796782811	3.505666144448126	
16.451949129755636	8.341986673532322	4.227698111407001	1.6451752167704037	-2.059093963832584	3.3572268418503306	
15.86165185767889	8.663079268518528	4.558258822881143	1.6089983736404818	-1.9438844224609693	3.1858226870942414	
15.249410997298716	8.96257921835691	4.878773731823339	1.5551270977074014	-1.814985779464168	2.9897893869259864	
14.631514965550677	9.227977354188079	5.181020423807541	1.483091213889588	-1.6735594052854466	2.7682053730609066	
14.02502376699479	9.447873807694908	5.456658271922865	1.3932531999756965	-1.5209640791518926	2.52110732429762	
13.44696747279602	9.612997034422099	5.697562403608444	1.2868264756963448	-1.3586587074289023	2.2496441568932504	
12.913441957816643	9.716956445863428	5.896230441019442	1.1658122522157663	-1.1881150700715883	1.956145231365671	
12.438717763277777	9.756628945420431	6.046229555254945	1.0328617123452697	-1.010754442228304	1.6440874271703525	
12.03447843990501	9.732159092044618	6.142634438495873	0.8910799186554209	-0.8279167167385276	1.3179572452930386	
11.70927160802919	9.646635216640869	6.182402458841066	0.7437949288119768	-0.640863523123432	0.9830165235647739	
11.468213169819824	9.505551043436526	6.164636229505283	0.5943180352233116	-0.4508100127608177	0.6449895463283173	
11.312964853370366	9.31616304988579	6.090681731341581	0.4457250816397265	-0.2589735673036293	0.3097036256201746	
11.241927585120825	9.086845535235073	5.964061596622603	0.30068220314207234	-0.06662422725462253	-0.01727330660689102	
11.250602617193742	8.826484198512862	5.790251574794904	0.16132852690736926	0.12487586628745798	-0.33096507011264736	
11.332068279184059	8.54394026710184	5.576323707020254	0.029222118591539142	0.314053798776547	-0.6272598713772503	
11.477519957517753	8.247615960531482	5.330492375796857	-0.09465279887833339	0.49933376695365556	-0.9031008828880261	
11.676829468063746	7.945148148287346	5.061604854896743	-0.20982750510602519	0.679072917154839	-1.1565821361426851	
11.919094503615797	7.643243967244624	4.778616280017559	-0.3162563468517582	0.8516228306625342	-1.3869484064013546	
12.19316462111495	7.347656761403882	4.490089730519278	-0.41420938172337596	1.015410552302279	-1.5944997233836429	
12.488128351307955	7.063262152136702	4.2037652733087345	-0.504173159782788	1.1690285798521458	-1.7804213875196286	
12.79375890408974	6.794172308600349	3.926221773774685	-0.5867742772631839	1.3113239428441459	-1.9465675392924202	
13.100913091298207	6.543834518064568	3.662647814892043	-0.6627298799616275	1.4414768563482883	-2.0952220922598896	
13.401870478599935	6.315075539796704	3.416728683059948	-0.7328218549753781	1.5590604453922512	-2.22886221658233	
13.690596388394509	6.110079346209064	3.1906451338090207	-0.7978851750090681	1.664074998395777	-2.349946412873483	
13.962914305753985	5.9303126130143955	2.9851685121042175	-0.8587980202803268	1.756953104288889	-2.460743475562907	
14.216573462970537	5.776433326384124	2.7998320099270124	-0.9164621523136138	1.8385339201396518	-2.5632123963784252	
14.451193541329529	5.648228021236191	2.6331545872094853	-0.9717672549040453	1.9100069258514507	-2.6589392163686516	
14.668098700149967	5.544597364759701	2.4828809037986277	-1.0255402504254187	1.9728336953284897	-2.7491243304275765	
14.870042289883322	5.463592034826106	2.3462201395266873	-1.0784845359292436	2.0286538681196675	-2.834611275406707	
15.060830495627767	5.402485858218354	2.2200740581945517	-1.1311159670972162	2.0791822311025197	-2.9159466251619874	
15.244863507545938	5.357869003304499	2.101252871975937	-1.1837024165421421	2.126103721283413	-2.9934594737399207	
15.426623643613715	5.325750261859141	1.9866832818832034	-1.2362126866088508	2.170972370545576	-3.067348831766036	
15.610147340630622	5.301669317709384	1.8736146902633097	-1.288278902239738	2.2151186332880304	-3.1377680062541193	
15.798535096037085	5.280832894237638	1.7598181502554744	-1.3391786616678605	2.2595712128625705	-3.2048955030064725	
15.993559844282268	5.258284103355046	1.6437584211116645	-1.3878398793271582	2.304998118349843	-3.268983142690256	
16.195413245792317	5.22910727007131	1.5247133267987774	-1.4328691538297464	2.351669354264756	-3.33037724365435	
16.40261448013524	5.188657241217288	1.402811982663591	-1.4726043968312312	2.3994448107117927	-3.389511937663624	
16.612080478303234	5.132786608230307	1.2789749765358873	-1.5051895688031722	2.4477897552245245	-3.446877236144805	
16.81933094057051	5.058036245328541	1.1547599266852042	-1.528666653301076	2.495818337914699	-3.5029679974445505	
17.018783074397792	4.96175873603455	1.0321391471792514	-1.5410780048779134	2.542362619573096	-3.558222352515026	
17.204088306596244	4.842157925640204	0.9132543921223384	-1.540571594235619	2.586062364746505	-3.6129592653369067	
17.368465277976252	4.6982507476728275	0.8002057307968868	-1.525500498057158	2.625466229044406	-3.6673257076157846	
17.50499474829635	4.529790582128617	0.6949171953170217	-1.4945137939100246	2.6591316224895816	-3.7212586795024003	
17.606869908395485	4.337188243000804	0.5990913250156912	-1.4466403392292788	2.685713846681949	-3.774463621090772	
17.667607006705502	4.121454746325093	0.5142387744436303	-1.381368070143304	2.704036537841007	-3.826408038840347	
17.681229299307486	3.8841683792813484	0.4417470939774165	-1.298720176651697	2.713138783099014	-3.8763273817154595	
17.642437896580912	3.6274468859757807	0.38294272500581117	-1.1993257342546055	2.712298413339294	-3.923239753962232	
17.546776972421252	3.3538941439676715	0.3391060109932623	-1.0844780571736468	2.701034983379318	-3.965966683540163	
17.39078048770968	3.0664942326458426	0.3114221757274107	-0.9561636292970108	2.679096661285535	-4.003159845113054	
17.172087423100432	2.7684569177653673	0.30088512445581755	-0.8170497007908906	2.6464381845457647	-4.033332780676996	
16.88952153435185	2.4630405926566703	0.3081898342706137	-0.6704235907068716	2.6031950656027174	-4.0548976883653935	
16.543137858133093	2.1533874104510815	0.3336478056838133	-0.5200807927363593	2.5496566224533397	-4.066207487565044	
16.134245521131035	1.8424025117878247	0.3771457891474346	-0.3701670973410395	2.48623957680343	-4.06560242181867	
15.665417000505128	1.5326946229232636	0.43814820073398086	-0.22498622722354736	2.4134633397812024	-4.051460019217431	
15.140490394103296	1.2265756465122732	0.5157262982745168	-0.08878785026968733	2.3319280121551627	-4.022247436702168	
14.564559034130752	0.9261019280470124	0.6085915247171639	0.03444817999691937	2.2422960326754597	-3.9765754681603984	
13.943932294245627	0.6331339366642165	0.7151185210458232	0.14121157649462945	2.1452784793494253	-3.913252437939348	
13.286063267459584	0.3493947106893431	0.8333569088602453	0.2286339039432147	2.041626634438654	-3.8313380904382632	
12.599435922771438	0.07651690630456504	0.9610438507289394	0.2946255139735004	1.9321280106036078	-3.730196601465995	
11.893413604149051	-0.18393130346328201	1.0956279613433877	0.33797126097342167	1.8176056308665114	-3.6095468503596715	
11.178054257165849	-0.43045423681110123	1.2343073405140452	0.3583820930579	1.6989191955583751	-3.4695071477077586	
10.463893026236892	-0.6616857763636135	1.374075918440946	0.3565028240994471	1.5769669991223014	-3.31063095183313	
9.761678651414725	-0.8765079537165257	1.5117696451433955	0.3338797379662021	1.4526878503303076	-3.133930212780455	
9.08203764730735	-1.0742221130195932	1.644113341592867	0.29288721945060087	1.3270617618257983	-2.9408791632438303	
8.435054078932142	-1.2547305188616131	1.7677823717748027	0.23662311744568013	1.2011075051933482	-2.7333966910428327	
7.829780340558212	-1.4186641813293235	1.8795006460602508	0.1687774325936355	1.0758738231204206	-2.5138055389594514	
7.273736170979758	-1.567390064484385	1.9761885049855286	0.09347444224263492	0.9524206105255283	-2.284766060019505	
6.772483048192945	-1.702853966844537	2.0551566648475785	0.015088712044976188	0.8317874497005139	-2.0491841881290704	
6.329366185364672	-1.8272575066603127	2.1143227980066333	-0.061963432029991786	0.714949186652472	-1.810095386117548	
5.9454914710768865	-1.9426161636863282	2.1524129598253037	-0.13345291484516517	0.6027610066128253	-1.5705287340965768	
5.619968277615026	-2.0502912357810783	2.1690993799483866	-0.1955771590592872	0.49589915859496503	-1.3333587361500223	
5.350378130632177	-2.15062079855954	2.165031476454629	-0.2451862706603321	0.3948077066168301	-1.1011599411160182	
5.133357130054962	-2.2427376077134	2.141754546076203	-0.2799750840695882	0.2996596193725517	-0.8760785100941652	
4.965182605214135	-2.3246127878550262	2.1015311925033853	-0.29861946802480643	0.21033919178479993	-0.6597339855211078	
4.842261043495209	-2.3933139594698143	2.047100885640462	-0.30083878762277966	0.12644957671415416	-0.45316240621800935	
4.76144560506003	-2.4454224694230007	1.981422331995776	-0.2873737732096233	0.04734535313180552	-0.2568073053584541	
4.7201560579690875	-2.477526279291952	1.9074405276867967	-0.2598786555258164	-0.02781354580991346	-0.07055911046833427	
4.716318645768074	-2.486697957487415	1.8279074816191654	-0.22073593898563101	-0.09999256859324132	0.10616249040258707	
4.748177947629784	-2.4708676481986545	1.7452716533638155	-0.1728099335811363	-0.1702054502350107	0.2742920744867657	
4.814059957185776	-2.429040035368797	1.6616304594694724	-0.11917443304997676	-0.23943875785639834	0.4349870376601845	
4.912152211122837	-2.3613526179333335	1.5787285983619002	-0.06284402131116794	-0.3085840723108092	0.5894962410543979	
5.040346786901715	-2.268997716134509	1.497984866493578	-0.006534448288305218	-0.37838227140442765	0.7390410163559707	
5.196171304367263	-2.154046044455599	1.4205324881423864	0.04752764476431233	-0.4493829899948474	0.8847182408524114	
5.376812673211678	-2.019211951997614	1.3472627775849255	0.09773313576413864	-0.5219207933347075	1.027431472156361	
5.579222541445086	-1.8675929808540161	1.2788669917825572	0.143153046756862	-0.596107984418617	1.167852149051414	
5.800284650186687	-1.7024047395647146	1.2158755802625163	0.18353436230227033	-0.6718439695399551	1.306410977941562	
6.03701519428548	-1.5267302428168108	1.1586935489597845	0.21923472148690168	-0.7488396111719028	1.4433164203120112	
6.286769927712531	-1.3432964455627372	1.1076282287238624	0.2511113803625018	-0.8266525634557247	1.5785927196047125	
6.547437922310393	-1.1542882957692817	1.0629059041292042	0.280375767669751	-0.9047310105236211	1.7121309954621569	
6.817603877325264	-0.9612127166335341	1.0246739655999852	0.3084271855714948	-0.9824625784236951	1.8437461384253002	
7.096663374867669	-0.7648237198861163	0.9929872673650417	0.3366802329460769	-1.0592249602684674	1.973232203916963	
7.384878639860084	-0.5651161313621709	0.9677802216099786	0.3664005836198728	-1.134434876400572	2.100409651073629	
7.683365810280019	-0.3613908114218155	0.9488294792965593	0.39856245409850544	-1.2075925779729435	2.2251589730572894	
7.99400436454519	-0.15239158034131745	0.9357187428486	0.43374343566065887	-1.2783186352802476	2.347436008499174	
8.319280383679944	0.06350485716450315	0.9278201487182103	0.47206419652581416	-1.3463819624463433	2.4672678837222555	
8.662079354059633	0.28806586590455097	0.9243065073801008	0.5131739552265607	-1.411719536375785	2.5847313233593163	
9.02545048067532	0.522968354697147	0.924203317118853	0.5562789650505724	-1.4744484589482731	2.6999169613451413	
9.412369724678843	0.7695738238279466	0.926478920625236	0.6002072504802466	-1.5348710099580452	2.812885151521998	
9.825527676224494	1.0287298346220535	0.9301589371391041	0.6435009369019167	-1.5934726276326308	2.9236198832059963	
10.26715992789632	1.3006078197551516	0.9344410686687776	0.6845280263443823	-1.6509116747233503	3.0319873428181663	
10.738927615272642	1.5845849192836718	0.9387789505937755	0.7216084232182032	-1.7079973730227502	3.137705783245991	
11.241841557838756	1.8791702797062815	0.9429061200010503	0.7531489842970381	-1.765652368816267	3.2403317939027576	
11.776208419093203	2.181964101024581	0.9467895944584993	0.7777863294703288	-1.824858021339818	3.3392637900062554	
12.341580878412872	2.48964745122076	0.9505192731337958	0.7945375480028448	-1.8865812329763676	3.4337623495725995	
12.936698317633446	2.798012106900072	0.9541571169721271	0.8029555477795555	-1.9516848529928834	3.5229853585802746	
13.559412939313889	3.10205267329942	0.957583414784822	0.8032804275264934	-2.0208271179391897	3.606034859881255	
14.206606523567043	3.3961503836895917	0.9603822488343866	0.7965720031281762	-2.0943586624322026	3.6820120560406964	
14.874114058855087	3.674375606450897	0.9618030492791174	0.7848022401217762	-2.172227826491144	3.7500771819979626	
15.556687064479105	3.9309101041433627	0.9608191729673271	0.7708748382678701	-2.2539104769709835	3.8095096037039644	
16.248011089104153	4.160545621579796	0.9562696640799002	0.7585561925239026	-2.3383733620548406	3.859763999594643	
16.940778501213153	4.359197400117404	0.9470529085986751	0.7523086895628939	-2.4240764798761987	3.900519078260033	
17.626801442256447	4.524360317522491	0.9323353944678993	0.7570284848294933	-2.509016485900403	3.9317144519366334	
18.297140917679478	4.6554399022201665	0.9117419444706135	0.7777032018504572	-2.590808960302922	3.9535709611137095	
18.94223138128167	4.753908224320245	0.88550334733579	0.8190162994016993	-2.666803913973064	3.9665900778832985	
19.551993291352964	4.823261713038029	0.8545496776039382	0.8849302299552467	-2.7342269133214185	3.971529241240808	
20.1159469111245	4.86877352861031	0.8205419239926389	0.9782907537126878	-2.7903368620317948	3.969350356390784	
20.623344137003887	4.897083175866118	0.7858427414247003	1.100506886298146	-2.8325829181296363	3.9611459617255718	
21.063363041031682	4.915674590667379	0.7534339010368816	1.2513086642071516	-2.8587602346858185	3.948045035477111	
21.425306905077385	4.932364091429114	0.726787431532104	1.4286922019043802	-2.8671132801608548	3.9311254185008644	
21.699031705899806	4.954697458021818	0.7096969000710684	1.6288103384772505	-2.8564942113257152	3.9112889721787503	
21.875105107591104	4.989689932363787	0.7060957972808365	1.8463759108484752	-2.826304761895096	3.889231840493477	
