13.495008050461152	-2.1412117651541203	2.135298648400429	0.5001370965923575	1.0650133541194355	3.2029908890080803	
13.482157447505527	-2.0302556007720995	2.0734219447900513	0.5928857653106726	1.0796650427129946	3.217514048090504	
13.426990133382187	-1.9152053048207356	2.0122400693201246	0.6709384774807101	1.093962146989139	3.2257536289698825	
13.331600059619124	-1.7996788872286327	1.95119697272087	0.7335004818985067	1.1075044875269395	3.2283736219846983	
13.198728267832102	-1.6870863402979301	1.8897892983280156	0.780160208800927	1.1199007230999474	3.225975382795086	
13.032238401987744	-1.5803840460779035	1.8276180710042145	0.8112128751265467	1.1307816186904827	3.219035497273682	
12.836511864626663	-1.4819397374235714	1.7643864935739768	0.8274514270426759	1.1398157134000388	3.207907073419364	
12.616185428880522	-1.393452964101338	1.6999127009745645	0.8300830184019061	1.1467161441645184	3.1928164237551924	
12.37591466618228	-1.3159260685329293	1.6341387077007692	0.8206332864580903	1.1512436834254545	3.1738670056085767	
12.120139360022641	-1.249663382429709	1.5671376250231657	0.8008381717107056	1.1532079647779212	3.1510476737685598	
11.852889242861117	-1.1943109812354777	1.499119902638583	0.7725349374819305	1.1524660142334526	3.124245397648833	
11.57767179003681	-1.148974618889386	1.4304260623416496	0.737556858315233	1.1489160112318053	3.0932678070892514	
11.297418207971349	-1.1123395740934372	1.3615175574522982	0.6976549555532784	1.1424914598723062	3.0578637515470244	
11.014461321789701	-1.0827993795019726	1.2929657523195055	0.6544313631374085	1.133155524409871	3.0177440474124535	
10.730559866657675	-1.0586099229009094	1.225435253151114	0.6092841770108516	1.1208950228860213	2.972604941347509	
10.446998531108846	-1.0380417628041443	1.1596585316427903	0.5633884635368046	1.1057144483314905	2.9221503325116025	
10.164694483453047	-1.0194991781799314	1.0964121857274782	0.5176938857002586	1.0876323038397944	2.8661093144072325	
9.884316162075688	-1.0016263361338191	1.0364918439663533	0.47293227081925876	1.0666788623378525	2.8042523300982816	
9.606429936279767	-0.9833979186557972	0.9806823964749877	0.42964154708830193	1.042895587100873	2.7364062182012576	
9.331646324082621	-0.9641523276361867	0.9297298189488883	0.38820994695296357	1.0163358877161606	2.662462017338271	
9.06073814569644	-0.9435965490668778	0.8843171860072503	0.3489161073551098	0.9870671237873914	2.5823798299705394	
8.794750150168987	-0.921792110474934	0.8450408864795437	0.3119688838082312	0.955173659371212	2.496192443219739	
8.535096861290096	-0.8991075605499069	0.8123871457842399	0.27754874416068837	0.9207609986862969	2.404006308767341	
8.283603922048242	-0.8761327345571157	0.7867198514816999	0.2458400083736994	0.8839586881142311	2.305996134207778	
8.042522003767584	-0.8535961211962091	0.7682721851574099	0.21704956517422286	0.844922733540606	2.202399746682743	
7.814521777407206	-0.8322768097239138	0.7571397393466008	0.19141702700203345	0.8038377983219527	2.0935127948623453	
7.602650574397643	-0.8129051525354698	0.7532783028772215	0.16921181001859645	0.7609181863508714	1.979681647330685	
7.410238110408615	-0.7960794826563746	0.7565131900179916	0.1507148067940903	0.7164053688234829	1.8612935099839103	
7.240796260989491	-0.7822028416787771	0.7665479419275538	0.13619331132068077	0.6705645422476251	1.7387680791777573	
7.097901368815926	-0.7714276186731052	0.7829732628438454	0.12586787617987144	0.6236798431408854	1.6125491479268739	
6.985043233756071	-0.7636168341578786	0.8052795467914066	0.1198681357585237	0.5760465585413003	1.4830945948791028	
6.905476449308643	-0.758347328328577	0.8328746820766254	0.11819282858468519	0.5279610816642692	1.3508656691085075	
6.862084271177617	-0.7549287195907831	0.8650988938236418	0.12067440409152021	0.47971082809408844	1.2163171840163454	
6.857232685613582	-0.7524378838537371	0.9012395096843356	0.12694355169694535	0.4315627311750801	1.0798868660921697	
6.892618265378024	-0.7497853105703257	0.9405486111866828	0.13640083062036001	0.3837498921114158	0.9419831996058169	
6.969169228570206	-0.7458064325904573	0.9822623330459416	0.1482150919089648	0.33646099787656875	0.8029754705183209	
7.086959829529947	-0.7393517760891587	1.0256189203075563	0.1613314518822653	0.28983129996331813	0.6631849798494542	
7.245123385106788	-0.7293880638530545	1.0698791959184966	0.17448925374161867	0.24393371368342706	0.5228760980585343	
7.441794528853089	-0.7151119754864895	1.1143520356960614	0.1862641952851074	0.19877230386003653	0.3822492299911806	
7.674133403428782	-0.6960380137859654	1.1584193390459507	0.1951337019353811	0.15428280080138082	0.24144069466704662	
7.938356019349003	-0.672068901143564	1.201561765514436	0.19954515435992506	0.11033497024713125	0.10052514479360045	
8.229773987550898	-0.643560549529458	1.2433894297787051	0.19799697532753743	0.06673709987547559	-0.040478984968792625	
8.542882427115673	-0.6113605847974161	1.2836760667546954	0.18913828122610085	0.0232463983931566	-0.18159627483579766	
8.871502036850972	-0.5767913589032495	1.3223830007798276	0.17185844143992837	-0.020415010470710274	-0.32287364554417597	
9.208910126617745	-0.5416171426824332	1.3596803076890396	0.14536819996069614	-0.06454392297448269	-0.4643578204056821	
9.547985390913471	-0.5079912210973345	1.3959674203541497	0.10928527372167006	-0.10943724323731999	-0.6060675520136911	
9.88139783878849	-0.478354592458807	1.4318800434625225	0.06370817435700032	-0.15536930428031206	-0.7479591720983008	
10.201817743443101	-0.45530064339741083	1.4682692489841125	0.009243614072861991	-0.20257191301700475	-0.8898962085354662	
10.50212334918687	-0.44144079257543356	1.5061698100533951	-0.05298034317094637	-0.2512172323974836	-1.0316223558350404	
10.775647144720335	-0.43925019462146975	1.546751639183744	-0.12131321059764189	-0.3014006696101569	-1.1727339137759598	
11.016468160345411	-0.45089342877723554	1.5912367188685133	-0.19362507184287034	-0.35312769902473506	-1.3126600802827517	
11.219664801366575	-0.4780840628962599	1.6407992523997805	-0.26739688189876337	-0.4063100378962824	-1.4506622499318158	
11.381549512514114	-0.5219659554634978	1.6964660924323336	-0.3398162665775975	-0.4607643168173673	-1.585840243227711	
11.499918885570622	-0.582996295552172	1.7590034584131433	-0.40789450188075493	-0.5162127488237476	-1.7171465907873036	
11.57423424462355	-0.6608689624221984	1.8288044752638484	-0.46862104690412437	-0.5722911488359845	-1.843420604778611	
11.605639037315724	-0.754512695318469	1.9058208522863829	-0.5191162193763926	-0.6285637958624558	-1.963436212930539	
11.596926804128492	-0.8621074709895704	1.989517712857668	-0.556771326425675	-0.6845382871916372	-2.0759510493353366	
11.55245326337559	-0.9811207767593553	2.0788452599668568	-0.5794002411772221	-0.7396828975372709	-2.179764710090448	
11.477884460307681	-1.108408160648042	2.172267345868482	-0.5853805522673078	-0.7934490469907204	-2.2737856021078913	
11.379834567609628	-1.2403597539356754	2.267848526040043	-0.5737403197059483	-0.8452933249042552	-2.357086431302733	
11.265512106990219	-1.373046041752211	2.363355468878323	-0.5442259843563497	-0.8946974364497794	-2.4289525038789312	
11.142320323488708	-1.5023895490901964	2.456388661043484	-0.49736325332051123	-0.9411896597716354	-2.488930879011546	
11.017414320039284	-1.6243787095726665	2.544558307383912	-0.43446154286169486	-0.9843651461713717	-2.536863509134498	
10.897348961775938	-1.7352698414778676	2.6256524116233546	-0.3575540643714904	-1.0238991243250344	-2.5728933473254347	
10.787799656080983	-1.8317728856712137	2.6977879355453815	-0.2693270479231166	-1.0595571197029154	-2.59746362808521	
10.693307073764723	-1.9112516493389322	2.759568877513523	-0.17302502805409095	-1.0912038827451263	-2.6113103799219286	
10.617133542089684	-1.9718906685179993	2.8102117545877165	-0.07229345105086492	-1.1188040706728581	-2.6154292815109574	
10.56126031246849	-2.012777067554546	2.8495983067713593	0.02899941417684927	-1.1424145056749657	-2.6110264526608256	
10.526423278042007	-2.0339510765971265	2.878296827621916	0.12693166859073818	-1.1621750084096731	-2.5994706831000305	
10.512187876970476	-2.036433531785475	2.8975538059709582	0.21771744371807134	-1.1782963296402134	-2.5822389087667195	
10.517132251343646	-2.022161498589243	2.9092005009637805	0.2979041476669757	-1.1910409300814222	-2.560849544258354	
10.539070794473378	-1.9938587717455465	2.915505928455896	0.3645247677161368	-1.2007027572613802	-2.536801839197566	
10.575256165681228	-1.9549015111096706	2.9190236379490075	0.41522660863829947	-1.2075892718210344	-2.5115223841496026	
10.622591376829684	-1.9091557115413336	2.922408386499319	0.4483982950791613	-1.2120028665762048	-2.486309161853093	
10.677855054841253	-1.8607571158298495	2.9282067587855796	0.46323782096407906	-1.2142236749634305	-2.462283606312641	
10.737875118833255	-1.8138957984540824	2.938687536992406	0.459752636091759	-1.2144982592339406	-2.440360561070378	
10.799659633212384	-1.7726176200294508	2.9557041662235854	0.4387420300998984	-1.2130316349106463	-2.421224268827793	
10.860506572772463	-1.7406078765684636	2.98056969651549	0.4017580870066917	-1.2099812565275296	-2.405305935608819	
10.918058823200022	-1.7209925515849565	3.013999975006252	0.3509926596960752	-1.2054569602848484	-2.3927807251877717	
10.97030563689283	-1.71620348308521	3.0561282429878025	0.2891347941460792	-1.1995253340081717	-2.3835796668418983	
11.01556642728253	-1.7278718095953576	3.106544947049052	0.21923242829613215	-1.1922150842088348	-2.3774027571708403	
11.052458455464844	-1.7567337783264612	3.1643687175267323	0.14453502750748864	-1.1835241701101307	-2.373735409913866	
11.07983841630999	-1.8026236603243402	3.228376835718888	0.06831361529457948	-1.1734302478796188	-2.3718817576155002	
11.096751164562301	-1.8645326390320471	3.29714115486095	-0.006291482209660342	-1.1619006690471012	-2.3710017161118717	
11.102395728275988	-1.9406824161676095	3.3691513071452377	-0.07640287884178691	-1.1489012872988205	-2.370145144129272	
11.096107583668836	-2.0286264844896844	3.4429419418424203	-0.13954019680291027	-1.134405354137995	-2.3682891343570223	
11.077359917463175	-2.1254204940759696	3.5172018828193745	-0.19371659924255086	-1.1184007816299255	-2.364381249664924	
11.0457834620861	-2.227797837829621	3.5908382829455694	-0.23748850644912303	-1.1008942270025541	-2.3573772019763846	
11.001199696309866	-2.332333956476241	3.6630154955045025	-0.2699892120745813	-1.0819135105742799	-2.3462746851540253	
10.94367232285445	-2.43562604328217	3.733173146117707	-0.2909513577876925	-1.061508630565419	-2.33014937925204	
10.873554378234838	-2.534469527429499	3.800998462876716	-0.3006721977462247	-1.0397493846196681	-2.3081853799762375	
10.791519204726288	-2.6259907887950997	3.8663771667185984	-0.2999527937673336	-1.016721400930496	-2.2796964523981655	
10.698584395848485	-2.7077580413979305	3.929339901869209	-0.2900345916933349	-0.9925218549643181	-2.2441446075278524	
10.596128706691399	-2.7778874751288676	3.9899975036020727	-0.2725224668457092	-0.96725432844668	-2.2011592012586463	
10.485867447607589	-2.835094154987426	4.048470135503597	-0.24927447866123636	-0.9410232603163136	-2.150543231192343	
10.369806364726154	-2.87870159805397	4.104834338051401	-0.22229784814341222	-0.9139299203965723	-2.092272194620021	
10.250189238512736	-2.9086392294448102	4.159083172529233	-0.19365291218598576	-0.886069498483877	-2.026492139282025	
10.129430252585037	-2.9254258396943222	4.211096376664229	-0.16534966897433748	-0.8575291112488077	-1.953516443125771	
10.010026848967694	-2.930096118033042	4.2606372816471	-0.13925140465983432	-0.8283879124513779	-1.8738094921261557	
9.894484184965952	-2.9241146439584758	4.307368751023785	-0.11700315888951077	-0.7987185142384587	-1.787967906911459	
9.785248850987688	-2.909291152545714	4.350878263508925	-0.09997116966623144	-0.7685889245087343	-1.6967027020377108	
9.68464400136722	-2.8876836506834596	4.390716795163954	-0.08918488201320675	-0.7380651959762388	-1.6008193216871356	
9.594826110495665	-2.8614832020150516	4.4264497370695475	-0.08531336153722317	-0.7072142324584365	-1.5011906442160083	
9.517764345055836	-2.832916992689694	4.457702893798612	-0.08866232660394857	-0.6761055340079566	-1.3987326804913005	
9.455229750047154	-2.8041624807673102	4.484205374346073	-0.09917704634528973	-0.6448120164387933	-1.2943822248108936	
9.408793101484944	-2.77726043199174	4.505833978369878	-0.11645247293810412	-0.6134095266610646	-1.1890728667164485	
9.379843555520996	-2.7540471613875233	4.522639332891227	-0.13977501885660412	-0.5819739854443207	-1.0837120340221877	
9.369606688306167	-2.736108078422484	4.534855164545236	-0.168167998211976	-0.5505769172266882	-0.9791627276430983	
9.379155739749246	-2.7247379503810305	4.5428988681412905	-0.20043618039808944	-0.5192796261934066	-0.8762267141159442	
9.409411966556151	-2.7209014685845174	4.547360217829472	-0.23521691185351817	-0.48812469909448825	-0.7756264380474703	
9.461133572312194	-2.7252199971809485	4.54896345182354	-0.2710444043551588	-0.4571267924313713	-0.6779928011142169	
9.534885458182561	-2.7379656665891936	4.548522309557479	-0.3064066236540816	-0.42626415014766866	-0.5838559665323473	
9.630989851114931	-2.759053723853664	4.5468905973536975	-0.3397995300286156	-0.3954700470485328	-0.49363588436601885	
9.749443274614174	-2.78803129526081	4.5448999138434765	-0.36978754901881405	-0.36462329390350695	-0.40763075322356446	
9.889825143901128	-2.824088914259919	4.5432942314284	-0.39505949414033276	-0.33354385246893636	-0.32601254652958006	
10.05120379847884	-2.866073619602305	4.5426741272627735	-0.4144752568895024	-0.30199193000439073	-0.2488232649344956	
10.232032395434192	-2.912501196643281	4.543443343160164	-0.4271114596086582	-0.2696691827728455	-0.17596973973781166	
10.430022265867171	-2.9615732053022725	4.545751315226805	-0.4323126089994991	-0.23622377942157424	-0.10721628732377655	
10.642072597196224	-3.011226143143599	4.549458759220115	-0.4297221034598835	-0.20126463292808333	-0.04218637720630906	
10.864236473251369	-3.0591893735348754	4.554116947275166	-0.41930331555544126	-0.16437896220810136	0.01963456404767266	
11.0917115898472	-3.1030542853224117	4.558953202040228	-0.40135754542365115	-0.12515350532144995	0.07889620065197928	
11.31888063877632	-3.1403735879572467	4.562866274710426	-0.3765370611485778	-0.08320417755553078	0.13637804483681884	
11.539482322967354	-3.1687855714860103	4.564461567087701	-0.3458218889439888	-0.038208398830025	0.19297173053540512	
11.746867615668696	-3.1861529986270956	4.562107445178564	-0.31048264367785683	0.010061655611880688	0.2496593160017368	
11.934286050576357	-3.1906971487603593	4.554001200267743	-0.272035238116998	0.061708840527922124	0.3074899295924759	
12.095250378686913	-3.181134780344413	4.538260326513965	-0.2321744750400312	0.11668404466486913	0.36754970927616093	
12.224379082137766	-3.156993819729351	4.513128516089488	-0.1926435460055262	0.17472599268800615	0.4308991391089302	
12.316962952865188	-3.1182525835452024	4.476941717883153	-0.1551914923156417	0.2354587865261926	0.4985770372893542	
