12.512058361371682	-6.994638846366021	4.479144457015641	0.7069010046165894	-0.2015181819442593	0.3978878270550808	
12.587567234643808	-6.882735985866414	4.395331250377971	0.7216974669262564	-0.15719325814902316	0.6371545497697698	
12.624998443453384	-6.783459652414233	4.30253452546995	0.7348948895858977	-0.10778768862582064	0.863276974646431	
12.629374097826144	-6.700079820205156	4.201247657134591	0.7512395058794311	-0.054868575405665476	1.073334414102742	
12.6070339995526	-6.634368496844317	4.09185142629124	0.7752232198716132	-1.6218165175663863e-05	1.2648454174144403	
12.565466817555771	-6.586322077794133	3.974784591308345	0.8108231296664858	0.05524868195092868	1.4358720468145643	
12.512497022612463	-6.554348833529347	3.850765732098523	0.8612751728396396	0.10956313564474504	1.5849997258997284	
12.45554943424756	-6.535313927925925	3.7208984371802885	0.9288810597362872	0.1618014477730436	1.7113638304855057	
12.400819055094727	-6.524707867016242	3.586695802804163	1.0148572350808058	0.2111429114753537	1.8146510295016494	
12.352570809456397	-6.5168596506651495	3.450006898801343	1.1192302670898666	0.25711482318595164	1.895102183956467	
12.31265111101359	-6.50524405624764	3.3128724998891586	1.2407875906754022	0.2996072753402472	1.9535065529149227	
12.280313896855649	-6.482886618319829	3.1773442423156633	1.3770994081296437	0.3388557372580148	1.9911828915741927	
12.252370562380047	-6.442849178494267	3.045306534150082	1.5246124959956677	0.375395795361152	2.009945413371978	
12.22363566208238	-6.3787670759488675	2.918327655932723	1.6788187390639906	0.40999491500051244	2.0120507301296113	
12.187604296431866	-6.285392669769653	2.7975554964942266	1.8344946161890638	0.4435678389855059	2.0001237963063154	
12.137269619695266	-6.159091126552568	2.68366274042308	1.9859999449654056	0.47708333861132945	1.9770632949521356	
12.065976677098446	-5.998233736772413	2.576838283299279	2.127617304201056	0.5114701044899074	1.9459292655350668	
11.968212607383224	-5.803443059271713	2.4768170904116675	2.2539089579512344	0.5475287445010095	1.9098177254599196	
11.840246890109018	-5.577653971102778	2.382940687911369	2.360065431478007	0.5858558777932898	1.8717282699048516	
11.680545671713265	-5.325966646429435	2.294241871717045	2.4422115778351103	0.6267869152784492	1.8344342771643265	
11.489941830884568	-5.055316951186794	2.2095450216218744	2.497647373666988	0.6703600876984928	1.8003641487509188	
11.27156614543003	-4.773994528899299	2.1275771921902957	2.525006574350605	0.7163035000924188	1.7715005043018206	
11.030564683157118	-4.491054705337906	2.047083429831837	2.5243221065253745	0.7640459434640022	1.7493037164928644	
10.773644764434627	-4.21568092078685	1.966937536874999	2.4969951905027328	0.8127505895946552	1.7346645721679006	
10.508503103180534	-3.956556797367133	1.8862379866642727	2.445673365971926	0.861368979097276	1.7278888478964682	
10.243194521747837	-3.7212995807112526	1.8043791527320612	2.3740504369290303	0.9087110612762095	1.7287139916666074	
9.98549786953617	-3.515996025542599	1.7210895444677734	2.2866043217410015	0.9535261103547729	1.736357264992929	
9.742340910798298	-3.3448757795859114	1.6364320240079306	2.188295073350889	0.9945870730450423	1.7495929302664337	
9.519326254140587	-3.210122534538862	1.5507707041087362	2.084251226991237	1.0307706718745642	1.7668496922266121	
9.320383566846425	-3.1118201591428396	1.4647118207016752	1.9794626225843055	1.0611274613265842	1.786322414508472	
9.147565071387776	-3.0480277980946346	1.3790284403480964	1.8784970538283803	1.0849366815796155	1.8060907883221258	
9.000990735681489	-3.014973434454874	1.2945794946311393	1.7852554543149353	1.101742143642116	1.8242372117191876	
8.878939064342983	-3.007349783030558	1.2122326916433144	1.7027769216943363	1.1113670502542972	1.8389564062366093	
8.778068697505033	-3.0186904310146017	1.1327989416891657	1.6330999521541887	1.1139076218391886	1.8486503742668332	
8.693752749290766	-3.041805330275356	1.0569839977882518	1.577185316770902	1.1097062782206804	1.8520027546640705	
8.62049629493882	-3.069249230967652	0.9853609067957831	1.534905443313209	1.0993070437831087	1.8480266090307722	
8.55239470153403	-3.0937950987391596	0.918361833607738	1.505093144757048	1.0833990401114486	1.8360848880138276	
8.483601772128662	-3.1088906992284504	0.856285679577238	1.4856476399766219	1.0627525328495182	1.8158833332277655	
8.408777766597513	-3.1090697073904807	0.7993163810632233	1.4736928453644877	1.0381524889375027	1.78743730333152	
8.323494145394873	-3.0902858173019805	0.7475459447224205	1.465779217118842	1.0103345477402146	1.7510158903247883	
8.22457887869496	-3.0501404114352217	0.7009965022747516	1.4581163115582243	0.9799280135525023	1.707068390385983	
8.110391327303734	-2.987984562076261	0.6596369836805767	1.4468199513069626	0.947409797344934	1.6561394793783606	
7.981008128670111	-2.904884056290004	0.623392440061987	1.428155770172499	0.9130731608969828	1.598780127833815	
7.838295876083838	-2.8034547888447325	0.592146746427609	1.3987569586827926	0.8770143380535431	1.5354632857866237	
7.685865917328625	-2.6876022974300247	0.5657413501436213	1.3558015842149873	0.8391364178791535	1.4665118392087402	
7.528906417925197	-2.562192975116891	0.5439735147777262	1.2971402869010273	0.7991692132167997	1.3920445520414064	
7.3738991152602855	-2.4326882162119072	0.5265967410887208	1.2213690259653596	0.756702421099393	1.3119447101803186	
7.228239319415418	-2.3047724711513204	0.5133247212950344	1.1278462387432595	0.7112283867070077	1.2258545228698667	
7.099787037282548	-2.184003599132283	0.5038392026180781	1.0166582572002352	0.6621902529313637	1.1331964394404825	
6.996382906823874	-2.0755086258917115	0.4978024466704385	0.8885413625965999	0.6090313067802386	1.033220541453076	
6.9253679840569475	-1.9837453997218177	0.4948769998551888	0.7447700562714197	0.5512415689672311	0.9250759138515277	
6.893154806481798	-1.9123471951293718	0.4947573867948053	0.5870268102405859	0.4883977458872115	0.8079001969895069	
6.904880254404666	-1.86405102653642	0.4972189974081075	0.41727135319728464	0.4201948880349654	0.6809200680907459	
6.964157666120685	-1.8407046002503287	0.502187603609382	0.237622561510323	0.34646930986309965	0.5435561663156457	
7.072930891257368	-1.8433379851843559	0.509827995706686	0.05026465420371181	0.2672131654328369	0.39552569609172383	
7.231417893851365	-1.8722788807663053	0.5206433825876486	-0.14261425147407827	0.18258163466119642	0.2369363697228575	
7.4381220013682565	-1.927287134760664	0.5355703957411094	-0.33884765516945475	0.09289376962444185	0.06836593921572462	
7.6898865699761405	-2.0076855118609833	0.5560505338569796	-0.5362811626444342	-0.0013720819355079236	-0.10907720830123288	
7.98198520651784	-2.112470593945273	0.5840549243131635	-0.73273285966791	-0.0995885192700582	-0.29371925374434393	
8.308251318980657	-2.2403929887875953	0.6220438066189669	-0.9259333015214719	-0.20099497433307506	-0.48331781493839876	
8.661259182613378	-2.3900028016991657	0.6728533039910349	-1.1134568654804777	-0.30471836855999435	-0.6750922242502555	
9.032581292218783	-2.559660661759918	0.7395074411977041	-1.292657016454718	-0.40979782043109747	-0.865790731524352	
9.413135680429235	-2.74751388043452	0.8249629704970913	-1.4606188977262589	-0.5152115898118254	-1.0517955350466055	
9.793617159845653	-2.951436970578283	0.9318039683716646	-1.6141429434125956	-0.6199037119774006	-1.229263689949111	
10.164981095762526	-3.168936809991209	1.0619119594398254	-1.7497726792239368	-0.7228074467562383	-1.3942986229836618	
10.518926179566138	-3.3970254441734253	1.216142592475974	-1.8638785587016415	-0.8228629023659788	-1.5431443079432432	
10.848300102912573	-3.6320733444097146	1.394051645611994	-1.952807525768477	-0.919026826132299	-1.672389287097068	
11.147351423450813	-3.869666382355058	1.5937138413924685	-2.013097809225153	-1.0102740270632098	-1.7791618462785361	
11.411789440906487	-4.104493800763149	1.811661503423274	-2.0417506443756452	-1.0955919846759576	-1.8613008023278819	
11.638648422649116	-4.330302495465859	2.0429644222714045	-2.03654257871796	-1.1739715324740971	-1.9174865428104022	
11.825994067777774	-4.539954649494243	2.2814573663793984	-1.9963522520795207	-1.2443974935419864	-1.9473197311925787	
11.972543697675261	-4.72562143612491	2.5201059661101883	-1.9214675215646775	-1.3058434931384475	-1.951339860407847	
12.077289181540934	-4.879132985489725	2.7514861592081368	-1.8138337981927206	-1.3572747519722834	-1.9309818418768492	
12.139209234057644	-4.992486378945466	2.9683400688179344	-1.6772056074540411	-1.3976616446562597	-1.8884756008652235	
12.157139280950393	-5.058481613126815	3.164153593451642	-1.5171563822302812	-1.4260051267939962	-1.8266959435948962	
12.129826889931673	-5.071410993775478	3.333682978056251	-1.340924031586973	-1.441372580993368	-1.7489812159584583	
12.056152426722093	-5.027713083652451	3.4733693900557863	-1.1570954584809294	-1.4429412834985909	-1.6589405209438737	
11.935464712525329	-4.926495231871542	3.5815902624161224	-0.9751450345440933	-1.4300458216387855	-1.5602653442842773	
11.767962235599496	-4.769843667664467	3.65871639660694	-0.8048634448378451	-1.402225442506367	-1.4565604076595768	
11.555043783788014	-4.562875213749016	3.706970499044617	-0.6557279708775531	-1.3592675668417216	-1.351204902652027	
11.299558805357925	-4.313528675637907	3.730109608133654	-0.5362724128271128	-1.3012444613544696	-1.2472506537572474	
11.00590707915742	-4.032132992846285	3.7329747158374595	-0.45351070374759683	-1.2285414615960917	-1.1473584833029455	
10.67995497204719	-3.7308009917495006	3.720961636154434	-0.4124734089952228	-1.1418740498085078	-1.053772324892317	
10.328781938453659	-3.4227249666700703	3.6994848459069014	-0.41589744948673213	-1.0422932937911746	-0.9683245210340053	
9.960298108219478	-3.1214322475364327	3.6734904758532134	-0.4640814574344276	-0.9311799673414715	-0.8924628941858429	
9.582779613366895	-2.840039292209388	3.6470606052854637	-0.5549125083736937	-0.8102264202208496	-0.827291730890403	
9.204376428824208	-2.5905392485384846	3.623140711970829	-0.6840559408019369	-0.681405598464606	-0.77361892684136	
8.832649718710774	-2.383155178069257	3.603409100533109	-0.8452886554511875	-0.5469266593088167	-0.7320026727192991	
8.474192998174331	-2.225791725460166	3.588293845444117	-1.0309470507911769	-0.40917682680283457	-0.7027925826200178	
8.134380114649774	-2.1236172497153247	3.57712960370802	-1.2324550623031252	-0.27064944746163894	-0.6861617394687024	
7.817271603812138	-2.078829785932324	3.568437026188241	-1.4408935782813528	-0.13385944043164977	-0.6821285924888748	
7.525669475222045	-2.0906331651016266	3.560276601229145	-1.6475571306704693	-0.0012518085150251346	-0.6905682105366359	
7.261281563357767	-2.1554279792833744	3.550618236926549	-1.8444562573548173	0.12488956106347504	-0.711214268930729	
7.024949560861087	-2.2672149590426547	3.5376676072880295	-2.0247301455000217	0.24252387776969134	-0.7436542328048417	
6.816893449368398	-2.418186450487903	3.520101403264328	-2.182940942299668	0.3499173014023975	-0.7873203952470376	
6.6369348736996026	-2.5994601474513925	3.4971900837762524	-2.3152326702217745	0.4456822066148581	-0.8414795116467748	
6.48467765608029	-2.8018878502979496	3.4688179179622165	-2.4193513599546375	0.528789489172796	-0.9052235175684182	
6.359639817159465	-3.0168581443941926	3.4354343095636577	-2.4945370226677603	0.598556202439116	-0.9774632202287459	
6.261342728487246	-3.23699418014814	3.3979752911521333	-2.5413027484898456	0.6546126634905839	-1.0569274978240835	
6.189369228870535	-3.4566607891804524	3.357787575096603	-2.5611413228952604	0.6968583784628466	-1.1421684568482433	
6.143406226006941	-3.6722354433709374	3.316563856642517	-2.556197919856536	0.7254146789189249	-1.2315724830126713	
6.12328498834556	-3.8821223953402355	3.27628085755497	-2.5289436489407358	0.7405796457841688	-1.3233769213249593	
6.129026547853867	-4.086521199450701	3.2391258004210535	-2.4818835214212265	0.7427895978006092	-1.415691490927068	
6.160890551520151	-4.286994586941545	3.207399488672577	-2.4173264732606388	0.7325898443482587	-1.5065233842666932	
6.219415832454575	-4.485910680242115	3.183392489844437	-2.3372360205411162	0.7106160646197963	-1.5938051229983343	
6.305433429191798	-4.685850314691571	3.169240105567849	-2.243168682715091	0.6775865819693898	-1.6754246803839894	
6.420029811764508	-4.889071514283355	3.166772105865032	-2.1362975909190243	0.6343041679734934	-1.7492577841242167	
6.56445017476926	-5.097097923907615	3.1773755332530627	-2.0175019749878578	0.5816652385683881	-1.8132020549030778	
6.7399429925598815	-5.310451608614352	3.201883293847762	-1.8874988924681098	0.520673326176569	-1.8652133610914263	
6.94755589787364	-5.52852717650754	3.2404962016320074	-1.746994188141532	0.45245329991236954	-1.903344614599333	
7.187899558567039	-5.749589425380674	3.2927408024058207	-1.5968310942908754	0.3782627138894241	-1.9257869968444852	
7.460899945025887	-5.970870244717229	3.35746246592	-1.4381182980972853	0.29949669700681253	-1.930913469780521	
7.765561134638272	-6.188740592816465	3.4328533432139636	-1.2723236752679483	0.21768313148147667	-1.9173244407581767	
8.099761339017816	-6.398938547959574	3.5165175926060717	-1.101324317765438	0.13446542182140148	-1.8838956934165105	
8.460115071909561	-6.596841422318964	3.605581392252548	-0.927404655112178	0.051570890469326766	-1.8298261261546462	
8.841921098883322	-6.777767388259453	3.696846727812071	-0.7532034933471311	-0.02923375733022826	-1.7546841855857604	
9.239210318811912	-6.9372997926982585	3.7869844999193867	-0.5816129498296227	-0.10619738614844712	-1.6584506781427684	
9.644900806373135	-7.0716228389433535	3.872753123388412	-0.4156343372431891	-0.1776459849523396	-1.5415543476278564	
10.05105544383707	-7.177847982162721	3.9512182946801713	-0.25819974424713554	-0.24204606205231857	-1.4048962605730835	
10.449226234880554	-7.25430076508205	4.01994288144487	-0.11197177186346356	-0.2980649760317654	-1.249858889535816	
10.830859155131625	-7.300732266594222	4.077115619363165	0.020862785094016796	-0.3446239219269887	-1.0782963313046803	
11.18772794245995	-7.318419580566476	4.121594131992673	0.1387874087382251	-0.38094047942646625	-0.8925027914737049	
11.51235778090715	-7.310118925141277	4.152849225887254	0.2411133463337404	-0.4065569879346884	-0.6951558529900249	
11.798398545127903	-7.2798762335510485	4.170828643284849	0.32808124388070403	-0.42135421401687617	-0.4892393745725497	
12.040973269371621	-7.232698972451865	4.175769705369357	0.4009036042785251	-0.4255546544967746	-0.27794649545192335	
12.236874470576634	-7.174166495584216	4.168012058550178	0.4617138146968822	-0.4197028585300047	-0.06458017844250868	
12.384953011515359	-7.109904084163414	4.147827558676819	0.5135010441554684	-0.40465872569582517	0.1475734023538989	
12.485901037582888	-7.045245556847395	4.115361325749054	0.559862227707534	-0.3815218667035067	0.3553183262451177	
