13.298969322875408	-6.757636112068401	4.115799257326333	1.3231251053289927	-0.0860394472670027	1.310594319957176	
13.366504748528005	-6.704840992571727	3.988184212382046	1.3633847336499274	-0.003597074835104592	1.4329547374371832	
13.40557596635101	-6.658013364801576	3.8506128450929555	1.4164506337559732	0.07802562172388894	1.5399948477434653	
13.421475785670554	-6.613535407064173	3.7052984165123473	1.4839649987438222	0.15763318824837455	1.6312671999744486	
13.41847099774748	-6.5668082751382215	3.554643411388186	1.5664195182916727	0.23436600560915483	1.7066680241350471	
13.39921787148674	-6.5123050248506305	3.4011830708586723	1.6628531170303174	0.3077793121571111	1.766529110004443	
13.364613847664561	-6.444146824210348	3.2474287044381316	1.7710052522176318	0.3777843205089076	1.8115826644161708	
13.313849986808755	-6.356572259581803	3.0957684017576965	1.8873951150019372	0.44461309044290676	1.8429591870976276	
13.24473288430841	-6.24451210029204	2.948368017945945	2.0075513531398954	0.5087448238462104	1.8621461650463151	
13.154183749087915	-6.104128448114223	2.8070909039303693	2.126302615509357	0.5708234293814333	1.8709315369915032	
13.038845144235685	-5.933266055129368	2.673428094422586	2.2381319364781582	0.6315670578529959	1.8713255282380659	
12.89569192906354	-5.731762942272574	2.548436102189232	2.337552838686228	0.6916803113835309	1.8654695873917688	
12.722577122778779	-5.501593292710265	2.4326847403703473	2.4194819265468883	0.7517738400049486	1.8555368653298454	
12.518656559211768	-5.24682733599402	2.3262230741767067	2.4795825977956945	0.8122954833476189	1.8436293353267363	
12.284652762966068	-4.973410331644518	2.228573604822058	2.51455590493969	0.8734765602215758	1.831677396361519	
12.022939532592531	-4.688779510657011	2.138763596544187	2.5223600081802005	0.9352957859104161	1.8213474148156668	
11.737447759546917	-4.401348646028826	2.0553992892754147	2.502345552857983	0.99746243662618	1.8139617688665046	
11.433402674455664	-4.119906754260784	1.9767841155984829	2.4552856117557282	1.0594221588496437	1.8104399252007655	
11.116950495777028	-3.8530092105548412	1.901065367187301	2.3833099560727606	1.1203829046730973	1.8112627381026671	
10.794724555486505	-3.608417327270296	1.8263933113642958	2.2897549103097576	1.1793585610723367	1.8164610171323554	
10.47339703416725	-3.392630811157069	1.7510755548802088	2.178942533720625	1.2352271407156141	1.8256291887977094	
10.159259307986009	-3.210539867645625	1.673710390410513	2.0559084438758513	1.2867989336342165	1.8379631122076274	
9.857865179740733	-3.0652031299784293	1.5932871323185398	1.9260989133147381	1.3328893834242577	1.8523196078619597	
9.573759391267126	-2.957742130198026	1.509247296031816	1.7950548391012646	1.3723918363924226	1.867294334970227	
9.310315392889757	-2.8873583049039726	1.4215007810434335	1.6681023369501362	1.4043436758345498	1.881314421471768	
9.069676321351059	-2.851451255545278	1.3304031983460904	1.5500706159955389	1.4279808494371415	1.8927365521977713	
8.852782505979746	-2.845825981257106	1.236702035786438	1.445046852270362	1.4427783272404928	1.8999445229862242	
8.659468955264567	-2.8649789372220766	1.1414593472338599	1.356177759072597	1.4484743586710616	1.9014406875346204	
8.488613541532017	-2.9024455867860546	1.0459603397826798	1.2855257010575305	1.4450775506270161	1.8959258538637322	
8.338317347921528	-2.951189273372972	0.9516174568345772	1.2339840614048745	1.4328570556520783	1.8823632650555568	
8.20610181580069	-3.0040134211470217	0.859878345087477	1.2012528242750322	1.4123172904792018	1.860024035076827	
8.089112925602864	-3.05397470540305	0.7721453938565918	1.185884574555826	1.3841578078857724	1.8285093049936065	
7.984317361797054	-3.094767284557767	0.6897123643868424	1.185391241432308	1.3492235377846917	1.7877502881275613	
7.8886882246058	-3.121058908339413	0.6137180148224632	1.1964031478863464	1.3084493111354334	1.7379885467675509	
7.799382416152553	-3.1287582808707293	0.5451149769886067	1.2148730941955757	1.2628021125086917	1.6797383208736465	
7.713911175055204	-3.115196285661248	0.484650816369487	1.2363131680976738	1.2132250013717898	1.6137339448258678	
7.630302259846696	-3.0792114214428925	0.4328574186604124	1.2560495033432317	1.1605864393821061	1.5408660677154107	
7.547248408932863	-3.021140291876259	0.3900445396333122	1.269480529855117	1.1056379264831644	1.4621105183411385	
7.4642235977822695	-2.9427088831596038	0.3562962064126821	1.272320165402734	1.0489836267020416	1.3784541182545207	
7.381555024228441	-2.8468475087418597	0.3314677083822184	1.2608072439844271	0.991063043024629	1.2908237882358562	
7.3004451907031465	-2.7374505785945082	0.3151828893354134	1.2318726376281177	0.9321456822452291	1.2000227038037798	
7.222938840073651	-2.619097249764505	0.30683386868522555	1.1832565921309728	0.8723365987728687	1.1066768611062885	
7.1518350352306665	-2.4967532829069365	0.3055862571950552	1.1135718210754575	0.8115909545362813	1.0111950846388051	
7.09055004148189	-2.375475578945948	0.31039390079253887	1.0223119220279535	0.7497353422679794	0.9137446600161444	
7.042941458810218	-2.2601395171082195	0.32002797175629566	0.9098095959841863	0.6864935232729078	0.8142435506921216	
7.0131064506412875	-2.155212896720236	0.33312738431819244	0.7771463923246441	0.6215150129696633	0.7123716560342821	
7.005176175342618	-2.064595549628275	0.348273769241719	0.6260305386185819	0.5544038838767179	0.6075995712665095	
7.023119204620322	-1.9915279157939787	0.3640926785089411	0.45865908621994395	0.48474658144105615	0.4992328320771445	
7.070559637236465	-1.9385662664035517	0.37937986755271136	0.2775763733796247	0.41213843550274754	0.38647082495198903	
7.1506109679899215	-1.907614396481017	0.3932464507127808	0.08554128390415801	0.3362086719820971	0.2684788138412559	
7.265721960665569	-1.8999950446957192	0.40527201112974015	-0.1145864576644999	0.25664391779337176	0.1444711169671914	
7.417526282293817	-1.9165402765812534	0.41565221698863464	-0.3199339234691678	0.17321041291416803	0.013803657069212286	
7.606697811893734	-1.957683239575782	0.42531696117865164	-0.5276719260000052	0.08577399407738155	-0.12392897925795188	
7.832817406682326	-2.023533286537738	0.43599736488473634	-0.7350401480532106	-0.005683202814298084	-0.26879941133545177	
8.094261600150801	-2.1139264634368033	0.45022826121919807	-0.9393444250041617	-0.10104994186987319	-0.42046228874782915	
8.388137060950294	-2.228451038604474	0.47127335770011747	-1.1379312124192915	-0.20007815580561278	-0.5780862631121096	
8.71028724796759	-2.366449406986098	0.5029676160161373	-1.3281457882814984	-0.30238097049495943	-0.7403116111439946	
9.055394375619278	-2.526998198999115	0.5494791271412063	-1.507282530160339	-0.4074364296083976	-0.9052413052071941	
9.41718816932301	-2.708865983421055	0.6149988696604987	-1.6725372375320269	-0.514595729575159	-1.070471169899284	
9.788757584191718	-2.9104476032980684	0.7033770275714422	-1.8209753645133753	-0.6230946724011266	-1.2331661725355672	
10.162916180691797	-3.1296730331572893	0.8177428722570865	-1.9495313771056044	-0.7320653329492545	-1.3901791219044857	
10.532555888881118	-3.363889312689819	0.9601409238702623	-2.055051540866236	-0.8405453010282659	-1.5382024565904826	
10.890928849047016	-3.6097221186565807	1.1312177982896559	-2.134390544073259	-0.9474837812032946	-1.6739434473214188	
11.231809890416699	-3.8629315109890308	1.3299932460619937	-2.184567422351726	-1.051744982274073	-1.7943089654224769	
11.549521722480586	-4.118285500020992	1.5537432978318146	-2.2029795205624882	-1.1521106433028319	-1.8965844416244686	
11.838842156006582	-4.369482094341559	1.7980131337314011	-2.187667864978178	-1.247284573352488	-1.9785934765166306	
12.094847051597347	-4.6091682127781555	2.0567821809200066	-2.1376117818479003	-1.3359032935844635	-2.038821315965379	
12.31277073173771	-4.8290971279940536	2.3227767752240887	-2.0530153187703024	-1.4165556435458513	-2.076490192266499	
12.48795137908408	-5.020445226597727	2.587906447998204	-1.935553049421371	-1.4878123902325175	-2.091587200851001	
12.615896491465708	-5.174295773555219	2.843802418022689	-1.7885369841945802	-1.5482658011179928	-2.084845160865481	
12.692472672221788	-5.282266190135371	3.0824190973610324	-1.6169702994403012	-1.5965773552861973	-2.0576812645207276	
12.714194289844757	-5.337223469589596	3.2966452025340205	-1.4274626649556974	-1.631530454246406	-2.012101335273978	
12.678566999608853	-5.334010515275703	3.480864614004907	-1.2279961218104505	-1.6520847713450875	-1.9505797182365086	
12.584423015532161	-5.270070019588269	3.6313882372203268	-1.0275382611475388	-1.6574273304181235	-1.8759233685288688	
12.432183306939448	-5.145852378442496	3.746685776753517	-0.8355381545162643	-1.647015328549476	-1.7911341673491876	
12.224015792856347	-4.964969496933131	3.8274030191277757	-0.6613578493860425	-1.6206096444993514	-1.6992813806792149	
11.963867633505952	-4.734082924766846	3.8761681172082163	-0.5136860775472855	-1.5782975415434233	-1.6033902905173993	
11.657366046939975	-4.462551471990435	3.8972197897473704	-0.39998540984284037	-1.5205039656675854	-1.5063517730541016	
11.311596543021004	-4.161886503211563	3.8959115557695747	-0.32601987813812794	-1.447991301000145	-1.4108547187104992	
10.934779515875064	-3.8450713120887303	3.878155699055877	-0.29549731478908575	-1.3618480647453726	-1.3193398755608228	
10.535868005749204	-3.5257919034123866	3.8498701608411996	-0.3098643584329296	-1.26346500957229	-1.2339731243195702	
10.124107306280486	-3.217646861194586	3.8164973929806867	-0.3682766706129459	-1.1544986502749954	-1.1566347396662509	
9.708594839088004	-2.933392962574178	3.7826334859151105	-0.4677235383172744	-1.036825174133414	-1.0889181906512446	
9.297866855543342	-2.6842690123495925	3.751784935811492	-0.6032926409962202	-0.9124855787761653	-1.032135302553897	
8.89954271751122	-2.4794438650392574	3.7262595444665307	-0.7685468121875281	-0.7836243520108944	-0.9873250201705319	
8.520055782393278	-2.3256279893645315	3.707184789904565	-0.9559757500866476	-0.6524247492323094	-0.9552635646168018	
8.164490678445338	-2.2268715492150157	3.694634221851026	-1.1574817280204595	-0.5210440330488764	-0.9364737787692742	
7.8365417060516185	-2.184570185070079	3.687837564830318	-1.3648597916379948	-0.3915528135954318	-0.9312328208795276	
7.538587789186232	-2.197672098847692	3.6854349479253803	-1.5702249285712417	-0.265884330073593	-0.9395775278319528	
7.2718476966850645	-2.2630303902365414	3.685732251700403	-1.766359075055	-0.14579627509708615	-0.96130534663034	
7.036588374022436	-2.3758642717939225	3.686936038886374	-1.9469677500173004	-0.03284620318241351	-0.9959717226359972	
6.832358491185033	-2.5302836502135064	3.6873557407165163	-2.1068423078676535	0.07162008413852781	-1.0428851464417634	
6.658223775208903	-2.7198272636163416	3.685570473460859	-2.2419319608119066	0.16646943164882702	-1.101101580960251	
6.512987122702347	-2.9379645538067636	3.6805641080157288	-2.3493380574397116	0.25077512511059274	-1.1694197232204648	
6.395382929396331	-3.1785139544781487	3.6718291397453875	-2.4272432668448625	0.32380674918177343	-1.2463793415373103	
6.304236186955759	-3.435934158115868	3.6594306577499522	-2.4747934450017652	0.3850188625127955	-1.330264995946191	
6.238585635772773	-3.7054826662397784	3.6440256075049144	-2.491961591644231	0.4340421540684093	-1.4191142538605175	
6.19777479926253	-3.983254073102381	3.6268300343252178	-2.4794079368183253	0.4706778196442239	-1.5107317981172228	
6.18151264144352	-4.266117945410743	3.609532442332751	-2.4383482934011633	0.49489556530029405	-1.6027103836849554	
6.189903430121467	-4.551580614183909	3.5941583793065655	-2.3704390398187103	0.5068350791510109	-1.6924594780971298	
6.223443361561673	-4.837596118366595	3.582897277925107	-2.2776836458680703	0.5068105372519457	-1.77724228711655	
6.282978294504249	-5.122349942280987	3.577905806199921	-2.1623615701238315	0.49531666925115925	-1.854222579573618	
6.369619943899512	-5.404046108912252	3.5811097666025655	-2.0269777974037355	0.47303357006662455	-1.9205216186520757	
6.484628641861788	-5.680726701797081	3.5940232374106196	-1.8742300928672595	0.4408294143186532	-1.9732840929269495	
6.629269846270096	-5.950141538210151	3.6175983918395582	-1.7069864690340613	0.3997588344217421	-2.0097530334724283	
6.804653156969767	-6.209679689091238	3.652117612228293	-1.5282658088894296	0.3510552413053685	-2.027352433802217	
7.011562579733559	-6.456366535928595	3.6971360041701367	-1.3412151576259932	0.29611581629931116	-2.0237752571564505	
7.250285641412536	-6.686923578384213	3.7514781612731576	-1.1490785304048767	0.23647846267236936	-1.9970742437253293	
7.5204508712459495	-6.897887190361527	3.813292952758319	-0.955153259779189	0.17378997261662307	-1.9457514942633907	
7.820892530938837	-7.08577952912802	3.8801682185725372	-0.7627326659071564	0.1097658318861817	-1.8688375975035008	
8.149551075733505	-7.247321148651605	3.9492925512221393	-0.57503602832763	0.04614444158924701	-1.7659576051053016	
8.503419167808884	-7.37967696276432	4.017654564776205	-0.3951260698942701	-0.015362460484148424	-1.637378776897606	
8.878539951350774	-7.480721126127444	4.082263719635394	-0.22581500516007505	-0.07312072426164247	-1.4840356814601252	
9.270060358862887	-7.549299478797708	4.140371360022541	-0.06956114378362675	-0.12562346557482937	-1.307529540632181	
9.672338607706038	-7.585463142855991	4.189667717790299	0.07164135573659575	-0.17153737959284351	-1.1101006719293671	
10.079105529885139	-7.590638731756207	4.228427964090622	0.1963747471870221	-0.2097437835763124	-0.8945727095653896	
10.48367578928471	-7.567686454274004	4.2555763986144335	0.3038980171184098	-0.2393707675115944	-0.6642671031506968	
10.87919115857684	-7.5208285825260965	4.270660713488255	0.39422764289917567	-0.25981691351911346	-0.4228968189697112	
11.258884976985778	-7.455435221799903	4.273739717683025	0.468187463292297	-0.2707663092446797	-0.17444292235101144	
11.616357362551348	-7.377673113557812	4.265202719369574	0.5274172002066533	-0.27219486721011177	0.0769801836844646	
11.945854902699939	-7.294046135830048	4.2455530703604545	0.5743326052304575	-0.26436824309749685	0.3272634252790873	
12.242554312630519	-7.210874303104761	4.21519798414483	0.6120345959722172	-0.24783154614927752	0.5724381143772308	
12.502847901023687	-7.133769276702578	4.174290459223405	0.6441674932760765	-0.22338967595539005	0.8088004214586626	
12.724592872182072	-7.067189683186397	4.122664981193521	0.6747344362568779	-0.1920750367565403	1.0330126122174919	
12.90729948210601	-7.014092270872047	4.05988873249142	0.7078752176425415	-0.1551008841928302	1.2421882132073512	
13.052145701172126	-6.975798646910128	3.985384396130984	0.7476654456907094	-0.11380584369401542	1.4339251147567054	
13.161935935565326	-6.951771192878033	3.8986830991251944	0.7978109886919462	-0.06957065495893928	1.6063937461230993	
13.24060741142013	-6.939984734604872	3.799551646317001	0.8615689694639558	-0.0237573573838322	1.758240571599886	
