12.234608218747182	-6.939711549625766	3.4901531400557584	1.5371463668420549	0.2230551681648444	1.02605461446274	
12.319407781415576	-6.842673815412419	3.366606377642869	1.6766513160627696	0.27697544224597465	1.1213773575908883	
12.413139706781857	-6.717499418281273	3.2347419409718863	1.807717956384986	0.3364266437838644	1.2132834061590947	
12.513728871653981	-6.567144284772642	3.0983305554813234	1.9270120226823066	0.4012115837400425	1.3003824307389558	
12.616791568551266	-6.394632094999393	2.960894769431733	2.031343046329331	0.4710175235223449	1.3814904403884871	
12.715705862004896	-6.203080370684851	2.825499147886808	2.1177833496751712	0.5453875620345119	1.4557222189337127	
12.80246478153217	-5.995781724172308	2.6946162433525056	2.183789676486355	0.6237166937975852	1.5225297354272058	
12.868394521133176	-5.776333504842525	2.570058149841405	2.227343595416722	0.7052407665410928	1.5817247733699145	
12.905012637103674	-5.548736067797707	2.452965628551796	2.247093772035729	0.7890359677727603	1.633466379609492	
12.904802199250895	-5.317418632953426	2.3438395009311557	2.24248845435541	0.874024863895412	1.678222324015681	
12.86187534779629	-5.087164019257964	2.2426016969960227	2.213879779075931	0.9589919927126965	1.7167068713558142	
12.772462895438133	-4.862931433106663	2.14867628546454	2.1625832254063253	1.0426092731949628	1.7498014417154346	
12.635189800593956	-4.649598692693406	2.0610851120195663	2.09087515340289	1.1234716519759058	1.778465124197783	
12.451129530856583	-4.45166233676812	1.9785516761182218	2.001924603548339	1.2001413807454686	1.8036438292495158	
12.223651687319773	-4.272935730198819	1.899610432865683	1.8996606009119217	1.2711988726779162	1.8261851431021188	
11.958095470693108	-4.1162833788208735	1.8227189327994853	1.7885822714844541	1.3352972335460993	1.8467651998105143	
11.661317150470289	-3.983422824039164	1.7463692540933264	1.6735250334554712	1.3912169966867234	1.8658327247573623	
11.341166236889942	-3.874814647969466	1.6691941655781717	1.55940001705964	1.4379174473764016	1.8835738427113962	
11.005943741938472	-3.789648449505672	1.590062884123311	1.4509258041613715	1.474581097635253	1.8998995313116294	
10.66388824232961	-3.725920520087192	1.5081615941839168	1.3523712933081027	1.5006483978821283	1.9144558232334457	
10.322722120593165	-3.6805903117559082	1.4230547317025153	1.2673258621888874	1.5158405934058856	1.9266552792681844	
9.989280476753182	-3.6498007414566667	1.334721308609437	1.1985140082714207	1.520168278143019	1.9357272978533722	
9.669229867296618	-3.6291394732541487	1.2435623812968393	1.1476641037026498	1.5139257639859707	1.9407816400958389	
9.366876452441183	-3.613923376588833	1.1503756766422029	1.115436732653814	1.4976716232352403	1.9408794566485823	
9.085065134092194	-3.5994881498373203	1.0562951589500182	1.1014160185527428	1.4721959991362452	1.9351058055867572	
8.82517055557971	-3.5814627606848877	0.9626980665886957	1.104163343697131	1.4384760176409215	1.922637694757395	
8.587176938996201	-3.556008219593518	0.8710877293208279	1.1213285685573622	1.3976213602116145	1.9028024444415772	
8.369837485934687	-3.5200037312529853	0.7829656434695988	1.149809475810246	1.3508128481010335	1.875122325117098	
8.170898243746617	-3.471171110751304	0.6997090377836037	1.1859465170815515	1.2992375559896934	1.8393428127047347	
7.987369153568223	-3.4081390132627742	0.6224695409149521	1.2257384013157957	1.2440241916724684	1.7954432480495048	
7.815827084752955	-3.33045384063909	0.5521069868913452	1.2650642632926377	1.1861831708373671	1.743628987211651	
7.652733149620197	-3.2385529663203068	0.4891656641882484	1.2998976196241279	1.1265554542234182	1.6843067274768262	
7.494753181776047	-3.133711971386408	0.4338930046495055	1.3265029587511075	1.0657731095788059	1.6180453101953074	
7.33907082466776	-3.017970329518793	0.38629485101114036	1.341607715338285	1.004234170320437	1.545524727942938	
7.183680036926391	-2.894035281116826	0.34621596466438936	1.342543220595152	0.9420935549752328	1.4674769121921756	
7.027640611675108	-2.765161212088595	0.3134308218002228	1.327348946209011	0.8792708002598009	1.3846224570019294	
6.871277561657093	-2.635002758317694	0.28772845893960036	1.294835154952522	0.8154741930311997	1.297607821573028	
6.716304757489009	-2.507443084934972	0.26897658585366474	1.244600505089518	0.750239660294467	1.2069476463210334	
6.5658564192797115	-2.3864022768985893	0.2571543249373523	1.1770035581714549	0.6829817370422946	1.11297640795557	
6.424410550080436	-2.275635582815868	0.2523483078626121	1.0930872587455234	0.6130531957127148	1.0158140502907294	
6.297605980061875	-2.1785365557885914	0.2547146847445402	0.9944631507442325	0.5398082585496023	0.9153485903600294	
6.191964127346761	-2.0979604805345335	0.26441562746752795	0.8831642016703241	0.46266471446491414	0.8112372370040808	
6.114532928995589	-2.0360843095924452	0.28154260214163895	0.761476334772945	0.38116042136950146	0.70292683707491	
6.072478994259773	-1.9943179745495954	0.3060409003382882	0.6317613289474144	0.29499993226745697	0.5896931025350294	
6.07265943026564	-1.973278675315872	0.337650088401955	0.4962850069318576	0.2040877326223902	0.4706968165219616	
6.121206836036789	-1.9728348446407689	0.3758734609705827	0.357064942112873	0.10854570500434996	0.34505412712921074	
6.223158382023869	-1.9922197713350984	0.41998648225203394	0.215751014785083	0.008713930768755348	0.211917273198555	
6.382150900098357	-2.0302067008317977	0.46908976960983856	0.07354966756892695	-0.09486429063830705	0.07056204236176565	
6.600198281291231	-2.0853286329159113	0.5222064261803355	-0.06879862328231966	-0.2014712992059685	-0.07952246456815876	
6.877548633021025	-2.1561134334894265	0.5784138774146403	-0.21098591529633692	-0.31025343360858954	-0.23854612951608184	
7.212603703551629	-2.2413024305215625	0.6369941895479114	-0.3530506906900849	-0.4202641196662155	-0.4063352332285785	
7.601882523859991	-2.340022231247494	0.6975831041157646	-0.4952460617317666	-0.5305075011884907	-0.582258416033754	
8.04001482692083	-2.451884854428528	0.7602964145669028	-0.6378740678984165	-0.6399789404066212	-0.7651648907089765	
8.519762183865888	-2.577001237377271	0.8258132189264688	-0.7811012654990299	-0.7476997712519303	-0.9533392725701797	
9.032081436524459	-2.715905569685497	0.8953983614731575	-0.9247726950002874	-0.8527448802240689	-1.1444783197106982	
9.566260210694722	-2.8694005547122474	0.9708510603595452	-1.068241511571247	-0.9542627625617697	-1.3356957462880001	
10.110162197143767	-3.038343319816429	1.0543732680371682	-1.2102298027206952	-1.0514884992490332	-1.523561474469534	
10.650620129209363	-3.2233968950952687	1.1483588352607883	-1.348737112394919	-1.1437500222743155	-1.7041829287716344	
11.17398390261377	-3.4247724978825986	1.2551181209163151	-1.4810097022568622	-1.2304682073692625	-1.873330860853645	
11.666797532629822	-3.6419780967000346	1.3765604859220915	-1.6035793050635907	-1.3111513493049218	-2.02660776116042	
12.116546113577689	-3.8735823183942526	1.5138648804988741	-1.7123799682277412	-1.3853842046795983	-2.1596532163902533	
12.512384797165028	-4.117000997427366	1.6671786625381295	-1.80294779744239	-1.4528118731882247	-2.268374733618758	
12.845751350565415	-4.368317372121131	1.8353917477088209	-1.8707029093300855	-1.5131189330361547	-2.349187921121336	
13.110775192333586	-4.622155765734707	2.016033278195339	-1.9113049884811055	-1.5660045607888007	-2.3992468667130358	
13.304427889039943	-4.8716397723243965	2.205327936304812	-1.921063771401781	-1.6111549430007206	-2.416644744226618	
13.426407063770652	-5.1084749513637036	2.3984289496422706	-1.897376124377246	-1.648215062418736	-2.4005673021439	
13.47878544664102	-5.323203915450408	2.5898208533638436	-1.839145790461259	-1.6767631301381014	-2.3513819620188756	
13.465504670883737	-5.505663948907305	2.773847155102202	-1.7471318959763014	-1.6962917621526528	-2.2706532186534143	
13.391808738074179	-5.64564720761674	2.945293160593038	-1.6241785482560034	-1.7061996371101593	-2.1610859664065325	
13.263693925049598	-5.733729257933364	3.09994199542173	-1.4752806300414831	-1.7057971274860375	-2.0264012172312045	
13.087433402582874	-5.762186750919322	3.2350177749998705	-1.307455387684569	-1.6943285381054105	-1.8711547856592021	
12.869208794065838	-5.7258874633237715	3.349443201971463	-1.1294107447830122	-1.671012171023215	-1.7005133400077852	
12.61485665377899	-5.623017735266141	3.443867398435199	-0.9510270779471077	-1.6350974784673236	-1.520004344451844	
12.329721272577714	-5.455524333920372	3.5204584534759866	-0.7826951978935373	-1.5859362576994545	-1.335257149431674	
12.018598200682016	-5.229193970506177	3.5824958981822195	-0.6345727906563544	-1.523062823446758	-1.1517515490950856	
11.685754603711214	-4.953347356226183	3.633830700793418	-0.5158353570246966	-1.4462755729182062	-0.9745894280150655	
11.33501087436742	-4.640201786540318	3.678308941727535	-0.4340051437254895	-1.3557105466261001	-0.8083041359850325	
10.969862577999944	-4.304010004078018	3.71925139867948	-0.394419238416274	-1.2518992921998027	-0.6567149311739331	
10.593619705914938	-3.9600808798602567	3.759058229412196	-0.3998796201663939	-1.135804242720996	-0.5228307091041972	
10.209538371120635	-3.62378412393429	3.7989822686036656	-0.4505068031376758	-1.0088272713179631	-0.408803997427275	
9.82092451373594	-3.3096236505903813	3.839085015829048	-0.5437968333278008	-0.8727899538511842	-0.31593313500101017	
9.431198572157857	-3.0304416981166664	3.8783626401115687	-0.6748625094494849	-0.7298868434574017	-0.24470784172383064	
9.043919989071114	-2.79679368256215	3.915008263969349	-0.836825476740954	-0.5826153737154377	-0.19489090554643823	
8.662775985120362	-2.6165127955917327	3.9467631470573292	-1.0213168936963504	-0.43368764711503055	-0.165626312147174	
8.291538268033253	-2.494475096367319	3.9713038260856375	-1.2190438409254218	-0.28592984427613377	-0.15556382252818085	
7.933989416023304	-2.4325626679133356	3.9866098323173103	-1.4203727191257765	-0.14217643641897457	-0.1629878211390194	
7.593820454105647	-2.4297977277096816	3.991269891089732	-1.6158866175804572	-0.005165632698942593	-0.18593841768217542	
7.274504441628719	-2.482625641214783	3.9846999980545816	-1.7968860159293152	0.12255919444846469	-0.22231749255935063	
6.979159476851316	-2.5853183048385775	3.967259217229789	-1.955806859633911	0.23873790982726095	-0.26997480177338945	
6.710422220419694	-2.730464236710876	3.9402610383773258	-2.086537236593062	0.3414685037173485	-0.3267723213587966	
6.470353440833979	-2.9095083470497762	3.9058874411623066	-2.184621876081647	0.4292659438250786	-0.3906275408637379	
6.260388530336285	-3.1133040570251542	3.867019382896909	-2.24735200634593	0.5011031920774874	-0.4595381895280103	
6.081332979910577	-3.332643879882711	3.8270024068330826	-2.273746898198959	0.5564335818727524	-0.5315921271232149	
5.93339510941209	-3.5587387358150284	3.789369906540492	-2.2644367498839113	0.595193597734215	-0.6049667795377978	
5.816246514730372	-3.783616353226206	3.7575533142793875	-2.2214630769681816	0.6177858292523613	-0.6779229624398633	
5.729101521232681	-4.000422374068741	3.734607282201888	-2.1480238069414552	0.6250452221549847	-0.7487981042889056	
5.670813563053015	-4.203616998744598	3.7229716718137342	-2.048184724215075	0.6181906790738181	-0.8160025921024272	
5.639987723420691	-4.389067037304546	3.724287738409484	-1.926580258569185	0.5987649392522756	-0.8780218829836103	
5.635108198005087	-4.55404027665114	3.7392801611148774	-1.7881251871160484	0.5685659812766438	-0.9334258693662326	
5.654677783060796	-4.697116242436739	3.7677106106811635	-1.6377555788863531	0.5295732049499898	-0.9808859339685086	
5.697364058348027	-4.818034868503041	3.8084026456427527	-1.4802125985990935	0.4838715188219144	-1.0191992125252949	
5.762143931348278	-4.91751054809412	3.8593318637972875	-1.3198766085737215	0.4335761563092524	-1.0473188909514715	
5.848433458457091	-4.997038479865527	3.91777187093248	-1.1606533123202323	0.3807605639851839	-1.0643884617858632	
5.956183634094035	-5.058715548038492	3.980482235992932	-1.0059093508384989	0.32738992886513363	-1.0697764666668785	
6.08592436749435	-5.105090684075154	4.0439200068106125	-0.8584471613919876	0.2752617430165217	-1.063108746982235	
6.238739987808142	-5.139046226207943	4.1044611379271485	-0.7205087914429337	0.2259542685373769	-1.0442945145720426	
6.416165503227704	-5.163706214630707	4.158619228354458	-0.5937984073473169	0.18078388380077529	-1.0135427312121381	
6.620002564414285	-5.18236383108651	4.2032510697024925	-0.4795142009861017	0.14077237864833703	-0.9713658616239095	
6.852066081069718	-5.198418631834218	4.235740825837462	-0.3783821451696263	0.10662539134510542	-0.918568988444942	
7.11388428857372	-5.215314524834826	4.254156380824157	-0.2906862132277014	0.07872325678753846	-0.8562234938011268	
7.4063831528587984	-5.236470993248838	4.257372293399643	-0.21629182543249345	0.057125343428110466	-0.7856259318632056	
7.729589569657089	-5.265202153298223	4.245152100262128	-0.15466191446745878	0.041589065927731574	-0.7082437041583596	
8.08239018838884	-5.304621591465789	4.218179072254305	-0.10486791434724761	0.031604562249617114	-0.6256505087492914	
8.462368499639675	-5.357532214404697	4.17803070552567	-0.06559774806620809	0.02644326004300872	-0.5394561235533264	
8.86573424966434	-5.426301084442343	4.127090953860406	-0.03516571802655353	0.02521880690921031	-0.45123405817674034	
9.287349035367487	-5.512719781039455	4.068397059431656	-0.01153004642074451	0.02695757139997068	-0.3624504230936372	
9.720841701086325	-5.6178516960788265	4.005421932509661	0.007675498041955224	0.03067479828891214	-0.2743968117659622	
10.158799824434974	-5.741870440330161	3.941798370210974	0.025089358702231657	0.035451534263687065	-0.18812949726263256	
10.593021164072029	-5.88389945386214	3.8809983917129025	0.04354388814949481	0.04050659615536292	-0.10441714671980619	
11.014813111197622	-6.041871614676466	3.825988970310572	0.06595804643038726	0.04525737116603973	-0.02369957244271805	
11.415339549208133	-6.212439271615221	3.778894518263323	0.0952019140026069	0.04936303252899387	0.053938783043783356	
11.786022525047569	-6.390977258229241	3.7407112178307678	0.13394120818396413	0.052743668792282615	0.12877466459730535	
12.11900984558216	-6.571711613129578	3.7111183610763394	0.18447482795022627	0.05557313541990249	0.20142700352028442	
12.40769118464776	-6.7479861774413	3.688426893789254	0.24858512341458971	0.058246987999391	0.27281050765607	
12.647261891311029	-6.912678145259116	3.669703538103814	0.32740774273136997	0.06132929526247656	0.34405746541133114	
12.835131375074315	-7.058654013524351	3.6510503058068458	0.4213698552669722	0.0654899508261163	0.4164229086455189	
12.971418920737372	-7.1793783707535805	3.6280831988718822	0.5301130484673834	0.07143227231522836	0.49114971688293857	
13.05868611073274	-7.269197324068309	3.5963968584431654	0.652606245858358	0.0798410843835459	0.5693753138770666	
