12.8355147048685	-6.52307305416515	4.3079532984529845	0.6334826953866249	-0.0890504289228055	0.7305414684243938	
12.833555831872896	-6.474072037031532	4.233053087505567	0.6224343243929708	-0.03391479320063629	0.9210078330833159	
12.787305869288652	-6.438009666992276	4.146133453390797	0.6235388110455897	0.020767614933150144	1.0992353156867707	
12.70800258558172	-6.414963148920961	4.046429507376307	0.641585327831708	0.07346187084319629	1.26258977261148	
12.607690513400067	-6.403733479172274	3.933777344607656	0.6804239254855096	0.12288799427350117	1.4087898265490681	
12.4982292574373	-6.401626031197122	3.808821881769175	0.742641550003709	0.168121424050822	1.5360195897219704	
12.389938052487265	-6.404531397577542	3.6730225638735656	0.8294295084418158	0.20863654795233993	1.6429796142370254	
12.290586315438974	-6.407002278828606	3.528576975304158	0.9404493011925765	0.2443372631336901	1.728953716580578	
12.204650137345698	-6.402521555343344	3.3782428770879434	1.0738018742578797	0.27554771862733934	1.7938481622911744	
12.13302157637404	-6.383916775376922	3.225117280243114	1.2260771162507111	0.3029721018349454	1.8382108496621004	
12.073166875834437	-6.343922879120855	3.0724043186192644	1.3925020112219098	0.32762460913602126	1.8632206701247302	
12.019696270696281	-6.275839783575784	2.9232006848339824	1.5671837218501379	0.35073723446524063	1.8706453783023216	
11.965246990945403	-6.174214709091562	2.780311370300396	1.7434403792242492	0.3736533243279961	1.8627665583226343	
11.901543731322924	-6.03545890945431	2.6460992775118566	1.9141989615217527	0.3977164822150143	1.8422739950516323	
11.820485908443386	-5.858320949302068	2.522365482690753	2.0724291917599973	0.4241638435631512	1.8121364057620912	
11.715134384628183	-5.644154935979027	2.4102595078597817	2.2115817132604616	0.45403065594663294	1.775455610841443	
11.580492612162107	-5.396945941855867	2.310224328003386	2.3259965439610877	0.4880718866460269	1.7353129920572745	
11.41401064421138	-5.123084259969911	2.221984619420746	2.4112499317016023	0.52670507534885	1.6946178333919022	
11.215779871768785	-4.830910664619976	2.144586723490629	2.4644130798585837	0.5699771904486827	1.6559670644472155	
10.988427003348912	-4.530082698126765	2.0764941448350105	2.4842039401636553	0.6175568904315559	1.6215251209055814	
10.736752143908067	-4.230833061963947	2.0157341363109045	2.4710226409689486	0.6687522677482834	1.5929311711621004	
10.467181735001773	-3.9432007659458543	1.96008180574083	2.4268719448893137	0.722552656428947	1.5712386245631322	
10.187116018260763	-3.6763158178136477	1.9072614402428552	2.355170705148938	0.7776921574459522	1.5568909790640266	
9.904255413245114	-3.4378081770857816	1.8551402957651262	2.2604813489159374	0.8327297361958671	1.5497347452221166	
9.625974190434194	-3.233380274124892	1.8018935086556223	2.1481804188222835	0.8861389812420695	1.5490660006632542	
9.358789069145205	-3.0665592271821103	1.7461244275898253	2.0240991665472823	0.9364004853538788	1.5537064193411465	
9.10795575079591	-2.9386250239587923	1.6869314680063496	1.8941616050005203	0.9820893768888176	1.5621023646272068	
8.877211739588857	-2.848695590748212	1.6239207004777672	1.764044247678501	1.021951213813119	1.5724392618998342	
8.668671248563506	-2.79394027173753	1.5571704720219197	1.6388766537300996	1.0549609238690332	1.582762852710678	
8.48286624608872	-2.769889865098002	1.487158932797261	1.5229958495507667	1.0803614608779994	1.591099056852073	
8.318914712268281	-2.7708129166948368	1.414667284163115	1.4197617661558566	1.097680992944078	1.595564907361553	
8.174784040248888	-2.7901323790685133	1.3406717264826724	1.3314355714564055	1.1067293954596786	1.5944643504315008	
8.047612358255202	-2.8208612698888107	1.266236367757518	1.259123419970075	1.1075754118112513	1.5863631406530305	
7.934048950439506	-2.856033629272363	1.1924187897440925	1.2027825230489615	1.1005080766344748	1.5701392078917873	
7.830589209109146	-2.8891128602365472	1.1201960513015206	1.1612848529722242	1.0859866183200197	1.5450074805986602	
7.733889543606027	-2.914360688290546	1.0504154283608598	1.1325344494757608	1.064583247883559	1.5105195694264366	
7.641050734836334	-2.927148632328391	0.9837710785893873	1.1136319465328537	1.0369237259099215	1.4665405328457628	
7.5498602333880465	-2.924193434525444	0.9208050170991722	1.101077511548279	1.0036305440353095	1.4132064080605422	
7.45898598493322	-2.9036997995407483	0.8619284373738187	1.0910005499468078	0.9652731808723196	1.350867288110682	
7.368115643649018	-2.8653994407510908	0.8074573923565961	1.0794017970129333	0.9223292679897994	1.280021508970899	
7.278034395900295	-2.810484805989867	0.757655296462486	1.0623917360836834	0.8751595876128659	1.2012469790194715	
7.190632977264029	-2.74144630938697	0.712774001739675	1.0364096118537947	0.8239986086923426	1.1151356556628491	
7.108836119040437	-2.6618294802110447	0.6730853093999873	0.998407057281481	0.7689610258977337	1.0222370761585782	
7.036454489489421	-2.5759416978021163	0.6388966631886684	0.9459858123602932	0.7100621655100388	0.9230157771974515	
6.9779693089699295	-2.488535265247277	0.6105484225787372	0.8774843583670816	0.6472488976491202	0.8178254942089548	
6.938265160295822	-2.40449210070612	0.5883942280065619	0.7920122208985168	0.5804368938261198	0.7069016148119681	
6.922331059558446	-2.328533343615055	0.5727701928635536	0.689435072783599	0.5095497813561123	0.5903718390850919	
6.934951635138098	-2.2649736535294775	0.5639620914558185	0.5703176127990587	0.4345560951498076	0.46828364509268827	
6.980409800352456	-2.2175350835453327	0.562181728196866	0.4358342755766795	0.35550076382449725	0.3406461359837673	
7.062219235280917	-2.189228762998781	0.5675636482093502	0.28765983983824694	0.2725290525819331	0.2074832197953239	
7.182898545957247	-2.1823040486142884	0.5801906215577713	0.12785275019831266	0.1859022534238487	0.06889490139807442	
7.343791503870674	-2.1982565140542194	0.6001506299180457	-0.04125711216675179	0.09600544759230581	-0.07487649979611045	
7.544932565801682	-2.2378792316513327	0.6276186929036008	-0.21716622450533596	0.0033480823279579694	-0.22337913814226704	
7.784946640788875	-2.3013345548584545	0.6629474354672628	-0.3972735110517609	-0.09144127093995155	-0.37588685452982407	
8.060977808301276	-2.388227834843861	0.7067445795994538	-0.5789324083940374	-0.1876253745453948	-0.5313409264514241	
8.368652542974658	-2.497670246484006	0.7599140217788533	-0.75947955237882	-0.2843738366875674	-0.6883036493839424	
8.702098435592095	-2.6283260184050703	0.8236405347968633	-0.9362433301494624	-0.38078376239051864	-0.844930274766129	
9.05405319441488	-2.778446690581717	0.8993057622556445	-1.1065374547028104	-0.47590551551767907	-0.9989666989754991	
9.416102496140061	-2.945898483897912	0.9883342706761663	-1.2676462238425499	-0.5687729652678927	-1.1477802026713455	
9.779072509823322	-3.1281873779987572	1.0919816896143621	-1.4168097121659595	-0.6584365521643903	-1.2884290013357396	
10.133573182772254	-3.32248135691091	1.21108962135391	-1.5512190269195834	-0.743996351978137	-1.417773303083905	
10.470646163212715	-3.5256246241984774	1.345843498749949	-1.6680337898970192	-0.8246311938387382	-1.5326263813300136	
10.782422987585528	-3.734136494173653	1.4955766369558197	-1.7644341816639517	-0.899619421212244	-1.6299368063888637	
11.062679869255085	-3.944190175236711	1.658657628988348	-1.837717364051892	-0.9683480612506866	-1.706987657721379	
11.307180476240923	-4.151574682840392	1.8324888180102066	-1.885443474070022	-1.0303085805885357	-1.7615948545950926	
11.513730120992069	-4.35165282674546	2.0136266590258804	-1.9056290937968667	-1.085079564406877	-1.7922841705384598	
11.681921710107458	-4.539339108597745	2.19801447569762	-1.896977055497336	-1.1322990909584227	-1.79842705451702	
11.81262075036305	-4.709129978078074	2.381299067698339	-1.8591217781887357	-1.1716317616716339	-1.780319041456655	
11.907294756632327	-4.855220723331727	2.559188867127785	-1.792860635671326	-1.2027367779909839	-1.7391908423526645	
11.967324925799959	-4.97173453189994	2.7278053008452345	-1.7003360883654413	-1.2252437709974042	-1.6771501742666783	
11.993436515759269	-5.053070337106645	2.883981638427513	-1.5851328555537125	-1.2387422106825932	-1.5970606866144341	
11.985357615997945	-5.0943467818279045	3.0254694412985037	-1.4522547668901358	-1.242788497263281	-1.5023697445331639	
11.941761437250932	-5.09188790536557	3.1510294457284966	-1.3079631667141645	-1.2369317935706774	-1.3969051347670165	
11.860484697102198	-5.043679602067582	3.2604052994472914	-1.1594784728027479	-1.2207565695128533	-1.2846615628500249	
11.738970383461272	-4.949721443548758	3.3541942855114217	-1.0145636956555384	-1.1939372309107417	-1.1695955675492213	
11.574850225862772	-4.812213856795322	3.4336431994836674	-0.881027900779443	-1.156298024156506	-1.0554450861705258	
11.36656525438912	-4.635551699860594	3.5004055676984804	-0.7662000703114527	-1.1078703391125422	-0.9455855324191433	
11.113922778906952	-4.426130845889082	3.5562979071022207	-0.6764277856359966	-1.0489398512844454	-0.8429291837035284	
10.81850418323668	-4.192002359177847	3.603088019591835	-0.6166504607721348	-0.9800774920647914	-0.749869613589973	
10.48386707842718	-3.942422228640085	3.642338390487512	-0.5900851818208394	-0.9021505366662289	-0.6682683143792923	
10.115520817161386	-3.6873435481084607	3.6753146338487994	-0.5980477381712483	-0.8163125205692676	-0.599477034849543	
9.720684412505555	-3.4368918848234182	3.7029567755035133	-0.6399219444103922	-0.7239722233682275	-0.54438819719805	
9.30787654939477	-3.200860636696009	3.725899124469695	-0.7132658054453087	-0.6267455210575509	-0.5035019706734551	
8.886402087982475	-2.988249686044783	3.744521012750966	-0.8140338306574224	-0.5263947685870662	-0.47699969552251165	
8.4658062149701	-2.806864791411242	3.7590133642256616	-0.9368895048255875	-0.42476088336820433	-0.4648145350588414	
8.055364254718377	-2.662992368413871	3.7694513108921694	-1.075577676431265	-0.32369338384439283	-0.4666916316719159	
7.663658338051029	-2.561162641686117	3.7758689696530174	-1.2233262041510982	-0.2249830811350349	-0.4822322740115028	
7.298267577644959	-2.5040126844954838	3.7783360136702404	-1.3732480826271063	-0.1303013826028154	-0.510919174610522	
6.965574391353678	-2.492259873039991	3.7770347689690262	-1.518718506440467	-0.04114939766874319	-0.552122672102686	
6.670672683951264	-2.524794626089884	3.772331960783313	-1.6537053744701464	0.04118090722241459	-0.60509019814552	
6.417357155697035	-2.598896284407564	3.764834751362892	-1.7730354105489756	0.1156322294212201	-0.6689234892642284	
6.208174464138457	-2.7105598057457865	3.755420633044616	-1.8725791653289385	0.18139345765372303	-0.7425500573698436	
6.044511483356534	-2.8548893734386187	3.745238082038857	-1.9493500053092145	0.23789899400748263	-0.8246952932074523	
5.926702275004424	-3.026507489706832	3.735679659155486	-2.001519061288569	0.28481799071694863	-0.9138610064018982	
5.854140383809087	-3.2199302195410398	3.7283304702618465	-2.0283553515189348	0.32203609165083485	-1.008314674770777	
5.82539003614752	-3.4298738093698615	3.724893833510437	-2.030106222567619	0.34963240262989886	-1.1060918538511717	
5.838296774408098	-3.6514757127478927	3.7270952354906677	-2.0078361554072086	0.3678541621575718	-1.2050126060763464	
5.890102606921094	-3.8804267040597114	3.736566967946826	-1.9632423712817277	0.37709114798949767	-1.3027116797860696	
5.977571674201413	-4.113019071829459	3.754719057718948	-1.8984645283775885	0.3778513988119013	-1.3966815112654771	
6.097129563001143	-4.346122006224641	3.782605562257993	-1.8159038433683035	0.3707394660442457	-1.4843268149184121	
6.245014825146642	-4.577100449645506	3.820799051628316	-1.7180641641479166	0.35643792012509307	-1.5630294809825667	
6.417436105866804	-4.803699877324088	3.8692890951623298	-1.6074252041031774	0.33569250511396864	-1.6302215974637388	
6.610727581146595	-5.023922122326424	3.927417375913389	-1.486353220800099	0.30930100005078603	-1.6834640660709415	
6.821496122611754	-5.235912254876199	3.993859248420186	-1.3570497581160612	0.2781052406437142	-1.7205279825511792	
7.046750536087444	-5.4378718317189065	4.066656163950497	-1.2215359103500285	0.24298556106177202	-1.73947512793539	
7.28399939240489	-5.628008399416805	4.1432980446694865	-1.0816665321402588	0.20485662023081108	-1.7387333686215718	
7.531302163945235	-5.8045262030731	4.22085055222881	-0.939166373436565	0.16466323277131156	-1.717162566551036	
7.787260883186466	-5.965659061218009	4.296119636764691	-0.7956783614621584	0.12337454476461322	-1.6741068448426644	
8.05094660138122	-6.109743444050257	4.365844630973118	-0.6528132377309489	0.08197485902794785	-1.6094297609368988	
8.321764868870483	-6.2353281907873885	4.426911169363647	-0.5121894832603479	0.04144973824061753	-1.5235303284328094	
8.599274751249604	-6.341314834958769	4.476573119003857	-0.37545257618388356	0.0027668041523514365	-1.417337831486294	
8.882987396951787	-6.427118069635905	4.512667574507534	-0.2442639855312119	-0.03314807476198582	-1.2922860928151343	
9.172173705591433	-6.49283051151273	4.533803131866744	-0.12025362275350965	-0.06543759055046891	-1.150269863344608	
9.465708355593772	-6.539366916130019	4.5394956109614295	-0.004934043898374838	-0.0933404804670294	-0.9935856019015769	
9.761969885472874	-6.568555754566101	4.53022343061535	0.10041883014402737	-0.11621702522352101	-0.8248595691592627	
10.058803325568112	-6.5831441580994925	4.507379486612547	0.1949063678732812	-0.13356999438006226	-0.646966111587234	
10.353537482051689	-6.5866886114343055	4.473108448123878	0.2781506252153622	-0.14505906217240894	-0.46293877230381236	
10.643040109065314	-6.583319344885698	4.4300364407116035	0.35041787066299934	-0.15050776530450094	-0.27587673410827906	
10.923797011222616	-6.57738942065802	4.380920577099088	0.4126994942320894	-0.14990335365999002	-0.08884929821398266	
11.19201659333256	-6.57304476784685	4.328263669071466	0.4667315887452836	-0.143390937383878	0.0951984941754063	
11.443780869152139	-6.5737771992860985	4.273955063327444	0.5149396329916022	-0.1312631024857029	0.2735343283883519	
11.675266822754427	-6.582034402436513	4.21900076908716	0.560309142144923	-0.11394600619327039	0.44371583809218346	
11.883044199183288	-6.598948185964548	4.163392781236704	0.6061916004313641	-0.09198109624541191	0.6036526043382816	
12.064414216650539	-6.624220697948123	4.106142455938579	0.6560679471107775	-0.06600108035587379	0.7516478914433882	
12.21773165317321	-6.656166094806162	4.0454851847151545	0.7132788570357576	-0.03669637143292944	0.8864241789317792	
12.342590372319584	-6.691897789319991	3.9791923098350765	0.780790306807124	-0.004777237890053851	1.0071172793777428	
12.439891446802172	-6.7275584041173975	3.905010197915743	0.8608979951329889	0.02908266139087346	1.1132866770095182	
12.511555720855814	-6.758652740237706	3.820977167210808	0.9551470300130186	0.0642828288007243	1.204849768685881	
