13.309951453492138	-7.450011564915282	3.709162833518149	1.1096340376359193	-0.0832397673647121	1.957945033225137	
13.321661808443313	-7.455556231261249	3.6084781452373837	1.2548175472902952	-0.054377804846466336	2.034676821883508	
13.321248214349586	-7.451013680843166	3.500101882149366	1.4181486632732994	-0.024507639682684886	2.093522366751065	
13.310112437960486	-7.428995910810018	3.3845963973419115	1.5975364874975737	0.006629260898760054	2.135817510419662	
13.288664954352983	-7.382295847481437	3.262786792244982	1.7899530400804844	0.03944743026422394	2.1631404311027307	
13.256021811228683	-7.304307570967588	3.1358474370227443	1.991169939113462	0.07454592088803151	2.1773692078958042	
13.210383069765802	-7.189561286864575	3.0052231092053487	2.1961194111116367	0.11262321517800146	2.1805756679087667	
13.149296347441386	-7.034182387322369	2.872599504284388	2.3990714829922966	0.1544277917366863	2.174978851075051	
13.070084310784893	-6.836277098966299	2.73982654762566	2.593949420322082	0.20068887086894094	2.162866761557289	
12.970269724104968	-6.5961619045004225	2.6088208669262514	2.7746560972373975	0.25205225159948935	2.1465181431062805	
12.847960909426734	-6.316449596504802	2.481450695166608	2.9353994610835175	0.30902164771590285	2.1281240405252206	
12.702170416181167	-6.0019783978538905	2.359409585899471	3.071005188407927	0.3719071570755689	2.1097103621748055	
12.533038302164153	-5.659586203287059	2.2440904439824267	3.1771977196074555	0.44078330811302513	2.093064704851053	
12.341940849956732	-5.297733855345437	2.136472065175703	3.2508388790689584	0.5154579017063491	2.079668519471494	
12.131445228008097	-4.925984311458211	2.0370474936301193	3.290077894668121	0.5954600787847267	2.070646075753208	
11.905149288612783	-4.55443191032026	1.9457996704488079	3.294421525204768	0.680043965158659	2.066728917862032	
11.667433784537323	-4.193118561479042	1.862223833978003	3.2647290081226368	0.7682071714591914	2.068235886124309	
11.423152304107312	-3.851475021427842	1.7853940169037896	3.2031332039348	0.8587240037509348	2.0750701104517257	
11.177286471901393	-3.5378180993375112	1.71406563369953	3.112898195372386	0.9501918707301361	2.0867317618023615	
10.934596736102863	-3.258953827108309	1.6468055421516306	2.9982099228031243	1.0410912112988955	2.1023516246365097	
10.69931779114572	-3.019927641227185	1.582125407859003	2.8639264651730514	1.1298519886202691	2.120743328668795	
10.474912321163627	-2.8238865221944676	1.518601126886989	2.7153205726222707	1.2149201350499588	2.140465629410907	
10.26389014730987	-2.6720427087324388	1.4549722598217976	2.5578200001119784	1.2948214600295107	2.1598944841329266	
10.067698576762957	-2.563723614508312	1.3902161241435815	2.3967559658824897	1.3682197696826375	2.1773022081578195	
9.886686267904752	-2.4964930337589064	1.323594369767192	2.237124486992535	1.4339670521777101	2.190942124274548	
9.72016234556562	-2.466360158573214	1.2546654042574985	2.0833819265452393	1.4911376797857192	2.1991328387162383	
9.566517368772061	-2.4680255674121634	1.1832725871245422	1.9392804258756497	1.5390476328604055	2.2003346033135482	
9.423389488188949	-2.4951583161359285	1.1095152920292504	1.8077395392822524	1.5772603385984818	2.1932162699210136	
9.287863715389145	-2.540703606539545	1.0337075597812044	1.6907562248002317	1.6055795409206237	2.1767101614458735	
9.15668985061713	-2.597217911101003	0.9563301406859489	1.589350430591277	1.6240311374231344	2.1500539216558545	
9.02650884639512	-2.657232415329021	0.8779801917503723	1.503559567244428	1.632832942319759	2.1128136961522723	
8.89406430941913	-2.7136140125280175	0.7993267543603972	1.4324884493111758	1.6323554368677016	2.0648849162404144	
8.756392196090083	-2.7599056842693517	0.7210771478291159	1.3743957223062913	1.6230796551164057	2.00647762022621	
8.610991642987116	-2.790634862693193	0.6439541040801174	1.3268184594762795	1.6055531933099247	1.9380865867257937	
8.45597807896219	-2.801574651108071	0.5686835295803097	1.2867300894315394	1.580346645685633	1.8604483020760298	
8.290223874520544	-2.7899478596867135	0.4959916050266107	1.2507276520933834	1.5480122938849494	1.7744864704086938	
8.113467030179098	-2.7545248890673015	0.42660794748810354	1.2152413437712684	1.5090492710697336	1.6812466179598518	
7.9263912084456365	-2.6956310612744403	0.36126937729105424	1.1767394119203687	1.4638781193365986	1.5818290065911798	
7.730676344313109	-2.615074406556698	0.3007195157527123	1.1319207302630199	1.4128245587283748	1.477322335535758	
7.529012822611352	-2.5159960616315074	0.24570045729291298	1.0778867567487949	1.3561127067537924	1.3687406833806044	
7.3250778065082525	-2.4026539575891133	0.19693314460757275	1.0122870923489582	1.2938672544615732	1.256965774009597	
7.123457830437195	-2.2801379854220714	0.15508413011373237	0.9334250866765571	1.2261251359600314	1.1426987704184122	
6.929512255392741	-2.154045135850054	0.12072277276112023	0.8403080569935788	1.1528551068057293	1.0264280510281265	
6.7491977652266915	-2.0301551287810478	0.09427474577722772	0.7326549100606001	1.0739812321288593	0.908410933827434	
6.588853495347837	-1.9141182898086893	0.07597892689813636	0.6108628308105637	0.9894090276933926	0.7886700235113985	
6.454954004671628	-1.8111733837149355	0.06585537632010162	0.47593823122888707	0.8990526063120446	0.6670042881339523	
6.353834873271161	-1.725907451504713	0.06369275075371376	0.3293986527961771	0.8028617807225268	0.543014912236288	
6.291413566338315	-1.6620911798788112	0.06906998804806841	0.17314758992460533	0.7008463582532183	0.4161491830431446	
6.2729305960653345	-1.6225902824094096	0.08141237293436546	0.009346619465031644	0.5930962949230382	0.2857561616669267	
6.302714390373139	-1.609339921579703	0.10007931596341985	-0.15970626616213354	0.47979823521848974	0.15115217476365117	
6.3839757611371875	-1.6233753733366683	0.12447933306954148	-0.3316862796835565	0.3612484244782256	0.011694874584501094	
6.518629413482534	-1.6649055421015195	0.15420519821138645	-0.5043334372293323	0.23786268630697974	-0.13313524783516179	
6.707153250640634	-1.7334234268003945	0.18917506652458424	-0.6755196461088488	0.1101827735989261	-0.2836487297063445	
6.948507772590391	-1.827838896459446	0.2297486569519784	-0.8432835117341441	-0.021122400234580466	-0.43986730239093114	
7.240094884071956	-1.9466073429562585	0.2768037298435533	-1.0058370236095713	-0.15525878102760432	-0.601453177158157	
7.577769178731091	-2.0878515589797444	0.33175852868509415	-1.1615473755840497	-0.29131363838379715	-0.7676526197796169	
7.955912000293919	-2.2494706196101792	0.39652855204567405	-1.308897681938303	-0.4282671941269087	-0.9372591178854623	
8.367579913035419	-2.429230410175674	0.4734069703877584	-1.4464309287892676	-0.5650101730155965	-1.1086005136383512	
8.804763206334687	-2.624830162981838	0.5648605609875331	-1.572685054963848	-0.7003690509530104	-1.2795659777726522	
9.258717221664615	-2.833936802986584	0.6732717804176209	-1.6861337699682926	-0.833135511529308	-1.4476678358679176	
9.720335238223104	-3.054185787754095	0.800651263781969	-1.7851423210308046	-0.962097982597639	-1.6101338550689557	
10.18053040635131	-3.2831461136557927	0.9483451633296798	-1.8679472103250934	-1.086073384768409	-1.7640275517900819	
10.630585490365714	-3.518246046812894	1.1167604780803229	-1.9326691056637442	-1.2039371990151262	-1.906391395164324	
11.062417844049577	-3.756658514356508	1.305144958931567	-1.9773716217485218	-1.3146494642035271	-2.034406334257235	
11.468702679141066	-3.9951660967942573	1.5114764634589488	-2.000170089107237	-1.4172730001664735	-2.145545513709549	
11.842874090980585	-4.230028593336669	1.7324568960288595	-1.9993828336279345	-1.5109852142580604	-2.237709990547418	
12.179038362355445	-4.4568813485798175	1.96361826083558	-1.9737172234834155	-1.5950840873270251	-2.309339233483725	
12.471844907676914	-4.67069429583941	2.1995401801160797	-1.922478244726491	-1.6689891319715597	-2.359489693882182	
12.716372763731155	-4.865823998466106	2.4341751786346104	-1.8457890180530345	-1.7322386944721762	-2.3878793423728557	
12.908090183902788	-5.036202012408507	2.6612703002695954	-1.7447786821292324	-1.7844824297368436	-2.3948823871554428	
13.042924859159882	-5.175646514287359	2.8748194338981254	-1.621708872393954	-1.8254716396339892	-2.381485769118545	
13.117437064585596	-5.278270463035757	3.0695077069344068	-1.480027317283365	-1.8550491472293331	-2.3492192238901017	
13.129070343705724	-5.33895267647763	3.2411127105805604	-1.3243321324735926	-1.873139373714608	-2.3000635608020685	
13.076451103975645	-5.353831352474866	3.3868308147315274	-1.1602406316491245	-1.8797400560706607	-2.2363452499247893	
12.95968886009764	-5.32075657166184	3.5054835954307597	-0.99415071362517	-1.8749165886814492	-2.160622355448092	
12.780589763031056	-5.239591023894659	3.59754722169562	-0.832910463474137	-1.858799307802323	-2.0755727009726908	
12.54276837087488	-5.112350917510526	3.6650404734750364	-0.6834483840071521	-1.831584795835558	-1.9838961177208034	
12.251635854059689	-4.943180794942922	3.7112855115818024	-0.5523868237806805	-1.7935402401011853	-1.8882309223938851	
11.914256039507757	-4.738172317927258	3.740566132262309	-0.44566622513879905	-1.7450101035331058	-1.7910862746646565	
11.539072568549772	-4.5050535938566405	3.7577133451499103	-0.36819909262804185	-1.68642475393864	-1.6947898135242785	
11.135502268634106	-4.252762251659668	3.7676589283725694	-0.3236043834391947	-1.6183083145256234	-1.601454087905765	
10.713467060874654	-3.9909834878072066	3.775031538780309	-0.3140411107026812	-1.541284826979808	-1.5129587671649554	
10.282910198412775	-3.729688865463095	3.7838220166835157	-0.3401285896826668	-1.45608248600769	-1.4309428639306034	
9.85332628054135	-3.4786878028802883	3.797133728311829	-0.4009538874867559	-1.3635348690187867	-1.3568048203217384	
9.433335160827314	-3.2472032977508825	3.817026517561321	-0.49415678119097883	-1.2645788522671688	-1.2917071988360915	
9.030333866240177	-3.0434814608525853	3.8444638115085534	-0.6160916143422357	-1.160248206403197	-1.2365842998742964	
8.650286661221989	-2.874479023804268	3.879372748176471	-0.7620621503944043	-1.0516617304905798	-1.1921530808029666	
8.297634884005925	-2.7456285487016845	3.920772517221239	-0.9265809265691488	-0.9400087762099016	-1.1589213182225053	
7.975314486262073	-2.660692499234619	3.966954687839842	-1.103645409617463	-0.8265326825667303	-1.1371933210742304	
7.6848664465129	-2.6217191588406727	4.015698478245621	-1.2870171262302696	-0.7125131632273746	-1.1270729143032692	
7.426618323762673	-2.629103621782116	4.064505949985995	-1.4704922594998804	-0.5992486294916388	-1.1284624898502742	
7.19993455098812	-2.681779809700256	4.110843569138166	-1.6481439601811887	-0.48803916315746637	-1.141061667637591	
7.003490332403604	-2.7774918909601904	4.152364423653846	-1.8145137303387218	-0.380170999419901	-1.164365355811368	
6.835543905145173	-2.9130948041983213	4.187107135297521	-1.964755355680206	-0.27690141044855276	-1.1976608088594618	
6.69419857696386	-3.0848600877449592	4.213667051020077	-2.0947331618003338	-0.17944282316868695	-1.240025364414434	
6.57764239228483	-3.2887589545586615	4.231333758553832	-2.2010800930445917	-0.08894490507073077	-1.2903247737565633	
6.484355644268845	-3.5207005605870916	4.240182113835089	-2.2812196543719963	-0.006473341767057212	-1.347212827412892	
6.413264296061127	-3.7766987089911677	4.24108747622223	-2.333347602092212	0.06701292200925202	-1.4091358861096612	
6.363841644324884	-4.052963303944593	4.235676533323631	-2.3563988732636574	0.13068628190995354	-1.474338941612502	
6.336162706481159	-4.3459287901408326	4.226215347631676	-2.350003815156321	0.1838759629473281	-1.5408749343217063	
6.330912785745943	-4.6522291184345494	4.21544084654664	-2.3144378344363696	0.22609325822297438	-1.6066186154646402	
6.349353578869164	-4.968629789044923	4.206345020722096	-2.250570654545928	0.2570567127876858	-1.669285894108781	
6.3932382689988785	-5.291928706951695	4.201926359199612	-2.1598091474668624	0.27671247962590817	-1.7264632129409694	
6.4646876562981985	-5.6188503061936705	4.204946434576878	-2.0440405624613383	0.2852484952419718	-1.7756463292454738	
6.566038921741908	-5.945950095889813	4.217709142204405	-1.9055798175675662	0.28310394906768993	-1.81428814438382	
6.699670168453697	-6.269541924497324	4.241874274183211	-1.7471165433814073	0.27097238069494956	-1.8398568177600483	
6.8678061438245	-6.585658200281264	4.278314398877971	-1.571661013745854	0.24979824984434157	-1.8499045836788435	
7.072308378373169	-6.890053282327786	4.3270245331977035	-1.3824857460337545	0.22076557862633675	-1.8421483390030162	
7.3144723166521075	-7.178259707268365	4.387108246290034	-1.183058756969025	0.18527434277898364	-1.8145540634042605	
7.594838473628778	-7.445688311531212	4.4568203239077	-0.9769739366676425	0.1449097972859387	-1.7654216282745119	
7.913022389944695	-7.687771036988045	4.5336620304026365	-0.7678759552142861	0.10140406481158162	-1.6934666793402555	
8.267571929259157	-7.900144566978447	4.6145242457329605	-0.5593789257083955	0.05659021595400437	-1.5978951813616002	
8.655855076688345	-8.078876803595081	4.695871621884904	-0.3549766173978982	0.012349156813054887	-1.4784695870555935	
9.0740111616032	-8.22072173777248	4.77396276989735	-0.15794580571600056	-0.029449987010398936	-1.3355526762113747	
9.516977386682138	-8.323369554225177	4.845074798933297	0.028750842024631892	-0.06701017608388121	-1.1701241271833023	
9.978580926857838	-8.385673722271626	4.905711349970192	0.20256178326726318	-0.09866526182931265	-0.9837752694433199	
10.451702918514897	-8.40782803773984	4.9527801577505945	0.3614391346379475	-0.12293561482382649	-0.7786788311063684	
10.928510758737918	-8.391470905505619	4.983726073691302	0.5039229905490198	-0.13857921588576322	-0.557534801041962	
11.40075857038608	-8.339688672718315	4.9966065016739964	0.629211988067401	-0.14463717063488318	-0.3234917985655677	
11.860139221936299	-8.256872816026707	4.990091251826637	0.7371977241294414	-0.1404654449936801	-0.08004216066850396	
12.298650406625255	-8.148471130120283	4.963413352049074	0.828468850390013	-0.12575635118864362	0.1690914613162223	
12.708965797687924	-8.020649208842396	4.916293220707927	0.9042815556791902	-0.10054913474265206	0.42007539634979585	
13.084789855077972	-7.879890590371042	4.848856885725576	0.9664951229876345	-0.06522794882316303	0.6690843433318969	
13.42118165910165	-7.732560597440514	4.761572914647507	1.0174738892805828	-0.020506989759945197	0.9124181783375438	
13.7148001301597	-7.584457254968437	4.655229447548601	1.0599477438344764	0.03260368690693665	1.1466151511957379	
13.963929798141029	-7.440522659240416	4.530923214138345	1.096866569418088	0.09285283143810463	1.3685157838114836	
14.168583046822452	-7.304336538307736	4.390162311868882	1.131194644223177	0.1588064691807924	1.575408767740894	
14.329936490579309	-7.17837853369938	4.234775820908023	1.1658205660839862	0.2289346996556175	1.764939095112947	
