13.319946060009828	-7.138367669741555	4.202023642702817	1.029832431516626	-0.0080400998805398	1.2147066849693742	
13.38500548159968	-7.084059344076294	4.0854762103545585	1.1040716201798912	0.049689845953665525	1.3700420482037108	
13.425147926380799	-7.029755232172409	3.9598721907247065	1.1871021637670158	0.10918442879825788	1.5073671207107378	
13.443410420201877	-6.97262158393357	3.82691368779913	1.279656602824235	0.16958008850835515	1.6262069266300068	
13.442411110027951	-6.909273955339905	3.6884213232809286	1.3817921344402124	0.23017102981372478	1.7264804729951957	
13.424005270483693	-6.835766044048351	3.5463212933521695	1.492632452415564	0.29047426315027775	1.8086223949716722	
13.389123993420448	-6.747996762995581	3.402544269391223	1.6104734509510727	0.3502092637941491	1.8734866668987662	
13.337728936159639	-6.642004959925831	3.2589744448894207	1.7328009575185062	0.4092918542053134	1.922331034157631	
13.26892407513015	-6.5143488567588275	3.11739903532266	1.8564144785773293	0.46780292864652545	1.956757381019329	
13.181194547499262	-6.362454521472534	2.9794714249971705	1.9776008297260932	0.5259471115945188	1.9786435275425025	
13.072712782476362	-6.184915013481326	2.8466742840093855	2.092343695735108	0.5840065267751484	1.990067506331931	
12.941676623325751	-5.9817153826181135	2.7202760429787007	2.1965603341830566	0.6422920210197931	1.9932245576371546	
12.786642809129011	-5.754359211561297	2.601278984483071	2.286350163626823	0.7010949344710389	1.9903401928989295	
12.606826581102293	-5.505885947944864	2.490359200760863	2.3582440946269045	0.7606412419972876	1.9835809456710136	
12.402327978838406	-5.240750276909737	2.3878099169118854	2.4094326363095315	0.8210513113341333	1.9749670430990478	
12.174251857537778	-4.964573433121158	2.2935047428157156	2.4379442143614005	0.882309487319375	1.9662952266435734	
11.924731052351156	-4.683808845394173	2.206887381799999	2.4427710643385883	0.9442434743900215	1.9590730581244251	
11.656857220043982	-4.40534213771112	2.1269955527658317	2.423934966756901	1.006514631756328	1.954466933163617	
11.374532040087566	-4.136058089050105	2.0525214249340733	2.3824890239794896	1.0686199229744568	1.9532657180738962	
11.082256396579826	-3.882405790415953	1.9819069275624834	2.320457315317458	1.129905651210145	1.9558598717074427	
10.784874130572172	-3.6500160697195936	1.9134690448358858	2.2407022719322662	1.1895950125817498	1.9622433709006342	
10.487310796759601	-3.443414877118968	1.8455339726264255	2.1467453663657055	1.2468252298543663	1.9720349473780814	
10.194326315640852	-3.2658319713124118	1.7765664620584403	2.042561731628522	1.300690606719362	1.9845141476022883	
9.910292531290049	-3.1191046476089754	1.7052842304901508	1.932358997205527	1.3502891110565338	1.9986716853113706	
9.639006101440545	-3.003667991047895	1.6307483290539087	1.8203534819933695	1.3947694622237559	2.0132714843498256	
9.383542556111527	-2.918618454841088	1.5524231362664058	1.7105526437780159	1.4333763108165005	2.026922333552433	
9.146172528368252	-2.8618538320036544	1.4701933709123622	1.6065634784337066	1.4654875254313025	2.038156340825642	
8.928329899552017	-2.8302454464776146	1.3843455808382426	1.5114363128437582	1.4906414053397306	2.0455054456337756	
8.730621672733214	-2.819828023376915	1.2955207455045632	1.4275424028494506	1.5085535069808902	2.047573757379348	
8.552872643874347	-2.8260009254212948	1.2046435992747107	1.3564865475227745	1.5191223824655142	2.0431030849444767	
8.394194802569517	-2.8437354420316847	1.1128364504761736	1.2990526720252173	1.5224245943459493	2.031029506074843	
8.253077019287243	-2.8677915609420594	1.0213247807940704	1.255183991769045	1.5186986913914933	2.010528410161856	
8.127496333639032	-2.89294139770607	0.9313468827843276	1.2240090711579308	1.5083177896421593	1.9810413171765724	
8.01503832640608	-2.9141908805092642	0.8440790144161111	1.2038979912432062	1.4917561338607659	1.9422877251029917	
7.913030759870996	-2.9269981501899447	0.7605791631478206	1.1925494407163078	1.46955106180002	1.8942624039902283	
7.818691688172008	-2.9274798270671822	0.6817519395146014	1.1871072825835596	1.4422625003356664	1.8372186763753124	
7.729293487652935	-2.912598249160922	0.608334438413237	1.184302903599805	1.4104321004040852	1.7716393118010179	
7.642342006264378	-2.8803108775913273	0.5409025778721632	1.180623001884155	1.3745447686344812	1.6981941288413642	
7.555754336374427	-2.8296598438924274	0.4798927628326343	1.1724888280889771	1.3349974019050683	1.6176873562399163	
7.468025682295587	-2.7608119807119507	0.42562920274994476	1.1564332931674626	1.292075840176464	1.5310006527488893	
7.378374720200487	-2.675045779635775	0.37835196360454953	1.1292709309675966	1.2459406665788242	1.4390332348068247	
7.286856356588695	-2.574685733380315	0.3382410437228063	1.0882529713641924	1.1966220956581795	1.342641982221878	
7.194436034538574	-2.4629882511154015	0.30543251096984286	1.0312035801261936	1.1440232154817263	1.2425835842814708	
7.103004234610723	-2.343970881656362	0.28002437218847775	0.9566209473486091	1.0879324824394974	1.13946383654288	
7.015332333350534	-2.2222061113890232	0.2620724275393437	0.8637356953259869	1.0280427519700044	1.0336990411417433	
6.93498373930478	-2.102599810937928	0.25157969558521764	0.7525327007057467	0.9639740190399387	0.9254896565538403	
6.866183381958439	-1.990163834963725	0.24848443755625854	0.623735358722456	0.8952990503084786	0.8148078682823797	
6.813653918121241	-1.889796561667129	0.25265246781321327	0.4787554828353515	0.8215707878298069	0.7014001289706906	
6.782425476514516	-1.8060812118720668	0.2638805227548443	0.31961394928530307	0.7423511720194569	0.5848056085826221	
6.777625339067039	-1.7431219717736266	0.2819191273160372	0.1488305653058519	0.6572403304225769	0.4643948159985255	
6.804263468672449	-1.7044231763190034	0.30651623278416523	-0.030696541338401582	0.5659050572064516	0.33942413813093775	
6.8670108312834115	-1.692803723029076	0.33747899736831566	-0.21581379556215888	0.46810702723492476	0.20910477270902783	
6.969966650420702	-1.710341614645065	0.37474791164518395	-0.40323246409936014	0.3637304770219917	0.07268494736558037	
7.116410044788469	-1.75834024435843	0.4184748487847981	-0.5896407752107461	0.25280911785680166	-0.070456525003144	
7.308531895455243	-1.8373091401297805	0.46909365474554765	-0.7718043397813845	0.13555165484222312	-0.22070699745235933	
7.5471828773935785	-1.946966912520501	0.5273616104980774	-0.9466469878253551	0.012360760680627445	-0.3781193397262638	
7.83165313883144	-2.0862539400430973	0.5943629195670244	-1.111310619218964	-0.11615425206646454	-0.5423205557473367	
8.15951252265433	-2.2533588404633704	0.671467080000805	-1.2631960061865988	-0.2491727648601558	-0.7124364463236652	
8.526543281126967	-2.4457623681249285	0.760237940335132	-1.3999855553140597	-0.3856677698112837	-0.8870406303903424	
8.926787392591896	-2.6602982445113508	0.8622928350418135	-1.5196510283414026	-0.5244206579924623	-1.0641340401942192	
9.352740716864202	-2.89323370451465	0.9791144812311471	-1.6204481130150115	-0.6640472991127686	-1.2411668533152782	
9.795690688380446	-3.1403646521680155	1.1118400931674874	-1.7009018042827573	-0.8030341132148532	-1.4151115736284998	
10.246125174604524	-3.3971055397447314	1.2610512426368077	-1.7597947143884476	-0.9397780847367944	-1.5825751814886009	
10.69416895945656	-3.6585677405186	1.426584551781172	-1.796164365377006	-1.0726289222888519	-1.7399471893394984	
11.129996327901164	-3.919619383256015	1.6073845355084533	-1.8093162881723175	-1.199930973658033	-1.8835754862699763	
11.544177705594011	-4.174922913439572	1.8014147838622145	-1.7988612832009774	-1.3200634457784588	-2.009961781674778	
11.927924371307185	-4.4189578403172245	2.0056599782173015	-1.7647794151231646	-1.4314772251802925	-2.11596124865292	
12.27322894527892	-4.646046670984942	2.2162292840108893	-1.7075061916301684	-1.532726138089112	-2.1989610776810613	
12.572948788252713	-4.850406869929918	2.428546029181063	-1.6280353537072922	-1.6224934802993742	-2.2570296459314965	
12.820868044699925	-5.026251595286618	2.637618950937031	-1.5280250426792623	-1.6996135271304473	-2.289027473048141	
13.011766623960018	-5.167956031253059	2.8383792116334177	-1.4098928563523225	-1.7630877518253665	-2.2946735135391987	
13.14151780832561	-5.270304969857881	3.0260653848193946	-1.2768858163801131	-1.8120964783476874	-2.274565397701284	
13.207194269988031	-5.32880954279255	3.1966089069310692	-1.133090280967907	-1.8460038706494566	-2.2301379394509473	
13.20716766193133	-5.340054326131849	3.34695892984085	-0.98337288985403	-1.8643595518494744	-2.1635747710010174	
13.141189715543671	-5.302039039787851	3.475314244935906	-0.8332521146280577	-1.8668998541301232	-2.077687035698305	
13.010439410560176	-5.21447100101802	3.5812327570916502	-0.6886987867257572	-1.85354957381909	-1.9757660477901435	
12.817531575611117	-5.078968976094592	3.665602329132174	-0.5558730673882204	-1.8244255277481116	-1.8614209372538095	
12.566486304966086	-4.89914239102251	3.730466826523331	-0.44080702143430084	-1.7798429182006836	-1.7384106695420618	
12.262638214327337	-4.68048834820844	3.778713577403982	-0.349068091782633	-1.720320847307631	-1.6104847221082599	
11.912509830279326	-4.430153571715341	3.813697969879208	-0.2854430842896728	-1.6465880689108112	-1.4812482907608984	
11.523646235506808	-4.156594627280236	3.8388521797604045	-0.25366293449833266	-1.5595871185818266	-1.3540538938212916	
11.10440627696926	-3.869169611590273	3.8573211665460763	-0.2561881528364008	-1.4604746818620664	-1.231921535188287	
10.663710076359195	-3.577698402731011	3.871663754405286	-0.2940653095181997	-1.3506170510310962	-1.1174868808740992	
10.210739226899829	-3.2920193995667386	3.8836536711849243	-0.3668682369486521	-1.2315781082987913	-1.0129774591280156	
9.754608408926277	-3.0215847246564707	3.8942146634563533	-0.4727428716276296	-1.105096626424193	-0.9202185519349543	
9.304037187676567	-2.775110958664898	3.903467450412445	-0.6085192192271961	-0.9730561799087518	-0.8406554782897712	
8.86703837532321	-2.560282099316463	3.910868470147469	-0.7698821655883832	-0.8374470756524393	-0.7753873849039559	
8.450646464586526	-2.3835069270600746	3.915416225383255	-0.9515893072247676	-0.7003209068593738	-0.7252071137613746	
8.06070391371562	-2.2497260825690995	3.9158975547076755	-1.1477219395208016	-0.5637385543911431	-0.6906406227649151	
7.70173683092775	-2.1622869544763197	3.9111435003204	-1.351962567618448	-0.4297133045812705	-0.6719822836195676	
7.376933139054609	-2.1229044908178416	3.9002489823422772	-1.5578726671077388	-0.30015564569889147	-0.6693205390576891	
7.0881903948871345	-2.131692906242037	3.882733187242931	-1.7591515299054985	-0.1768238850168193	-0.6825494633775799	
6.836223346271591	-2.187279885278201	3.8586313128636296	-1.9498700148921198	-0.06128410305657593	-0.7113679143400904	
6.620718907337454	-2.2870036334058716	3.8285153088930577	-2.1246692651762964	0.04511758511222479	-0.7552678810931668	
6.44052764932145	-2.4271836821297867	3.793452443952918	-2.278919868825647	0.14126976070657565	-0.8135136891803894	
6.293893568836396	-2.603453540491559	3.7549151164539705	-2.408822299903954	0.22629422970073	-0.8851197297113056	
6.178696000645177	-2.8110961590026218	3.7146779645129713	-2.5114484034060416	0.29953316972534083	-0.9688319825830425	
6.092687987939532	-3.0453458403154348	3.674726155556015	-2.5847384088898284	0.3605314980150921	-1.0631154770826645	
6.033723361253006	-3.301637814334271	3.637181672321996	-2.627459166715819	0.40901773935029817	-1.166150954400163	
5.99996193192788	-3.5757888650617806	3.604247680431325	-2.6391338086901888	0.44488724884868913	-1.2758417922821903	
5.990045666704189	-3.864099775670168	3.5781616907192197	-2.619954249069098	0.4681913068533668	-1.3898311725464134	
6.003222221613978	-4.163365111517326	3.5611414958379433	-2.5706797004156443	0.47913190255362825	-1.50553283574222	
6.039407196238649	-4.470806320207582	3.555311265513571	-2.4925436974950412	0.47806386235210296	-1.6201695758033774	
6.099180668821404	-4.78394661134453	3.562600916369967	-2.3871758123551894	0.46550243289168686	-1.7308181858998963	
6.183712259975655	-5.100444816808249	3.5846195505272904	-2.2565406320506485	0.4421335167678969	-1.834460769261063	
6.294615684937381	-5.41790905140923	3.622508365599914	-2.102896839208075	0.4088241753244453	-1.928042099381348	
6.433736508633187	-5.733713266856652	3.676784415856818	-1.9287760294261738	0.36663006836480844	-2.0085342299627595	
6.602897800083388	-6.04485452829649	3.7472097784320213	-1.7369739832981574	0.3167935947190841	-2.0730060488060604	
6.803642413414604	-6.347870527123775	3.8326999143254645	-1.5305502189691118	0.2607336935834033	-2.118695970632955	
7.0369913368147525	-6.638825696927474	3.931286118662059	-1.312826243162976	0.20002603363438845	-2.143087545344007	
7.303235785050204	-6.913371086623314	4.04014428897377	-1.087374280453838	0.13637324228254485	-2.1439862972529022	
7.601772349556161	-7.16687864169836	4.155695892334658	-0.8579894762451405	0.07156567020235292	-2.1195976563174366	
7.930996009044423	-7.394651161027909	4.2737915572994085	-0.62863592058569	0.007432682706482469	-2.0686014327865596	
8.288265523844053	-7.5921871050771	4.389964190743026	-0.40336291433993104	-0.05421141905443716	-1.990212732247572	
8.669921925421184	-7.755474952125054	4.499717750819669	-0.18619565966827342	-0.11162262061150276	-1.8842320153610874	
9.071357054109452	-7.881297844969991	4.598830375580052	0.018997744071615544	-0.1631814496514559	-1.7510799228704264	
9.487125064605028	-7.967524469399498	4.683643023787758	0.20865755742121359	-0.20744353788397063	-1.5918138073323402	
9.91108737062334	-8.013367476346389	4.751307329886975	0.37969804171799515	-0.2431853173368819	-1.4081258556929355	
10.336591192206225	-8.019560672148616	4.7999466870180365	0.529670791612304	-0.2694397375300601	-1.2023124948777146	
10.756665669905981	-7.988422384942622	4.828702129292408	0.6569054350817483	-0.28551958423015433	-0.9772172753133043	
11.164227410401091	-7.923809451998832	4.837674008163455	0.7606225513930487	-0.2910312885301872	-0.7361554405063023	
11.5523021392548	-7.830951758799741	4.827767496626469	0.841008121735143	-0.2858792259209141	-0.4828198587324791	
11.914263583797702	-7.716175054508273	4.800463850859279	0.8992421399192739	-0.2702614735050913	-0.22117286712779766	
12.24410284576596	-7.586523696536343	4.757546026959579	0.9374781873142863	-0.24465899840953642	0.04467218343387798	
12.536749864490034	-7.449287623381582	4.700816226078607	0.9587578668035209	-0.2098165246373066	0.3105791279164438	
12.78828993096561	-7.311599905727602	4.631891804902459	0.966864296203912	-0.16670967471395268	0.5724878742923538	
12.996526555576907	-7.179813988857491	4.552008663224115	0.96616947701777	-0.11652768655261439	0.8265682721798998	
13.160682678801551	-7.059485004981666	4.462077159724296	0.9613742753526892	-0.0605970954680011	1.0692125422828511	
