12.692055844012588	-6.551892691863412	3.78528840050142	1.08802307347007	-0.1622795358813424	1.2816861328299305	
12.740272761219575	-6.508816855522367	3.702099881174288	1.1111275909246814	-0.10537412253917967	1.4209212810445322	
12.7651923073363	-6.472879754146233	3.6092154465743183	1.144814721449943	-0.049218874606625496	1.5439765194102766	
12.771389912620155	-6.442631362176457	3.5071935635719806	1.1911324502003913	0.005088805810206919	1.6500087398774028	
12.762930544500053	-6.415778268338428	3.3971673254314845	1.2514614493842318	0.05666262598072357	1.7385356623445474	
12.742869644743301	-6.389038439388355	3.280930903823449	1.3262679304703013	0.10491274506318375	1.8095424800327025	
12.712913469720112	-6.358404068732852	3.1607218877786427	1.415112211705884	0.14954785155450112	1.8634477501692384	
12.673261358227641	-6.3193321890084295	3.0390421751795627	1.5166062270909133	0.19058393107693788	1.9011160288571867	
12.622657006511307	-6.267070217598656	2.9184168191333772	1.6284595892073601	0.22832014121919597	1.9238330293647188	
12.558645196357013	-6.197033563684594	2.8011689299967357	1.7475780544649182	0.26329530183140915	1.9332659872450673	
12.477993305482794	-6.105211050622798	2.689232812205946	1.870225723327892	0.2962258420729027	1.9314005647586572	
12.37720185837101	-5.988552859556612	2.5840211600452148	1.9922319990953266	0.327934123942977	1.9204608039205577	
12.253045605059478	-5.845304291089024	2.486350350472898	2.109233053941762	0.3592720292050435	1.9028140670777127	
12.103084643152664	-5.675251313519103	2.3964229230223584	2.2169321007446685	0.3910453018863672	1.8808652790091793	
11.926092047469755	-5.479851064802396	2.3138623431876755	2.3113603125020696	0.42394385182673283	1.8569461717634128	
11.722359605084076	-5.262232025615725	2.2377922294953327	2.3891226617643198	0.4584818042173727	1.8332046086334357	
11.493836191628311	-5.027039809595105	2.1669553460839834	2.4476040179246783	0.4949530488857757	1.8115027602820812	
11.244091908027464	-4.780146341620044	2.099857267639442	2.4851163058477095	0.5334055695910351	1.7933325333122894	
10.978130659028741	-4.52825752609251	2.034921589730484	2.5009814369750387	0.5736345079903724	1.7797513233014746	
10.702072468954288	-4.278455189592707	1.9706451819190278	2.4955442932412226	0.6151945685422806	1.771341785458472	
10.422738434657582	-4.037720429103372	1.9057392267846054	2.4701166104040237	0.6574308588423585	1.7681977985975708	
10.14717584047239	-3.8124834980717353	1.8392423907711968	2.4268591116448985	0.6995257866703996	1.769936972278193	
9.882158640381117	-3.608233161581869	1.7705949380052934	2.368612671032014	0.740558793812669	1.775739218446078	
9.633714178832568	-3.4292206661635576	1.6996621120510498	2.298690331678362	0.7795738137617533	1.7844129331381862	
9.406718721911016	-3.2782576899209603	1.626711865302783	2.220656299478369	0.8156463685630295	1.7944797579959335	
9.204585084735234	-3.1566017719960633	1.5523548228140531	2.1381039209069255	0.8479454625990478	1.8042732001958237	
9.02906282528266	-3.0639292532052003	1.4774558673847855	2.054443339872024	0.8757857693638492	1.8120457412811974	
8.880163214026295	-2.9983961809191446	1.403029031089722	1.9727091479724366	0.8986663684881804	1.8160778433330051	
8.756209580179371	-2.956785032460278	1.3301279161107957	1.8953955712506585	0.9162938736382094	1.8147826496086807	
8.654014036625927	-2.9347391413569444	1.259743824409057	1.8243285616557117	0.9285878338584317	1.806799559216032	
8.569166029265144	-2.92707334943295	1.1927253692337787	1.7605875842200667	0.9356675164366797	1.7910670599795555	
8.496389108660905	-2.9281288924992332	1.1297252657398034	1.7044741544011348	0.937824426817501	1.7668722891132325	
8.429943557017653	-2.932154885447742	1.0711747874264301	1.6555283346305054	0.9354831261038928	1.7338751486075574	
8.364048516279048	-2.933692141322486	1.0172837615103225	1.6125920224233001	0.9291538330957758	1.6921060761390012	
8.29329779148217	-2.9279334894237397	0.9680614831022167	1.5739150738470529	0.9193807308681277	1.6419383588475522	
8.2130498547391	-2.9110386304320617	0.9233523434505925	1.537297900510941	0.9066896051160387	1.5840376105473872	
8.11976450268746	-2.8803686330286786	0.8828804316322808	1.5002643233723423	0.8915391278136107	1.519290068405607	
8.01126433318442	-2.8346153187879066	0.846294875258421	1.4602458376257679	0.874280668831874	1.448717957578424	
7.886918672569295	-2.773825921899592	0.8132105910604425	1.4147612798707128	0.8551288693753509	1.3733896124517073	
7.747739931181513	-2.6993255865054215	0.78324219687739	1.3615795551758696	0.8341448889219589	1.2943298519975195	
7.596384783731335	-2.613551728492826	0.7560297829169413	1.2988535426534205	0.8112333645785607	1.2124367101461957	
7.437057425187604	-2.519821554616537	0.7312563426126936	1.2252168525995928	0.7861528896638798	1.1284097937092454	
7.275316218168188	-2.4220550482512584	0.7086573349444895	1.1398391164792765	0.7585389013183579	1.0426942714293932	
7.1177822369153825	-2.324476498118293	0.6880225445163838	1.0424324844991606	0.7279375398572431	0.9554474801799104	
6.971784083098086	-2.2313288820725603	0.6691920413241125	0.9332172844849427	0.6938454571175158	0.866528532676846	
6.844959469780906	-2.1466182512578147	0.6520481413594825	0.8128543552868005	0.6557522124835636	0.7755105024201144	
6.744835646821264	-2.073902904467573	0.6365058207883907	0.6823518659047462	0.6131820554346552	0.6817146810235055	
6.678415347483307	-2.016139386288225	0.6225052882480666	0.5429568445009935	0.5657319379907955	0.584264898019286	
6.651793082279073	-1.9755915216000786	0.6100118168947007	0.39604251826512127	0.5131033693013062	0.4821588846500608	
6.669828963341761	-1.953807155064611	0.5990294240183145	0.24300240435386186	0.4551260157707606	0.37435370700773096	
6.7359164107926786	-1.9516629067735092	0.5896339796707097	0.08516455776135988	0.39177091649771834	0.25985875069915254	
6.851841316917441	-1.9694564136554848	0.5820279756844365	-0.07626547250764194	0.32315510922390955	0.13782985311859888	
7.0177274073110425	-2.00703077655741	0.5766146287349619	-0.2402295392475792	0.24953898529321092	0.007660865275765554	
7.232054181215257	-2.0639130567641293	0.5740840955670541	-0.4058082789437776	0.17131799399438574	-0.13093141341365297	
7.491728198058664	-2.139448073890045	0.5755000189668126	-0.5721806390434807	0.08901039238606466	-0.2778326120925586	
7.792186368909367	-2.2329107757851347	0.582371998874748	-0.7385554445262527	0.0032426258388439846	-0.4324685646510811	
8.127529523172885	-2.343583221644992	0.5966910946771046	-0.904081516691151	-0.08526740501061732	-0.5937625568037416	
8.490682543390117	-2.470787079814328	0.6209086451777709	-1.0677486118424124	-0.17572822467004098	-0.7601167835839203	
8.87358499600562	-2.613872628782816	0.657849218578229	-1.228289767532611	-0.26729320975371196	-0.9294182063971205	
9.267431992239432	-2.7721681877196547	0.7105515311566183	-1.3840954520405315	-0.35907981668657857	-1.0990728713234525	
9.662978046712599	-2.944895135142145	0.7820407751633475	-1.5331503008494034	-0.45018932594577077	-1.2660709131747838	
10.050908011561825	-3.1310543390260706	0.8750445895404428	-1.6730026600733077	-0.5397265000428745	-1.427082961744294	
10.422269353613833	-3.329288782349219	0.9916703583884894	-1.8007769060561358	-0.626818323671963	-1.5785880951737608	
10.768926335876289	-3.5377364701509153	1.1330849690529117	-1.913242226945899	-0.7106299637642555	-1.7170304702905992	
11.083976935626781	-3.753888346514461	1.2992379668979968	-2.0069380053112	-0.7903762906775113	-1.8389922917255574	
11.362079609602343	-3.9744665304973434	1.488660827235	-2.0783545401898533	-0.8653280305902853	-1.9413735901812783	
11.599639473277582	-4.195341697827196	1.6983734580301766	-2.124164029860395	-0.9348119654205492	-2.021566998336482	
11.794820982590467	-4.411508357467737	1.9239188831594864	-2.1414901988757493	-0.9982054209647916	-2.0776141216451234	
11.947381696164243	-4.617135089250386	2.1595335469902475	-2.1282013460219975	-1.0549262591526354	-2.1083317398074253	
12.058345262875754	-4.805710422075426	2.398454186142479	-2.083205155676214	-1.1044204456949034	-2.1133949599909476	
12.129569833387944	-4.9702999277741995	2.633341570074825	-2.006702596251132	-1.146150467365465	-2.0933608180454084	
12.163305301462238	-5.103905787566578	2.8567706790100673	-1.9003776287480056	-1.1795882247020124	-2.049638633834887	
12.161801968113993	-5.199918649075274	3.061750010651413	-1.7674962846598938	-1.2042147125326288	-1.9844097537289866	
12.12702099358526	-5.252632720529274	3.2422243278561607	-1.612892809106818	-1.2195280176046885	-1.9005039206252612	
12.060476479381592	-5.257776622531905	3.3935130647973475	-1.4428296409745123	-1.2250601291851224	-1.8012435111621767	
11.963215935652611	-5.2130035708708835	3.5126447055907963	-1.2647293383829448	-1.2204023168220635	-1.6902687886307892	
11.83593053368215	-5.118253810305076	3.598537735402566	-1.086780832946828	-1.2052371613828314	-1.5713567843765794	
11.679159263233128	-4.975915614064255	3.6520050232178316	-0.9174606872314802	-1.179373233268254	-1.4482526005045664	
11.493539288859525	-4.790778221604275	3.675604481700555	-0.7650189242180654	-1.1427791518183898	-1.3245242350749908	
11.28005947011667	-4.569784092894911	3.673355700659053	-0.6369700186440718	-1.0956133587253087	-1.203446041747324	
11.040275172710228	-4.321616830134762	3.6503567711954688	-0.5396321734162217	-1.038246423849417	-1.0879141091375597	
10.776450728253288	-4.05617720633951	3.61234277806759	-0.47775118010791495	-0.9712736082522163	-0.9803934581739543	
10.491608928354918	-3.78400015468783	3.5652267185335913	-0.4542323840111531	-0.8955166359699841	-0.8828936329339891	
10.189473441939091	-3.5156647806936636	3.5146687149450515	-0.47001872375296316	-0.8120120954629455	-0.7969727228756076	
9.87432297136215	-3.261255336126271	3.4657172961225804	-0.5241065117473737	-0.721989067948673	-0.7237608294235429	
9.550781790729143	-3.0298965029283593	3.422538085121559	-0.6136804886167618	-0.6268382461641357	-0.6639960857489562	
9.223572967418853	-2.8293801701513446	3.3882385441086407	-0.7343517443592172	-0.52807444389533	-0.6180689292775048	
8.897266209875397	-2.665895442386648	3.3647899401648074	-0.8804732063852413	-0.4272951738524359	-0.5860700866828051	
8.576052240815477	-2.5438636154549883	3.3530392963050284	-1.0455037210995313	-0.32613797959354845	-0.5678381643167331	
8.263572587198812	-2.4658772679876577	3.352802791250624	-1.2223948281189108	-0.2262386452252746	-0.5630040589121732	
7.962830913628815	-2.4327493667952598	3.3630323229081225	-1.4039681802067108	-0.12919299315096547	-0.5710304514398278	
7.676182043734995	-2.4436395133502797	3.3820254599801722	-1.583252493211642	-0.03652355026172383	-0.5912428809574504	
7.405388312401217	-2.4962482054240356	3.407663614880606	-1.7537696734107349	0.05034927265495721	-0.6228528753036319	
7.151729130953818	-2.5870702039256646	3.4376608436660154	-1.909760832245275	0.13013200372047115	-0.6649735722067852	
6.916146098032279	-2.711693791469709	3.469804350415916	-2.0463472006213097	0.20167976645476454	-0.7166285477298038	
6.6994044639277925	-2.8651273433138225	3.5021698993189254	-2.1596280542367	0.2640161602547728	-0.7767546550466815	
6.502250706193438	-3.0421303712602707	3.5332933145173495	-2.24671417413049	0.31635121009980455	-0.8442004458983616	
6.325542569810379	-3.237511739919152	3.56228018134565	-2.3057041216040077	0.35809661082951466	-0.9177219545791545	
6.170340229997659	-3.446371410843208	3.5888524364731826	-2.3356246375589964	0.3888789417410389	-0.9959770856316705	
6.037956154531763	-3.664275926111924	3.613331715728332	-2.336345460289975	0.408549514959026	-1.0775205956224412	
5.929965681440982	-3.8873633044867866	3.636563894323205	-2.3084798858316287	0.41718979151329305	-1.160801454123397	
5.848184147842475	-4.112380961109737	3.659793906823625	-2.2532808677154854	0.41511155893506324	-1.2441642621753772	
5.794617663991613	-4.33666684633166	3.6845028046299935	-2.1725403076326177	0.4028516684115845	-1.3258562293256535	
5.7713923514220165	-4.558081783203199	3.7122228033655413	-2.0684921783868697	0.38115903964535147	-1.4040420252749612	
5.780668768371779	-4.774913995246535	3.7443549614627014	-1.9437258669890818	0.3509755775145062	-1.4768264026598572	
5.824543508041225	-4.985773608202326	3.7820055321267545	-1.8011095728491022	0.3134121340751608	-1.5422843474795576	
5.90493882531645	-5.189491148730938	3.82585388173359	-1.6437210752407598	0.26971991064879536	-1.5984983679919638	
6.0234819889199915	-5.385032699685339	3.8760617747535195	-1.474783665660978	0.2212583512155642	-1.6436017561474554	
6.1813756302120435	-5.571439422434145	3.9322283996535274	-1.297604591536806	0.16946064987469875	-1.6758264201595825	
6.379259885700711	-5.747792218506937	3.993391708674134	-1.1155129599717812	0.11579755786832853	-1.6935538314754879	
6.617076819865298	-5.913195363960991	4.058076175643894	-0.9317966599181533	0.0617406663210523	-1.6953645607279504	
6.893940138615535	-6.066770394497762	4.124373033012943	-0.7496398945315842	0.0087266520948638	-1.6800845058083942	
7.208018404836944	-6.2076551803646485	4.190046938104714	-0.5720624108118191	-0.04187739532224043	-1.6468258406648588	
7.5564431896785	-6.335008966663937	4.252664254858229	-0.4018622234607135	-0.08880707733496478	-1.5950206996338896	
7.9352546238917725	-6.448028152328603	4.309738185319097	-0.24156311650967552	-0.13093156614692916	-1.5244461883629918	
8.339394988379858	-6.545979704017165	4.358886651341101	-0.09336623168100329	-0.16728191243790538	-1.4352406634593775	
8.762768012585845	-6.628257683566286	4.397995828193071	0.04089404917002193	-0.19707503416329408	-1.3279092224779994	
9.198371506787872	-6.694460331942583	4.425372261942143	0.1597895184521669	-0.21973093438617314	-1.2033172708598732	
9.63848972838228	-6.744479047701899	4.439868967670128	0.26233680898938727	-0.23488352615799163	-1.0626756398529034	
10.074937022298913	-6.778584743257868	4.440968272368405	0.34803451864104057	-0.24238414317008666	-0.9075168918033061	
10.499335567334377	-6.797494488575109	4.428805268670595	0.4168968047760606	-0.24229764642681864	-0.7396633775503308	
10.903409176055513	-6.802402149814236	4.404120645416235	0.46948021415630214	-0.2348918548481013	-0.5611877892424986	
11.279279723196627	-6.794961265472267	4.368139525066398	0.5069002483975723	-0.2206219229937597	-0.3743671371050082	
11.619745982379328	-6.777211916747321	4.3223829017796955	0.5308262551454186	-0.20010991052986393	-0.18163006425502962	
11.918579248242072	-6.751459495535615	4.268434640069914	0.5434560356891981	-0.17412416877210854	0.014500624400359017	
12.170711666855919	-6.720141973350261	4.207735852567303	0.5474556953857271	-0.14355597921658642	0.21146018983919732	
12.372739860956981	-6.685659028036046	4.141337184901031	0.5459072986847175	-0.10940674559508595	0.40670931149764683	
12.52276348541402	-6.650296772179362	4.069892093105052	0.5421656135485317	-0.072752815287272	0.5977618609879579	
