14.460699654278155	-3.6372903883611647	1.208047803673457	0.0614228916153346	0.4788979495891392	2.659353994766049	
14.486194212590224	-3.5519271438802793	1.1114904010798834	-0.041606161004558335	0.521692311415185	2.7552458340742456	
14.455366586447177	-3.4790188742659263	1.0224024887827805	-0.14814286353534073	0.5586819261731792	2.8485805282738026	
14.369045698501642	-3.4187222113653255	0.9396615021126421	-0.2550985981437763	0.5878083806094466	2.939912695179052	
14.230100888622637	-3.3710068487283964	0.86189450825161	-0.3591427946087762	0.6072530458557367	3.029655847184928	
14.043770795129214	-3.3355879340428287	0.7875314517713955	-0.45673040646268764	0.6155999382913555	3.118004896862405	
13.81695197739492	-3.3119269723249833	0.7150194336314293	-0.5442871615921435	0.6119217406841038	3.204914131014185	
13.557853899569219	-3.2991931284434215	0.6429501438568895	-0.6183442358155226	0.5958589642058848	3.2900778459981215	
13.275475007788948	-3.2962313881046907	0.5701843217823489	-0.6757053173911972	0.5676590020091286	3.3729365907187883	
12.979100815887945	-3.3015276086534233	0.4959287021652614	-0.7136086127534327	0.5281772856515862	3.452703185811634	
12.677807971057117	-3.313177126831272	0.4197697292802603	-0.7298792310833441	0.4788411347685012	3.528405394733645	
12.379991003596254	-3.3288611124682363	0.34166911961385377	-0.7230662986125334	0.4215815967806551	3.598939699671987	
12.09292886596744	-3.345840906742247	0.26192599105440606	-0.6925564360421096	0.35873367329414313	3.663132643033992	
11.822415722232574	-3.3609812236594077	0.18111301511034109	-0.6386558260295752	0.29290852963926195	3.7198052997397504	
11.572480802742737	-3.3708115964561594	0.09999538087806137	-0.5626355666579615	0.22684328587723007	3.767836696290864	
11.345234404828346	-3.3716350815579874	0.01944215903081685	-0.4667287885721083	0.16323585652054967	3.806221536629504	
11.140873530684727	-3.3596805973921042	-0.05965524503127746	-0.35407032075361494	0.1045825455949477	3.8341155670410356	
10.95782317445983	-3.3312852305449536	-0.13644548558991168	-0.22859103287129945	0.05303188848500356	3.8508666980256376	
10.793002092944578	-3.2830961788368374	-0.2101553059177683	-0.09486834502999324	0.010263747940490592	3.8560304407900974	
10.642189025405383	-3.2122795406124087	-0.280101151839799	0.0420605479809593	-0.022598260973357105	3.8493690543064862	
10.500457638759473	-3.11672405875625	-0.3456767417678325	0.17691390847830707	-0.04503638676894193	3.8308351239913803	
10.362649160749275	-2.9952302061165006	-0.40632271086759714	0.3044015957435678	-0.05714829125361906	3.800540923310508	
10.22383786656997	-2.8476582791287006	-0.4614884029659284	0.41946641523183553	-0.059609854021825066	3.7587151603367532	
10.079741867128988	-2.675030938480886	-0.5105976520370188	0.5175134705225649	-0.0536033310775773	3.7056539252484773	
9.927057568022843	-2.4795840080171976	-0.5530255724444585	0.5946197528157008	-0.04071751097467632	3.6416698564686025	
9.763697894848457	-2.264758397139573	-0.5880906927732478	0.6477148204124323	-0.022826676238398	3.5670436513036905	
9.588921730693066	-2.035130011030152	-0.6150643032295042	0.6747248578231422	-0.001957085933180253	3.4819821195597234	
9.403353874718842	-1.796278206180476	-0.6331970416241866	0.6746777446914007	0.019850884372734193	3.3865861286278363	
9.208887145612715	-1.5545846423366982	-0.641761048966786	0.6477535320393076	0.040674998275174463	3.280833048870621	
9.008492290077083	-1.3169776447869928	-0.6401021380302719	0.5952805505486062	0.05882542357509866	3.1645756850197184	
8.805968277008642	-1.0906360268904416	-0.6276964963754175	0.5196862393422543	0.07293707471696308	3.0375566174270094	
8.605651723810698	-0.8826600683245092	-0.604205911527531	0.4244020963962728	0.08203693816805027	2.8994371219276234	
8.412107612718676	-0.6997237741561897	-0.5695252313821455	0.3137260462721631	0.08558402362235978	2.749838588388541	
8.229821045252926	-0.5477219694409198	-0.5238174850280867	0.192647060786459	0.08348154677034482	2.5883937289482026	
8.062909669383815	-0.4314319417793597	-0.4675327986754308	0.06663261973970235	0.07605874634079386	2.414804241542706	
7.914888315163799	-0.3542281909037416	-0.4014094539272411	-0.058611739971889065	0.06402117597491626	2.2288981059257513	
7.788499511650088	-0.3178598202923949	-0.3264638114998322	-0.17739508100924387	0.048378971977658856	2.0306818617558484	
7.685618661629702	-0.3223066230862988	-0.2439722280341331	-0.28430100911783945	0.030357401452037372	1.8203840671744482	
7.607238905451394	-0.36572760900894646	-0.155448483634537	-0.37444608882810093	0.011296405420648283	1.598486357531491	
7.553533005124263	-0.44450960464446393	-0.06261996208206344	-0.44372794632146695	-0.007453149612683663	1.365739542099379	
7.523983331897157	-0.5534203397292164	0.03259576875640223	-0.4890563873109824	-0.024629308948004473	1.1231629462857242	
7.517567039885088	-0.6858810680457524	0.12811788967992221	-0.5085398417037624	-0.03914410907668474	0.8720227102716954	
7.5329594416148735	-0.8343255973617039	0.22173679932089102	-0.5016202648284415	-0.050147448161952025	0.6137929824437546	
7.568733381859212	-0.9906316427072116	0.3111635206810003	-0.46914890483465405	-0.05706895035946745	0.3501024028693044	
7.623537771500188	-1.1466095510665666	0.3940998926643443	-0.41339186125771243	-0.05963784919613321	0.0826687942757759	
7.696243039645072	-1.2945259247058298	0.468332462381837	-0.33795795815995927	-0.05788260603515602	-0.18677342128817878	
7.786049106156419	-1.4276409468931806	0.5318516955471247	-0.24764544918065112	-0.05211354296857722	-0.456548334688764	
7.892552004882885	-1.5407121957613559	0.5829910672730941	-0.14819472263653222	-0.04288897590006518	-0.725108927813158	
8.015771546228237	-1.6304052247678542	0.6205708931146655	-0.045964573491470234	-0.030969351997802336	-0.9910935144281932	
8.156146634138274	-1.6955836311828745	0.6440321550848732	0.05244376036257373	-0.017263262557602292	-1.253363631929532	
8.314495694517198	-1.7374476930408018	0.6535407793759602	0.14059709259585698	-0.0027657011966691547	-1.5110194154871832	
8.491936057951873	-1.7595032085753974	0.6500438441025703	0.21264917810891687	0.011509863709059388	-1.7633906447936927	
8.689753290692641	-1.7673584039914687	0.6352647699383797	0.2637431225688638	0.024603360238985794	-2.010004449299819	
8.90920950900354	-1.7683463489135767	0.6116267496833327	0.2903680976665703	0.035679643855145604	-2.250531840534953	
9.151298314703247	-1.770994021337202	0.5821048554463624	0.2906227488409383	0.04408933110341381	-2.484719414548185	
9.416469641343891	-1.7844050090841521	0.5500323848550588	0.26437929194484755	0.04941237072867217	-2.7123162669842857	
9.70435208137906	-1.8175916041147884	0.5188783882190442	0.21333758511309336	0.05148016884105427	-2.9330021391144765	
10.013504908071907	-1.8788014188870703	0.4920173285223176	0.1409638223249683	0.05037476841859828	-3.1463228471040736	
10.34122909497126	-1.9748831239548719	0.472512220329882	0.0523168109982012	0.046406762062613495	-3.3516379178900637	
10.683459318903612	-2.1107260496257014	0.4629293912724502	-0.046231207882485165	0.040075492676909026	-3.5480836686823536	
11.03477204694557	-2.2888430177200787	0.4652109512428181	-0.1473759739052131	0.03201437912537335	-3.7345575749985898	
11.388502280440965	-2.5091122085750723	0.48061122969563475	-0.24332036652087563	0.02292843296148165	-3.909722915498462	
11.736963261496035	-2.768677370674787	0.5096920555697688	-0.3262479097351955	0.013526847795929803	-4.072032318714253	
12.071764716165287	-3.062010565032538	0.552369766490397	-0.3888087664337702	0.004453677683686815	-4.219769409377388	
12.384216205199266	-3.3811317188138745	0.6080025182549266	-0.42459332245033954	-0.003778873538410917	-4.351106659050383	
12.66579876806473	-3.715971664853814	0.6755050639431103	-0.42857582843885317	-0.010849643460025708	-4.464177409439489	
12.908672207761741	-4.054881572396585	0.7534834565877534	-0.3974917695305807	-0.016671358475137767	-4.557159276452005	
13.106156396060642	-4.385247355740034	0.8403767269339824	-0.3301136549099568	-0.021409408797733957	-4.628361527270446	
13.253146030440618	-4.6941658427387205	0.9345972702588663	-0.22742337411052532	-0.025475648750132095	-4.6763115258320465	
13.346420780849389	-4.969161050249935	1.0346659068773116	-0.09266555452434591	-0.029496737948288426	-4.699835734284804	
13.38482032784391	-5.198908532699034	1.139333506593779	0.06872730662963211	-0.0342597405023828	-4.698130551044397	
13.369270078954598	-5.373939392536707	1.2476789042777643	0.24933981480660558	-0.0406401817617883	-4.670819817144449	
13.30264842926304	-5.487289265271717	1.3591676668441954	0.44011691682332393	-0.04951901696805946	-4.617995240702773	
13.189499220842041	-5.5350113966848165	1.4736507894758846	0.6308430550029723	-0.061699709618659164	-4.540232535750465	
13.03565438885338	-5.516537055718463	1.591300416702083	0.8107095977763186	-0.07783515265993082	-4.438588274246876	
12.847804292167819	-5.434852882525523	1.712484405464297	0.9689490213739219	-0.09836979118482164	-4.314577636754357	
12.633058216473577	-5.2964695654745535	1.83759088036814	1.0955016926832857	-0.12350092751523538	-4.170134330464289	
12.398535638780126	-5.111169569959204	1.9668234021613609	1.1816754333472288	-0.1531606164148568	-4.007555264617193	
12.15101869625143	-4.8915303987488565	2.0999941465701806	1.220762593503533	-0.18701685296887424	-3.8294331087450537	
11.896697737038807	-4.652207894308357	2.2363618072552267	1.2085343233984887	-0.22449406350768045	-3.6385782284807964	
11.641018886221854	-4.409062068082924	2.37455214597334	1.1435708424262312	-0.26480577815656087	-3.437938844145488	
11.388621626211275	-4.1781881018659	2.5125775675995783	1.0274106571932735	-0.30699509931391417	-3.230522997411	
11.143355038726364	-3.9749182170515094	2.6479578279299028	0.8645004945022726	-0.3499807789521375	-3.019324377558529	
10.908357553669727	-3.8128717545974373	2.777925886330489	0.6619467657753549	-0.3926068449937566	-2.8072538008827395	
10.686182069570465	-3.7031150851695736	2.8996896637012983	0.4290875791968023	-0.4336944991789336	-2.597076264297259	
10.478951187986016	-3.653512990002674	3.0107077743905966	0.17689888258847059	-0.4720948830820927	-2.391354357027995	
10.28851516242081	-3.6683337550217687	3.108924887428105	-0.08269899757618243	-0.5067381938596595	-2.1923995148916062	
10.116585615961693	-3.748085671275702	3.1929375338743275	-0.3375644370668694	-0.5366755420280918	-2.00222903575093	
9.964825975123727	-3.8895854594946737	3.2620764424403705	-0.5760480580268457	-0.5611100804774758	-1.8225293179382838	
9.834880219781102	-4.086245930610556	3.3164039070856957	-0.7876520153666138	-0.579414894283874	-1.6546260338771521	
9.72832731977163	-4.32855799169809	3.3566378577795857	-0.9635998255167265	-0.5911376473991583	-1.4994613944917616	
9.646556705362622	-4.604747434606489	3.384021285307666	-1.09728534449674	-0.5959943613994891	-1.3575794714029588	
9.590584479041198	-4.901570179605512	3.4001624250348375	-1.184544914755965	-0.5938565123851363	-1.229124395235524	
9.560845971586236	-5.205153856225033	3.406878824243147	-1.223766878481996	-0.5847398623603821	-1.1138472911765172	
9.557003445176575	-5.501844240587988	3.406058032878987	-1.2158424275228468	-0.5687988158179932	-1.0111226841811773	
9.57780727265928	-5.7790059745161315	3.399542437649984	-1.1639667392856528	-0.546327684160629	-0.9199746498842353	
9.621041867085093	-6.025727852167368	3.3890406236442057	-1.0733099445198524	-0.5177676939141564	-0.8391123129839533	
9.683576424225484	-6.233396174347691	3.376062735030144	-0.9505831801792572	-0.4837163303762703	-0.7669740672684798	
9.76153618920446	-6.3960646093504545	3.3618786378682906	-0.8035208699034857	-0.4449311302062298	-0.7017825053568744	
9.850565537272626	-6.510609046151292	3.34749296649028	-0.6403446254520815	-0.40232298824525164	-0.6416056555155076	
9.946150774249388	-6.576686181620867	3.33363102824374	-0.46924587047282196	-0.3569363739414774	-0.5844227297453097	
10.043973213252416	-6.596508222012948	3.3207331378765863	-0.297915077727495	-0.30991536492698807	-0.5281932956223307	
10.14026054557968	-6.574461802779985	3.3089559205772203	-0.1331447779580904	-0.2624567067870166	-0.4709277003499456	
10.232110457422044	-6.516609163018915	3.298179350671733	0.019477651546626014	-0.215752081638734	-0.4107570755059018	
10.317752620878872	-6.430103138693404	3.288021007610512	0.1557652364684371	-0.17092272484242627	-0.3459996655139286	
10.396712600970405	-6.322581254573207	3.2778573672063382	0.27300152916875053	-0.12895296908269333	-0.275217904912744	
10.469872961220853	-6.20159523300294	3.2668492629985937	0.3699082915576963	-0.0906272162899026	-0.197265246196767	
10.539422906728632	-6.074102953959755	3.253972384204858	0.44652076705252086	-0.056475245573312065	-0.11132051383321619	
10.608698358443531	-5.946051360674716	3.2380529558217477	0.5039867708560314	-0.026731354186345372	-0.016908066523266225	
10.681925551055116	-5.822069515277456	3.2178088581809154	0.5443100158259028	-0.0013120136045097273	0.08609671157290842	
10.763886706129485	-5.705286064965115	3.1918975236918534	0.570056771043497	0.020183491144629796	0.19747704739067828	
10.859542360721559	-5.597296237754664	3.158971318425246	0.5840516292270973	0.03844443290933809	0.31670213977748973	
10.97365796659705	-5.498250753213164	3.1177389491232748	0.5890974328089058	0.054399025831767596	0.4429660281434131	
11.110454109787684	-5.407047504040492	3.0670322440809175	0.5877335702280562	0.06914895677274614	0.5752363922263255	
11.273291846109666	-5.32160247743566	3.0058757842769914	0.5820458621170913	0.08389470105181722	0.7123112656165411	
11.464394227302696	-5.239169980684933	2.9335560304777317	0.5735368072923788	0.09985883668861577	0.8528810360589266	
11.684591582688812	-5.1566823778940405	2.8496877404233056	0.5630581613894732	0.11821261318897659	0.9955934474911181	
11.933101504959438	-5.071078554634583	2.7542702719500385	0.5508124268221346	0.140009848331147	1.139118487117641	
12.207352676747618	-4.979586444127743	2.647730592108751	0.5364111315756059	0.1661282902178473	1.2822079002842042	
12.502873867518757	-4.87995028613242	2.5309507521378523	0.5189751681148072	0.19721434202277802	1.4237471310063008	
12.813288871786307	-4.77059850090761	2.4052737141095286	0.4972674406086502	0.23362994863180858	1.5627974042779667	
13.130454408829573	-4.650750869080431	2.2724813498949326	0.46984688374635164	0.2754033855605635	1.6986257814448313	
13.444762395115445	-4.520468636751135	2.1347401224125586	0.43523340239265035	0.3221879364480367	1.8307220513289144	
13.74561577572155	-4.380645213186781	1.9945092499737618	0.392072606568503	0.37323884662502804	1.958799802924967	
14.02206942473902	-4.232944435688178	1.8544069736173212	0.33929568501964885	0.42741729229102865	2.0827814422238946	
14.263413988576136	-4.0796878847968525	1.7170789999113474	0.2762222497060327	0.48322984058154156	2.2027676250142965	
14.460098575581107	-3.9237475068299315	1.584980309872384	0.20274023863029494	0.5388786934898299	2.319002889805003	
14.603856741061598	-3.768331541927169	1.4603177510774696	0.1192288409805678	0.5923799329614441	2.431815643830569	
