14.90894056361446	-3.609207212751163	1.7319098497882748	0.1714951196038788	0.6345301775102936	2.085404699923712	
14.937275252652448	-3.367301595826378	1.6474387713328942	0.07327439181467238	0.670038246600826	2.253595141506795	
14.900133306443635	-3.146109389665384	1.571125931354999	-0.04301556934822055	0.697679522524311	2.4221402050577634	
14.799200805095102	-2.952805778251198	1.502628362644049	-0.17250246576973172	0.7157872470847825	2.5898781621573077	
14.638248680722073	-2.793189428443278	1.4410660660974524	-0.30963195571745933	0.7229615817726032	2.7555730308730353	
14.423563486207364	-2.6710743167972435	1.3849325207001257	-0.44817273188731266	0.7182213142326429	2.917896606643025	
14.163212120795484	-2.5883124166960068	1.3323212923315833	-0.5816646269059098	0.7010508889918481	3.0754513120876457	
13.866674844069518	-2.5447038815589567	1.2810603528563513	-0.7036871871172997	0.6714603462663646	3.2267823227881918	
13.544252579415607	-2.5380948754960286	1.2289094942841323	-0.8081898578518671	0.6300057425533164	3.370400832167534	
13.20648071124609	-2.5645776683294947	1.1737531655134947	-0.889779179598713	0.5777762611292725	3.5048116661386843	
12.863563843421502	-2.618764116511068	1.1137807696983821	-0.9439672790647953	0.516352878434989	3.6285448907507836	
12.52485292545427	-2.6941132634558524	1.047643971709481	-0.9673768869219077	0.44774120720898697	3.740190584690081	
12.19838952479541	-2.783296431887274	0.974579411261685	-0.9578948386879677	0.37428056226558787	3.8384354659771747	
11.890535477979315	-2.878581569202661	0.8944883700425896	-0.914771089803561	0.2985327973594483	3.922100036792597	
11.605703900232026	-2.9722211380346244	0.8079663557458948	-0.8386616216079835	0.22315405028379454	3.990175124111335	
11.346241829798675	-3.056815433475879	0.7162679401270863	-0.7315931905358866	0.15075718334546684	4.041852490809868	
11.112449075641221	-3.1256259021614348	0.6212199753571579	-0.596870527785431	0.0837783618972136	4.07654833560237	
10.902722505091678	-3.1728364619751543	0.5250927511888134	-0.43893283223322505	0.024354004945106124	4.093918487593721	
10.713817724117952	-3.193760245286808	0.43043886893800676	-0.26316319215745354	-0.02578509758282898	4.093863684098183	
10.541210123217523	-3.1849932513738723	0.33991299123909813	-0.07565862635311513	-0.06539697216198785	4.076524337904029	
10.379537431754459	-3.144521307466716	0.25608481890138574	0.1170338365131229	-0.09378598552643805	4.042264805122853	
10.223100232965002	-3.071761271149086	0.18126576719039467	0.30820741738417506	-0.1108229888275272	3.99164487470351	
10.06636413335242	-2.9675514928789553	0.11736649144512414	0.49128696249557186	-0.11693346520898433	3.9253835692424506	
9.904438201314138	-2.834094906008449	0.06578987190592533	0.6601124200990213	-0.11305697017531445	3.8443177850160883	
9.733502594263182	-2.6748509972386265	0.027363091424395605	0.8092033920889643	-0.10057900011133677	3.7493579370627628	
9.55115767518595	-2.4943769955690955	0.002308868020694417	0.9339931206252233	-0.08123870604523964	3.6414434862210423	
9.35667297961863	-2.29811827936504	-0.00974767280011775	1.0310247664329195	-0.05701591947965355	3.521500849976505	
9.151083216463293	-2.0921418124705813	-0.009733010056879822	1.0980800805126358	-0.030002153606988376	3.3904076247947845	
8.937135207966959	-1.8828388722894405	0.00094560924597463	1.1342401825308823	-0.0022706898169912223	3.2489663823512793	
8.719099502625435	-1.6766095811852084	0.020487918361160644	1.139881904226236	0.024246527825918917	3.0978886555278153	
8.50245785471666	-1.479542527832123	0.04680137035755272	1.1166081852953698	0.047867864495169984	2.9377897011162735	
8.293490590530837	-1.297107427220676	0.0776103697643178	1.0671172602905232	0.06724982263451583	2.769193908969622	
8.098790266806123	-1.1338762473770114	0.11057198057656446	0.9950182382008984	0.08144936194886428	2.5925500677183457	
7.924743873570254	-0.9933130680960239	0.1433953575363066	0.9045946892921092	0.08994995067115108	2.408255555312492	
7.777049416706526	-0.8776526050828782	0.1739575659373014	0.800548694346994	0.09265335844123303	2.216684877971299	
7.660301549154086	-0.7878705763518187	0.200412897541839	0.687743490007236	0.08984180826400906	2.018219110971099	
7.577679108558069	-0.7237488717288809	0.221290267885697	0.5709582369607155	0.08211328375760375	1.8132732597937777	
7.530762004003744	-0.684026425117036	0.23557186381964496	0.4546693666413662	0.0702957406970011	1.602318554185872	
7.519492770885521	-0.6666175016860648	0.24274706028499715	0.34286698316647934	0.05534724781781572	1.3858973144085793	
7.542311573893229	-0.6688773921240064	0.24282593948526984	0.23892218750064106	0.038252088380696735	1.164627138319034	
7.596425425500818	-0.6878673232463127	0.2363112582201031	0.14550570654050554	0.019929375613178056	0.9391944052938535	
7.678161719805784	-0.7205926684964759	0.22413310014587903	0.0645472125022771	0.001162584250702985	0.7103387917120758	
7.783364220764478	-0.764201047586892	0.2075499481952167	-0.0027701544584452717	-0.017444915642427988	0.47883050544743677	
7.907783383629824	-0.8161316341476285	0.18802573005081996	-0.055986929616353306	-0.035486323511291544	0.24544281858816927	
8.047420049999847	-0.8742164756193579	0.16709571016868985	-0.09532377712742547	-0.0527420634899222	0.010922689268563997	
8.198780411825659	-0.9367340788031902	0.14624063368996304	-0.12161341065262826	-0.06914833185481407	-0.22403608634041342	
8.359023802721081	-1.0024286822232078	0.12679270349733698	-0.13621630382676572	-0.08475551382302272	-0.458812503724946	
8.526021449894502	-1.0705111275363106	0.10988239272422919	-0.1409239061293444	-0.09968636413598832	-0.6928685440045473	
8.698346901554329	-1.1406478575935173	0.09642797896549964	-0.13784742560338656	-0.11409973784021422	-0.9257481995319611	
8.875223104263036	-1.212941180440623	0.08716283034803989	-0.12929344748402002	-0.1281637717039494	-1.157064705463471	
9.056451879054531	-1.287900058091974	0.08268877822833653	-0.11762779661065673	-0.14203924455727385	-1.3864763263557562	
9.242336383099225	-1.3663901986876879	0.08353911380057645	-0.10513290576784134	-0.15587023911039466	-1.613652121488567	
9.433600587402708	-1.449560571626521	0.09023075719256868	-0.09387283904556523	-0.16977580078321017	-1.8382329991826618	
9.63129267350334	-1.5387480600424839	0.10329581348501492	-0.08557364486785113	-0.18383712760686635	-2.059792472004814	
9.836652746206445	-1.6353630968555257	0.12328979806424117	-0.08152629029198101	-0.19807910542695867	-2.2778009137505864	
10.050933997337921	-1.740764030955312	0.15077699018200097	-0.08251845328191158	-0.21244873986529897	-2.4915969171372123	
10.275174885114128	-1.8561280125917963	0.18629522968788045	-0.08879753046463035	-0.22679568655876223	-2.7003680533159105	
10.509943245508248	-1.982330592831723	0.23030450469668456	-0.10007346969695684	-0.24086325864984684	-2.9031447997618196	
10.755095079043684	-2.1198455697635437	0.28312793473288844	-0.11555847613897217	-0.2542938865430833	-3.0988073338665902	
11.009572761443996	-2.268666095940121	0.34489355632480034	-0.1340346685790632	-0.26664679680252334	-3.286101936187053	
11.271261060422006	-2.4282498847179563	0.41548709071367296	-0.1539466573766596	-0.2774252150666553	-3.4636653660355505	
11.536911942966643	-2.597490263935396	0.4945263068329778	-0.17351319549108926	-0.28611010211250987	-3.630055016484751	
11.802140744270837	-2.7747121265162797	0.5813659601307769	-0.19085214011409135	-0.2921989637602924	-3.7837830314013923	
12.061512104141007	-2.957698819732989	0.6751425870181939	-0.20411245916187165	-0.2952496217714356	-3.9233533247699874	
12.308716810585773	-3.14374727043666	0.7748537431548725	-0.2116007521176077	-0.29492752354769725	-4.047299042112473	
12.536830601796886	-3.3297453292294974	0.8794574001055261	-0.2118972791093581	-0.29105531106951144	-4.154219981796127	
12.738655518061174	-3.5122738833261486	0.9879779137075254	-0.20395804442617166	-0.28366069761638485	-4.242820016626837	
12.907131319166684	-3.687734317452397	1.099602359732143	-0.1871989196983202	-0.27301687279022085	-4.311944178139399	
13.03580049259672	-3.852502662279212	1.2137518529971467	-0.16156008893762616	-0.2596695632047093	-4.360615899321533	
13.119286552154893	-4.003109126901284	1.3301094154196378	-0.12754136853177903	-0.24444046428276936	-4.388072286625861	
13.153717273478557	-4.136427530702002	1.448595008212598	-0.08620270465259862	-0.2284014734089811	-4.393794866912456	
13.137057631288734	-4.249862759503075	1.569294556293764	-0.03913397820950256	-0.21282216763026235	-4.377536769277834	
13.069315670708791	-4.341523376116919	1.692352465240979	0.011608155925483475	-0.199091992370712	-4.339344800217668	
12.952594591907914	-4.41036585274285	1.8178430633576417	0.06359552802364239	-0.18862251068437577	-4.279575360664964	
12.790982164344916	-4.456302094887877	1.945638985977786	0.11415374577395214	-0.18273664744014975	-4.198904331671614	
12.590261517296721	-4.480251949519397	2.0753013046351496	0.16051638067172683	-0.18255625351801597	-4.098327317585975	
12.357481925852067	-4.48413013014949	2.2060180075990563	0.1999948256996704	-0.18890543003227547	-3.979148524081742	
12.100461939832712	-4.470777674751027	2.3365992547262358	0.230151887980557	-0.2022375514817996	-3.8429612287879005	
11.827268446809597	-4.443834806565489	2.4655333613422954	0.24896962995764704	-0.22259237481709424	-3.6916184863597907	
11.545723150063157	-4.407557173946038	2.5910995807039536	0.25499899525406067	-0.24958716045961293	-3.5271943361589457	
11.262979572407652	-4.366579384852939	2.7115267539240735	0.24748077315992437	-0.28244180857740997	-3.3519365480125076	
10.985216069068406	-4.325629410795341	2.825178030794438	0.22641856976114128	-0.320039046308466	-3.1682108285140544	
10.717480041674035	-4.289220924150827	2.9307241999129467	0.19258648774006995	-0.36101098102335305	-2.9784405467017825	
10.463661782108701	-4.261350725721628	3.0272790780067007	0.14747733818088782	-0.4038362732593377	-2.7850465384739707	
10.22657513085472	-4.245225286368654	3.1144798398670397	0.09319159247080559	-0.4469392189582736	-2.5903887700002572	
10.00811306626011	-4.243045191915376	3.1925022969299106	0.032274875716630624	-0.4887814622526875	-2.396712464320954	
9.809439841669262	-4.2558716117686455	3.2620110528472273	-0.0324829674487218	-0.5279397351580538	-2.2061001864209997	
9.631186580588647	-4.283607478439791	3.324048902201411	-0.09827033215532495	-0.5631646049977388	-2.0204323609621233	
9.473617507951012	-4.325109274821503	3.37988698629887	-0.16246429085899605	-0.5934173713414536	-1.841359336103062	
9.336751427722064	-4.378397763137967	3.4308649162855325	-0.2228044660899038	-0.61789121511746	-1.6702819068220551	
9.220446687891647	-4.440943382005565	3.4782375095097446	-0.277516473486783	-0.6360203547160302	-1.5083394646097024	
9.124458888597728	-4.509989763949748	3.523044036303708	-0.32537487737806514	-0.6474797936020154	-1.3564045465185597	
9.048481513797054	-4.582875070594047	3.5660112404794604	-0.36570382671569535	-0.6521776440695394	-1.2150816681420475	
8.992177003049749	-4.657307790679775	3.60750040063031	-0.3983160349471697	-0.6502388412621244	-1.084710436775859	
8.955198558226213	-4.7315492428507735	3.6475041286186616	-0.42340351824004235	-0.6419792588289964	-0.9653737383100905	
8.93719952463692	-4.804493668852437	3.6856811434501675	-0.44140841523039126	-0.627874221531251	-0.856907290958335	
8.937827963352731	-4.875649948566341	3.721421323581575	-0.4528902604403912	-0.608522167363958	-0.7589115866877614	
8.956705378477235	-4.945037776556272	3.753932185343676	-0.45840604157140014	-0.5846055422217469	-0.670766529026344	
8.993390746745288	-5.013020636993519	3.782337704486536	-0.45841603819610194	-0.5568513104105083	-0.5916485785584416	
9.047334463990763	-5.080103062377508	3.8057810375831655	-0.4532255686732095	-0.5259932628824207	-0.520551607798188	
9.117834269002653	-5.146734253627131	3.8235174122719067	-0.4429684519353162	-0.4927399649257698	-0.45631238792241136	
9.204004994854676	-5.213150753420442	3.834987974276246	-0.42762366325219636	-0.45775055813220034	-0.3976379371600426	
9.304774953437148	-5.279270536429039	3.8398692410353457	-0.40705603476257257	-0.42161880752410774	-0.34313540358277517	
9.418920388414687	-5.344643381681205	3.838093094457032	-0.3810714859004528	-0.38486508862715907	-0.2913443785636549	
9.545145758938924	-5.408452709688669	3.829834345744788	-0.34947778183209544	-0.3479344195530657	-0.24077156451412793	
9.682212091702992	-5.469558775463067	3.8154627612049397	-0.31214354639610753	-0.3111972982692681	-0.1899282849328388	
9.829093612761907	-5.526566685121118	3.7954623077948697	-0.2690480426259966	-0.2749492547759854	-0.13736944002101184	
9.985131305696257	-5.5778959729106905	3.7703310026394443	-0.22032072395064878	-0.23940470918939977	-0.08173271484366669	
10.150153302762087	-5.621841669379415	3.7404717124512135	-0.1662719798291614	-0.2046846405122562	-0.02177726533882494	
10.324533941359778	-5.656620915828033	3.7060865531039275	-0.1074166348811379	-0.17079980704762104	0.043579866171138903	
10.509171195380071	-5.680404267073837	3.6670876048663326	-0.044492530845333875	-0.13763305017112654	0.11523125363208701	
10.70536886310935	-5.691337009144871	3.6230387028132336	0.021524642993761042	-0.10492680016576902	0.19385315425148508	
10.91463266556416	-5.68756138001567	3.5731474976233155	0.08941321780777362	-0.07228462299109324	0.2798917796544138	
11.138421154667876	-5.667251524018928	3.516309761370398	0.15770273534793652	-0.03918912138849056	0.3735603900137508	
11.37788283003525	-5.6286702914799145	3.4512066180424283	0.22467957972989983	-0.005036934676613164	0.4748477163030697	
11.633608123904846	-5.570252352516432	3.3764495724434167	0.2884042031056129	0.03081174730221485	0.5835372352679348	
11.9054146355261	-5.490714514669343	3.2907627824251273	0.3467426188490189	0.06897419197809161	0.699235530159335	
12.192173013329569	-5.389190259832528	3.193187585933824	0.39741600232650764	0.10998276850624489	0.8214080120732742	
12.491687323435444	-5.2653692189839845	3.0832749295492023	0.43807064815736085	0.15422812196767954	0.9494193714161733	
12.800618411848925	-5.119629696958313	2.9612395579808437	0.46636449415375764	0.20191025994623263	1.0825726495891406	
13.11445995568217	-4.953150978903993	2.82805603203439	0.48006916513360426	0.25299734050250305	1.2201448559767425	
13.427586010176617	-4.767991530795972	2.685479845860494	0.4771854528957383	0.30719303597048	1.3614168507401325	
13.733385622545544	-4.56712215385657	2.5359870342537896	0.45606811440207495	0.36391406382499136	1.505695666095928	
14.024500942095354	-4.354401426732246	2.382631662273467	0.41555504445752806	0.4222818516665537	1.652327985152629	
14.29318947300672	-4.134473012771807	2.2288224764163704	0.35509712094050255	0.48113606176157714	1.8007034138070601	
14.531676622427783	-3.91260716115964	2.078100777328662	0.2748211517351681	0.5390715051615661	1.9502496997670205	
14.732752915483024	-3.694471622805794	1.9338015309636873	0.1757167889935552	0.5944859398283958	2.100419964745341	
14.889889333442868	-3.485893304017682	1.7989561277293489	0.0594616564760768	0.6456659290167168	2.2506775807795005	
