15.167745812071653	-2.756857515023859	1.6819402841096758	0.0460406354304649	0.6693747291654516	2.5946357774045445	
15.167082645846264	-2.6159560334167504	1.5621913934124925	-0.13368843288450444	0.7189630647212532	2.722197873381603	
15.106925881747951	-2.5156022508876985	1.4507561365249064	-0.315177606734368	0.7563598638237905	2.8479972931526896	
14.989830207815304	-2.457129979962507	1.347700898299306	-0.491066523873938	0.7802943812771138	2.9709913173930405	
14.819709508475912	-2.4399874066729987	1.252658751394332	-0.6540336428273298	0.7899488784013222	3.09004794088841	
14.602033710849987	-2.461291878590155	1.1647825747361316	-0.7970831588100312	0.7851139801133373	3.2039438648375627	
14.343346065900047	-2.5163079487169187	1.0829315754080198	-0.9139231394441703	0.7661444935986021	3.311414466160679	
14.051057389033549	-2.5986659422027802	1.005778428105808	-0.9992548648590244	0.7339649070854883	3.411186320539661	
13.73311512417407	-2.7007818077401318	0.931957987236232	-1.0490354936344781	0.6900221657984855	3.5020191997707846	
13.397669048180463	-2.814300591170527	0.8602062952534005	-1.0606672730521824	0.6362167021056634	3.5827461240054252	
13.052718953896726	-2.930554584455776	0.7894844574216382	-1.0331124131259464	0.5748107173125532	3.6523111890510602	
12.70576485278249	-3.041005711441124	0.7190759244281129	-0.9669395740090976	0.5083202421869074	3.7098042029685643	
12.363482781307686	-3.1376555173978704	0.6486472923654764	-0.8642979539648574	0.43939362788736847	3.754490765765329	
12.031452499664235	-3.2134060855554862	0.5782662820940634	-0.7288200985121875	0.37068179367734966	3.785836397899797	
11.713959035041352	-3.2623602889853816	0.5083757863067518	-0.5654588240937393	0.3047065786223931	3.803523723007307	
11.413893162077809	-3.2800452314753374	0.4397263044424064	-0.38025656061281765	0.2437355962202099	3.807460152517517	
11.13276786326126	-3.263539468236482	0.3732791685534023	-0.18005844788826608	0.18967737893998515	3.79777333201355	
10.870826250736895	-3.2115224162637164	0.31010046029491733	0.027802626654000902	0.1440009738896383	3.774796426789603	
10.627228671683335	-3.124250513965172	0.2512581339074177	0.2358392616602785	0.10768339475417234	3.739042967584289	
10.40029988108368	-3.003467999138656	0.19773367767713	0.4367452666459588	0.08118686019727583	3.6911721974001623	
10.187813957579301	-2.8522631176889046	0.15035591635444068	0.6237183369104778	0.06446517340932838	3.631946690532341	
9.987296801041724	-2.6748790540364475	0.10975999023435655	0.7907572013853035	0.05699737531460335	3.562184144365532	
9.79632022677882	-2.4764808367282596	0.07637283082552637	0.932903261016203	0.05784981926611967	3.48270671634626	
9.612758995813465	-2.262905929934272	0.05041721513454978	1.0464192433337702	0.06575503353772601	3.394293019474743	
9.434998923197217	-2.0404051471912363	0.03192773803235576	1.128902111824073	0.07920246209802745	3.297635332316456	
9.262084128956174	-1.815380530790013	0.020773799386855616	1.1793264018997285	0.09653632821617406	3.193304733458853	
9.093794866087727	-1.594128523727952	0.01668517679982724	1.1980187996847358	0.11605491883120261	3.081726568475753	
8.930653599425957	-1.382593839440494	0.019276164133029888	1.1865704377203485	0.1361063853178278	2.963167740404308	
8.773853438540927	-1.1861471447279912	0.028065649447117067	1.1476823442186017	0.15517430637294644	2.8377389359010063	
8.62512441743333	-1.0093998111003968	0.042490252184481866	1.0849649142271065	0.17194598386105314	2.7054112137709403	
8.486557937786916	-0.8560554950414363	0.06191114095846336	1.0027122644807418	0.1853625299246864	2.5660443058036773	
8.360402961803764	-0.7288022606605563	0.08561843146804214	0.9056611511560475	0.19464977148022655	2.4194247354252636	
8.248850890536918	-0.6292485311265952	0.11283811413093418	0.7987475816707861	0.19932961342636632	2.265310659301129	
8.153826005023996	-0.5579039184306902	0.14274644200518735	0.6868719963255624	0.1992125844542367	2.1034800539776692	
8.076802523664968	-0.5142135235084876	0.17449523987259982	0.5746824105099575	0.1943706306252257	1.9337785287385332	
8.018679774708671	-0.4966545369329322	0.2072459548560345	0.4663920194161149	0.18509070219631515	1.756160976979511	
7.979729157700943	-0.5028792201533221	0.2402057782566674	0.3656350078280805	0.17181621053848264	1.5707244502662912	
7.959621433326952	-0.5298989284240234	0.27265899274367844	0.2753619292878745	0.15508066654644456	1.3777305621278442	
7.9575327696341525	-0.5742955614189912	0.30398702741455635	0.19777547949115706	0.13544025621949163	1.1776162297138355	
7.9723152519379	-0.6324422184931586	0.3336729670870464	0.13430434959731527	0.11341315147547895	0.9709925290877638	
8.002706764808952	-0.7007147582313832	0.36128994211551524	0.08561034525148956	0.08943321797075145	0.7586320161252701	
8.047538802305493	-0.775672746941261	0.38647828898023645	0.05163146321195362	0.06382631216150829	0.5414438801418795	
8.105898329736934	-0.8541989024512616	0.40892415527748727	0.03164533366672939	0.03680937457898646	0.3204411780848349	
8.177224005298001	-0.9336031454928199	0.42835004681852	0.024347232927827783	0.008507179623647394	0.09670263640623732	
8.26133083775294	-1.0116992105623064	0.44452393807587315	0.027940514354528247	-0.021019948362067456	-0.1286684269205353	
8.35837073438175	-1.086861999551996	0.45728895957648913	0.040237617695989575	-0.051744810956375106	-0.3545849788673929	
8.468746773391981	-1.1580729614725027	0.4666113808205677	0.05877131280858369	-0.08364457420095127	-0.5800141951705365	
8.593002576629736	-1.2249474609373114	0.4726377210036295	0.0809184557160645	-0.11667870064744951	-0.8040086013270735	
8.731712489552262	-1.2877379528457653	0.4757470627335711	0.10403022499138487	-0.15077506280738812	-1.0257268739370031	
8.885385793681158	-1.3473107697758548	0.4765879856533484	0.12556413439442318	-0.18582244300642267	-1.244443559811522	
9.054387964784354	-1.4050905420334405	0.47609106941631935	0.14321378210095365	-0.22166718978234468	-1.4595469227047508	
9.238877338884828	-1.4629712978149816	0.4754519248874012	0.15503009297048537	-0.2581117790446552	-1.6705250162086296	
9.438750450538752	-1.5231969097175073	0.47608439815036324	0.15952883087942754	-0.29491320643771013	-1.8769410480309598	
9.65358734145972	-1.5882137756023853	0.47954654284723736	0.15577722353669105	-0.331780065942217	-2.078399487413709	
9.882592917104342	-1.6605056320443992	0.4874484313090035	0.1434471340176453	-0.3683691561146636	-2.274506785705079	
10.124530257116971	-1.7424231150915737	0.5013537529361746	0.12283685965314169	-0.4042831620118385	-2.4648316614699186	
10.377651287831505	-1.836013821655068	0.522681092579975	0.09485911486977718	-0.4390718632157301	-2.6488681968621326	
10.639634049047473	-1.942860786420769	0.5526108216647749	0.06099456481541297	-0.4722387045154194	-2.826005037440124	
10.907536744485146	-2.063937286482353	0.5920033711872723	0.02321262314828851	-0.5032536010922295	-2.995503383899541	
11.17777752747082	-2.199484437029132	0.6413348788954154	-0.0161380029891652	-0.5315720657325244	-3.156485685111339	
11.446155650545894	-2.3489312356593093	0.700664991115443	-0.054466929533406885	-0.5566596911059781	-3.3079383400612037	
11.707911363682399	-2.5108597108563298	0.7696421795056337	-0.08909367750588006	-0.5780200827611192	-3.4487271547859177	
11.957824978580646	-2.6830168532135565	0.8475487543459961	-0.11740625118437525	-0.5952256524762768	-3.577624301357994	
12.190357701072836	-2.862376484034185	0.9333847100508837	-0.13701992907575145	-0.6079505795409759	-3.693345549786254	
12.399834944347953	-3.04525044186778	1.0259835313591474	-0.14592861911710855	-0.6160047094663766	-3.794595714289727	
12.580673677103437	-3.2274460889798284	1.124149077301539	-0.1426436809272117	-0.619366961935206	-3.880120359523074	
12.72764958885339	-3.4044691451282088	1.2267971149792247	-0.12630832804077996	-0.6182132165936114	-3.948760677778177	
12.83618157201055	-3.5717549591397733	1.3330773151972173	-0.09677697812752546	-0.6129327977070229	-3.999506512805781	
12.90261400461757	-3.724912355754498	1.4424604408684492	-0.05466003079099321	-0.6041307851462764	-4.031545355809193	
12.92447223017625	-3.859968308211096	1.5547797734379931	-0.0013294451445578547	-0.5926127223692623	-4.044304969230882	
12.900664424584635	-3.9735984953245334	1.670219964756586	0.061117043579463126	-0.5793503717620235	-4.037487594516566	
12.83160757290055	-4.063331160269278	1.7892519392927806	0.12993266962374914	-0.5654291202770928	-4.011094856740815	
12.71925291175401	-4.127710338847983	1.9125155108500307	0.20184082802541004	-0.5519787478474827	-3.9654420332702265	
12.566985637057325	-4.166394475704915	2.0406625173539674	0.273194662148	-0.5400945494222014	-3.901158388087513	
12.379426304618365	-4.1801958635966	2.174183371346107	0.3401613936743486	-0.5307583985579752	-3.8191778046104234	
12.162151323212296	-4.171058797058465	2.313235639001546	0.39892517336686795	-0.5247666946039115	-3.720720040070222	
11.921360526553817	-4.14197666256384	2.457495581088742	0.445898748512508	-0.5226718785038266	-3.6072633747780145	
11.663526120124404	-4.096851804939392	2.6060530991721107	0.47793289480588835	-0.5247423632796818	-3.4805098243792347	
11.395055652472132	-4.040303034675691	2.75736814771904	0.49251429960950915	-0.5309430952122514	-3.342343918513799	
11.12200701492031	-3.977422852837647	2.9093114891012797	0.487928061317283	-0.5409411967599159	-3.194784485467089	
10.849882185762867	-3.913508822643536	3.059283874907586	0.46337239376234496	-0.5541320748166176	-3.0399333854424384	
10.583501301616936	-3.8537823580096706	3.2043980375118912	0.41901962916677776	-0.569681903482876	-2.8799225697094917	
10.326954294158673	-3.8031077472554364	3.3417025160839526	0.3560159994314168	-0.5865836837896433	-2.716860706820765	
10.083621119159158	-3.765727088689853	3.4684187563143607	0.27641768730692423	-0.6037230305006364	-2.5527812822900446	
9.85624563273631	-3.7450237302317966	3.5821624508912318	0.18306601058645047	-0.6199498333332804	-2.389593523114527	
9.647050555819721	-3.743338090683289	3.6811151058169616	0.07940201306152875	-0.634151234617579	-2.2290390964031523	
9.45786989905585	-3.7618591900313656	3.7641181324134374	-0.030760209978717847	-0.6453178806435945	-2.0726581018766272	
9.290274579195342	-3.800591898855983	3.830690459399481	-0.14347683380349216	-0.6525987317711007	-1.9217640366697653	
9.145677374711342	-3.8584060071191133	3.8809761838951142	-0.2549184417738764	-0.6553410669788982	-1.7774284569400793	
9.02540397531735	-3.9331656479846027	3.9156374742324003	-0.3615960546135375	-0.6531133807597944	-1.6404752454379516	
8.930720600606454	-4.021930234470487	3.935713988796433	-0.46055285391187234	-0.6457110643538609	-1.5114832550431334	
8.862812451813289	-4.121215591844879	3.942471086655037	-0.5495070457334813	-0.6331458671252426	-1.3907960498191294	
8.822716037310817	-4.227290959851467	3.937261798831073	-0.626925833443264	-0.6156206192470502	-1.2785384993771753	
8.811216078065055	-4.336473283905073	3.921422857289178	-0.6920365402575992	-0.5934966055331657	-1.1746349507726894	
8.828720108058144	-4.445397987061895	3.896209101335745	-0.7447798843364931	-0.5672572090601427	-1.0788276078253602	
8.875125791137476	-4.551245458743962	3.862765456685608	-0.7857130293305397	-0.5374713592177246	-0.9906938026213459	
8.949696882621343	-4.651906459457664	3.8221301722857812	-0.815873663343583	-0.5047599557719903	-0.9096610596535762	
9.05096200571296	-4.746076278840575	3.7752590483030386	-0.8366173703426378	-0.4697674632707582	-0.8350192128982592	
9.176661856484511	-4.833260755819395	3.7230587344968225	-0.8494412820335658	-0.4331399620368737	-0.7659311830958401	
9.323752485987278	-4.913704910080606	3.6664162833008325	-0.8558160398555037	-0.3955099992420846	-0.7014424974336274	
9.48846628936679	-4.988262085563212	3.606218442861378	-0.8570370168582508	-0.35748690318772236	-0.6404910389654808	
9.666434555207452	-5.058219445141475	3.5433579571115787	-0.8541027327522821	-0.3196514887975727	-0.5819191752582821	
9.852871279559235	-5.125098963539585	3.4787260759873786	-0.847626860908852	-0.2825540732528188	-0.5244900164198286	
10.042816419145577	-5.190450939181409	3.4131914956232534	-0.8377864436646721	-0.24671418696774527	-0.4669093920300539	
10.231433336327271	-5.255654697970881	3.3475665485147297	-0.8243115885689466	-0.212619504519464	-0.4078554045324452	
10.414330769306265	-5.321744259242873	3.282563943646524	-0.8065176992859445	-0.1807204233390772	-0.346015113840814	
10.587878654560482	-5.389263775369305	3.218747081431562	-0.7833722419054007	-0.15141724607972168	-0.28012697854745466	
10.749487562133071	-5.45815556243787	3.1564775523847692	-0.7535931792734563	-0.1250393320196543	-0.20902758008350855	
10.897821815827802	-5.527683844334309	3.09586436846778	-0.7157737068533039	-0.10181780379814934	-0.13170002575412038	
11.032925250460659	-5.596395878679422	3.0367200540045207	-0.6685268806286304	-0.08185524777086703	-0.0473211835534427	
11.156245577097717	-5.662124315845705	2.978530821442223	-0.6106439486621767	-0.06509748190337805	0.04469551558260544	
11.270542576633042	-5.722042727943686	2.9204545183895814	-0.5412512084461812	-0.05131544413772442	0.14466900130789065	
11.379711948224521	-5.772768405541063	2.861351561605136	-0.4599536989901162	-0.04009922743116381	0.2526321044443983	
11.48853691776695	-5.810515213123793	2.799855088111037	-0.3669569647654614	-0.03086446435931033	0.36832739501140843	
11.60237402572783	-5.831296001238327	2.734482720220102	-0.2631570646367376	-0.022869295052516198	0.49121839035560844	
11.726774563744266	-5.831168610814917	2.66378651619544	-0.15019042913847808	-0.015238907438548121	0.6205159207478214	
11.867032243959406	-5.806517142252114	2.586533098855604	-0.03043792957944745	-0.0069952089807540615	0.7552185583161768	
12.027661539665033	-5.75434292058056	2.5018901392479065	0.0930307163631024	0.002907085540322051	0.8941673130731091	
12.211844973927281	-5.672531264231405	2.40958540519991	0.2165666349967938	0.015535578795119204	1.0361087667339037	
12.420896836726122	-5.560072921881675	2.310012901806625	0.3360978546356842	0.031922173550870875	1.1797624889818839	
12.653812510495735	-5.417219159550111	2.204265435827236	0.4473257176085797	0.05299001584234037	1.3238891405793687	
12.906979320536045	-5.245555727016945	2.0940834859119293	0.5459515182369183	0.07946777140496752	1.4673546588393516	
13.174109827502642	-5.047991569022146	1.9817242188285005	0.6279214443306186	0.11179730975540106	1.6091862323268722	
13.446460798048129	-4.828655465836872	1.869764652895403	0.6896712734238709	0.15004840835163336	1.748613915400875	
13.713368224477085	-4.592710616333801	1.760861117407039	0.7283646664820601	0.19385249524986883	1.8850939303065042	
13.962917189974894	-4.3461209389184585	1.6575460933317696	0.7420299006560752	0.24238743838508434	2.018304663155385	
14.182995384883942	-4.095375834431983	1.561937439001496	0.7298459603171142	0.2943433933891948	2.148143932520803	
14.36190306622014	-3.8471991321216734	1.4757187101603573	0.6919506620117798	0.3480537322041543	2.2746606547339536	
