14.509359934483363	-3.435625276059654	1.350525214280859	0.4775130968925596	0.1220142456362093	2.571272427260665	
14.509983013562055	-3.275012117661886	1.3365038785609007	0.3525848763340122	0.1583892593516016	2.7003070605328756	
14.455235710811968	-3.1388614594831687	1.3290896799492886	0.21970095298266715	0.1886018471711721	2.824585636040763	
14.346808694823979	-3.0291856973407234	1.325849022907814	0.08334335025156918	0.21134359972851752	2.9436969643609214	
14.188109036104608	-2.947109351287196	1.3240147031914913	-0.05176738080655437	0.22560610627517663	3.0572115946093543	
13.98457352138734	-2.8926036486397755	1.3205438322000649	-0.18073401007894235	0.23081117687744726	3.164673761938055	
13.743018282434562	-2.864655106359492	1.3124271706167472	-0.29872719627088284	0.22680345036434105	3.265604289015662	
13.471328947897334	-2.8612612231217835	1.2969034757603277	-0.4011503241604979	0.21387057290533093	3.359506302138243	
13.177972538123386	-2.879495299318806	1.2716957346506759	-0.48383518841883605	0.19272569586264104	3.445875936678194	
12.871516738261848	-2.9155805756388298	1.2351906669173367	-0.5432230131991839	0.16446987741086277	3.5242155015029013	
12.56016047734841	-2.9649906980472314	1.1865562353078696	-0.5765332333442588	0.13053721361203444	3.5940472097148444	
12.251296901185077	-3.022587234636058	1.1257929285998072	-0.5819132959098592	0.09262340705278077	3.6549262162184215	
11.951136860962416	-3.0828000659169423	1.0537169721590354	-0.5585583619516663	0.05259867481715028	3.7064518650895897	
11.66441629812706	-3.1398501691736342	0.9718812716818057	-0.5067920940332779	0.012407633107960843	3.748276385371884	
11.394208014949296	-3.1880097480334113	0.8824427201286252	-0.4281005497217458	-0.026040151088822423	3.7801106350113547	
11.14187997542741	-3.2218780902398305	0.7879863400447852	-0.3250944805859962	-0.06097825049890295	3.8017257280237953	
10.907176493681536	-3.2366462625272314	0.6913388795069061	-0.20141360291695823	-0.09087867724918983	3.8129513586560044	
10.688402364062899	-3.228337940406206	0.5953871911636455	-0.06157789949463101	-0.11452963008131531	3.813671234373834	
10.482693498683568	-3.1940130943872838	0.5029124327483333	0.08920940854691137	-0.1310917024488968	3.8038158181906683	
10.286352329482135	-3.1319245239357043	0.4164482362694989	0.24529746274639702	-0.14013084083066554	3.7833527510558325	
10.095230512200756	-3.0416217945031714	0.33816576570174484	0.40085314180782955	-0.14162844525559964	3.7522752481809496	
9.905136439021488	-2.923975264329958	0.26979473797617204	0.5501394211998965	-0.13596330686386773	3.710588848956755	
9.712227394142735	-2.781132083308938	0.21257706155906472	0.6877800504823723	-0.12387275369278021	3.658297963497648	
9.513369512857729	-2.616411456639691	0.1672479879570628	0.808999797176596	-0.10639661392358417	3.5953929728517617	
9.306446129535304	-2.4341437910737067	0.13404260045754687	0.9098288925013818	-0.08480618253748096	3.5218388185716427	
9.090595732293357	-2.239464602213511	0.11272435543325574	0.9872626880692987	-0.06052183141041599	3.437566189075992	
8.866366068109725	-2.0380741675519984	0.10263222939452794	1.039373352616766	-0.03502235287942898	3.3424664747733406	
8.635746670204128	-1.8359724490003304	0.10274847196752622	1.0653534064927332	-0.009751433212807931	3.2363925899424575	
8.402088030516095	-1.6391955869582377	0.1117769625760802	1.06550236676228	0.013969870022463757	3.119166214996264	
8.169917852144717	-1.4535609284601245	0.1282277428277247	1.041165848152908	0.035020851565765794	2.9905916451420267	
7.944661463924283	-1.2844261046146854	0.15050450767456391	0.9946304144480691	0.052544635610977435	2.8504762618572412	
7.732283731389054	-1.1364684580524553	0.17699058272069987	0.9289812065421933	0.06599308772668881	2.698657058697055	
7.538872144417446	-1.0134870369165758	0.20613006719502405	0.8479291896092491	0.07515001311232286	2.5350326843958815	
7.370199230534472	-0.918250038346445	0.2364980957970547	0.755609722369629	0.08012428156032607	2.3595979014809405	
7.231321639421284	-0.8523934689901982	0.2668551891587112	0.6563734909919741	0.08131599635787336	2.1724769401325403	
7.12624610369577	-0.8163700316456107	0.29618484529942646	0.5545781972943132	0.07936071003237036	1.9739534653004287	
7.057688263917066	-0.8094521606617298	0.3237131854365382	0.4543870837295264	0.07505631664865467	1.7644943456819888	
7.026941861211883	-0.8297878702453452	0.3489111351826183	0.35958169993831224	0.06927976503645497	1.5447648615433272	
7.033862762593166	-0.8745047441855088	0.37148176659510096	0.2733921454512706	0.06290077002825509	1.3156338649496089	
7.076984678993565	-0.9398707408448489	0.39133347116189315	0.19835967131819657	0.05670190428199021	1.078164526453584	
7.153734076259011	-1.0214940251141171	0.408544971847942	0.13623660288136893	0.05131412046123658	0.8335923250637631	
7.260712514139781	-1.1145528027795444	0.42332470174428205	0.08792148768886353	0.047170201435561304	0.5832924871472402	
7.394023838338752	-1.2140511432951182	0.4359650258668707	0.05343338908891912	0.044478785133673975	0.32873813052408996	
7.5496156113610615	-1.315090925010753	0.4467935045011919	0.031927239369716254	0.04322094578410955	0.07145166819918616	
7.723604137832993	-1.413151581369121	0.456124814767263	0.021750044098918984	0.04317009989276858	-0.187047924431268	
7.91254001974669	-1.5043552018430693	0.4642210575953355	0.020548474800478927	0.04393672163595031	-0.4452974731129383	
8.113578463866373	-1.5856935214793617	0.4712692348317599	0.025416620775813137	0.0450287058607033	-0.7019352146474538	
8.324553987292738	-1.6552098220453901	0.47737861814721033	0.0330745926322779	0.04591696352047814	-0.9557366470051641	
8.543968648004867	-1.712123854355301	0.48259720379451126	0.040073885750590454	0.04609783087059527	-1.2056378941569617	
8.770913059876026	-1.7568897413440714	0.48694296542906756	0.043020525450306935	0.04514482822979152	-1.4507447351871428	
9.00494548521874	-1.7911816176454023	0.4904433266521004	0.03880814577308837	0.04274588978614659	-1.690326936663977	
9.245948167136067	-1.8177865474508346	0.49317427949522963	0.02484201561114192	0.03872406773628098	-1.9237965246203925	
9.493981572288929	-1.8404193283313048	0.49529174433560963	-0.0007691732432648926	0.033045325546325055	-2.1506744615252105	
9.749139515258527	-1.8634822745062638	0.4970538396996209	-0.039061576776611706	0.025818700537334125	-2.37055090569994	
10.01140127837908	-1.8917829595780327	0.49883398453531785	-0.09011423355419357	0.01729041987275063	-2.5830425484315898	
10.280480237964108	-1.9302282550800824	0.5011252360949037	-0.15300322557449114	0.007832307818703888	-2.7877510310456333	
10.55566914873012	-1.9835085951151703	0.5045367747510525	-0.22581254475451595	-0.00207609224959743	-2.9842256606778577	
10.835695643601602	-2.0557921918367064	0.5097823078109375	-0.3057138830192659	-0.011873672632985988	-3.171934480698553	
11.118604584159437	-2.1504548280966196	0.5176639114586485	-0.389105258439755	-0.020950170105286353	-3.350246571129963	
11.401672582188217	-2.2698510418465068	0.5290559062630438	-0.47179240342676837	-0.028682340760732707	-3.518425020436347	
11.681364690135283	-2.4151362459991383	0.5448916542121817	-0.5492073739596569	-0.03447279027541016	-3.675630380762736	
11.953342318528106	-2.586148266161542	0.5661554937512714	-0.6166537229344553	-0.03779042006973235	-3.8209339062800467	
12.21253113777412	-2.7813500590674214	0.5938802892528368	-0.6695694355093503	-0.038212815885085676	-3.9533395656591166	
12.453270364334806	-2.9978525336700397	0.6291470770314985	-0.7037933899487017	-0.03546917174993636	-4.07181431187519	
12.669544783682225	-3.2315137100708977	0.673079538253299	-0.71581163866215	-0.02948008201852548	-4.175323513160155	
12.855288623921757	-3.477094328186491	0.7268253168113509	-0.7029767072390417	-0.02039137741533393	-4.262869172940087	
13.004749669110137	-3.7284668271867107	0.7915170374812602	-0.6636915369460143	-0.008596647486140167	-4.333529475058219	
13.112888823424242	-3.978868400264692	0.8682083986883008	-0.5975501063368549	0.005256693935573148	-4.386497813964131	
13.175788365930359	-4.221189581999146	0.957782235018196	-0.5054326867978111	0.020281765634563558	-4.421120313485659	
13.191015131449172	-4.4482923440080135	1.0608344154570202	-0.3895369207202188	0.03539296450300675	-4.436928670266243	
13.15787591889174	-4.6533351384386705	1.1775499118153945	-0.25333804097318535	0.04937171985273299	-4.433665301613044	
13.077545376145478	-4.830095971263695	1.3075869857349116	-0.10149079805305004	0.060951073746888705	-4.411301726530566	
12.953042385878991	-4.973289233472785	1.4499898192675058	0.06033171203088545	0.06891391557190883	-4.370049247374098	
12.789048314312554	-5.078868256392548	1.603148999574976	0.2256610754335575	0.07219617325646313	-4.31036167269718	
12.591579402980777	-5.14431057961407	1.7648239882323973	0.38751606890696133	0.06998563233218491	-4.232930820854638	
12.367532935246699	-5.1688583248055355	1.9322418060002982	0.538744990008352	0.06180162271774022	-4.138673012353515	
12.124182065486668	-5.153674834693933	2.1022601722265493	0.6724018517127349	0.04754071868632138	-4.028707153081095	
11.868694540369995	-5.1019076393340015	2.2715645287473616	0.7821326579049673	0.02748784738517434	-3.9043280062160255	
11.607718291181374	-5.018626418297657	2.4368763792933557	0.8625516058626265	0.0022929269952554577	-3.7669750816337846	
11.347070575929092	-4.910615871635897	2.595149262261491	0.9095798230856504	-0.02708269081377877	-3.618198881435463	
11.091548059620862	-4.786016551958037	2.74373502664347	0.9207237040633268	-0.0594426065835035	-3.459626627394576	
10.844870975075787	-4.6538103739273815	2.8805041255609223	0.8952502506584162	-0.09344762496184011	-3.292929268246888	
10.609750594563087	-4.523210517653656	3.003908310370285	0.8342223589926386	-0.12771136579612966	-3.1197929605147774	
10.388035401346961	-4.403035092329145	3.1129939150507053	0.7404109632258474	-0.16088984834478998	-2.9418964195528656	
10.180910871986624	-4.301119767806301	3.207368661083511	0.6180875451527063	-0.19176141543493466	-2.7608934543647026	
9.989126037893483	-4.223825689126457	3.2871277777453813	0.4727153927938885	-0.21929289730634394	-2.5783996791662522	
9.81322179298122	-4.1756804270701995	3.3527486547740835	0.310567340554239	-0.24268956916230652	-2.3959814549023695	
9.653737855756304	-4.1591931952063135	3.404963424396731	0.13829809547937183	-0.261424562946461	-2.215144846296791	
9.511368750808394	-4.1748645858724185	3.444629167343261	-0.03747450469863591	-0.27524422877278193	-2.037322798440732	
9.387055835007063	-4.221339033370393	3.4726145994734394	-0.2105384077750685	-0.28415491834838197	-1.8638583702006264	
9.28201215336118	-4.295672519685303	3.4897113167453613	-0.37538957293270897	-0.2883937130660395	-1.6959835949659106	
9.197680177929444	-4.393679482962973	3.49657599596861	-0.5274529880986862	-0.28838685606025066	-1.5347943269671935	
9.135627044643707	-4.510320827294724	3.493705854642049	-0.6632195096010383	-0.28470022023501157	-1.381221553809651	
9.097384062823087	-4.640104280387179	3.481448284388796	-0.7802942051683776	-0.2779851095024111	-1.2360015625459713	
9.084252046851411	-4.777458201265948	3.4600414217993034	-0.8773577524696995	-0.2689253847145151	-1.0996500501459996	
9.097094641211562	-4.917055219091257	3.42967606059059	-0.9540730569886096	-0.25819184836085773	-0.9724406287322865	
9.136138777232826	-5.054083024883372	3.390571959861174	-1.0109484376067897	-0.24640672257715132	-0.8543900332113635	
9.200804452595143	-5.184455493330573	3.3430597791465577	-1.0491703336885978	-0.2341210060602844	-0.7452515028598887	
9.289583980783318	-5.304961452618542	3.287659221340241	-1.0704184938538965	-0.22180598458504583	-0.6445165294506828	
9.39999828855981	-5.413343520032888	3.2251409467134513	-1.07667213493582	-0.20985911800745716	-0.5514265561607873	
9.528657698696124	-5.508296803560721	3.1565558842745673	-1.0700227078576252	-0.19862174338024768	-0.4649962699782428	
9.671415987446208	-5.589407873308116	3.0832278945462486	-1.0525082025957972	-0.18840229806326098	-0.3840444018929731	
9.823614194127964	-5.657040857137017	3.006707319132108	-1.025972671336361	-0.17950031775410547	-0.3072325073467127	
9.980400565347738	-5.7121811495766615	2.928687172019395	-0.991956688157013	-0.17222623255576638	-0.23311121267877727	
10.13710662174999	-5.756249929446974	2.8508875399788676	-0.951622256545453	-0.1669121318476327	-0.160173152266275	
10.2896519951282	-5.790900837866979	2.7749168048834174	-0.9057168011632603	-0.1639084443584703	-0.08691227193503608	
10.434916689237024	-5.817818743743768	2.702130782089491	-0.8545820921842419	-0.16356325412943037	-0.011885610746274877	
10.571040105760751	-5.838538746276494	2.633507491936524	-0.7981983251125027	-0.1661857823143098	0.06622615678085624	
10.697615535869767	-5.854290312488364	2.569550454576847	-0.7362592354620755	-0.17199773385765857	0.1485617798567285	
10.81575526829823	-5.865872094933346	2.510231765928186	-0.6682726984507052	-0.1810785411347322	0.23602936306221586	
10.928016664262156	-5.8735598253693695	2.4549815975113676	-0.593680374121109	-0.19331171614620485	0.3292657384202322	
11.038184999225773	-5.877050636666768	2.402730386564966	-0.5119905611850931	-0.20834146185658914	0.4286087754780391	
11.150930359377108	-5.875453534352917	2.352006734198746	-0.4229105538466751	-0.22555208775273983	0.5340892165812224	
11.271402490915087	-5.867318245502163	2.3010743186912803	-0.3264680911821516	-0.24407109856476605	0.6454386635586504	
11.404793021988876	-5.850703651745105	2.248099168366309	-0.22311550619355333	-0.2627953959435639	0.762113626559664	
11.555890502746417	-5.823286204971247	2.191334835831525	-0.11380934514898898	-0.2804372420878445	0.8833345186679548	
11.72864246994228	-5.782507120400452	2.1293116297952186	-6.017946798525693e-05	-0.29558471946171483	1.008137308710219	
11.925728022309134	-5.725758395150145	2.0610150885942113	0.11605404954255646	-0.30677255594963393	1.135436151588785	
12.148176129255889	-5.650595537993933	1.9860260893885708	0.2319227640274245	-0.3125593807588005	1.2640930892880566	
12.395042764589531	-5.554958366316056	1.9046122718510201	0.34447755618802256	-0.31161020007255585	1.3929876410241222	
12.663182211339949	-5.437386343200958	1.8177612430566945	0.45030599939119414	-0.30278653782289694	1.5210831987914226	
12.947160279477554	-5.297212530041595	1.7271460943220678	0.5458020899974073	-0.2852436010766409	1.6474861856974563	
13.239347755282447	-5.1347214119192275	1.6350204318848252	0.6273468005791707	-0.2585301418993915	1.7714940230873646	
13.530230664239571	-4.951256226043147	1.5440424215020798	0.6915124502266922	-0.22268168810828406	1.8926278026703462	
13.80897714438249	-4.749260507362141	1.4570264658969456	0.7352899910124447	-0.17828986584894344	2.0106443023268015	
14.064058984819876	-4.53221706366025	1.376715370362824	0.7562452337112767	-0.12650982317313883	2.125521652286415	
14.284224581610719	-4.304643373593799	1.3054085500153214	0.7528484196729689	-0.06909067998366393	2.237445055906646	
14.458883399022335	-4.071767779720537	1.2449220064760602	0.7243557202698573	-0.0082003406536621	2.346734039319892	
