24.149116403365174	2.070640134533106	9.582161926957529	1.860935961301591	-3.876690819683997	-0.8515148787321352	
23.752142500656518	2.2851577121629907	9.902233632446173	1.7579343264213685	-3.2160837331293313	-0.7659995250503442	
23.136231234981842	2.481571779257149	9.912325258388563	1.6251153421166147	-2.5319995158791735	-0.6862234447378746	
22.346980233177046	2.65351442877608	9.61257910276608	1.468502869945778	-1.8421610917392732	-0.6141044181656512	
21.43315920176756	2.7968387399942833	9.023448747729217	1.2954479185631165	-1.16412765160735	-0.5509899141052439	
20.443863907211252	2.909714414058359	8.188417456195594	1.1142462103888071	-0.5143974487570976	-0.4975296560392435	
19.42411323190759	2.991753212389958	7.168567033278782	0.933193887472067	0.0925751359518939	-0.45375251052905136	
18.411966869479116	3.043393671332816	6.037216769132186	0.7599615393955733	0.6450271819900951	-0.41913315410298335	
17.436158429675732	3.065492139533357	4.8718177265145854	0.6010108839130215	1.134261021673984	-0.3927242983927769	
16.514930342042167	3.059374784962657	3.74556288709628	0.4612027641420004	1.5546729881546766	-0.3733038259654138	
15.656229832972134	3.0271452661908924	2.719808528578949	0.3435560236068406	1.9034977157877204	-0.35952474220905684	
14.859495988776223	2.9718881065900384	1.8389521345461108	0.2491731694494783	2.1803768885719186	-0.3500398126303331	
14.118677360448856	2.8975023266199655	1.1283936516617334	0.17733015227048174	2.386916691377169	-0.3435846759936614	
13.425787022082838	2.8082115082967087	0.5953035863501135	0.12573736073319747	2.5263246050110024	-0.3390246131773879	
12.774150811439707	2.7080182720463357	0.2314014101420138	0.09095793751077583	2.6031465049917335	-0.3353830297137584	
12.160632930468182	2.600374785024657	0.016806412356509495	0.06893693772297242	2.6230731183294598	-0.331867496666589	
11.586451893114061	2.4881755096464384	-0.07583234324517885	0.055565729430180406	2.5927629738535987	-0.3278956826196096	
11.056595099105948	2.3739838771116335	-0.07747409590653394	0.04719218032720374	2.519635788568382	-0.3231111303099201	
10.578183669675967	2.260319663734903	-0.019398866184125813	0.04099630093427506	2.4116103845104533	-0.3173778612111918	
10.158412819810172	2.1498783121598968	0.06934370288180061	0.03518114525489422	2.276791534820098	-0.31075096667583124	
9.802731614413146	2.045646596847045	0.1637228976662791	0.02898672178360547	2.1231386701502024	-0.3034277714760907	
9.513675834796786	1.9509194949548936	0.24379386361626748	0.02255414484321942	1.958153892631616	-0.295683008691177	
9.290492123559712	1.8692085874490834	0.29511198615649525	0.016673081300377025	1.7886258676173137	-0.2877943745025131	
9.129444177174314	1.804016622297131	0.3086174013172653	0.012452776077356764	1.6204543691608135	-0.2799698307018433	
9.024544664518972	1.7584674677401422	0.28014359624111956	0.010966578353240329	1.4585632612475652	-0.2722915505354708	
8.968431276780734	1.7348292998496193	0.20969735968485495	0.01292756901729733	1.3068926155604144	-0.2646903497406403	
8.95317560374985	1.7340325556630296	0.10061365692600141	0.01845394615835467	1.1684518041776757	-0.25695854981589805	
8.970908705382369	1.7553282357698161	-0.04133274172291623	0.02697183372825233	1.045412932244201	-0.24879805632370702	
9.01424166534263	1.796188419445288	-0.2087716573832805	0.037262927128405364	0.9392186978260304	-0.23988842987721243	
9.076513896863352	1.8524924439459332	-0.39349594666857557	0.04763508901411545	0.8506904433621303	-0.22995750594040532	
9.151914055943267	1.9189755644268656	-0.5871019527942005	0.056170423204258815	0.7801260559884645	-0.21883923053480409	
9.235520164121745	1.989858796407959	-0.781494737256609	0.06099318862349269	0.7273822175688672	-0.20650897711676366	
9.323296329757856	2.0595434413834814	-0.9692540259163688	0.060502953104154586	0.6919403057773743	-0.19309315819259146	
9.412066891640047	2.1232488025535603	-1.1438679794219777	0.05353510145622658	0.6729584048874953	-0.17885538461001993	
9.49946803672035	2.1774876346515	-1.299848796339062	0.03943229387040235	0.6693138442899833	-0.16416428069079492	
9.583869358658768	2.220305416865693	-1.4327553057045244	0.01803202074829269	0.6796402084880024	-0.14945031687301819	
9.66427154438354	2.25127836227916	-1.5391677522204084	-0.010404149931852616	0.7023608085289266	-0.13515990915734344	
9.740189807113852	2.2713003022131066	-1.6166480474005733	-0.04529348920474351	0.7357226640271913	-0.12171285830333801	
9.811535668437035	2.2822155675338527	-1.663703665882933	-0.08584245867406289	0.7778345726598925	-0.10946776586195638	
9.87850645739224	2.2863694298228268	-1.6797577697393253	-0.13114453655837874	0.8267121128175501	-0.09869810910048203	
9.941487192285841	2.286147590815993	-1.6651183438941053	-0.18025252677002435	0.8803311187539011	-0.08957967250221369	
10.00096718977325	2.2835636685487186	-1.6209374391902744	-0.2322199868007574	0.9366897578813581	-0.08218831185330658	
10.057475210628082	2.2799391782031817	-1.5491506145777219	-0.2861130836237998	0.9938777502068279	-0.07650637320102731	
10.111540894591327	2.2757102087805117	-1.452390953787732	-0.34099977704467316	1.0501483359999704	-0.07243558458336907	
10.163688296124938	2.2703730481710003	-1.3338825136482222	-0.39592708282203964	1.103988660489654	-0.06981370245975697	
10.214460338078156	2.2625721565610273	-1.1973184966295793	-0.4498978776682608	1.1541838585538602	-0.06843299638195725	
10.264464717239374	2.2503171020031965	-1.0467328937735603	-0.5018580850639602	1.1998701042765338	-0.06805850939642157	
10.314425265929497	2.231294095019904	-0.8863725740160648	-0.550702743945902	1.2405724442730381	-0.06844411106997435	
10.365221151852214	2.203220242957155	-0.7205727398803736	-0.5953054839270868	1.2762240020326823	-0.06934471863431636	
10.41790081153933	2.164182583797099	-0.5536353466827779	-0.6345712369476317	1.3071643775837591	-0.07052364521881307	
10.473666709596378	2.112908937424109	-0.38971088691312034	-0.6675071542047629	1.3341143390923569	-0.07175451925570431	
10.533841402016648	2.048936542646375	-0.23268995162173045	-0.6933020878358754	1.3581263734699627	-0.07281774884089605	
10.599835404801325	1.9726814326281554	-0.08611541279525366	-0.7114064268337882	1.380514975218219	-0.07349225828785325	
10.67313449188616	1.8854300072264965	0.046866437991916234	-0.7216064650615828	1.4027701943059607	-0.07354391907023988	
10.755315068934568	1.7892846227445294	0.16349489827774352	-0.7240896308568957	1.4264604495257063	-0.07271298015847061	
10.848085035208527	1.6870938841230356	0.26130952366899146	-0.7194981380582776	1.4531321030016504	-0.07070334498595295	
10.953339162743568	1.582387349998781	0.33799067949833933	-0.7089685880311234	1.4842139726734658	-0.06717646966732391	
11.073215394428495	1.4793191084518875	0.39114496796121206	-0.6941548097642574	1.520934388831235	-0.061751968191064946	
11.210137971046267	1.382605874984674	0.4180754214819022	-0.6772279900565039	1.5642586985504212	-0.05401623863093712	
11.366833100423364	1.2974322608782616	0.4155938737842264	-0.6608493597862145	1.6148535805885684	-0.04353889842756523	
11.54630252250725	1.2292905075364011	0.3799273275931939	-0.6481133463021375	1.6730791242244587	-0.029895621010805642	
11.751739109796187	1.1837291301965671	0.3067613264700982	-0.6424550307400406	1.739007432938971	-0.012695765602998387	
11.986375979697245	1.1660134240343993	0.19145270379163445	-0.6475155551543381	1.8124627739998063	0.008387065386984235	
12.2532710787394	1.1807320870457527	0.029431359818798266	-0.6669610112577373	1.8930752136595346	0.03358362184291608	
12.555036182443919	1.2314027577600424	-0.18320635695838366	-0.7042558229528484	1.9803379122832427	0.06299914469331652	
12.893515125599693	1.3201231099074189	-0.44892998637389747	-0.7623984423081032	2.0736581287774603	0.09658750419305427	
13.26940875664367	1.4473009905996108	-0.7678933371515928	-0.8436391872161466	2.1723934513476983	0.13413279000904246	
13.681836753261473	1.611474019075464	-1.1370488890589747	-0.9492098340995928	2.2758668665799924	0.1752413626352139	
14.127825045881945	1.8092144834284427	-1.5493759067914255	-1.0790893257687157	2.383357895098599	0.21934563811360533	
14.601741931503968	2.0351358497511542	-1.9933601638116472	-1.2318298963271384	2.4940695118533456	0.2657200029140424	
15.09474739409742	2.282031724564182	-2.452862881501141	-1.4044640407787146	2.607072864378263	0.3135070398861902	
15.594354596943527	2.541182484847094	-2.907497932449541	-1.5925088856996052	2.721234792028261	0.36175074177012995	
16.084216565985418	2.802847585358713	-3.333595078953364	-1.7900807696655765	2.835136392151987	0.409433008679405	
16.544238737366975	3.0569231710380897	-3.7057666000531695	-1.9901282398435405	2.946993212575175	0.4555105377257887	
16.951109453566342	3.2936878767071724	-3.9990036895184953	-2.1847896059835885	3.0545921463044476	0.4989505485197947	
17.279262120023095	3.5045011338066963	-4.191062349540819	-2.3658553110771163	3.155259021311452	0.5387647829434642	
17.502226088615867	3.682324433043495	-4.264820687144495	-2.5253017632907575	3.245866297846419	0.5740427784135327	
17.59429494117157	3.821965066435395	-4.210231015438376	-2.655854559379608	3.322889313495537	0.6039853104438205	
17.532393716209217	3.9199994375215135	-4.025484593601227	-2.7515270014224606	3.382515757599852	0.6279378603035676	
17.29799091782508	3.9744173630771846	-3.71711027773132	-2.8080761972440613	3.4208078906595523	0.6454223416772088	
16.878873670415203	3.984118051059591	-3.298948667359656	-2.8233241155728783	3.4339092428928923	0.6561631689101439	
16.270598524835886	3.9484492791533636	-2.79024296531766	-2.797306670279686	3.4182782228599873	0.6601014885627507	
15.47737929531549	3.8669712154417106	-2.213359081267872	-2.7322202527474517	3.3709162747179917	0.6573879315726823	
14.512272486589412	3.739506572198037	-1.5917844472276914	-2.632175960144866	3.289553045763311	0.6483469946017452	
13.396646604215285	3.5663800017983958	-0.9487864924603736	-2.502794486016392	3.1727658594664145	0.6334122285188228	
12.158974348475752	3.348690473038551	-0.3067756654717834	-2.3506790716576624	3.0200263581545688	0.6130378438644198	
10.833072182336128	3.0884999527427888	0.31282556097941516	-2.182819333654791	2.8316837138958495	0.5875987107169593	
9.45597926705152	2.788905053522455	0.8895426118240803	-2.0059894487737697	2.608905018132485	0.5572942706859859	
8.065712548182477	2.4540265488422226	1.4039862919375248	-1.8262090267078568	2.353597731375814	0.522072778987822	
6.699131542843209	2.08896840579798	1.8384286665755905	-1.648328360879239	2.068336811116144	0.48159106299849513	
5.390118166114609	1.6997626870686724	2.1778659663626763	-1.475791288269466	1.7563054484510954	0.4352242217242789	
4.1681810642638455	1.2932907017530688	2.411335125246472	-1.310583300810855	1.421244368677073	0.3821300394649041	
3.057475993590042	0.8771697276671576	2.533086645645941	-1.153331326522876	1.0673865898893167	0.32136359351310534	
2.0762158554595618	0.45961160023743025	2.5432359070092754	-1.0035138946741429	0.699350512409607	0.2520298646899621	
1.236439526904477	0.049267868266424084	2.447692290752313	-0.8597439079282384	0.3219766715513175	0.17345397762507425	
0.5441112164514882	-0.3449392738913143	2.257387085895686	-0.7200957351038394	-0.05988855412525344	0.08534384766594838	
-0.00047417703994162563	-0.7140285394313357	1.9869880372178965	-0.5824523572334114	-0.4416432769519161	-0.012080339713805106	
-0.4019994724277273	-1.049260564409088	1.6533461714254503	-0.4448445819145571	-0.8191879656578442	-0.11801093865780779	
-0.6691437460253448	-1.3425551257026918	1.2739046828833893	-0.30574224217797646	-1.1891553378553295	-0.23104982798831358	
-0.8133809879194361	-1.5869946407629798	0.8652807000410265	-0.1642575858763535	-1.5490805951240865	-0.34927858886234453	
-0.8476436911135644	-1.7773348300574154	0.44214874514448	-0.020240130042331963	-1.8974921281771582	-0.47039189154698013	
-0.7849559216570545	-1.9104186787667423	0.016518037025072502	0.12573982032290873	-2.2339124989873795	-0.5918770145259787	
-0.637155081000582	-1.9854062381086242	-0.40253782123052134	0.2725038229240532	-2.558772084215572	-0.7112151864476193	
-0.41380796794864017	-2.0037795254731976	-0.8086864353914739	0.418448141434991	-2.873247555762794	-0.8260773114609343	
-0.12139698212207796	-1.9691372943732919	-1.1977203547131505	0.5617681147111597	-3.179043051611504	-0.9344879262426771	
0.2371832870780266	-1.8868340212471362	-1.5666135790600602	0.7006980206861866	-3.4781324302279026	-1.0349369861365205	
0.6627795313279946	-1.763523821145932	-1.9123926286482926	0.8337387662390517	-3.7724808718107377	-1.1264238941235067	
1.1597984240343955	-1.6066767921759233	-2.231001669900798	0.9598462916994599	-4.063766190498981	-1.2084344580957833	
1.7357069843609778	-1.4241010042892988	-2.516309262365455	1.078561460738008	-4.353113112550187	-1.2808610251310864	
2.4002246389313893	-1.2234865354146018	-2.7593853972515814	1.1900667085654342	-4.640853643548644	-1.3438811078344943	
3.1642302884870714	-1.0119840594013023	-2.9481511531296967	1.2951616890265145	-4.926326215654518	-1.3978144777116253	
4.038426028035653	-0.7958304927266898	-3.0674675329122207	1.39515827150298	-5.207724343200007	-1.442980399144939	
5.03182117019975	-0.5800354557044116	-3.0996909858897452	1.4917034240228384	-5.482002236959155	-1.4795755509944621	
6.15011578715262	-0.36814203598517686	-3.025693055308184	1.5865447138569952	-5.744841703993054	-1.5075895015882745	
7.394125340234975	-0.16208804716635003	-2.8263041035748757	1.6812614933933587	-5.990691200046552	-1.5267709802014606	
8.758382608899824	0.03781789001969486	-2.4840763034427544	1.776991140068543	-6.2128747895629015	-1.5366472818556183	
10.230046149831072	0.23278762926226595	-1.985256073552492	1.8741753681603956	-6.403773694443492	-1.5365916501817563	
11.788254708025557	0.4252981859367912	-1.3218248423680108	1.9723515941644674	-6.5550839407937245	-1.5259289665105127	
13.404054576499535	0.6186943248288289	-0.49343653308074636	2.070012754035108	-6.658149839882132	-1.5040663926514775	
15.04100482416197	0.8166770924384226	0.49094145215192103	2.1645557759244167	-6.70436890468818	-1.470633647426489	
16.65652641350072	1.0227269957140788	1.6118792562641415	2.2523334497882153	-6.685658495770066	-1.4256170355756408	
18.204021160461448	1.239518105750212	2.8390155110646904	2.3288197356182025	-6.5949703239848585	-1.3694713830396492	
19.6357086733281	1.4683869854027418	4.131498416753601	2.3888963925260445	-6.426820485255895	-1.3031899434900642	
20.905877518797393	1.7089063446900077	5.439325987691296	2.4272373050885205	-6.1777858638629874	-1.2283210128443993	
21.974490281980007	1.9586071982277253	6.7057463080595765	2.438812725115375	-5.846981098132527	-1.1469208504403734	
22.80996995922728	2.212948149412274	7.870141297739449	2.4193553674956916	-5.436300637195733	-1.061450995083	
23.392950395805432	2.4655505416040837	8.872749236057754	2.3660906584486376	-4.950869096427391	-0.9745988940912725	
23.71560597563889	2.7088976605331534	9.657704116004954	2.277855224380785	-4.398570056490721	-0.8890984557437269	
