25.65218279545754	3.8014925239796695	11.79854389980174	1.9505430577825131	-3.497858939193561	-0.7507122998904422	
25.340893907831198	3.8575015455822133	11.80967941286692	1.76488592295757	-2.8052849486438682	-0.6870715556706931	
24.827022891634538	3.8703338176376336	11.532220784323453	1.572792287801918	-2.1019989392843885	-0.6322030096359271	
24.14630104438158	3.8447280708015628	10.988848553512288	1.3808086736206426	-1.403536974222453	-0.5868098722783851	
23.33482221969845	3.7866596984311762	10.215112997600581	1.1952462408250348	-0.7248051071668553	-0.5511477357135256	
22.42754920547036	3.7034847068299297	9.263053127251222	1.0217980787451424	-0.07940878278277118	-0.5248224610944795	
21.455475390961556	3.602915389561941	8.19354388034114	0.8651194502752884	0.5208401766277466	-0.506910912018398	
20.444217178329193	3.4925299239987275	7.071189923246776	0.7285146512974804	1.0662870373702467	-0.4960016713987956	
19.413482176163306	3.3791848999132648	5.957506441200007	0.6137539598253798	1.5495451783167555	-0.4903182825165093	
18.37758761515643	3.2684702340322223	4.905377323163279	0.5210222564033424	1.9654601708830264	-0.4878577064745387	
17.346788244961296	3.164192308989919	3.9552725232414767	0.44899606054771246	2.311005515059239	-0.4865390911846587	
16.329147131236137	3.0679426539121346	3.1334388271964606	0.39505491993863834	2.5851542218856687	-0.48436059413713706	
15.332595016543763	2.9788878896501165	2.452155440208189	0.35563242155314506	2.7887701436837213	-0.479560695750278	
14.366488342079682	2.894048420629915	1.9118221711213637	0.32669000817261007	2.924467675303931	-0.4707655307814127	
13.442204315846581	2.8089922767941538	1.5035779259287885	0.30419454339600727	2.996446134168993	-0.45710434347008	
12.572840657680942	2.7187538438405623	1.2119319275126972	0.2845466553463925	3.010280526983291	-0.4382836950248555	
11.772156032507121	2.6188212305261906	1.0172241187145117	0.2649241488090174	2.972654983791457	-0.4146093685404461	
11.052949534567649	2.5060441724035516	0.8977911262275141	0.24351316892958494	2.8910394175894583	-0.38694788970613736	
10.42540346392332	2.379275840466456	0.8317587056456281	0.21957527676706307	2.7733188077058557	-0.35661224340127834	
9.895941245483536	2.2397185085886595	0.7983669017788877	0.19338089946804157	2.6274504083479404	-0.32520271977003856	
9.46669249979544	2.0910168167532874	0.7789589292403207	0.16604408126245912	2.4611722367178817	-0.2944234390662198	
9.13555477225208	1.9390792288829044	0.75770548243187	0.1392693347668728	2.2817724101854404	-0.26588887879336415	
8.896753268229276	1.791588725872066	0.7221320185281564	0.11502137390562758	2.0959221207021783	-0.24093699484363512	
8.741770118939547	1.6571341368249832	0.6633810827562014	0.09515093632066739	1.909585987685135	-0.22049019281136567	
8.660301734047485	1.544147356905031	0.5762481696887275	0.08106483709058697	1.7279846780901067	-0.20499132846669602	
8.641115179181096	1.4598269408801257	0.4590477319258331	0.07347854091986972	1.5555782306008428	-0.19440619907126616	
8.672785204345033	1.4091900887005633	0.3132945970726303	0.0722749496084798	1.3960614917439333	-0.18828584336170723	
8.744300509197343	1.3943902284615768	0.1432103221291346	0.0764853715590876	1.2523591022400555	-0.18587685533601903	
8.84551381875054	1.4145364741243858	-0.04497960864155088	0.0844167809656292	1.1266348496098457	-0.1862629830716672	
8.967422172490869	1.4660040194537567	-0.243808100453972	0.0938702746005967	1.0203139879765377	-0.18849679688523416	
9.102325129536524	1.543040168024512	-0.4452816209780524	0.10239023504362298	0.9341121814797402	-0.19170413393174757	
9.243880545605618	1.638552592544886	-0.6415145998082842	0.10751795233153258	0.8680778333364783	-0.1951572980136933	
9.38708439941587	1.744955558935425	-0.8252483729022032	0.10702746103090616	0.8216455864608442	-0.1983150951772315	
9.528175967344701	1.854927116815976	-0.990209270067243	0.09911482323542783	0.7937124561609823	-0.20082697873815591	
9.664513803972623	1.9619198265748885	-1.1312977453022968	0.0825186964417909	0.7827282286597578	-0.20251153583558942	
9.794461953268348	2.0604372962927058	-1.2446709735340236	0.056587371984898265	0.7867891939987136	-0.20332442064169012	
9.917277905756906	2.146114199227109	-1.3277447433319114	0.021297679636238017	0.8037384064568811	-0.20332120540019152	
10.033000692941663	2.2156437950550094	-1.3791447874083795	-0.02276627722482696	0.8312711574750122	-0.20262028658389467	
10.142314208673689	2.2665970623201606	-1.3986146741314154	-0.07447958166891519	0.8670456481686333	-0.2013692756807835	
10.246385066257346	2.297221601258254	-1.3869100366891818	-0.13227495097875425	0.9087868737002948	-0.19971945003620645	
10.346688990013597	2.306287977210669	-1.3457121652994941	-0.19425023837625335	0.9543802611484671	-0.19780824099551686	
10.444823125474304	2.2929974035477096	-1.277550594880346	-0.25828270592985747	1.0019551257893182	-0.19574819934456067	
10.542309460588363	2.2569694269878795	-1.1857336087571124	-0.3221449404016544	1.049958099841433	-0.19362142616152148	
10.640406347143802	2.1983159496999045	-1.0742663044918854	-0.3836195329692183	1.0972092870258818	-0.19147873683099598	
10.739974801821171	2.117771934645632	-0.9477442570744897	-0.4406019549598758	1.1429306391080485	-0.18934172315764905	
10.841417375726696	2.016848638528595	-0.8112352171548656	-0.4911928137152815	1.1867549112107092	-0.18720474784942776	
10.944698493521102	1.8979712706397651	-0.6701445272789724	-0.5337835764830381	1.2287138557469675	-0.18503582037238853	
11.049450849417045	1.764572684602574	-0.5300696347094014	-0.5671400204138423	1.2692072357220237	-0.18277535321116636	
11.155169717460549	1.6210940584655784	-0.39665285076284107	-0.5904821857327437	1.3089488133508298	-0.18033255413409943	
11.261451597632208	1.4728569287677444	-0.27545906843623613	-0.6035469910843887	1.3488923013203569	-0.17758103250986032	
11.368226828486302	1.325847081123813	-0.17188693397392935	-0.6066390435775623	1.3901523723106557	-0.17435459004031173	
11.47596324470789	1.1864223766432571	-0.09110656221505604	-0.600663619051004	1.433921935201298	-0.17044456783824943	
11.585822311106366	1.0609629002958285	-0.038015856407634926	-0.5871394916487791	1.4813889593910945	-0.16559970374580607	
11.69974214040036	0.9554884750531233	-0.017205003834762107	-0.5681815819784808	1.5336563365410059	-0.15953015230276557	
11.820418229054788	0.8753235397291999	-0.03292262355499287	-0.5464406699576579	1.5916764619204113	-0.15191690034713012	
11.951214458305836	0.8248447679240634	-0.0890259395852396	-0.5250203357518483	1.6562022098041098	-0.14242478395681224	
12.096014028137798	0.8073189640172109	-0.1889069535299151	-0.5073701726920496	1.7277539111127775	-0.1307186363165973	
12.25902028271873	0.8248324994819618	-0.33538085656233924	-0.49715707945849874	1.806602191479831	-0.11648192393623558	
12.444511806057243	0.8783128942480913	-0.5305148889399565	-0.49811245168704765	1.8927680862914213	-0.09943709434842274	
12.65657640334422	0.9676407652344804	-0.7754057966776919	-0.5138662196599681	1.9860437461314193	-0.07936376010599036	
12.898842144939705	1.091782114027354	-1.069897532379731	-0.5477799644356302	2.0860207535952555	-0.056113582328588416	
13.174198927615183	1.2489232026180332	-1.412250905455158	-0.6027783066598004	2.1921222547552874	-0.029621396097472438	
13.48450325979469	1.436587372007921	-1.798775438018036	-0.6811788061704314	2.3036344529647272	8.774494386342476e-05	
13.830250527371376	1.6517090661658287	-2.223440742951018	-0.7845191222259268	2.419732526341247	0.03289609529672145	
14.210258228910936	1.8906501153894095	-2.6775998795014533	-0.9134146647417777	2.5394970477517265	0.0685977403675638	
14.621344279967133	2.1491461441823443	-3.149840462589898	-1.067439010071456	2.6619161392955877	0.10690640482912236	
15.058010174629423	2.4222097757658037	-3.6260104832019087	-1.2450307881872908	2.785874968650897	0.14746541021230217	
15.512145085867738	2.704020033691944	-4.089464854385248	-1.443432298364897	2.910133187363754	0.18985850009198382	
15.972772589921773	2.987841093723092	-4.5216026010945605	-1.6586667581851549	3.0332898554926344	0.2336198633721799	
16.425986807493302	3.26606385795404	-4.902769664304233	-1.8856016450390152	3.153744690755277	0.2782422703140903	
16.855069673244124	3.5303800358698196	-5.213402803410286	-2.1180751714126393	3.269660129434423	0.32318129314955757	
17.240822474992186	3.772079916733254	-5.435363262975262	-2.3490905612785773	3.378929527852037	0.3678565821061685	
17.562147595780196	3.982454213637443	-5.553391010128528	-2.571082924962658	3.47915736541974	0.411651150397031	
17.796933191612716	4.153272278500927	-5.556605877217738	-2.7762664403665727	3.5676583188926236	0.45390970618164594	
17.92324237887781	4.277235110787758	-5.439660981039067	-2.9570418659862963	3.6414930916952435	0.4939390326102582	
17.920640582548682	4.348329281023427	-5.203364885020368	-3.106403274786728	3.697537381884171	0.5310114283747951	
17.771588420965863	4.362084941087739	-4.854734846453233	-3.218322968255819	3.7325825599288884	0.5643721467866083	
17.46282030896471	4.315748663529124	-4.4064615746140685	-3.288092643367724	3.743466146146749	0.5932514919164424	
16.986651629937096	4.208407309144241	-3.8758338799573986	-3.3126069078433504	3.727230733061005	0.6168820854670093	
16.341874354922187	4.041044545583459	-3.2832481822535007	-3.29050963921323	3.6812865654407734	0.6345190166841045	
15.534180211023433	3.8165540152817914	-2.6507901637229976	-3.2222149143083127	3.603551514353403	0.6454574502720434	
14.576150648820322	3.5396854362008288	-2.0010387829736365	-3.1098238931249926	3.4925630711600664	0.6490450701389864	
13.486792046424217	3.216890488160479	-1.3561212958009237	-2.9569389697632675	3.3475571461715847	0.6446881710962555	
12.290633889218912	2.8560550324389284	-0.7369943646090252	-2.7683864754279752	3.1685160099442156	0.6318518969720399	
11.016322401220322	2.4661132045163687	-0.1628904930509986	-2.5498494319953413	2.956167448854447	0.6100570576731018	
9.695040704671866	2.0566519310893177	0.3492131027020422	-2.307501783353709	2.711955662958531	0.5788819010950239	
8.3589255724651	1.6375378680921828	0.7852055056180103	-2.047684053147174	2.43800108160837	0.5379753120921117	
7.039545760641181	1.2185608993694004	1.134513153027205	-1.7766333691451823	2.137049816638451	0.48708534479766596	
5.7664898538697305	0.8090789807611336	1.3907817991759888	-1.5002760560950852	1.8124156716763014	0.426108740100506	
4.566191224274297	0.4176760689924551	1.5522430672804906	-1.2240903786184405	1.4678936596845267	0.3551577883004637	
3.4610577644094715	0.05188196810863229	1.6215946788890947	-0.9530217918014197	1.107644596035939	0.27463066730850877	
2.4688240114222952	-0.28203147715616633	1.605480036291648	-0.6914226488905469	0.7360532625114141	0.18527444466542037	
1.6021302527272572	-0.5791676419772214	1.5136280510887605	-0.4430095342981917	0.357558762613492	0.08822851292567795	
0.8683133160210439	-0.8360483763628687	1.3577656668210167	-0.21083035714603504	-0.023541428131114518	-0.01496148990570984	
0.2695773091002892	-1.0505824415034082	1.1504357103866356	0.0027436374903922305	-0.40329655975888545	-0.1223824840692703	
-0.19646868703354764	-1.2220067736121583	0.903969182445253	0.19600296952565147	-0.7782806228984356	-0.23184371805607507	
-0.5360385255320066	-1.3508325156808574	0.6296821448715931	0.36787591642680817	-1.1457343791102712	-0.3410006160302794	
-0.7581830351766119	-1.438777309062822	0.33730878964181404	0.5178940936484632	-1.5036621758200996	-0.44750370496831526	
-0.873649711027372	-1.488672481285549	0.03468486167933251	0.6461542371019026	-1.850880699432525	-0.5491620580395106	
-0.8936510910964783	-1.50430095756357	-0.27225387175191956	0.7532712256138016	-2.1869979106582393	-0.6440984558127116	
-0.8287461013361822	-1.4901758372572298	-0.5791837889492552	0.8403293503992744	-2.512327739770457	-0.7308641043110815	
-0.6879070525841959	-1.4513013608038308	-0.882930328557594	0.9088418362697069	-2.827768943655383	-0.8085117532306149	
-0.4777879731566904	-1.3929272384303202	-1.18087480813773	0.9607136370870327	-3.1346510591354315	-0.8766253037826314	
-0.20220720015876054	-1.3203105872352294	-1.4702779829629997	0.9982084186326443	-3.434554075994288	-0.9353078873239085	
0.13807641315235641	-1.2384951909337638	-1.7475875228760058	1.023912893266472	-3.729104845073026	-0.985121649476594	
0.5452573055940669	-1.1521200376698402	-2.0078622704610942	1.0406950529676382	-4.019775728593486	-1.0269901565584978	
1.0241568095735332	-1.0652410779939818	-2.24434283572455	1.0516575370647963	-4.307696063756449	-1.0620870071572621	
1.581684949776339	-0.9811589732928219	-2.44818958368546	1.0600776215512175	-4.593477653346952	-1.091714890618109	
2.2261078508830123	-0.9022457219665228	-2.6084047637081826	1.0693274562059099	-4.8770537518046435	-1.1171813805810922	
2.9661105889124513	-0.8297847816758698	-2.7120041234562464	1.0827643758744945	-5.157542993916426	-1.1396788216004983	
3.809760299690888	-0.7638627090651959	-2.7444614001510215	1.1035967706415346	-5.433162023189815	-1.1601866903199713	
4.763451025658715	-0.7033003002295023	-2.690343674747149	1.1347327263087992	-5.701170175595147	-1.1793987499821086	
5.830850987228314	-0.6456384905289776	-2.5341360816404253	1.1786152835084698	-5.957852002421022	-1.1976754596507735	
7.011868575312475	-0.5871869169533286	-2.2612572169313374	1.2370460536438406	-6.198538269248118	-1.215021999670183	
8.301709983095341	-0.5231668138928218	-1.8592686791732458	1.3110077153332613	-6.417682375671785	-1.2310976445486483	
9.690247041829354	-0.44797089981051263	-1.3191150604359319	1.4005241402954152	-6.6090076017983534	-1.2452607102211686	
11.161647170561517	-0.3555018985977871	-0.6363386764765059	1.504553579200415	-6.765697651612898	-1.2566336383200247	
12.694318013259107	-0.2395924039855159	0.18778935294649335	1.6209270077990612	-6.880635782258937	-1.264186213744903	
14.261196910636361	-0.09450379830409616	1.1452637197435944	1.7463392073369803	-6.946693904665535	-1.2668336871242643	
15.830490402230332	0.08449822720569534	2.220580903226883	1.8764152920938133	-6.95707870416393	-1.2635475979952657	
17.366937154794318	0.30058441049753887	3.390527805540075	2.0058813805223243	-6.905697470284314	-1.2534635578099371	
18.83338004830728	0.5548640030191381	4.624401157943149	2.12880411862178	-6.7875262613669465	-1.2359763717768113	
20.192584002602352	0.8459897726046574	5.8846878803208735	2.238892761127895	-6.598962682598549	-1.2108180316247477	
21.409286890378173	1.1699030877627985	7.128272440409258	2.329869444690659	-6.338164855864718	-1.1781150769009379	
22.452471660338638	1.519784882555002	8.308319832114867	2.3959204961366094	-6.005372572363702	-1.13841866109159	
23.29680196390555	1.886373157517141	9.376338607954274	2.432038316429468	-5.602962447419477	-1.0926757525193487	
23.925595777829134	2.2584193117781983	10.286079777028295	2.4347294624037388	-5.135882432743371	-1.0422086162136432	
24.32861813283772	2.623611698437732	10.99412169828466	2.401698982151301	-4.610844701851619	-0.9885651131516108	
