24.222729029279183	3.598751814916983	10.082740863128636	2.107156961730694	-3.782805630085192	-0.8662697884225932	
23.97425132063225	3.5909118944963474	10.23870349734884	1.9370196136709812	-3.1345864876028404	-0.7848363591617818	
23.517129483029386	3.522922233914076	10.108770654127172	1.749258965492318	-2.464273205824539	-0.7105135369128205	
22.885500120794354	3.402971417857729	9.702716464496536	1.5520135426557753	-1.7875250402852214	-0.6450832221905843	
22.11582570435643	3.2429575784766156	9.046481000254937	1.3537948273299114	-1.1199369153861112	-0.5897881684883653	
21.245288635632047	3.0584660019710053	8.185218994794367	1.1630295436526004	-0.4764354194930744	-0.5451535993813068	
20.30841974741111	2.866427799036006	7.177341171346426	0.987218110171543	0.12949344561034226	-0.5110554796782294	
19.33520285595733	2.683454204972755	6.089751185357715	0.8323714370172826	0.6863113617042165	-0.48673759330649013	
18.34957601643245	2.5239911316624792	4.990595093485443	0.7025232080519557	1.1847830769248995	-0.4708977282613735	
17.36906150668984	2.3989546155435995	3.9420734769758248	0.599459016446234	1.6180939041549918	-0.4618063130604762	
16.405529892954565	2.314873352149938	2.99466207561371	0.5226589879825092	1.9818034392091852	-0.4574551308744533	
15.466880567740303	2.2734669597025334	2.183649530559631	0.4694456852774144	2.273731459931202	-0.45572206539233395	
14.559211238188803	2.271623387356196	1.528159090611196	0.43533765596316654	2.4938269318133917	-0.45454276974128593	
13.688890413245867	2.3017827390359757	1.0322501658826628	0.414585858887116	2.6440401684656525	-0.4520803282011181	
12.86396813979726	2.3527715636009154	0.6873675752962539	0.40085180517878805	2.7281854059396005	-0.4468852639577679	
12.094506968971409	2.411128122206396	0.47548314874171477	0.38796563849812266	2.751746347267646	-0.4380306096569611	
11.391791296473972	2.462755298689064	0.37235754431474266	0.37064583589985006	2.7215909515406267	-0.42519259101998785	
10.766818453324442	2.4946333674572405	0.35049698734504586	0.34508562630208967	2.6456143668519845	-0.40866372899285264	
10.228564475928131	2.4964179673531306	0.38171345780335164	0.30934429304260164	2.5323271339935465	-0.38929052655079294	
9.782505512020018	2.4617609333792316	0.4392256411540511	0.26349691588000496	2.390427740982352	-0.36833820583472054	
9.429754909842801	2.3892100150191258	0.499291252146527	0.20952103590945323	2.2284049764312783	-0.34729525612597606	
9.166979815183206	2.282532130785365	0.5423917924085777	0.1509170817664183	2.0542093568988373	-0.3276388241123562	
8.987051463426448	2.1502499519765848	0.5539183959681734	0.0920942249122497	1.875030516420386	-0.3106033451421521	
8.880079687539611	2.0044596137381956	0.5244384611181621	0.03765163946387035	1.6971731760862383	-0.29700015359281257	
8.83456661643684	1.8590923751880433	0.449606916102649	-0.008329191258820375	1.5260062819147524	-0.2871163757039606	
8.838495554038897	1.72788806716214	0.3297652440823563	-0.042870429663601245	1.3659625442691632	-0.2807076670548833	
8.880233479225764	1.6224270967015195	0.16928326440963057	-0.06447318451015731	1.2205675350539673	-0.27708159008397043	
8.949194854567342	1.5505631474411077	-0.024293401338320173	-0.07323565586058133	1.0924809668765358	-0.27525179329228694	
9.036244076887282	1.5156036413605731	-0.24124724083454205	-0.07069793181212464	0.983548980125564	-0.27412965093672687	
9.133869907947316	1.516345060271138	-0.4707239516233723	-0.059489111935595196	0.894860740985389	-0.272704972544641	
9.236202887514452	1.5478062504740404	-0.7017041026383636	-0.04288039172314821	0.8268061391775102	-0.27018527084276317	
9.338917628165534	1.6024527359117404	-0.9238366789240483	-0.024323438993037863	0.779138640622508	-0.26607849154739904	
9.439055410915408	1.6716414339819226	-1.128061770508639	-0.0070434415403608785	0.7510435615011175	-0.2602150247472446	
9.534802250483972	1.747006130817689	-1.306987023522292	0.006266742655249938	0.7412098872493085	-0.25271630972916775	
9.62525654178431	1.8215289231028213	-1.4550207797462487	0.013624761115945735	0.7479061271118833	-0.24392405142031678	
9.710224814982464	1.890110409737484	-1.5683107784457158	0.013804063835757897	0.7690607116466014	-0.23431165604155638	
9.790070327342784	1.9496695502593426	-1.6445905833137742	0.00628353562428719	0.802343342703399	-0.22439937083460873	
9.865602354633156	1.9988820031680443	-1.6829889835390213	-0.008865761081066506	0.8452505395208841	-0.21468289840663332	
9.937989214851433	2.0376901619764043	-1.6838425931835115	-0.031124747994047897	0.8951958186303061	-0.20558127913101243	
10.008675219116569	2.066724711754782	-1.6485376960072984	-0.05967230176027722	0.9496037667249149	-0.1974056101002521	
10.079281794791942	2.086759271303616	-1.5793919260689608	-0.0935106961729064	1.0060074022696572	-0.19034684339576924	
10.151480020416553	2.098303080426206	-1.4795583627925095	-0.1315566033109539	1.0621431552728149	-0.18448016670828665	
10.226842857192	2.101384253680082	-1.3529388068581643	-0.17269426683748035	1.1160384207470457	-0.17977901791998682	
10.306692990006093	2.095514459951058	-1.2040852947051353	-0.2158009480389069	1.166088623788204	-0.17613376815995263	
10.3919675388686	2.0798096924783183	-1.0380791067136215	-0.25975619866458266	1.211119341266467	-0.17337171299759518	
10.483120102263825	2.0532275483133335	-0.8603873975422968	-0.30344643793708703	1.2504293856766564	-0.17127577708874464	
10.580073682768989	2.0148744343696663	-0.6767030823754118	-0.345775117249592	1.2838126440092195	-0.16960021793341604	
10.682237040231012	1.964321940147901	-0.49277424982308804	-0.38568593057478817	1.3115509914780088	-0.16808240954672277	
10.788580060905385	1.9018600521430373	-0.31423548339332474	-0.42220094322633417	1.3343782123932875	-0.1664500353620915	
10.897755110624152	1.828645178789448	-0.14644655693203507	-0.454471397316145	1.35342019493115	-0.16442428088766825	
11.008256935046234	1.74672010746095	0.005655406260414824	-0.481836281102237	1.3701131016979826	-0.16172037809476658	
11.118611292590773	1.6589067261525874	0.13767940507955725	-0.5038824877295317	1.3861042209249752	-0.15804722708235658	
11.227582657799225	1.5685962799735063	0.245866652367144	-0.5205013140021031	1.4031414017445103	-0.15310800526297	
11.334389145436207	1.4794771450987911	0.32711959827054227	-0.5319362363282468	1.422957512760705	-0.1466034459725289	
11.43889791327727	1.3952573478434938	0.3789538537652751	-0.5388156192034108	1.4471626424022381	-0.1382381873599615	
11.54178445325682	1.3194293813169242	0.39938330245640885	-0.5421734705716502	1.4771541737312643	-0.12772930429607948	
11.644638650008515	1.255099546861088	0.38675368367583923	-0.5434571758517471	1.5140505996841926	-0.11481611271258024	
11.750002166072571	1.2048974342209366	0.33955310469182093	-0.5445203536999116	1.5586535604438092	-0.09927052129863226	
11.861327407124792	1.1709716191512771	0.25623785807137406	-0.5475983201873554	1.6114393258679285	-0.08090751672960424	
11.982853238315117	1.1550683298471682	0.13511895050661726	-0.5552622428209316	1.6725777307149485	-0.05959576681279007	
12.119392995529644	1.1586769249834272	-0.0256371555045952	-0.5703441185443062	1.7419764644613347	-0.03526733640434196	
12.276060716298748	1.183193190608115	-0.22786110763497786	-0.5958349547146925	1.8193379488300592	-0.00792628951650596	
12.457951034994704	1.2300492567234667	-0.4730764877429747	-0.6347557814644345	1.9042193305527992	0.022344168176197336	
12.669783116590736	1.3007602332286063	-0.7620466206448083	-0.6900019110790642	1.996087707414226	0.055376608157295074	
12.915515318755242	1.3968469715271865	-1.0942015339253064	-0.7641631808539441	2.094363172976244	0.0909167714390331	
13.197924227645698	1.519611103365863	-1.4669848376792953	-0.8593214674289119	2.1984436722839886	0.1286234849583349	
13.518152929659554	1.6697741273588345	-1.8752107626213002	-0.9768359050399756	2.307706891544912	0.16807201631347057	
13.87524956877055	1.8470538729246375	-2.3105519256176796	-1.1171353409272518	2.42148757745527	0.20876100267408956	
14.265706787381639	2.0497652249879024	-2.761238399585728	-1.2795299818455566	2.539032329819759	0.2501226494582973	
14.683040284590918	2.274532880789117	-3.212065422407535	-1.4620636572029975	2.659435591879001	0.2915368099735186	
15.117455712712761	2.516189020783479	-3.644787523071005	-1.6614296724126885	2.7815625230395007	0.3323488981155212	
15.555656421407493	2.7678975519093694	-4.0389485037436765	-1.8729708748429525	2.903965606240318	0.3718910040907646	
15.980869559682539	3.0215158392416694	-4.373177986947683	-2.090789432244934	3.0248046813052447	0.40950496864573505	
16.373189668514897	3.2681399249186924	-4.626859394240831	-2.3079866403891645	3.1417881733553186	0.4445645261839159	
16.710231785813097	3.4987045793854006	-4.781957651608426	-2.517007223148589	3.252143767656343	0.4764944105538683	
16.968109258986967	3.7045350335161977	-4.824791015307116	-2.710070294397828	3.352628687295849	0.5047857477013943	
17.122716120399687	3.8777581171491105	-4.747488507579489	-2.8796538878044675	3.439587837934331	0.5290077307731765	
17.151259266697064	4.0115172782173785	-4.548885425948656	-3.018989316064587	3.5090644471991785	0.5488162160119752	
17.03397029011796	4.099995910564512	-4.234668837333754	-3.1225201322378857	3.556965076900601	0.5639601280818671	
16.755790262464206	4.1383257468995716	-3.8166352292482593	-3.1862518600447305	3.5792703954494534	0.5742840819835685	
16.307806862159094	4.122538761345673	-3.311349092023425	-3.2079577769666665	3.57226289170397	0.5797253581631626	
15.688294087616253	4.049665176010495	-2.7385795957434036	-3.1872400822127114	3.53274533585612	0.5803016892866385	
14.903227097486155	3.917983281364582	-2.119835399500743	-3.125450283733381	3.4582253215344867	0.5760861890447292	
13.966208885018458	3.727349377004166	-1.4772278530532599	-3.025483958589001	3.3470476505222564	0.5671677846872131	
12.897818583021905	3.479494793108236	-0.8327350767348307	-2.891472047244467	3.1984692221219198	0.5535979721622376	
11.724379162513683	3.1781651948216245	-0.2077779200741221	-2.728386807594446	3.012672664981492	0.535329530584576	
10.476312861197513	2.8290639871994765	0.37709605251438605	-2.541616501271827	2.790730241720667	0.5121597151533034	
9.18633362846663	2.439657351817237	0.9026501425367024	-2.336566402787196	2.5345432237864425	0.4836895295406328	
7.8876375083334525	2.0188813767937277	1.351660343821609	-2.1183248924432725	2.2467683478182923	0.4493108009371057	
6.612246260324058	1.5767841656642103	1.7099000979083256	-1.8914266327478924	1.9307405506665487	0.4082307110901508	
5.389599311816858	1.124121061466979	1.967287929388374	-1.6597247977249465	1.5903939369793871	0.35953916355717414	
4.245427183638442	0.6719087234226849	2.11891172986175	-1.4263637833483978	1.2301693649779277	0.3023194487960755	
3.2009579885711497	0.2309736018043848	2.165490951068854	-1.193829525398061	0.8548869860792134	0.2357882008798199	
2.272394917192599	-0.1884503409095716	2.113151928642612	-0.9640362384686662	0.46957969322433785	0.15944155141302155	
1.4706476973198257	-0.5770503972908089	1.9725764861926554	-0.7384322914256124	0.07928789235408358	0.07318724605123922	
0.8013306473740528	-0.9266890389045271	1.7577052043938333	-0.5181148679175744	-0.3111723561208183	-0.02255662415469767	
0.26504847833713263	-1.2306045698141914	1.4842319588037851	-0.3039446281420937	-0.6974487758938642	-0.12681159149367457	
-0.14200602943485593	-1.483593764617327	1.1681038911382655	-0.09665105396030901	-1.075879876362057	-0.23804707921775756	
-0.4270953732488452	-1.6821686012520194	0.8242265271534082	0.10308347596595914	-1.4436720905358795	-0.35425677372300257	
-0.5997515611533004	-1.8246658375745797	0.4655291836159025	0.2945727510921695	-1.7990040227703228	-0.4730886958063824	
-0.6704934288274026	-1.9112737600236436	0.10242528233468322	0.4771094393760313	-2.1410525892754917	-0.5920107848218598	
-0.6495671339656	-1.943943510974786	-0.25732378364281877	0.6499779769523031	-2.469940270925438	-0.7084935618110468	
-0.545827413621449	-1.9261796127117092	-0.6083674069358954	0.8124925539528728	-2.786612182321282	-0.8201884516016736	
-0.3658364562498655	-1.8627310962472898	-0.9472094206101042	0.9640552096259827	-3.09265755535098	-0.9250827309815023	
-0.11324723219181337	-1.7592136768717388	-1.271415429159944	1.1042277806121292	-3.3900868879773753	-1.0216108289270953	
0.21148923602444747	-1.6217157361337278	-1.5787269226873006	1.2328053186913308	-3.681086634224143	-1.108706894711042	
0.6111330038170932	-1.4564265611872154	-1.8662057826137617	1.3498798193908113	-3.96776913009135	-1.1858035002954406	
1.091383772494999	-1.2692970832138037	-2.129482872268472	1.4558828210447856	-4.2519247755712515	-1.2527820217607581	
1.6603357116543065	-1.0657435963850834	-2.3621774364579315	1.5515975335205454	-4.534786039983278	-1.3098845342755128	
2.327671282934306	-0.8504019890738244	-2.5555364984281104	1.6381348828146787	-4.816811038241611	-1.3575999741848133	
3.1036005430145197	-0.6269425879511767	-2.6983403360640663	1.716870170884711	-5.0974939405864115	-1.3965374995439959	
3.9976036321912534	-0.3979737797348656	-2.7771350160571378	1.789341363352432	-5.375225096404834	-1.4273038699193243	
5.017075607936964	-0.16503334397809455	-2.776762420204242	1.8571214674747274	-5.647199061887613	-1.450401364368303	
6.1659426560607455	0.07133041412918631	-2.681176867017931	1.9216731550989787	-5.9093753276087115	-1.4661539265012573	
7.4433391715397565	0.3113881578327331	-2.4745233178971264	1.984195769535034	-6.156497941148632	-1.4746675415769703	
8.842440684756266	0.5559756025618197	-2.1424329833640163	2.0454760771973817	-6.382178446810533	-1.475827681054728	
10.349529761025646	0.8061633281686884	-1.6734965384703924	2.1057524639341585	-6.579046186618302	-1.4693336054654347	
11.943487757220696	1.0628662452775317	-1.0607873846809326	2.1646126743860523	-6.738981070893144	-1.4547679097456325	
13.595785320845202	1.3264333421389578	-0.30329328729677757	2.220936549628909	-6.853418015009948	-1.431690068095202	
15.27100577598505	1.5962499505751668	0.5928310234815594	2.2728890270044233	-6.913718023900502	-1.3997434393545396	
16.927968214723197	1.8703879200343314	1.6133049469305518	2.3179720332000406	-6.911601119642508	-1.358765619435533	
18.521480046530414	2.145342601111725	2.7351690967144253	2.3531433969921736	-6.839629645845166	-1.3088906951822183	
20.00470083676207	2.415887746210082	3.926721093117188	2.375009049299123	-6.691726891714772	-1.2506328296336602	
21.33202342181976	2.6750940963509775	5.1480916134334285	2.3800949107747416	-6.463690809553454	-1.1849367224840797	
22.462383084729517	2.914596620876216	6.3526445759137005	2.365217280853063	-6.153692222966863	-1.113182907351705	
23.36173601887387	3.125002002025678	7.4888102730155115	2.3278062371988817	-5.762515259213103	-1.0371441198125602	
24.007233151296923	3.2968979114242996	8.503417610876673	2.2665163599657365	-5.2941698083145345	-0.9589081536597739	
24.38599008777048	3.421458283502246	9.344030307036272	2.1811843010955485	-4.755257317203833	-0.8807389943903325	
