24.492595602382423	3.499221301730748	10.052703793872118	2.051243428809165	-4.037988060890207	-0.7912248112867192	
24.315603770837402	3.5029748470944506	10.361888048163074	1.9242681270383812	-3.3955180579382587	-0.7223130189285769	
23.923630763043974	3.453285469258015	10.398130472771587	1.7846612443235021	-2.723138664538696	-0.6599320896317867	
23.348965683333365	3.3565937031040147	10.16056709395504	1.6382995822410034	-2.0361943013186385	-0.6054037526105357	
22.627068501548433	3.222248548875822	9.663109194593599	1.491277339881262	-1.3502620545852215	-0.5596646858188326	
21.795516720176398	3.062657314056606	8.938972344407375	1.3495464842107914	-0.6806678203346206	-0.5231093041410536	
20.890231491428707	2.8913212193166538	8.036093912428505	1.2182378993695833	-0.04160465256023814	-0.49563510972543073	
19.943329606407904	2.721594712500537	7.0138171868003925	1.1012434095848478	0.55444247791242	-0.4766413590263809	
18.98115279471181	2.565343135945017	5.936760320154505	1.0009014389519988	1.0971575058019731	-0.465086347857874	
18.023322022293307	2.4320341071821097	4.86815236449623	0.9178921586609048	1.5785871488371055	-0.4595749638666035	
17.082759326959437	2.328168317240325	3.8637435703588707	0.8512855284711509	1.993147154697593	-0.4584678103193967	
16.166695508927624	2.256956380128669	2.9671683619999927	0.7987242806279985	2.3375014160997116	-0.4600045957133	
15.278530763237194	2.2181872605731816	2.2074055057036697	0.7567254901233746	2.6103792375201658	-0.46243125038549604	
14.420209428467327	2.208262536587595	1.598447398437028	0.7210802904803179	2.812398424032178	-0.46412442817859834	
13.594524946457827	2.2205268835475156	1.1409552499544737	0.6873316214079194	2.945904896514223	-0.4637086911645776	
12.806613324260306	2.245989221682495	0.824981867720069	0.6512610902728971	3.0148141575276615	-0.46015894667840906	
12.064380323344562	2.2743557564716337	0.6328867600556305	0.6093334248085606	3.024439018739481	-0.45288188490973375	
11.377914377681106	2.2952700222362017	0.5421470119037635	0.5590665105592167	2.981270863217405	-0.441762091431875	
10.75811867479517	2.2996125497349857	0.5278565443635751	0.49929601143885677	2.8927050900723477	-0.4271594134003249	
10.214936530908615	2.280730524157721	0.5648418564004716	0.4303140267178342	2.766714453677483	-0.4098484891379255	
9.755722875154783	2.2353891026089094	0.6293635817941945	0.35383197599988375	2.6114910162805858	-0.39089429577221474	
9.384214833907311	2.1642593124494063	0.7003823254075449	0.27277022094050113	2.435115727413575	-0.3714885580778972	
9.100157526530632	2.0718611289520608	0.7604624153223911	0.19090059949385454	2.2452822784012154	-0.3527750466283317	
8.899515661633902	1.965919271418114	0.7963351695490262	0.11237275575801817	2.0490854913702328	-0.3356899111852673	
8.775119102603044	1.8561926314690507	0.7991370379563995	0.04118073640735782	1.852875057520702	-0.3208432286975284	
8.717560163991815	1.752932714032706	0.7643404954691938	-0.019359448110074118	1.6621633000419223	-0.30846321754891093	
8.716167839939887	1.6653182768328805	0.6913357931540024	-0.06700535716617409	1.4815873888261784	-0.29841969288134146	
8.759866654931738	1.6002473773175647	0.5828035458961586	-0.10079766125221161	1.31490104436663	-0.2903049857998474	
8.837876818511422	1.561636186615396	0.44395404250575565	-0.12108572650884299	1.164986959619064	-0.28354627835761576	
8.940237718778743	1.550275081018747	0.28169787814914843	-0.12938802324547016	1.033888914204692	-0.2775257186140431	
9.05815539883341	1.564192723386582	0.10382222936999067	-0.12812736165634286	0.9228603661475722	-0.2716866687848441	
9.184184175299619	1.5994098329679525	-0.08176146634839032	-0.12028783166763521	0.8324302467026089	-0.2656091820697097	
9.31224790000793	1.6508676070508692	-0.2676045464277042	-0.10905917176641629	0.7624887876916799	-0.2590433433246798	
9.437571115183244	1.7132782224996173	-0.44710227933466656	-0.09752955809221797	0.7123745829213085	-0.25190850696982336	
9.556563776609853	1.7817920228356472	-0.6146857842865538	-0.08844269504811822	0.6809618772599103	-0.24426880117146857	
9.66669628230238	1.8524145533021428	-0.7658511945171194	-0.08402944630752679	0.6667458233458704	-0.23629445748966438	
9.76639645025375	1.922154808516771	-0.8970738132287153	-0.08591305321165284	0.6679236358253515	-0.22821801861346092	
9.854973539686227	1.9889213579500946	-1.0056608318724716	-0.0950869261672159	0.6824744371316471	-0.22029261351340257	
9.932555323045142	2.0512547815211413	-1.089609479926235	-0.11195248012754112	0.7082370052712352	-0.21275905933793618	
10.000026116093427	2.10801666048464	-1.1475183474059418	-0.13638635448785064	0.742983933627348	-0.2058232397762369	
10.058943225544652	2.158104545907692	-1.17855486975796	-0.16782360607150812	0.7844952357799263	-0.19964228102201434	
10.111421569945836	2.2002448787110698	-1.1824737115778303	-0.20534487811531552	0.8306318875395072	-0.1943177919758586	
10.159984221115774	2.2328946133256116	-1.1596754750068308	-0.24775875121062646	0.8794106179683177	-0.18989379454445704	
10.207382460531681	2.2542677437916776	-1.1112769393820852	-0.29367798685180846	0.929076243010412	-0.18635820812830262	
10.256415170920633	2.262467056603784	-1.0391679329078933	-0.34158607951854003	0.9781657542012422	-0.18364650342380562	
10.309769829666811	2.2556881010008047	-0.9460433084167047	-0.3898967384807045	1.0255628856849717	-0.1816466802330932	
10.36989807103732	2.232469052938481	-0.8353970701591817	-0.4370115507760568	1.0705391236336346	-0.1802056619896668	
10.438934843658943	2.1919578691687818	-0.7114730868799267	-0.4813796516795381	1.1127779532079032	-0.17913681139283286	
10.518662477645536	2.134169233814807	-0.5791698635243837	-0.5215644712779733	1.1523801821165922	-0.1782280373163447	
10.610520823542327	2.06017012290981	-0.44389094524942885	-0.5563173555233019	1.1898405297824401	-0.1772497309282145	
10.715646908572651	1.9721578985956334	-0.3113632057234893	-0.5846559855595638	1.226001213309993	-0.17596085778065387	
10.83493118952522	1.87341528146817	-0.1874387568617376	-0.605945225081474	1.2619859615139746	-0.17411271423208172	
10.969080851799951	1.768136278583812	-0.0778983855839935	-0.6199744718126488	1.2991168179352073	-0.17145050743853898	
11.118679781896438	1.6611389211066783	0.01172162333966246	-0.6270254488459538	1.3388186107407454	-0.16771346847550256	
11.284236423589231	1.55749660639017	0.0762568299868544	-0.6279225526840647	1.3825159752218463	-0.1626349824210907	
11.466216157023611	1.4621559704140341	0.1109712620199151	-0.6240479542730155	1.4315347077589815	-0.15594473648304788	
11.665064396942654	1.3796088167728842	0.1115556122286722	-0.61732622739488	1.4870180192578515	-0.14737378675050916	
11.881231346355799	1.3136417744987086	0.07409025691444421	-0.6101777053814926	1.5498617273039976	-0.13666255742803446	
12.115203986437585	1.2671793766945671	-0.0049976126983246084	-0.6054405970261851	1.6206721416336924	-0.12357121709698438	
12.36754449082448	1.242222718681054	-0.1289449691670092	-0.6062638541461958	1.6997474601558737	-0.10789164839701525	
12.63892241606821	1.239883925468773	-0.3005876039528468	-0.6159696583970456	1.7870842343972864	-0.08945965379227368	
12.930113585709327	1.2604971510944025	-0.5221860537100775	-0.6378939634521603	1.8824069484941401	-0.06816498580730235	
13.241941380936769	1.3037497760223618	-0.7951291904877396	-0.675215661490149	1.9852083847024973	-0.043958691945954136	
13.57513833572773	1.3687989150111899	-1.119524661297127	-0.7307763036915724	2.094795339987915	-0.016857296325239638	
13.93011090579973	1.4543417109306416	-1.4937001238880663	-0.8068938563091725	2.210333302031918	0.013056229454526674	
14.30658921884929	1.5586176352114252	-1.9136396204417065	-0.9051683230254495	2.330883399964082	0.04563409339459023	
14.70316726174749	1.6793543181094948	-2.3724442864194155	-1.0262901122174743	2.455425617808276	0.0806678156679473	
15.116788996526049	1.8137102414365194	-2.8599320214941066	-1.1698688843323546	2.582862156345792	0.11789345552599609	
15.542230468776747	1.9582713579951136	-3.3624310206373864	-1.3342880336946727	2.7119991676042785	0.15699632273179112	
15.971644922443534	2.109143398314612	-3.862854853083258	-1.5166065740255954	2.841508430049824	0.1976151180899222	
16.394236387538037	2.2621516504125863	-4.341130129252066	-1.7125298465952383	2.9698721989699632	0.23934555023315504	
16.796115841031824	2.4131294556111174	-4.775047026067584	-1.916469350865802	3.095315409351949	0.2817436955674452	
17.16045263199005	2.5582215703612743	-5.141591933854794	-2.121732394107511	3.2157404210128733	0.3243300219265379	
17.467917740553172	2.6941001048228195	-5.41861146596858	-2.320821248330582	3.3286783996427585	0.36659348099000744	
17.697404115974248	2.8180438237518084	-5.586646748622378	-2.505816651462538	3.4312668075837562	0.4079953275952319	
17.827024868907234	2.9278649929438934	-5.630743379073017	-2.6688240633895903	3.520263318217448	0.4479729900501861	
17.835365350933476	3.0216994922155997	-5.542011328380369	-2.8024524152407455	3.5921033919393643	0.4859446948000268	
17.702969809468446	3.0977074277327965	-5.318692115840487	-2.9002973768103932	3.643008950274785	0.5213164513365769	
17.41390196656677	3.153793346158393	-4.966359526236593	-2.9573584849602663	3.669148857804734	0.553493493104372	
16.957218359382406	3.187471853588378	-4.4973507824191215	-2.9703579287943866	3.6668308541767267	0.5818963457366895	
16.328230146800003	3.1959367988886953	-3.9296271476168982	-2.937948311990559	3.632708951787294	0.6059797832505114	
15.529408673508417	3.176328867075176	-3.285304803492737	-2.860794431394011	3.56398721513026	0.6252506182175446	
14.57082625337328	3.1261389052628097	-2.5891287384727635	-2.741525123749863	3.458602688326387	0.6392788148646434	
13.469988598748293	3.0436286351545028	-1.867100314331813	-2.5845387465171923	3.315367573191044	0.6476947187470959	
12.250946793318873	2.9281276146656965	-1.1453857217047805	-2.395655357666553	3.1340425987132647	0.6501679831560319	
10.942932738987269	2.780191172657535	-0.44946258565745645	-2.1816844374806545	2.91535494481477	0.6463733435232724	
9.578649535877293	2.6016524187907835	0.1966486255199557	-1.9499456618012811	2.660966486342679	0.635951143997424	
8.192395189869593	2.3956015895344724	0.7711930074959644	-1.707794134229705	2.3734019082443165	0.6184730646937402	
6.8181975948576845	2.1663180605147705	1.2556443194545444	-1.4622000613820585	2.055951214303955	0.5934247253312108	
5.488141127251186	1.9191335141083155	1.6358078285356628	-1.2194350680015473	1.7125515565427982	0.5602190062274641	
4.231069428665572	1.6601955541488682	1.9028117802540891	-0.9848956537148563	1.3476567775961503	0.5182454401002353	
3.0716341575894734	1.3961405294221712	2.0537549791477563	-0.7630252666593298	0.9660985254019687	0.4669482873265957	
2.0296486244239555	1.13370149529759	2.0918017587628635	-0.557299696669606	0.5729274898403278	0.4059225304331153	
1.119715996270793	0.8793033960125488	2.025647452854669	-0.3702456006894017	0.17323077559332895	0.3350134607459889	
0.35109350665935757	0.6386972540077599	1.86841828406585	-0.20346763283319055	-0.22807607676119604	0.25440540598583694	
-0.2721173947083111	0.41668327510586206	1.6361603838290861	-0.057689421098708143	-0.6264670042655258	0.16467605780742953	
-0.7504757942113893	0.21692458690245212	1.346278180303224	0.06719534086597848	-1.0180033596094022	0.06680449676915463	
-1.0884565818072425	0.04182498108648763	1.0161240787618986	0.17206344499657905	-1.3994950677996958	-0.03786440000088697	
-1.293482950464285	-0.10752714111962787	0.6618337057919023	0.2584874084731424	-1.7686079954979748	-0.1476957761870962	
-1.3748152108695588	-0.23133775821064048	0.2974794615454546	0.3286434994511682	-2.1239065987040457	-0.26087173762285093	
-1.3423868665446823	-0.33099054289757723	-0.06542486839559492	0.38520044316584856	-2.4648280172595998	-0.3755178660802642	
-1.2057218514559793	-0.4088092187411978	-0.41800784419294434	0.43118405634332213	-2.791578562333065	-0.48982993931306906	
-0.9730635421716329	-0.4677492592582449	-0.7537972988954145	0.4698359586542737	-3.1049836652785516	-0.6021787566552633	
-0.6507356055883764	-0.5110595920490415	-1.0682351942541013	0.5044746986851565	-3.406307982302093	-0.7111839532281482	
-0.2427533277844458	-0.5419492450260179	-1.3580171635768743	0.5383662533572012	-3.6970561139405205	-0.8157504018286457	
0.24930722758024504	-0.5632893629959707	-1.6203323097808193	0.5746093893468499	-3.9787641093727975	-0.9150650788395347	
0.8261639021298923	-0.5773696040185721	-1.852074187432858	0.6160375555664676	-4.25278765091922	-1.008554847597989	
1.4903796960784965	-0.585728919913996	-2.049143028072487	0.6651423580639824	-4.5201053720375715	-1.0958115833882727	
2.245693927372252	-0.5890418780176307	-2.2059241024003198	0.7240100808407762	-4.781146984579131	-1.1765041662646047	
3.0961723215269576	-0.5870487249401308	-2.314986377929785	0.7942647233881966	-5.035650609343571	-1.2502887237562361	
4.045230419822259	-0.5785284807420074	-2.3670448789135765	0.8770135720206713	-5.282556015195158	-1.3167282390644184	
5.094584450456674	-0.5613183981617645	-2.351213643012962	0.9727902319048864	-5.5199359289219085	-1.3752311513584854	
6.243211935932501	-0.5324023783042228	-2.255580575326488	1.0814982154458825	-5.744975924085843	-1.4250199688456755	
7.486473375125824	-0.48808416130554605	-2.0680497507327598	1.2023662776282178	-5.954011243266442	-1.465138871490969	
8.81542886703731	-0.4242294910863875	-1.7773438309334884	1.3339134537261892	-6.14260434829755	-1.4944970522698573	
10.216395744628871	-0.3365713710014365	-1.3740991022638458	1.4739317046169542	-6.305665101584043	-1.511945526241958	
11.670785533062524	-0.2210619320892462	-0.8519773551186914	1.6194911943132217	-6.437612680832904	-1.5163826141075785	
13.155236927592862	-0.07425761498625753	-0.20874962269370195	1.7669697851582036	-6.532579926661171	-1.5068831952429749	
14.6421437479936	0.10628922034828513	0.5527736480685053	1.9121191541718967	-6.584663582955637	-1.4828390711613069	
16.100560303344423	0.32166210042056387	1.424065150611579	2.05016609051598	-6.588203095254842	-1.4440895942131111	
17.49741974776612	0.5712328344548421	2.390444121511801	2.175944744692621	-6.538076738834309	-1.3910318163263313	
18.799064331597897	0.8523492250181078	3.430934578845597	2.2840699949789123	-6.430006966776511	-1.3246967705839223	
19.973016442573165	1.1600794806207695	4.518444495053675	2.3691552697308933	-6.260858484461731	-1.246780316590375	
20.989934855271226	1.4870430072690493	5.620292408729722	2.426088035070604	-6.028921291195633	-1.1596177847395481	
21.82564510863603	1.8234448348217243	6.699251043107268	2.4503892491311556	-5.7341593584848525	-1.0660785289628503	
22.46234461279696	2.1573451812083815	7.714819973069323	2.4384882030593094	-5.378275771588004	-0.9694141331705062	
22.891001322508227	2.475305243923062	8.625447622828199	2.3883743921839278	-4.965053866329741	-0.8730143018640636	
23.109533112539424	2.763225525750731	9.389940903847323	2.2993931663169347	-4.49983741217501	-0.780248167236912	
