24.405522443589422	3.729997231921888	10.379149689247694	1.7936340222597735	-4.282668512968713	-0.8026408361281863	
24.15071233111469	3.8582924986051337	10.796360602035165	1.6163137898112123	-3.6413210655931945	-0.7188744271906224	
23.665657862379593	3.913278336933051	10.905556865981273	1.418978580732295	-2.969625855513795	-0.6402788059882387	
22.99001454973755	3.894503985655292	10.698043162135988	1.209420020796718	-2.28411450003044	-0.5691674484929232	
22.16808566856349	3.8058389735298905	10.183033688290443	0.9960811281516744	-1.6015413135952221	-0.507505213107278	
21.247106555438997	3.6562171266441523	9.392368962010424	0.7876730632516332	-0.938193696665965	-0.456714154986967	
20.272636518406546	3.4582953344281266	8.376798083709753	0.5923346858978115	-0.3088627747537393	-0.4175962633482552	
19.28562198792943	3.2275878277259062	7.202830511162063	0.41707885115748466	0.273867390741549	-0.3902620149810998	
18.319549827374026	2.9811716988192978	5.946427696061472	0.26728776964984857	0.8001692062163688	-0.37412516279071084	
17.39856379619137	2.736390687689231	4.6853638109182905	0.14639057341762296	1.2632025350225606	-0.3679528560359048	
16.536710454162208	2.5095474084106146	3.491226889214804	0.055724877442769716	1.659024182168707	-0.3699707041460186	
15.738460343033521	2.3146262459681317	2.4225802314357026	-0.005434490520834163	1.9862736717948228	-0.3779997387510723	
15.000552980808783	2.1620724204002513	1.520383094354408	-0.03968302575669085	2.24574284346415	-0.3896099127638931	
14.314898824498723	2.0577463475178686	0.8062599944100939	-0.051142964704134514	2.4399406967225823	-0.4022778156034682	
13.671959038400763	2.002269635593652	0.28351852368017216	-0.044995282248119994	2.5727303595898183	-0.4135443187197695	
13.063838190802441	1.9910163308162705	-0.05980806695277481	-0.026929883881217663	2.6490601206190534	-0.4211773477787692	
12.48631740528296	2.0149496302496464	-0.24677545551414737	-0.002576029599041386	2.6747483768665616	-0.4233391546998043	
11.9394706557992	2.062095913295758	-0.3072108194025073	0.023004694148496253	2.656278518266006	-0.4187399424461936	
11.427065937287741	2.1192650500048504	-0.2738236572909756	0.04571935396165656	2.6005727232816485	-0.40675406673954595	
10.955157081538077	2.1737099863250053	-0.17899194206884575	0.06271469484650617	2.514733899252985	-0.38747513798253275	
10.53036445100895	2.2145250511651895	-0.05235564373984313	0.07250549858393299	2.4057684329914246	-0.3616957525942356	
10.158311229140418	2.233704399364514	0.08078269536235419	0.07495780543040795	2.2803161435991655	-0.33080972986966084	
9.842547393671627	2.2268447687202406	0.20034147715002104	0.07112745080813795	2.1444191255140828	-0.29664419569956263	
9.58412764289002	2.193407948125606	0.2916986502929546	0.06295699642899912	2.0033684034662436	-0.26124033424148735	
9.381727917356319	2.136526273431201	0.3454929112693328	0.05288198548079918	1.8616371050186047	-0.2266214085519304	
9.232086086567097	2.062356955455132	0.35714172214795215	0.04339756107146174	1.7228911439534558	-0.19457891958645804	
9.130566317496223	1.979052221566899	0.3261865599496949	0.0366463634373526	1.59005914103809	-0.1665051405929964	
9.071692039395527	1.89549198430505	0.2555525762547228	0.03408993293587822	1.4654356246997953	-0.14329286157626903	
9.04956589749183	1.8199772412580144	0.15078193663229947	0.0363114162554517	1.3507896476878885	-0.12531055850345246	
9.05816969877583	1.7591126789239262	0.01926128295998781	0.0429794438327418	1.2474577631962975	-0.1124508264485715	
9.09157710068633	1.7171091117387944	-0.13053403880212303	0.05296721699944491	1.156409382881561	-0.10423421542523727	
9.144120499072672	1.695573955090854	-0.28974697146761264	0.06457087097556442	1.0782820001274955	-0.09993651215077252	
9.210535440586902	1.6937569356346158	-0.44978175970230533	0.07577516687699642	1.0133964513390445	-0.09871744574311637	
9.286085513197209	1.7091396680960875	-0.6028453763326246	0.08451749892805759	0.961762687624322	-0.09973277075187316	
9.366661342010094	1.738200866969953	-0.7423501751697348	0.08891279565092836	0.9230853816740137	-0.10221814433449145	
9.44884831833913	1.7771737130916596	-0.8631599889876373	0.08741960247091218	0.8967754584197077	-0.10554082084163802	
9.529957013753894	1.822629883773791	-0.9616709676992145	0.07893856658928344	0.8819736592117554	-0.10921998581485647	
9.60802561961929	1.8717914564800222	-1.0357566829431903	0.06285011036540143	0.877586786347698	-0.1129231822997445	
9.681808588240582	1.9225829443124176	-1.0846205590898341	0.0390087583192167	0.882335352734404	-0.11644867315182483	
9.750754857224601	1.973478589319309	-1.108581644915008	0.007707098906012059	0.8948120997396164	-0.11970037709146256	
9.814975270392756	2.023221605041416	-1.1088229658938225	-0.030378493334208508	0.9135487187654397	-0.12266060414587056	
9.87519495704459	2.0704995960851855	-1.0871324557180768	-0.07425027357879237	0.9370872236420785	-0.12536427835776842	
9.93268360074258	2.1136542818209536	-1.0456637206925976	-0.12265274133045018	0.9640526413196013	-0.12787688103118233	
9.989153206967638	2.1505009937815465	-0.9867385260779039	-0.17413503356244683	0.9932210249875854	-0.13027723273868327	
10.046630890073503	2.1782984977143665	-0.9127076165505128	-0.22710838985765905	1.0235781832370259	-0.13264528374964754	
10.107314950757544	2.1938775254246545	-0.8258712161549828	-0.27990133349383445	1.0543666742355193	-0.1350535053783473	
10.173425759499143	2.193917221156228	-0.7284583204613212	-0.3308166012400088	1.0851185024233176	-0.13756036747662717	
10.247065139218515	2.175336408686864	-0.6226594119411558	-0.3781939294673578	1.1156717197207213	-0.14020441935296377	
10.330096733570885	2.135749771486861	-0.5107022271718201	-0.42048268972088915	1.1461703655454694	-0.1429976139459446	
10.424059686025902	2.073921063064645	-0.39495638480108386	-0.45632660097218397	1.1770464531547338	-0.145916983425271	
10.530128796485496	1.9901200186273322	-0.278045396606718	-0.48465524730231135	1.2089832589107994	-0.14889505933874347	
10.649122308267032	1.886336267865923	-0.16294718926463989	-0.5047766101371575	1.242864786460786	-0.15180993637392792	
10.781558184075271	1.7663296691894625	-0.053068071493097876	-0.5164628096095638	1.2797127989743333	-0.15447679023441058	
10.927756057293456	1.6355209352010425	0.0477193724473562	-0.5200217153868618	1.320614055809812	-0.15664286741794578	
11.087976208980185	1.5007447272537644	0.13507600769008926	-0.5163494221649212	1.3666414969544216	-0.15798761365290415	
11.26258111884958	1.3698929726781186	0.20422661647056906	-0.506962771474097	1.4187736632165027	-0.15812871642305534	
11.45219433013406	1.2514617547672942	0.2500131658504062	-0.4940067026777985	1.4778198882600024	-0.15663417067847782	
11.657822783309848	1.1540279441661072	0.26696071705828056	-0.4802349222855561	1.5443610996579256	-0.15303843479891752	
11.880920132143634	1.0856781987997999	0.24935888818091584	-0.468962772860198	1.6187114169026442	-0.1468607582076264	
12.123375539238245	1.0534241937158304	0.19138232937775804	-0.463982754594615	1.7009041441277364	-0.13762503558012404	
12.387420454238656	1.062662141806491	0.08728356853355837	-0.46943472000543673	1.7907022753039412	-0.12488086554315261	
12.675452609162374	1.1167420684882796	-0.06830623613971701	-0.4896258080145764	1.8876298726296017	-0.10822568355552878	
12.989777097993947	1.2167002898961885	-0.27993627339251836	-0.5287981100111105	1.9910177981133164	-0.08732786847923996	
13.33227199592684	1.361205871147453	-0.5507642254740696	-0.5908550060899987	2.1000563835583708	-0.06194890597917931	
13.703993314310825	1.5466775474937913	-0.8818953084186452	-0.6790676372856853	2.213844027182776	-0.03196317522814992	
14.104728189141683	1.7675115532449135	-1.271684497312789	-0.7957774106917984	2.3314255081284014	0.0026259142904019395	
14.532512988050529	2.016373317948875	-1.7150716140366709	-0.9421121428396672	2.451815629373765	0.041675055829971275	
14.983143419279093	2.2845198398406152	-2.2030298948223868	-1.117733838536609	2.5740047990063215	0.0848966500593555	
15.449711048639756	2.562144350703704	-2.7222115392557535	-1.320633794675889	2.696944259596348	0.1318611672205674	
15.92222409719933	2.8387673031917884	-3.25490137065593	-1.5469986953965267	2.819509521107549	0.18200596309548836	
16.38741645662757	3.103703863288619	-3.779414173709597	-1.7911899919862968	2.940444739448919	0.23464951836835615	
16.82879062624586	3.3466112572907267	-4.270954542500613	-2.045845194770443	3.0582936495501616	0.28900764246831817	
17.226954040182832	3.558096418630586	-4.702967482400582	-2.302124260326838	3.1713256529541978	0.34421067492173846	
17.56028053254176	3.73031934996444	-5.048942135236904	-2.5501128417083345	3.277468754454858	0.3993213223224129	
17.805891686510787	3.8574962167143623	-5.284550452463986	-2.7793766717730324	3.374263015811936	0.4533535513152445	
17.940925527141825	3.9361991693328022	-5.389938313280544	-2.9796453342229943	3.458848159682107	0.5052938435197616	
17.944022162899824	3.965341365802883	-5.351833806899659	-3.141572644464334	3.5280021317107075	0.5541268793077209	
17.79687618310646	3.945827651689748	-5.165038196651256	-3.257469634953887	3.578237829099753	0.5988662202775668	
17.48573396709162	3.8799777038225303	-4.833044532502698	-3.3219255221825614	3.6059532516125397	0.6385893307498977	
17.002702064988938	3.770870852750989	-4.367644961107509	-3.332241629613354	3.6076257744750824	0.6724745599104045	
16.34672640265943	3.6217842231812183	-3.787612892934914	-3.288623987671969	3.5800311063772003	0.6998353554332788	
15.524124933894106	3.435853823067439	-3.1167655194945305	-3.194112308128942	3.520460847989849	0.7201449309942725	
14.548600669455503	3.215994923132113	-2.381850819177569	-3.0542539618744486	3.4269117998914385	0.7330431359945988	
13.440634057377467	2.9650056402332794	-1.610708092184158	-2.8765386908051274	3.2982127254198144	0.738316061999956	
12.226362975626786	2.6857276075400978	-0.8309894945725413	-2.6696874098582457	3.1340794575212167	0.7358491161088314	
10.936067290074583	2.381204657478051	-0.06939199705681819	-2.4428737935189964	2.935105997591035	0.725560828830297	
9.602385354513112	2.054841026651383	0.6487973893744107	-2.2049559319179566	2.702703978667368	0.7073283886791419	
8.258437469275549	1.710575962813903	1.3001037507949476	-1.9638017744067695	2.4390094798792603	0.6809189972000034	
6.936038554343929	1.3530741041922767	1.8634666875864605	-1.725780466815998	2.146778286083631	0.6459420903629685	
5.6641643199843905	0.9878874618441277	2.3211930799989666	-1.4954758901992091	1.829285525375395	0.6018382674514535	
4.467837676595504	0.6215016974720846	2.660126878571574	-1.275658312930027	1.4902332619271457	0.5479183514499534	
3.36743499511994	0.26122348780290083	2.872735526005232	-1.0674591816595738	1.1336619129292638	0.48345105353296297	
2.378359673707717	-0.08508846323261357	2.9577796655939	-0.8706890888727594	0.7638482059399261	0.40778976599543154	
1.5110212634778228	-0.40940976509781163	2.92034823509454	-0.684236447962891	0.38517874666582813	0.3205213653268887	
0.7710529559901166	-0.7039983401976178	2.7712139977463774	-0.5064879418356805	0.001997893612939658	0.221614930754874	
0.15970355296775107	-0.9618561096199247	2.525629179552934	-0.3357237011962758	-0.3815635792535238	0.1115482708349576	
-0.32560555811750935	-1.1771652413680176	2.201751688484993	-0.17044958869982538	-0.7617649325810719	-0.008613585784076241	
-0.690575380124664	-1.3456652617481553	1.818981857612882	-0.009631837663831817	-1.135416523339133	-0.13720685906982286	
-0.9432061308697093	-1.4649608058312067	1.3964307879460849	0.14717582007801575	-1.5000128804879713	-0.27202264340257853	
-1.0928574251823264	-1.5347287220931878	0.9516440051296617	0.29981326765572996	-1.853823454254459	-0.4104202126485319	
-1.1492352043213403	-1.5567864879104463	0.4996839418367309	0.44759368974861585	-2.1959292796642886	-0.5494865859429917	
-1.1213757863320377	-1.534992845151685	0.052636172051021786	0.5894595768048779	-2.526199393511279	-0.6862241260693154	
-1.016704735487536	-1.4749745132579335	-0.38043756997842615	0.7241851422493462	-2.845207634920352	-0.8177472499534206	
-0.8402793716810341	-1.3836909775058925	-0.7930915473211236	0.8505925166652425	-3.1540907164389314	-0.9414640487750896	
-0.5942767012297903	-1.2689088763477425	-1.180751545591399	0.9677520214324379	-3.4543673965245096	-1.055220372245046	
-0.2777310562394836	-1.1386368442167092	-1.5397692684139268	1.075154396491581	-3.747732648068525	-1.157396016485644	
0.11346980036646656	-1.0005538025271898	-1.8663992915517065	1.1728448412439532	-4.035835624175564	-1.2469464143751612	
0.5863240730975013	-0.8614600827712642	-2.155826693903333	1.2615076231162237	-4.32005079835889	-1.3233891375869027	
1.1501843564726932	-0.7267735073120353	-2.40136040923932	1.34249020517069	-4.601250578880492	-1.3867407908119627	
1.815937162157727	-0.600092545025655	-2.5938967445625294	1.4177544055813882	-4.879588150281801	-1.437413349722657	
2.5949032272971957	-0.4828824294549521	-2.721768310891766	1.489743522332422	-5.154313097324631	-1.4760833632041181	
3.4975342344100113	-0.37430567688823285	-2.7709926802627542	1.5611782756407762	-5.423627422292942	-1.5035568660893524	
4.531963856452304	-0.2712236763157022	-2.7259207101216587	1.634793776501401	-5.684590504091643	-1.5206443299506631	
5.702498806363506	-0.16838964766598935	-2.570263654664638	1.713036663659344	-5.933081868313471	-1.5280589667731537	
7.008157498485954	-0.058840024861350156	-2.288449103672515	1.7977475305602895	-6.163828657841458	-1.526348987675928	
8.44136117846536	0.06551857298965519	-1.8672432506976901	1.8898542813042816	-6.370501850382338	-1.5158698358923017	
9.986948778009213	0.2131312060147286	-1.2975319392255968	1.9891124772530455	-6.54589201075516	-1.4967992121996316	
11.621707068987197	0.3918808546415509	-0.5760581605264494	2.0939352516718155	-6.682163659555577	-1.4691897473149467	
13.314463545129906	0.608110725415648	0.2930219055390252	2.201327477954245	-6.771175045749983	-1.4330468971054184	
15.026832117334731	0.8656563699274168	1.2969245474006152	2.306940736257555	-6.804859914662411	-1.3884212389572805	
16.71464787618888	1.1649768022061555	2.4135168102443316	2.4052554276885827	-6.775660395595599	-1.3355036206492326	
18.330082168330268	1.5024768961086874	3.611215452046432	2.4898898810131027	-6.676997903259072	-1.274712292790975	
19.82438577194334	1.8701026006463932	4.8495894256073315	2.554032935230367	-6.503769555142796	-1.2067633672571576	
21.151052295733614	2.2553436044975808	6.080771878634282	2.5909822786936556	-6.252817831767825	-1.132713213201837	
22.269276397412824	2.641766372414847	7.251748750287925	2.5948003858387545	-5.923382174883958	-1.0539700880054572	
23.146460565734774	3.0099349128264334	8.3068539984003	2.5608507054931007	-5.517306946005467	-0.9722684111613036	
23.762167351507593	3.3393087753393855	9.192164812765267	2.486736503415853	-5.039552853054204	-0.8896228921073653	
24.106759133539747	3.609723441152252	9.857562548220132	2.3721851732695662	-4.497605449166149	-0.8082195355498398	
