24.967079728728827	3.1960884980907784	10.352549882984786	1.937957389872658	-4.146726439870633	-0.9343153558659985	
24.83014464728713	3.117715422020893	10.641639091306557	1.8284549015216789	-3.495299161933502	-0.8579371988897807	
24.453835246016425	2.9967856258331946	10.629028578788716	1.706828482063726	-2.8139527366420767	-0.7868771955151759	
23.873053441568082	2.842771326343776	10.315480806164672	1.5779824781361598	-2.11863143375521	-0.7228881996979497	
23.126916341574205	2.667285753585866	9.718332209969141	1.4470448826097264	-1.4253929401721024	-0.667304998379748	
22.257785945877075	2.4839824196014897	8.876562233121255	1.3190539939418484	-0.7498555585615775	-0.6208508625775675	
21.306851028962296	2.3067772148776844	7.8456791589441	1.1983548025584392	-0.10630079342002291	-0.5836561139501589	
20.3115940299917	2.1486649503587643	6.694082217377321	1.0882560886910946	0.49292080780619174	-0.5552419932325372	
19.303328233630197	2.0204895124459266	5.496181131382458	0.9907856940902886	1.0378397047190453	-0.5345757786160332	
18.305825213871806	1.9301413054863654	4.324724281502405	0.9066283797189022	1.5210211269727838	-0.5201706944122414	
17.33499164393286	1.8820902097788574	3.2435799786041923	0.8351870390243634	1.937507560571216	-0.5102166959023368	
16.399655544665244	1.877147704702741	2.3020694373627992	0.7747466133023561	2.2846197431590096	-0.5027302190775572	
15.503369023418973	1.9123889533655065	1.5317384953184803	0.7227249366174919	2.5616957640270748	-0.49570732053042155	
14.64690027760773	1.9812147335402488	0.9458563800400374	0.6759939525431252	2.7698502597549055	-0.4872702379925471	
13.830825801410185	2.0737363585723787	0.5415028503987671	0.631256140048072	2.9117763874326963	-0.4758031160021574	
13.057413134025122	2.177634355891307	0.3031131344868066	0.5854227894334617	2.991574592230145	-0.4600749825364245	
12.331469190486471	2.2793905805647334	0.20631674999432104	0.5359570175773136	3.01458167755881	-0.4393489310601894	
11.660158032823322	2.3657196488627914	0.22163023330482318	0.4811602663900269	2.9871629779451805	-0.4134624950943996	
11.051961674371457	2.4249780919729553	0.3176876790467048	0.420381255574317	2.916455369429724	-0.38286129238462385	
10.515102969928831	2.448377229702359	0.4638728837981913	0.35413358820503066	2.810062063890764	-0.3485709339919957	
10.055939679614156	2.430830739560748	0.6322579893759933	0.28408332350670074	2.675716849643438	-0.3120910880163714	
9.677830370532911	2.3713975641321583	0.7988539224786135	0.21290655363278685	2.5209714023086653	-0.27523066656652956	
9.380607668299543	2.2733452199085726	0.9443342850059655	0.14403093791653818	2.352932747848729	-0.2399076269022422	
9.160640769333904	2.1438052085908827	1.0543275161608088	0.08127343182729585	2.17806517476144	-0.20793487638516336	
9.011367830020681	1.993018403301975	1.1193700454485749	0.028404430229928227	2.002062026926852	-0.18081855628646878	
8.92412313626117	1.8331863499760326	1.1346125007789063	-0.011321222819928388	1.8297809039392068	-0.15959525969764554	
8.889069029054227	1.6770455074419461	1.0992975806569436	-0.03557800375156793	1.6652424851573127	-0.14474711453049866	
8.896026039919091	1.5364567517655014	1.0161580984096468	-0.04326044332649752	1.511660652361701	-0.1361992948797875	
8.935151772259985	1.4211929190045662	0.8907674185772577	-0.03462552853855711	1.3714877435397375	-0.1333886450629186	
8.99745112184693	1.3380709317169794	0.7308523400254032	-0.011273269039834251	1.2464677689811263	-0.13538740403857696	
9.075121010787772	1.2905202854485247	0.5455842930343254	0.02402710812370977	1.1376910733536703	-0.14105895840892904	
9.161741168554988	1.2786401232425062	0.3448512846255372	0.06764777173804072	1.0456507260220644	-0.14922018023231637	
9.252313389385208	1.2997302896189098	0.1385553899305374	0.1154967225873869	0.9703074519839033	-0.1587778341695644	
9.34321250343113	1.349079823242496	-0.06399886814375579	0.1634081679456577	0.9111549641818666	-0.16882115580050633	
9.43208048355155	1.4208632038562057	-0.25459891864264816	0.2074865483886454	0.8672904278911201	-0.17867005891960314	
9.517686592173511	1.5089923899298394	-0.42647180690357933	0.24437198377634572	0.8374912921504556	-0.1878820782337702	
9.599773373420799	1.6077893786889472	-0.5744768046317265	0.27141371398858954	0.8202975970478953	-0.1962262760095379	
9.678891013033144	1.7123686442485244	-0.6951373834955751	0.2867466078714567	0.8141000331812424	-0.20363364778076737	
9.756228753405223	1.8186988583906885	-0.7865441659636863	0.28928358140940075	0.817227868397004	-0.2101394341238521	
9.833455232094797	1.9234438028967034	-0.8482026736144007	0.27866183329149685	0.8280321449312243	-0.21583084230805652	
9.912559104978575	2.023684514576935	-0.8808494613361875	0.25515950975983853	0.8449638632413138	-0.22080468329516081	
9.99568538445445	2.1166213628926815	-0.8862562569279465	0.21959799930127766	0.8666447418640475	-0.22513767097545656	
10.08496038654951	2.199344084646316	-0.8670365301237727	0.17324305841357868	0.8919291329431418	-0.22886952563354507	
10.182304196644866	2.2687434755282654	-0.8264550987830186	0.11770866621671003	0.9199499070242476	-0.231998002028975	
10.289251846830442	2.32158980888614	-0.7682600572617798	0.054872040217572464	0.9501444505630562	-0.2344826122300079	
10.40680695593176	2.3547564069392872	-0.6965437651472843	-0.013202134230949507	0.982263286665238	-0.23625312256241623	
10.535353104175634	2.365557650914745	-0.6156281590752587	-0.08433743378713865	1.0163611837933413	-0.23722029133862294	
10.674641377300873	2.352157382052602	-0.5299713017417829	-0.1563294493635441	1.052772191757906	-0.23728653797198773	
10.823862518043217	2.3139957258695776	-0.4440889193855367	-0.22704761289262304	1.092070117114788	-0.2363546310433792	
10.981806266132203	2.2521238859537056	-0.3624853880954202	-0.2945569914210388	1.135012352620573	-0.23433274668355808	
11.147076975722316	2.1693786957931986	-0.2895939941860625	-0.3572517291718117	1.182473754068454	-0.23113544635400715	
11.31834468487735	2.070374370506446	-0.22972651911626107	-0.41399153745664463	1.2353731908767152	-0.22668121776168473	
11.494609736664783	1.9613031525396143	-0.18703565568476446	-0.46422909835008236	1.2945956115260637	-0.22088737940892328	
11.67545349689425	1.8495631400960535	-0.16549435854493078	-0.508117288377561	1.3609138566082803	-0.21366334554790592	
11.861240658257014	1.743242098638483	-0.16889591721202066	-0.5465842606678099	1.434915107069046	-0.20490337325976993	
12.053216228215666	1.6505231187586515	-0.20087490437411634	-0.5813514136978183	1.5169442254306826	-0.19448050335796505	
12.253491743536868	1.5791062416892871	-0.2649316764057202	-0.6149013884496287	1.6070678177577	-0.18224248838809337	
12.464926843307628	1.5356906447978673	-0.3644383826796747	-0.6503942141071258	1.70506089467164	-0.16801025080673504	
12.690918929027205	1.5255587978644096	-0.5025982195704145	-0.6915308423173275	1.8104168389815003	-0.1515794358070931	
12.935118969509611	1.5522856388950834	-0.6823227657782686	-0.7423659727540771	1.9223782889630145	-0.13272547233436346	
13.201088292066665	1.6175940693485311	-0.9059880862807775	-0.8070688304206052	2.039986339915597	-0.11121264083802317	
13.49192958804633	1.7213569107457254	-1.1750664003130795	-0.8896492145300507	2.1621397617680165	-0.08680651051599123	
13.809907152260957	1.861667777693156	-1.4896511206018779	-0.9936670695866036	2.287651936045636	-0.05928852653536158	
14.156056738739146	2.0349443767303064	-1.8479132724608163	-1.1219343056227233	2.415300610245563	-0.028472167631342315	
14.52978827563762	2.236035535231955	-2.2455431609914043	-1.2762218452868035	2.5438654779373415	0.005779993056260038	
14.928473733166097	2.4583148283336738	-2.6752297041163575	-1.4569781744306973	2.6721496563680867	0.043538488983625695	
15.347056788235923	2.6937962635135366	-3.1263058065199667	-1.6630928101935034	2.798981061445353	0.08478977404274422	
15.777739306035159	2.933320286537342	-3.5846762200103672	-1.891738856139463	2.9231930338710987	0.12942112599172606	
16.209766202837848	3.166846508791125	-4.033058353834773	-2.1382988729351613	3.0435875128670835	0.17720709291460945	
16.62936522448527	3.383885600948323	-4.451593978470669	-2.396399975225166	3.1588845949954663	0.22779781047914985	
17.019887818423864	3.5740674141743924	-4.81885148904843	-2.658076377215245	3.26766380974858	0.28070919601671934	
17.36219396833431	3.7278222480349616	-5.113227229086593	-2.9140754134503832	3.368302813178052	0.33531457908327783	
17.635353514151102	3.837074744551981	-5.314656895245813	-3.154330708066824	3.458927436261333	0.3908409918652582	
17.817605668734362	3.895818332706183	-5.40637775145361	-3.368548636023202	3.5373840802660657	0.4463709765337653	
17.88752951129801	3.900492861505515	-5.376531795161133	-3.5468630131018837	3.6012408101634334	0.5008512648395368	
17.825378871147567	3.850106375163333	-5.219386618538401	-3.680511170881584	3.6478241706008347	0.5531106681977818	
17.614510756819776	3.7460897760863605	-4.935981995279508	-3.7624749562175923	3.6742957508905936	0.6018882484999453	
17.242829587217326	3.5919270429655583	-4.534058326825525	-3.7880300846927017	3.6777714606456193	0.645872300964829	
16.70398443248712	3.3926700566396524	-4.027182052773722	-3.755085652012961	3.6554734026086813	0.6837468987164224	
15.998203839120547	3.1545236132660546	-3.433467867852205	-3.664306577049387	3.604889362706573	0.7142371844255128	
15.132697851672885	2.8845367617023014	-2.7742015751317988	-3.519026978007555	3.5239217489159205	0.736147368086828	
14.121569253530396	2.5903692820877007	-2.07258528026761	-3.324965581697269	3.4110100690586442	0.7483866088753112	
12.985236582522907	2.280069248746442	-1.3527478803393918	-3.0897744721097413	3.2652180370894848	0.7499806613695988	
11.749363205751507	1.961785751076337	-0.6390294201960931	-2.822448560884796	3.0862801580962977	0.7400701819901687	
10.44338213306339	1.6434083590011144	0.04457726961404894	-2.5326647135976588	2.874606485881965	0.7179014126065557	
9.09889970738446	1.3321836381916357	0.675030937408302	-2.230151246515032	2.631273321548244	0.6828210896999666	
7.748091007467581	1.034357587095098	1.231050592864196	-1.9241265259360991	2.3580121076089644	0.6342835654051813	
6.422199041206744	0.7548931435594572	1.6941706744615663	-1.622844052529365	2.0572026649660593	0.571876451117676	
5.150203811206986	0.4972978423639919	2.049990315112953	-1.3332609143529852	1.7318702953065348	0.4953699962972335	
3.957731223548576	0.26360674035502324	2.289340061982284	-1.0608482864270934	1.385662853344739	0.4047892218579901	
2.8662757895862967	0.05452869678853808	2.4089636296339085	-0.8095402404264388	1.0227793369522875	0.3004961356984891	
1.8926749655397552	-0.1302981123743557	2.4116163089187377	-0.5817741661786631	0.6478439896824655	0.18327051786998888	
1.048823553964611	-0.29198490823695855	2.3055728514033857	-0.37860991210904366	0.26572294303855565	0.05437474639654652	
0.3416214874722064	-0.43206630187330014	2.103644566624819	-0.19991296744859482	-0.11870686073341881	-0.08441082626912197	
-0.22685496189525087	-0.5522361253610921	1.8218653688413955	-0.04458572656719156	-0.5008227987156938	-0.23079301729160506	
-0.6588663391552568	-0.6542081140333749	1.478002656915804	0.08916145152759888	-0.8765233183100717	-0.38202993324955964	
-0.9602588502387497	-0.7397203560474683	1.0901488325589572	0.20354382069675966	-1.2424528630756155	-0.5350490291652663	
-1.1395374582108302	-0.8106401542347231	0.6755062804695301	0.30096822015370883	-1.5961659015060319	-0.6866057778646909	
-1.2068224283868518	-0.8691101689122016	0.24942104205719293	0.3838449465033609	-1.9362154201009276	-0.8334711202263674	
-1.1727783932625497	-0.9176737215772778	-0.17528568292823926	0.4544580962880513	-2.262161141650773	-0.9726303694442182	
-1.0475906966475657	-0.9593216075773853	-0.5886603597319549	0.5149011836888358	-2.5745011528266484	-1.1014760744056284	
-0.8400950255138584	-0.9974166556614001	-0.9835617227325428	0.5670836857484923	-2.874524122836054	-1.2179603432070139	
-0.557122141553279	-1.0355133826936975	-1.355284788006915	0.6127931887026623	-3.164117515024525	-1.320690302322157	
-0.20305327360132078	-1.0771006128568479	-1.7009381397829884	0.6537928366368979	-3.4455469385562196	-1.408965147136261	
0.22040488965329444	-1.1252922503852536	-2.0186388557838724	0.6919338796904033	-3.7212158750634017	-1.4827547911935959	
0.714225680744822	-1.182489072896192	-2.306604261029233	0.7292618380899831	-3.9934151576965564	-1.5426267510262022	
1.2818351960697516	-1.2500314709661045	-2.5622226197951763	0.7680929057207139	-4.264068365761061	-1.5896283175295787	
1.9286301497729892	-1.327896580029926	-2.7812564819827945	0.8110317430496538	-4.534497461603894	-1.625135443083827	
2.6613200423298813	-1.4144567876081289	-2.9572747363826704	0.8609234410488243	-4.805217496156729	-1.6506955259161704	
3.4871138785498723	-1.5063208343529235	-3.0813625507003817	0.9207371936526347	-5.075764879498981	-1.6678739663010604	
4.412781111931113	-1.5982793128295196	-3.142150947049188	0.9933843105080866	-5.344566254428858	-1.678115254355908	
5.443610039115102	-1.6833665263734332	-3.1261857314466015	1.081476257999347	-5.60884931603725	-1.6826272374875544	
6.582303409556849	-1.7530682016123693	-3.01866800911538	1.187037054864676	-5.86460999306052	-1.682299017200583	
7.82793169992983	-1.7976819883126725	-2.8045127909782464	1.3112126537009006	-6.106651542897785	-1.677663075883985	
9.17498175525136	-1.8067971500901525	-2.4696223895936757	1.4540014599087967	-6.328679376883197	-1.6688947128880296	
10.612570271432448	-1.7698964229552392	-2.0023172170593595	1.6140307393878905	-6.523459286481387	-1.6558446153527777	
12.123904052501125	-1.6770693942023618	-1.394843450311262	1.7884025500554772	-6.683041473310482	-1.6380988020007026	
13.686054404211355	-1.519833305533833	-0.6449024764005756	1.972624735581602	-6.79905363740535	-1.6150593540069251	
15.270236130304731	-1.292004702377127	0.24298772863835827	2.1606707866735464	-6.863069217357429	-1.586041110342662	
16.842639501923124	-0.9905086702282202	1.2564905776486877	2.3451767157344037	-6.8670254286787475	-1.5503728347090155	
18.365749746014508	-0.6160599288575145	2.3748462086940467	2.517758148976422	-6.803675055726855	-1.5074970703137518	
19.800155208462115	-0.17362133723575923	3.5687885409074993	2.669453584299798	-6.667060174274969	-1.4570654282363145	
21.10674884083759	0.3274404933105721	4.801055014242777	2.7912774874162696	-6.4529820714859625	-1.3990236131712834	
22.249232479936886	0.8735714813393926	6.027571108862861	2.874872733946167	-6.159451456369132	-1.3336808522973747	
23.196755598374445	1.4477572102003475	7.19959279564663	2.9132421520555787	-5.787074140853854	-1.2617494987421196	
23.925565872166345	2.0305290925305295	8.266030723693726	2.9012421970708506	-5.3391459708600175	-1.184334361333235	
24.421958881876737	2.6015251203378416	9.177818866872544	2.8365220095819312	-4.822088994859522	-1.1029198883049882	
24.680254729977577	3.140500788922281	9.88932110689376	2.71902342132059	-4.244625196438123	-1.019235758036184	
