25.11717463681524	2.6937797257951472	10.428464511225846	1.8309522536341123	-3.99105863493713	-0.9207163484343536	
24.951568506646666	2.7647411000132927	10.831082117181836	1.7308083860395123	-3.3554211355167682	-0.8386015777284551	
24.56772589765011	2.8061423140084516	10.942032594934274	1.6138650071881184	-2.6929118644807586	-0.7625207438685926	
23.998102188238743	2.8165193153643604	10.75587696989973	1.4855547725854208	-2.0185411401749684	-0.693916518470779	
23.277680353864202	2.7968113090404083	10.28318472494424	1.3517836744948448	-1.3474695406888857	-0.6338333775244028	
22.442755559182437	2.7507289433980766	9.555772100574847	1.2186562207964586	-0.6945127058151679	-0.5827592403711351	
21.527424762204625	2.683536485449219	8.622261603303595	1.0917452868842819	-0.07330633269165057	-0.5406815364396016	
20.561656388682067	2.601419645338514	7.544903102778653	0.9756710642858397	0.5042332220552155	-0.5071004135929374	
19.569682635953143	2.5108360706779185	6.393215333737461	0.87373032108742	1.0283139015317289	-0.4811119828199448	
18.569479856488865	2.4181560395993653	5.236753027152531	0.7877038153442477	1.491405970266148	-0.4615248479837259	
17.57324993032201	2.329399848237838	4.138221862682768	0.7178022513514929	1.8882068480840135	-0.44698885410772793	
16.588858856651434	2.2498898702751906	3.1479818342415715	0.6627532514571449	2.2155078428545405	-0.4361179262074584	
15.622000513873719	2.183752070540079	2.3007659193732852	0.6200325251676033	2.47203752424283	-0.4275906030658487	
14.678632670071908	2.133324149404654	1.6148602928742857	0.5862289872886767	2.6583497404023535	-0.42022167937932886	
13.766958316455627	2.0987531943111497	1.0935715216005408	0.5575197108973137	2.776751957999556	-0.41300769157558187	
12.898228518167999	2.0780558465872367	0.7279684631404426	0.5301576374721627	2.83122484623606	-0.4051566036490643	
12.086284775179813	2.067594911167744	0.49991914859743136	0.5008924447565662	2.82729687431753	-0.39610990169505167	
11.346065160186875	2.062824932998836	0.3851233859968463	0.46728636463307927	2.771835150504133	-0.38555527496291847	
10.691490733340528	2.0591269396773866	0.35593903558272094	0.42790332863242775	2.6727446472576677	-0.3734260441764917	
10.133264778355649	2.052584391327701	0.3839182583328484	0.3823736369444153	2.5385866853431787	-0.35988304444606434	
9.677291407130289	2.0405862749241193	0.4419454557233879	0.33132914195066604	2.3781493808951963	-0.34527051697321726	
9.324093628176003	2.0222019520332326	0.505831911338451	0.2762383685885947	2.2000475748463653	-0.33004871474392233	
9.069099840265572	1.998319793585547	0.5554138440534484	0.21916684649196252	2.0123891119500805	-0.31471162599185976	
8.903571589538574	1.9715222851729615	0.5751987848117993	0.16247988885662215	1.8225239277475855	-0.2997012125786415	
8.815880096578955	1.9456882185867443	0.554620950976662	0.1085171742911662	1.6368804666043604	-0.2853328387442786	
8.792857212847895	1.9253348176309601	0.48797991377700994	0.0592753641108826	1.4608792911898814	-0.2717469334442634	
8.820994967034887	1.9148016003334087	0.3740550336944547	0.016162934982226436	1.2989240728866167	-0.2589027383467669	
8.887350909342862	1.917474618546662	0.2155480049097807	-0.02013547044381618	1.154432939651696	-0.24661060070157118	
8.980183340712513	1.9351835389840344	0.01840681414401646	-0.049682660037496766	1.0298916454643905	-0.23459190083071557	
9.089346299375272	1.9678730957583808	-0.20893783230650637	-0.07320881970467934	0.9269195801744523	-0.22255367862935743	
9.206486427873564	2.013606215256588	-0.456381342403142	-0.09195081341683767	0.8463391874332543	-0.21026334385269174	
9.325080619544273	2.068917436168019	-0.7129661702276108	-0.10744213249530886	0.7882464645345447	-0.19760847843453083	
9.440338556222041	2.1294385275634298	-0.9676378179503872	-0.12130071563636499	0.7520879459933735	-0.1846267310190287	
9.549047408090448	2.1906000745421728	-1.2098641734025266	-0.13505551391460685	0.7367326810539376	-0.1715060578297845	
9.649381110072389	2.248278932246827	-1.4301166999351147	-0.15002160428410638	0.7405444431326964	-0.1585602631758303	
9.740690341603985	2.299284973136724	-1.6202167370849727	-0.16722717943330515	0.7614565716772886	-0.1461864925337975	
9.823286645277395	2.341619867135542	-1.7735710789723296	-0.18738713664510204	0.7970505290787128	-0.13481253464167617	
9.898218269754386	2.3744700169577992	-1.8853093835166028	-0.21091539356206948	0.844643634211582	-0.12484211202779849	
9.967046667452982	2.3979730964113974	-1.9523300393220562	-0.2379603889855368	0.9013851725038672	-0.11660829140546625	
10.031638634958316	2.4128645525793364	-1.9732931225171824	-0.2684439064051219	0.9643566446462005	-0.11033903553215671	
10.093974469544483	2.4200740827395473	-1.948563225975014	-0.30209535559470135	1.0306771770780538	-0.10613617518427668	
10.155979153342837	2.420339096911038	-1.8801093278924128	-0.3384762031537727	1.0976119872472336	-0.10396825728135924	
10.219381506783746	2.4138911888242247	-1.7713727379442805	-0.37699219574419784	1.162683132596281	-0.10367617033814262	
10.285611643404845	2.4002787041853475	-1.6270890191099765	-0.4168977365144259	1.2237740291304404	-0.10499128627555127	
10.355744936352215	2.3783538817140286	-1.4530814383610038	-0.45729879906872234	1.2792176894075435	-0.10756110967063917	
10.43049050980735	2.3464040048516086	-1.256041059527194	-0.497160936628069	1.327866666385437	-0.11097770938328189	
10.510224546338016	2.3024036328946482	-1.0432917705280746	-0.5353292396986699	1.3691390335632598	-0.11480654163822508	
10.595065025089053	2.244352911418487	-0.8225460180408499	-0.570565150337788	1.4030367096642729	-0.11861306019712609	
10.684982435496764	2.1706625095419847	-0.6016543001407832	-0.6016049308323473	1.4301343182978326	-0.12198506142200802	
10.779936124068293	2.0805138736299273	-0.3883584601034163	-0.6272410047898374	1.4515278515033119	-0.1245479141988799	
10.880015463429988	1.9741374732767203	-0.19006989024546087	-0.6464194542754201	1.4687544686805512	-0.12597192573219035	
10.985572937479828	1.8529918732931054	-0.013682171192154877	-0.6583484282209177	1.4836898024062284	-0.12597325813202967	
11.097334443224623	1.7198310971769804	0.13456828423949158	-0.6626101837392312	1.4984272069715903	-0.12430993152219474	
11.21647241973778	1.5786586108096465	0.24918264621938996	-0.6592690749514948	1.5151460926909064	-0.12077491684422219	
11.344627650730404	1.4345664233330875	0.3254130015781184	-0.648966212352137	1.535975998782818	-0.11518842076143546	
11.48386752744186	1.2934612313181901	0.35920276552030406	-0.6329775717447088	1.5628719177830483	-0.10739141596436677	
11.636600691206883	1.1617320145075305	0.3470932234056106	-0.6132354857440586	1.5975123031395446	-0.09724255924141541	
11.805461533441933	1.0458862621780274	0.2861283003438866	-0.5923098504263352	1.6412237994644074	-0.08461908147651073	
11.993175316008205	0.9521843366931249	0.1737926413540972	-0.5733461775740389	1.6949365161343246	-0.06942169272397744	
12.202410709562084	0.8862980385212367	0.008022112493170891	-0.5599604716889688	1.7591698089971728	-0.051583064351646495	
12.435621207296888	0.8530223341518316	-0.21267592681334596	-0.5560859185951775	1.8340494062086552	-0.0310783999849736	
12.694884064282215	0.8560788545106307	-0.4889830659986365	-0.5657773456483508	1.9193514837626562	-0.007935016984382662	
12.98173635007591	0.8979974743456414	-0.820417636787228	-0.592987988911807	2.0145566363637726	0.01776064594553085	
13.297005732972943	0.980058126994412	-1.2048949745802258	-0.6413234841060859	2.118906621164309	0.045860107276333856	
13.640630830643484	1.1022658421063298	-1.6382366682362406	-0.7137829598034134	2.231456273733032	0.07615504534374068	
14.01145338721437	1.2633195490850562	-2.113663636897787	-0.8124928309563508	2.3511135568919714	0.10838509266692001	
14.406975570040265	1.4605572735324948	-2.621376265480547	-0.938457597444295	2.476663439726425	0.1422517835210202	
14.82308430254394	1.6898798963831185	-3.1483318580678756	-1.0913565186799423	2.6067722414738688	0.17743638106308537	
15.253741076940695	1.9456775056599969	-3.6782595759611314	-1.26938871497272	2.7399727940190637	0.21361843523371518	
15.690670049058951	2.22081759801303	-4.191981553385929	-1.4691846468685434	2.8746335741450872	0.25049258344913033	
16.123086946863225	2.506750534242032	-4.668083311692219	-1.6857998172045852	3.008915358264198	0.2877808750535046	
16.537517081796373	2.7937834735668767	-5.083973603739655	-1.9128060195297885	3.1407189821589565	0.3252381792441728	
16.917826894350593	3.0715621900038066	-5.417332771211992	-2.142523541609831	3.2676370842480207	0.3626481615715586	
17.245513980900498	3.329689071254743	-5.647775020215324	-2.366377320089675	3.386920510421682	0.39981084508034204	
17.50027860910542	3.5583920321041127	-5.758564368142334	-2.57535831290529	3.4954676024056686	0.43652441249872637	
17.660901727027866	3.7491549037000595	-5.738186282258934	-2.7605705642202083	3.5898465021854196	0.47256404247153205	
17.706420726423236	3.8952177153918344	-5.581555556784983	-2.913828188981072	3.666358521291719	0.5076608010228082	
17.61758485408834	3.991867961004026	-5.29062701571733	-3.0282607042254797	3.721151696972242	0.541483279714957	
17.378411314448787	4.036449448150709	-4.87410054395789	-3.0988197832190845	3.7503854036168676	0.5736255220308948	
16.977635842640193	4.028189944642668	-4.346431326294975	-3.122631082447689	3.7504246753480692	0.6036000968383193	
16.40990778594883	3.9679578477323614	-3.7264417834453205	-3.099167129010245	3.7180433078848236	0.6308335151775557	
15.676590019029732	3.858026749560266	-3.035853672191369	-3.0302250124561727	3.6506111918343698	0.6546611010376191	
14.786087406274468	3.7018938016272074	-2.2980465041734655	-2.919715814209391	3.546245239289824	0.6743182995863278	
13.753629121786712	3.5041298279314974	-1.537228557813019	-2.7732713770900723	3.403905627435042	0.6889271868911816	
12.600468914777375	3.2701915368764136	-0.777989837849684	-2.5977076181619227	3.2234242410642326	0.6974825686791328	
11.352742130189352	3.006187566944535	-0.04499986661062085	-2.4004477896849483	3.0054947435371027	0.6988428309488298	
10.040074825446304	2.7186117426118916	0.6374104854998601	-2.188956806454749	2.751638750000687	0.6917339199190589	
8.694065780764294	2.414074816074658	1.245968452956594	-1.9702428794921898	2.4641602967320084	0.674774876267348	
7.346754560638194	2.0990600688465064	1.7596009219949114	-1.7504698434131236	2.146099479386369	0.6465332311833719	
6.029175972156222	1.779707387040363	2.1609403559515794	-1.5347218276749655	1.8011786458121497	0.6056177481615507	
4.770133767362617	1.4616182511454876	2.4378027480404114	-1.3269271150398705	1.4337278742422077	0.5508014258174417	
3.5951966697037276	1.1496774800888123	2.584277242107196	-1.1298845396753325	1.0485814080570353	0.4811617463698695	
2.5259086716720787	0.847919044653205	2.6011696162319127	-0.9453580579812121	0.6509316262873455	0.39622340634308234	
1.5792138864930187	0.5594702129360822	2.495705857186738	-0.7742110297333283	0.24613965644622698	0.2960864763870964	
0.7670745303876808	0.28659680764735834	2.2805744997082855	-0.6165591759875754	-0.16049276502926393	0.1815253389102449	
0.0963703874035045	0.030848287584994333	1.9724602366570791	-0.47193908978769006	-0.5639724467257398	0.05402908254549857	
-0.4309174927515398	-0.20677012649239374	1.5904382250953155	-0.3394712592406599	-0.95985467774743	-0.08422522061039507	
-0.8172606585121738	-0.42565811121711394	1.1544457818793417	-0.21800652556328745	-1.3444587048959478	-0.23045920468189054	
-1.0688579251539025	-0.6255321759312202	0.6839304448608038	-0.10625233677078454	-1.7150403521929116	-0.3814366666523092	
-1.1946682990007758	-0.8063852084679028	0.19676135833562763	-0.0028731054683916804	-2.0699050788093656	-0.5336539130501288	
-1.2052650479490294	-0.9684662691239962	-0.29154643238227657	0.0934383760217145	-2.4084492260262755	-0.6835664765266027	
-1.1116271001646587	-1.1122378727377933	-0.7682014253200502	0.18392132171189726	-2.731103658601129	-0.8278275356947127	
-0.9240433930401717	-1.2382984536953163	-1.2231376587314615	0.26973672002876165	-3.039204802117633	-0.9635032288588911	
-0.6511806464395382	-1.3472800416262527	-1.648714395356848	0.3519820800378196	-3.3348090802282315	-1.0882462776949369	
-0.29935313758346477	-1.4397386275744257	-2.039165951766993	0.4317278372901395	-3.620460589135684	-1.2004111297904174	
0.12798026502929225	-1.5160543285111276	-2.38987165415464	0.5100701883802106	-3.898923478276437	-1.2991007045354481	
0.6304579279029735	-1.576350791453806	-2.6965165497092314	0.5881912658479256	-4.172885115846272	-1.3841380653664666	
1.2107140476662441	-1.6204360288725665	-2.954270711920834	0.6674063014213011	-4.4446542237586755	-1.4559608358456817	
1.8739866604673487	-1.6477519769114521	-3.1571076500438466	0.7491807084823716	-4.715875842829325	-1.5154718688044677	
2.6274457726029206	-1.6573296158740747	-3.2973203089817513	0.8351065197811655	-4.987273977063354	-1.5638632679986308	
3.479265701909338	-1.6477530996206757	-3.3652909543130938	0.926832228755278	-5.2584360737769	-1.6024315423184492	
4.437472519903201	-1.6171377528618605	-3.34955507794586	1.0259437485099336	-5.527646512981824	-1.6324007943467493	
5.508606598377777	-1.5631335229447079	-3.2372174865140013	1.1337987388306814	-5.791789047928096	-1.6547719292703997	
6.696346713982782	-1.48296476984847	-3.0147219490878023	1.2513355227498744	-6.046339969858366	-1.6702207099847381	
8.000182260757162	-1.3735081558450273	-2.668910009648459	1.378874331258574	-6.285432677935812	-1.6790472187009586	
9.414217935807866	-1.2314248073675729	-2.1883362089633938	1.5159284903082795	-6.501999635784253	-1.681176039694613	
10.926212049219739	-1.0533636717635888	-1.5647771719409305	1.661044572924484	-6.68799221200357	-1.6762041196606512	
12.51692575296449	-0.8362591289057306	-0.7948848065184879	1.8116858596681413	-6.834678394937422	-1.6634904529483787	
14.160005038842359	-0.5777341576961847	0.11821168383167058	1.964194873626135	-6.933025279528138	-1.6422815617922522	
15.822487422848733	-0.2765743680758043	1.163604569097949	2.113850680625219	-6.974137840526912	-1.6118527563299405	
17.465884360180986	0.06676894439086796	2.321708355506872	2.2550135579461137	-6.949734582926541	-1.5716499743592967	
19.047876788644672	0.44970649962426196	3.5639303271238085	2.3813667807463728	-6.852649991676275	-1.5214217082824875	
20.524556476836658	0.8671328804548437	4.853011993279998	2.486251908714921	-6.6773388470300965	-1.4613294304846483	
21.853148537303262	1.3112013737731705	6.144125676428958	2.563103317328543	-6.4203692774200825	-1.3920276912901002	
22.995103307367152	1.7713784926090672	7.386987634265019	2.606003091277346	-6.080867948132718	-1.3146964919496207	
23.91827483252325	2.2347831851845275	8.528215030765754	2.6101170852751827	-5.660670215072851	-1.2310099749307435	
24.600722997953046	2.6868972173817016	9.515634766281165	2.5725872953939897	-5.16486938721439	-1.143093762504361	
25.029027256704182	3.1124718651401224	10.299925487402035	2.492293809510904	-4.601000932910002	-1.0533529488016429	
