22.172063911524987	5.909451888285315	8.478715205274087	1.6250038938948108	-3.838524604251581	0.7957589055779302	
21.64576472435967	6.5136438250997335	9.021905723234289	1.5325554865548323	-3.3144764729289604	0.6466253179625204	
20.9847446886476	6.976224181116042	9.303906075480837	1.3977879185287931	-2.7714160024096284	0.49625286580483413	
20.224714439726363	7.271043450507872	9.30540664842155	1.223689807422955	-2.2201519728326806	0.34660911365629915	
19.40280548462217	7.378293529048516	9.020621791297378	1.0156482283965802	-1.6717870563896542	0.19951405497917776	
18.55616302406731	7.287135808271829	8.460953618128462	0.7818163133364237	-1.1372699962761335	0.056541439297294264	
17.719538622816252	6.996472011923433	7.653800526711021	0.5325287098292486	-0.6266910880600365	-0.0810551776106861	
16.92344109088716	6.5159589496911785	6.64181705964475	0.2798602084737142	-0.14875532066215447	-0.2124173613260138	
16.192379370061325	5.8662336288425925	5.480201199082858	0.03686724279655549	0.28964447875819554	-0.3371245733816002	
15.543551175610826	5.078592717337876	4.232942485480693	-0.1832909782731443	0.6836494207357721	-0.4551923192375871	
14.986041667209532	4.193844165556086	2.967988320993702	-0.36834939165509567	1.030429670957983	-0.5670031790419565	
14.520591375383969	3.2602511427278005	1.7518681586608886	-0.5079525046438608	1.3289581242798028	-0.6731620265011903	
14.139952866190528	2.3305436042969547	0.6442975339131523	-0.5946114201094725	1.5796197305250117	-0.774283462144746	
13.829947408641019	1.4580299003682509	-0.30664238884974104	-0.6245060476465991	1.783740135677088	-0.8707375569917671	
13.57126485007603	0.6920465841739878	-1.0680939832597511	-0.5980135481824895	1.9431461600579583	-0.9624010930646835	
13.341896773437902	0.07322259457269524	-1.624259120710256	-0.5198420622965405	2.059859233193478	-1.0484733763363867	
13.119928441973123	-0.37074357020347337	-1.9762645506255152	-0.39868272795012444	2.1359725473201894	-1.1274128985736411	
12.886325952265949	-0.627932417073199	-2.1401839645375347	-0.24635915740238373	2.1736957270731363	-1.1970339062964295	
12.62727578969415	-0.7028119483734379	-2.1436478616855905	-0.07657323979647414	2.175501146150438	-1.2547622061581596	
12.335719089810409	-0.6145452461743617	-2.021829122309902	0.09650691916250374	2.1442995823499316	-1.297988938257424	
12.01183368037425	-0.3934777454772369	-1.8133665832463828	0.25959242975111607	2.0835898800699257	-1.3244456726976601	
11.662385528637401	-0.0766572092256223	-1.5566504969153996	0.4013665629378903	1.997541369928713	-1.3325300498093662	
11.299111791262652	0.29667762029414113	-1.2867452877390926	0.5132168129592956	1.8909809523571837	-1.3215342944159127	
10.936506092297082	0.6889098279749357	-1.0330974058387399	0.5895874560586455	1.7692707172567372	-1.2917568651092826	
10.58946772927454	1.066805915973423	-0.8180822274392762	0.6280099957043684	1.638076384540886	-1.2444998483868204	
10.2712503152278	1.4031832162274176	-0.6564418299414111	0.6288849659343598	1.5030448408058605	-1.1819602333259789	
9.992016591288907	1.6776904518623046	-0.5555301753301971	0.5951109419090436	1.3694392701712497	-1.1070428891741921	
9.758082619616566	1.877000771242936	-0.5161730723650187	0.531628176389661	1.241788327646864	-1.0231286086418485	
9.571823142900653	1.9946160183188597	-0.5339558926903308	0.4449021958262404	1.1236066419314423	-0.9338239781011501	
9.432119619508653	2.030412991982427	-0.6007252895270436	0.34236519657376574	1.0172345209303426	-0.8427180116042995	
9.335165233954543	1.9899922385222353	-0.7061013696345713	0.2318305670401779	0.9238222034339941	-0.7531653394727217	
9.275413214897698	1.8838305929082015	-0.8388350600401561	0.12090086914045685	0.8434538950967785	-0.6681090253882551	
9.246475645553998	1.7261869674573522	-0.9879040923074373	0.016402684721769315	0.775380569815283	-0.5899504056260716	
9.2418325085659	1.5337384077498026	-1.1432915557418	-0.07608705153294851	0.7183082897096826	-0.5204730239454075	
9.255312618485165	1.3240591030621678	-1.2964721113149282	-0.1525718076465374	0.6706790884720233	-0.46081645096147844	
9.281395181788767	1.114092563851286	-1.4406664932443065	-0.21079256222334639	0.6309084988595958	-0.4114959917981567	
9.31539110508357	0.9187983522569142	-1.570919460225933	-0.25020512058170524	0.5975606040562824	-0.3724614466075072	
9.353547153307609	0.7501212381039799	-1.6840480633818744	-0.2717981677732843	0.5694566448209613	-0.34318501799726014	
9.393090927300698	0.6163594568508796	-1.7784966545560212	-0.27779140638204913	0.5457238587227085	-0.3227671831405728	
9.432218547308363	0.5219316041764639	-1.8541274798491856	-0.27126050894082576	0.525796777032686	-0.31005017797935247	
9.470018059170629	0.46752525749499724	-1.9119630288111957	-0.2557328321889971	0.509382882651287	-0.30373159776197933	
9.506338987624275	0.4505554658319232	-1.9539087450804304	-0.2348056754031463	0.49640819728715135	-0.30246969809123125	
9.54162631586699	0.46585570528896714	-1.9824771288527805	-0.21182204900577345	0.4869563080640086	-0.30497621540935593	
9.576737117498988	0.5065303210627237	-2.000525518235391	-0.1896275525101691	0.48121060156001294	-0.31009348033195744	
9.612758872805925	0.5648728642597444	-2.0110154678125545	-0.17042231345386696	0.4794073506111397	-0.3168522033391983	
9.650843710432	0.6332435151178741	-2.0167934537708714	-0.15570919536882194	0.48180396481307347	-0.32450705433061694	
9.692066435101484	0.7048047985896746	-2.0203869679292263	-0.14632735726970525	0.488662927196095	-0.33254901536396997	
9.737310989371963	0.7740319976147355	-2.0238135975545126	-0.14255320474854905	0.5002483768936975	-0.3406953065598529	
9.78719411861214	0.8369387121113383	-2.0284179611257436	-0.1442427990769758	0.5168296025079091	-0.3488603528616419	
9.842032470676992	0.8910319432037843	-2.034753981356239	-0.1509804277861073	0.5386849072803945	-0.3571159192446206	
9.901856185113232	0.9350478718404307	-2.0425317840360706	-0.16220669514823693	0.5661003034271702	-0.3656462796010768	
9.966467288677535	0.9685532749206296	-2.0506421226608325	-0.1773056331749997	0.599358987869359	-0.3747033490730791	
10.035539047286969	0.9915172412738406	-2.057262164142348	-0.19564200772464513	0.638719862205316	-0.38456515310936945	
10.108753652044427	1.0039518615103633	-2.060039051546279	-0.21655421958595023	0.6843865854651543	-0.39549940747095874	
10.185977760023047	1.0056886480553588	-2.056344612594094	-0.23932064003847903	0.7364721432675085	-0.40773273758195955	
10.26746575028786	0.9963133461326501	-2.043591016289329	-0.26312506546193	0.7949682089699018	-0.42142618700498846	
10.354064469962205	0.9752334317678252	-2.019582790956206	-0.2870437248385871	0.8597283253807214	-0.4366571399036347	
10.447387701277767	0.9418341667731727	-1.9828778684444046	-0.31006582288796963	0.9304703253367211	-0.45340726758086786	
10.549928161169845	0.8956809991904885	-1.9331254729507912	-0.33115250195976437	1.0068004378069457	-0.47155695554681587	
10.665083966599576	0.8367186212666556	-1.8713507810076606	-0.3493328376125805	1.08825813084869	-0.49088720662386953	
10.797089622138442	0.765405101293817	-1.8001628861817456	-0.3638277122179628	1.1743778035089913	-0.5110903214162302	
10.950853455439095	0.6827166095981941	-1.7238678075921643	-0.3741831891534737	1.2647612471667178	-0.5317906104034622	
11.13170656212319	0.5899793829030221	-1.6484559955819198	-0.3803837230848656	1.3591524026153516	-0.5525763808955207	
11.34507769283944	0.4885533053902717	-1.5814242570898005	-0.38290926207340925	1.457501558081163	-0.573042714322212	
11.59611904623988	0.379459900000454	-1.5314239489675636	-0.38271788750146263	1.560007871864715	-0.5928424570061475	
11.889305443514274	0.2630615198452535	-1.5077381258498954	-0.3811500578206119	1.6671310143680795	-0.6117417982976674	
12.22802846357323	0.1388877007898799	-1.5196167069627915	-0.3797658075676441	1.7795661063766381	-0.6296751250798838	
12.614199898371334	0.005672293173154078	-1.5755184871813002	-0.38013803490198456	1.8981801464413903	-0.6467928661017525	
13.047870855163579	-0.13837858504644748	-1.6823209732672653	-0.3836310599528176	2.023911733148864	-0.6634958286645498	
13.526865613759874	-0.29510928926396746	-1.8445602658905715	-0.39119285503402	2.1576379809057777	-0.6804500763754797	
14.046453439311065	-0.4657942296526232	-2.063790880681071	-0.4031911404591614	2.300017432201547	-0.698575083250287	
14.599069510166458	-0.6504747543898516	-2.338125403859219	-0.41931295945970837	2.4513223498056185	-0.7190031194118891	
15.174099125231493	-0.8473436668899638	-2.661987450640253	-0.4385371098644824	2.611272553169209	-0.7430093970003715	
15.757751394597605	-1.0522624816332735	-3.0261111638883293	-0.4591857011704854	2.7788844029512374	-0.7719134758627065	
16.333053304296797	-1.2584853049774078	-3.4178104127745303	-0.4790552050849329	2.952348195861034	-0.80695496561441	
16.880006241328864	-1.4566459566846177	-3.8215326759581068	-0.4956216101925952	3.128945463758173	-0.8491491518519522	
17.37595903876764	-1.6350436434181095	-4.219703061020245	-0.5063098248807588	3.3050141064869476	-0.8991301181717153	
17.79627499557711	-1.780254666599702	-4.593858993946426	-0.5088136594991336	3.4759714507330544	-0.9569934659936914	
18.115341457147824	-1.878058693003709	-4.926013657666642	-0.501439794041766	3.636404331180335	-1.022158069493757	
18.307906223209617	-1.9146303631788084	-5.200128601085952	-0.4834491358314078	3.7802251571112153	-1.0932607159006384	
18.350688832003435	-1.87795388547519	-5.403533229593214	-0.4553624272586191	3.9008978612577643	-1.1680990932400164	
18.224145659452297	-1.7593870677632577	-5.528076601927678	-0.41918383098215517	3.9917303528859627	-1.243637060024589	
17.914212927107393	-1.5552496425103084	-5.570799988039368	-0.37848585043861743	4.046221480502225	-1.316084123284761	
17.413823476765526	-1.2682381908688884	-5.533989434589429	-0.3382977002632327	4.058441734960249	-1.3810579966206784	
16.72400195540404	-0.9083915813448507	-5.424595348477284	-0.3047507672440936	4.023420816568498	-1.4338348328218613	
15.85430373566556	-0.49321474610285604	-5.25314289523289	-0.2844710355335185	3.9374939768437707	-1.4696780167994652	
14.822545492962142	-0.046771211168504724	-5.03243592710549	-0.2837976414752656	3.798563890378596	-1.4842085411832577	
13.653862214950605	0.4022166624685315	-4.776299692593558	-0.3079487724206271	3.6062478577948105	-1.4737738031498928	
12.379186243081834	0.8230031526359222	-4.498514985200394	-0.3602769889006118	3.3618932862822013	-1.4357688963743864	
11.033325470469444	1.1857689389107924	-4.212016483242854	-0.44174346349908994	3.0684654376209957	-1.3688702914880868	
9.652872557681636	1.464428182116059	-3.9283530827325337	-0.5506951245931795	2.7303305290696573	-1.2731547198857647	
8.274195864655638	1.6389262875949482	-3.6573417654842713	-0.6829642336047901	2.3529721303693028	-1.1500938335836068	
6.93174627692486	1.696765585611321	-3.4068052464446685	-0.8322609276575941	1.942681381189588	-1.002426147089664	
5.656842593544024	1.6336273488813802	-3.182313971948116	-0.9907680780762121	1.5062612467792411	-0.8339319451904865	
4.476901247531975	1.453183082410783	-2.986978108217872	-1.1498194534126536	1.0507588145048972	-0.6491558915169879	
3.4149973916450977	1.1662243373493364	-2.821463808858611	-1.3005793460015271	0.5832052695257622	-0.4531050587799996	
2.489650054497557	0.7893033181325423	-2.6843753212576744	-1.4346621551301038	0.11034228269884963	-0.2509434345642258	
1.714770088468463	0.34310074332060786	-2.5730001229184256	-1.5446552012134889	-0.3616661227780484	-0.047699387152126176	
1.0997570809882922	-0.14928095523821694	-2.4842511775799023	-1.6245283436996751	-0.8275070101190611	0.15199755176177546	
0.6497487880243136	-0.6639576560945388	-2.4155576938580783	-1.6699267290421127	-1.2829278436214215	0.3441339559674452	
0.3660389224497386	-1.1777372880020076	-2.3654711249364064	-1.6783309227549301	-1.724827837400888	0.5254635812364915	
0.24661179243408984	-1.6693632938212297	-2.3338722275432353	-1.6490914918663697	-2.151223439214282	0.6935891536308204	
0.28677057836504943	-2.1205120551238488	-2.321780979791144	-1.5833436960479927	-2.5611069565719182	0.8469787393631437	
0.47984019395227323	-2.516514923513614	-2.3308360704305007	-1.4838095030326832	-2.954229070315873	0.9849209566399474	
0.8179088557652134	-2.846768752525345	-2.362556417384986	-1.3545037810872103	-3.3308411201558177	1.1074261729777521	
1.2925492277406445	-3.1048035829196348	-2.4175148619421942	-1.2003701866631278	-3.6914298522177744	1.215084259309287	
1.8954351943765113	-3.287998414633139	-2.494541713316666	-1.0268794233535001	-4.036469427075592	1.308893645718666	
2.6187497189202142	-3.396950793465243	-2.5900657493693817	-0.8396274412735726	-4.366208722190088	1.3900785851426312	
3.4552926642810817	-3.4345826978756824	-2.697681022486714	-0.6439814419898691	-4.680508218943327	1.4599168792737518	
4.398267611510838	-3.4051210255900743	-2.807970004666231	-0.4448058204927441	-4.978727970422471	1.5195943832184973	
5.4407797758956145	-3.3130759337286	-2.908606871067043	-0.2462828614950017	-5.2596635576592625	1.570094159422329	
6.575122593847378	-3.162339781401803	-2.984745594988533	-0.0518300610241475	-5.521523388220164	1.6121240837689288	
7.79196029521322	-2.9555030529558675	-3.019675670643121	0.1358964216457244	-5.7619385959604275	1.6460827165673813	
9.079520667044411	-2.6934474155669093	-2.995705528221808	0.3149295734799712	-5.977997963132227	1.6720605447065762	
10.422902506053914	-2.3752494877540125	-2.895221077037665	0.4838671534526217	-6.1663058745672314	1.68987229226097	
11.803626993271095	-1.9984321086276404	-2.701841601046868	0.6417072133741972	-6.323070097138325	1.6991147094282544	
13.199513295996589	-1.5595634575823012	-2.401596747708504	0.7876649050192028	-6.444220005686232	1.6992371705522222	
14.584945508263203	-1.0551948240260205	-1.9840733559472932	0.920990751201512	-6.525553673012107	1.6896143667217356	
15.931560553175299	-0.4830787105471803	-1.4434708074165754	1.0408136891785107	-6.562905967130306	1.6696121751064859	
17.209324565180545	0.15646478582160098	-0.7795021618579325	1.1460308125032885	-6.552327682406676	1.6386406422405175	
18.38790813830188	0.8592297599022904	0.0019134209191044582	1.2352590847909815	-6.490269039078896	1.596191834260762	
19.438247004323863	1.6160712053880468	0.8881982853463848	1.3068561648540644	-6.37376995995064	1.541864641444113	
20.33416071703308	2.4123419045960195	1.8599706519829113	1.3590128911818358	-6.200663100463211	1.4753820572549863	
21.053843641921603	3.2279286084339125	2.8912527451795627	1.389905159791822	-5.969783000027078	1.3966074243998214	
21.581253952103786	4.037879090311013	3.95003147403093	1.3979124594847157	-5.681215134653666	1.305572524079266	
21.906833764739538	4.81347571447068	4.999221743373355	1.3818200639239167	-5.336453221038827	1.2025000247462843	
22.028791219440215	5.523937657068452	5.998005365439656	1.3411735672140526	-4.938778001249054	1.087874160001875	
21.951934111536488	6.138038837617357	6.903629175520595	1.276311457074223	-4.493060515505333	0.9624251736578112	
