21.00337322313769	5.09669604723351	8.563106327038186	1.5241002549196654	-3.911162305596976	0.8676442470712574	
20.536071552717726	5.703822103983338	9.124686913869382	1.4543867110209385	-3.4252627447679966	0.7238600653691772	
19.947757346509654	6.199429382940347	9.430212048210612	1.3414806594124966	-2.919060683865518	0.5790982049624569	
19.27267605808745	6.5573494183222225	9.457308145399935	1.1862726476454997	-2.402086551756391	0.4354737736851338	
18.546316167199482	6.755533958857458	9.196579643063037	0.9920860184804873	-1.884127012852947	0.2948888309040404	
17.803797291002677	6.778222582792102	8.655080189700987	0.7651373248146224	-1.3748294750668064	0.15892507885053964	
17.077538927951053	6.6173845574776395	7.856098255444097	0.5142480789501839	-0.8831434627634187	0.028779558246514826	
16.395465812458458	6.274264957512232	6.839093481105544	0.25061503686203945	-0.4169052919434547	-0.0947994183103885	
15.77935838496782	5.760443887771733	5.657754238545538	-0.012748803227604327	0.017495280902134445	-0.21154261404863042	
15.243621104819137	5.09839020824899	4.376772519035637	-0.2617708882602165	0.4152858964985026	-0.3216492857619977	
14.794467498705282	4.321257785374749	3.067205610207192	-0.4823004993336372	0.7733027232900396	-0.42571414265677976	
14.429638352037818	3.471652093661958	1.800719997896318	-0.6612597273463607	1.0897809618867642	-0.5245738609806643	
14.1387721719043	2.599161679233103	0.643291817432454	-0.7878725143300853	1.3639810911819246	-0.6190724517169757	
13.90456343391022	1.7566091102361319	-0.35081622594245787	-0.8548469081894744	1.5957495128965027	-0.7097724363247406	
13.70480454142222	0.995195696032217	-1.1438276984992894	-0.8593339378071133	1.7851479140516051	-0.7966684991011727	
13.515191347798213	0.35910171331394575	-1.7171089232747252	-0.8034572414868403	1.9322712798356099	-0.878979864571921	
13.312536037325284	-0.1195274051010997	-2.0712893978607148	-0.6942439615660275	2.0372977607998246	-0.9550913349567421	
13.077887338266784	-0.4241171717980278	-2.224028620567733	-0.5428985808847919	2.1007197021278534	-1.022679334835982	
12.799056178653002	-0.5548497267103724	-2.206113016605897	-0.3635168964338114	2.123648835309913	-1.0790082935641334	
12.472122587558825	-0.527204063825267	-2.056741798868683	-0.17147127485411237	2.1080940831335306	-1.1213332527507793	
12.10159956589384	-0.3683283858606897	-1.8187671936890568	0.01821898090300325	2.057144918494778	-1.147310712858941	
11.699263901768209	-0.11241764133703294	-1.5344326089136247	0.19225382849931402	1.9750337242245362	-1.1553335850467517	
11.281931020989616	0.20382578376296265	-1.2418696757303476	0.34001110431380943	1.8670601301579421	-1.1447504773996318	
10.86867807940229	0.5449028796609456	-0.9725486925853788	0.4540637342509802	1.7393725886714109	-1.1159630495163608	
10.478084814607046	0.8790972171254251	-0.7497961967626025	0.5303126629257242	1.5986260792333769	-1.0704136583292045	
10.12594890045876	1.1800028697749696	-0.5883621882833585	0.5678406281515876	1.4515570505106499	-1.0104795895361935	
9.82373553200303	1.42729518121504	-0.494876733826992	0.5685903978852366	1.3045283447463556	-0.9392886602795716	
9.577849120807164	1.607067287967056	-0.4689505895623798	0.536932260276135	1.163098640036751	-0.8604726840025393	
9.389734943994032	1.7119093097976914	-0.5046999017030948	0.479129133053435	1.0316821786100592	-0.7778825110220076	
9.256666000494354	1.740776523082801	-0.5924498099804055	0.40270616115790714	0.9133601880632289	-0.695299828582788	
9.172933854529875	1.6985892861832832	-0.7204030379649612	0.31574684277265336	0.8098687574946156	-0.6161738553146915	
9.13113459328556	1.5954550379745267	-0.876115201420756	0.22616291712154446	0.7217493297492446	-0.5434034744285022	
9.123290965682722	1.4454620157028673	-1.047668379717243	0.1410125960922262	0.648613261906533	-0.4791814459702738	
9.141673348523543	1.265110538819489	-1.2244973625388162	0.06594781892866572	0.5894563768989964	-0.42491218831127736	
9.17930775068373	1.0715704497648548	-1.3978746171748635	0.004855385694554435	0.5429630437997841	-0.38120667073237485	
9.23023810681725	0.8810157961375941	-1.561098249718148	-0.04027781840139942	0.5077557200768736	-0.3479473165687245	
9.289625633751461	0.7072594896602618	-1.709451191311556	-0.06928238608479347	0.4825667664229012	-0.3244078896262489	
9.353743719637876	0.5608317959809576	-1.8400110566722065	-0.08354435167589809	0.46632780543606067	-0.3094086846140997	
9.419911015455508	0.44851158874612596	-1.9513957295418336	-0.08563169477768132	0.45819019258043187	-0.30148355691625045	
9.48638358879244	0.3732659481547982	-2.043486636209241	-0.07886455134522553	0.4574974659590045	-0.29904285498677813	
9.552216796875708	0.33453681588748385	-2.1171440600892666	-0.06687894418196517	0.46373096243695144	-0.3005192345486034	
9.617101812071178	0.32880139377829104	-2.173917018739253	-0.05322717071356128	0.4764468718544268	-0.30448717131945796	
9.6811824217521	0.35032281407117566	-2.2157526757304042	-0.04104898152335279	0.4952181929766626	-0.3097511290533997	
9.744863924541333	0.39200073550880365	-2.2447182278373248	-0.03283598368551441	0.5195903059434318	-0.3154008943046959	
9.80863094584513	0.4462349063345333	-2.262751745667873	-0.030297711147342848	0.549055174516755	-0.32083515642351995	
9.87288998781048	0.5057210360213215	-2.2714590481267054	-0.03433006818114576	0.5830467145637618	-0.3257542370249321	
9.937847418460207	0.5641019734593237	-2.271969019391491	-0.045072367948156146	0.6209561781407382	-0.3301265818409256	
10.003427865787193	0.6164194269636962	-2.264851222516042	-0.06203216000954226	0.6621630597625124	-0.33413571005327836	
10.069239844047331	0.6593239854663147	-2.2500989558913482	-0.08425468971328916	0.7060747686092503	-0.33811500318152055	
10.134598077215749	0.6910306599251703	-2.2271808759828815	-0.11050837753522345	0.752166837076852	-0.34247859282841947	
10.198611369866864	0.7110537213171874	-2.1951610964959287	-0.13945649487821477	0.800015958324733	-0.3476557476298056	
10.260338265403709	0.7198021325189511	-2.1528791155352875	-0.16979052579181086	0.8493206692710246	-0.3540341932025567	
10.319000340378377	0.7181451969412281	-2.099170539646468	-0.20031289130791255	0.8999082395319912	-0.3619154134943944	
10.374227313473352	0.7070528227134033	-2.0331043889258527	-0.22997182358539867	0.9517295323067128	-0.37148329598833496	
10.426291429185532	0.68737969637576	-1.9542127280851627	-0.2578637055639458	1.004845793251763	-0.382786751263832	
10.4762921238321	0.6598040177588819	-1.8626990845280562	-0.28322409801005966	1.05941270798456	-0.3957348932960903	
10.52626507856087	0.6248867143259785	-1.759617485610738	-0.30542382687337466	1.1156653140606574	-0.4101033450277811	
10.579209299464633	0.5831950101780801	-1.6470138378026737	-0.3239793794081743	1.1739061119871907	-0.4255501346916487	
10.639043405631217	0.5354263317947645	-1.5280200451586352	-0.3385795376915579	1.2344978716853139	-0.44163980016697374	
10.710508771356043	0.48247315091385506	-1.4068901514491718	-0.3491236298348239	1.2978621910684565	-0.4578747020822686	
10.799030986591195	0.4253849380458849	-1.2889683447379547	-0.3557614089444433	1.3644842623883005	-0.47373293817870643	
10.910538021929115	0.36520937440091195	-1.1805805310896567	-0.3589207485996107	1.4349229100415606	-0.4887125991785325	
11.051224225872044	0.3027356667237816	-1.0888389427450715	-0.3593061885992845	1.5098219440909064	-0.5023814181677588	
11.22725943514724	0.23820928307250386	-1.0213602385842429	-0.3578571727713948	1.58991651677167	-0.5144295540976105	
11.444451195057953	0.17110615316284228	-0.9858987156737264	-0.3556637769383095	1.6760272001966525	-0.5247225353747782	
11.707875686094788	0.10004626058064867	-0.9898997671498074	-0.35384711061454077	1.769035304429071	-0.5333499834940111	
12.021492856583023	0.022895101913989444	-1.0399859834489573	-0.3534198030057752	1.869835621732298	-0.5406648401536112	
12.387752684276872	-0.0629409115738082	-1.1413951765480606	-0.3551459309511958	1.9792660292735647	-0.5473075787830347	
12.807189646777635	-0.16005825624745113	-1.2973979571269492	-0.35941944366757256	2.0980161466724305	-0.5542102533839641	
13.277996729344148	-0.2704975212549922	-1.508730701804433	-0.36617629169145494	2.2265185358746673	-0.5625761497593507	
13.795582957766635	-0.3951531770266493	-1.7730997973525868	-0.37485182490485425	2.364827323672352	-0.5738309924683788	
14.352146679566786	-0.5332335461359968	-2.084837303629238	-0.38439058436824214	2.5124929515307755	-0.5895438917166159	
14.936300241628846	-0.681832051877019	-2.4347691977593393	-0.3933074013470887	2.668441260236832	-0.6113201534100194	
15.532812828430608	-0.8356589891724288	-2.810360653601713	-0.39979925736977323	2.8308681339040347	-0.640669228569563	
16.12255497400128	-0.9869718727001704	-3.1961840609738124	-0.4019063713110453	2.9971621923097214	-0.6788542900440405	
16.68273565893596	-1.1257334315290246	-3.5747298079766447	-0.3977202274270867	3.163868102387335	-0.7267328497005162	
17.187512673932105	-1.2400227428389488	-3.9275479197413103	-0.38563448338250295	3.326702221941078	-0.784600350299059	
17.60902367882915	-1.3167271544677595	-4.236667385031026	-0.3646303705691793	3.4806301593211524	-0.8520502197461157	
17.918836084009747	-1.3425521277343313	-4.486188634320856	-0.33458030811419953	3.6200123263827435	-0.927863865673302	
18.089733153004637	-1.3053720554142192	-4.66384305760248	-0.2965297780094953	3.738818036397488	-1.0099488646606014	
18.09766675046665	-1.1958753930070696	-4.762256384719801	-0.2529016015205052	3.8308923490632454	-1.09533743158581	
17.92370011968916	-1.009357995479918	-4.779680964920376	-0.20755749960624698	3.8902580131208526	-1.1802575155617938	
17.55575680312355	-0.7473788718379423	-4.720035136479454	-0.16565498131745715	3.9114368999850866	-1.2602892227405988	
16.98998736759015	-0.41889639238076803	-4.5922193679354635	-0.13326380235770016	3.8897756890146566	-1.3306124228312481	
16.231570869293915	-0.04051002707533438	-4.408832811839034	-0.11674976630054731	3.8217549213641986	-1.3863382998791456	
15.294804488479414	0.3644342115632242	-4.184547880658579	-0.121987005172521	3.7052499648947608	-1.422899312179591	
14.202422046643125	0.767882185667708	-3.9344626733268147	-0.153508444714264	3.539706659766306	-1.4364546100004274	
12.984173502656551	1.1400003178826612	-3.6727142687419967	-0.21374473884909911	3.326194585606006	-1.4242523264114608	
11.674845382434183	1.4524641916814838	-3.4115253822364155	-0.30251430627895787	3.0673214909268687	-1.3848846218040887	
10.31202116090838	1.6815171844524328	-3.160682556002864	-0.4168612086102893	2.76703176696962	-1.318397322772978	
8.933861171035323	1.810323096397779	-2.9273279475712513	-0.5512700672506038	2.4303289963102084	-1.226239202188668	
7.5771444966549915	1.8302957926651295	-2.7159069631978627	-0.6982095082735609	2.062975590470812	-1.1110670439480235	
6.275707487098827	1.741302694519017	-2.528177055155147	-0.8488941289703492	1.6712117474240589	-0.9764496714395755	
5.0592959729483775	1.5508532813597338	-2.363319157215074	-0.9941268724083161	1.2615050710488265	-0.8265262545022038	
3.9527785033759164	1.2725505481448587	-2.218300911448729	-1.125093259906377	0.8403093219434672	-0.6656676899729851	
2.975670054725563	0.924157227252884	-2.0886171756000884	-1.2340177314830294	0.4138002604610367	-0.4981709280744517	
2.1419816319672496	0.5256115598368334	-1.9693597610948874	-1.3146286989068552	-0.012411645523031319	-0.32800434308465043	
1.4603716945987282	0.09727817717136131	-1.8563774149025918	-1.3624295974784273	-0.43355102799580736	-0.15861635899945206	
0.9345609913413446	-0.34142541899835066	-1.7472712486724584	-1.3748019907362674	-0.8458782809992652	0.007187091092444562	
0.5639624929910388	-0.7729802302497646	-1.6420364668511251	-1.3509728975928437	-1.2467834784550686	0.16729626929063546	
0.34447302157808946	-1.182325383719511	-1.543256369847549	-1.2918797381486522	-1.6347619052636913	0.3202901416289752	
0.2693782701269333	-1.5571093359255688	-1.455846710320097	-1.1999618828396545	-2.0092833423430454	0.46538015554968215	
0.33032453455455646	-1.8877328996874152	-1.3864177135317688	-1.078901139964406	-2.3705825346006946	0.6023185063283065	
0.5183040851720316	-2.1672699246676537	-1.3423589979493653	-0.9333270436320025	-2.719403948748042	0.7312824364078738	
0.8245835868529137	-2.39130691336993	-1.330763412992085	-0.768495726679412	-3.0567310441005913	0.8527431444766228	
1.2414754163310684	-2.5577116266230684	-1.357319328453947	-0.589957358455678	-3.383528582999397	0.9673296404023478	
1.762865635225348	-2.6663299628769597	-1.4252787617680909	-0.40323204552462955	-3.7005176310764387	1.0756976068264472	
2.3844361345818754	-2.718599904084638	-1.5345916024651036	-0.21351507287150748	-4.007994882589227	1.1784107763390488	
3.103549444414088	-2.7170889655110475	-1.6812820898720944	-0.02543495964278826	-4.305703476758088	1.2758417422857027	
3.918800864049936	-2.6649782628682597	-1.8571206964507931	0.15711610295705278	-4.592756938597775	1.3680973469336855	
4.829275769191373	-2.5655277576197695	-2.0496198913460164	0.331067906757525	-4.867612931691889	1.4549716922095985	
5.833578218399326	-2.421563400127207	-2.24236124790266	0.494173207350456	-5.128089561995742	1.535927573454268	
6.928718352075151	-2.2350324938255612	-2.4156518276685564	0.6449341540453524	-5.37141469050341	1.6101053617067909	
8.108985382387488	-2.0066904407216692	-2.5475014898483304	0.7824719877329313	-5.594299919848858	1.6763583430565012	
9.364928005666764	-1.7359745381653626	-2.6148570939444373	0.9063689891558171	-5.793028939763764	1.7333099663034222	
10.682547706265447	-1.4211102420348687	-2.5950317827819744	1.016504768888797	-5.963559173859433	1.7794294631978336	
12.042811791633394	-1.0594811487794429	-2.4672587500393055	1.1129042703621708	-6.1016402380372154	1.81312137498793	
13.421589929225084	-0.6482649188669082	-2.214287810058899	1.195611005670326	-6.2029516365466355	1.8328231383612175	
14.790100669718496	-0.18529597959880545	-1.8239272526847086	1.2645933832485663	-6.263257619716927	1.8371046439490744	
16.115913060408836	0.32993183901059137	-1.2904174260211063	1.3196843868756407	-6.2785727920954155	1.824764509492526	
17.364486653232674	0.8952477999561532	-0.6155294747086562	1.3605473357498408	-6.245331954967658	1.7949191622536673	
18.501162899976443	1.5049368221820574	0.19072872760020537	1.3866591266890667	-6.160559003563949	1.74707900005546	
19.49342731970639	2.1491856613847227	1.1098766356245846	1.3973090788191282	-6.02203508347252	1.6812048525084096	
20.313181664285132	2.813932402395674	2.1152103675551377	1.3916177293037966	-5.828462649174989	1.5977389947213532	
20.938953031807305	3.4811722629479434	3.172576849401656	1.3685969988054294	-5.579650972037979	1.4976105052196456	
21.357293651072844	4.129677188480045	4.241674556494284	1.3272357334956106	-5.276630922782262	1.3822002867759617	
21.56456405460464	4.736145562493601	5.277892989094527	1.2666870476429506	-4.921921698260112	1.2533045250278312	
21.565840578608	5.276484204624432	6.234563278923684	1.186379324405187	-4.519404796308844	1.113020115985163	
