20.847765145929078	7.223787891750583	8.721309734393179	1.4159025055376089	-3.4123283456587625	0.9148525419873514	
20.32289456431885	7.9011173091898765	8.909764297507149	1.2509230686421378	-2.9198863523104452	0.7773182387344343	
19.68609751941396	8.36964993763491	8.859460741315967	1.048387137676387	-2.418801338981882	0.635091284739531	
18.96790570150652	8.602642183275218	8.562463722476249	0.8167789013079616	-1.9188524394589654	0.4898846240701836	
18.199958919844832	8.58351208149912	8.021946877759275	0.5664392602676578	-1.4296349830361346	0.34333439972526875	
17.4138796232699	8.309164725408348	7.255304983267454	0.3094501074437443	-0.9601037426141777	0.19690211097647112	
16.639397684202685	7.789984545027178	6.293356617018253	0.05869204415473804	-0.5180721007910553	0.0517884681105151	
15.90293687856215	7.050296052469287	5.179876355132532	-0.17284234876431265	-0.1098330888344448	-0.09112064489029661	
15.226210542785184	6.127549301963626	3.9693102042292927	-0.37289300144508264	0.26009644778812613	-0.23126435476578402	
14.625033636398825	5.070760214979418	2.7232802353135264	-0.5307414103968878	0.5890483645196782	-0.3683606531684119	
14.10840826606719	3.9379051294426235	1.505739931158391	-0.6379820622852203	0.876060678004309	-0.5022957711183963	
13.678062528004324	2.792359489944319	0.37733545907152916	-0.6891892248269059	1.1215398294670753	-0.6329549788479149	
13.3286229532967	1.6985295504630962	-0.6102459878680928	-0.6824406531352508	1.3268145514914977	-0.7600144571118712	
13.048578675320323	0.7169009191032991	-1.4189859719861766	-0.6196289189320173	1.493699655608512	-0.8827274672886444	
12.821990936766966	-0.1010569979952352	-2.0274174721156317	-0.506478336072003	1.624186050211586	-0.9997517345053165	
12.63068689423627	-0.7174840933100928	-2.4312104915372874	-0.3522006171955752	1.7203143187123224	-1.109068919857231	
12.456570943291915	-1.1114549315189048	-2.6415810505229036	-0.16877464146646404	1.7842062843604443	-1.208036507922876	
12.283739491771861	-1.2803095912997102	-2.6821153454193083	0.030089546442169168	1.8181723842090496	-1.2935879185035326	
12.10012706620568	-1.2385693826251316	-2.5847966201971833	0.23014454736865092	1.8248173521709556	-1.3625519165477367	
11.898484965168775	-1.014955657058132	-2.386031406699782	0.41775057805813487	1.8071112944665448	-1.4120204618832903	
11.676574543296004	-0.6482939761664588	-2.123066305588112	0.5808444951393048	1.7684147444922955	-1.4397009743236522	
11.43661177954911	-0.18311466521204722	-1.8310183173658638	0.7096709567356848	1.7124492667908289	-1.4442052126031717	
11.184180715307752	0.3344230317622553	-1.540623234762802	0.797272700863107	1.6432096952295432	-1.4252459814797873	
10.92693074132755	0.8599454309064125	-1.2767265384984725	0.8397693888430515	1.5648235194013866	-1.3837280718887701	
10.673334649698049	1.3535503948070162	-1.0574819733644405	0.8364588269586462	1.481373011616293	-1.3217305475986914	
10.43165042377547	1.781796777895083	-0.8942285458151207	0.7897315807637576	1.3967024567850252	-1.2423778688961165	
10.20911792726226	2.1190752424067654	-0.791915143420919	0.704798241721191	1.3142315057217293	-1.1496199059374725	
10.011373290787452	2.348458493017567	-0.7499096553177624	0.5892380276774961	1.2367877578344764	-1.0479502283727418	
9.842095778483996	2.4620501012637868	-0.7630796988748361	0.45237635932820414	1.1664778172265902	-0.9420899699400428	
9.702907832848036	2.4608358983892518	-0.823018823962902	0.30452523112659907	1.1046197890474307	-0.8366677593529253	
9.593516932052161	2.3540345317424256	-0.9192877292912287	0.15614149419620527	1.0517533090046984	-0.735923959360017	
9.512043022436364	2.157945243299602	-1.0405538633810616	0.016974106346431466	1.0077262518945695	-0.6434615385688776	
9.455454275611814	1.8942866165353272	-1.175555074303099	-0.10471549498702479	0.9718403513630571	-0.5620607131027516	
9.42003666705752	1.5881050247266744	-1.3138451528754866	-0.2027507336363253	0.9430267527160806	-0.4935748374082105	
9.401834175409649	1.2655044416937709	-1.4463203796718116	-0.27339492316756714	0.9200186862029455	-0.43890475336994983	
9.397026751352133	0.951431375432589	-1.5655445654741342	-0.3154435430412436	0.9015028677823635	-0.3980459664638283	
9.402217708820949	0.6677407817933108	-1.6658943987944883	-0.33006920860325784	0.8862369081099014	-0.3701978329728147	
9.414613928413955	0.43170916826457234	-1.7435616154411762	-0.32046510905955555	0.8731261177943055	-0.35391949536870965	
9.432101335581192	0.25508475389088103	-1.7964600113246012	-0.29134861203485496	0.8612597880560873	-0.3473151660815026	
9.453238600641896	0.14369410244582617	-1.82408631354181	-0.24838806973993907	0.8499140343821019	-0.3482314095437437	
9.477196635114648	0.0976252633795675	-1.827358075627904	-0.19761009662936532	0.8385331080057138	-0.3544496683232952	
9.503670568541962	0.11190323119655378	-1.8084433893761382	-0.14485305105689153	0.826705312272368	-0.363855432485781	
9.532778252388454	0.17752869602091487	-1.7705808703590813	-0.09530903889659857	0.8141460822016009	-0.37457462197396907	
9.564952235690654	0.282752028805322	-1.7178781717425682	-0.053184150303039565	0.8006952911528582	-0.38507226974595854	
9.600831609072005	0.41442922489334993	-1.655078863424006	-0.021495249674814344	0.786331751514652	-0.39421157732338685	
9.641157285770658	0.559309039885322	-1.5872898528266663	-0.0020056223303366997	0.7712034060954764	-0.40127459708236113	
9.686671071399152	0.705125398223942	-1.5196672987731483	0.004714890021809038	0.7556676162694408	-0.4059487956482245	
9.738019534979797	0.8414024270969162	-1.4570683218725704	-0.0008706894635681188	0.7403316250326868	-0.4082848139357783	
9.79567300588617	0.9599087935468406	-1.403697047230823	-0.01749308294885856	0.7260790784997224	-0.40863231613196466	
9.859874776322917	1.0547900816619156	-1.3627766643106234	-0.04332168313728839	0.7140724934769114	-0.4075650580159461	
9.93063588101261	1.1224445816043713	-1.3362805201279584	-0.07619677576241901	0.705723458924914	-0.40580149091675755	
10.007786734222757	1.1612295064566156	-1.3247583923662005	-0.1138254767810862	0.7026274412796216	-0.4041263660106947	
10.091088586812292	1.171090899407675	-1.3272900967420553	-0.15392897041837414	0.7064667130760811	-0.40331771412652706	
10.180397279937038	1.153199196957328	-1.34158741978501	-0.19434104629736262	0.7188914626572369	-0.4040826082171727	
10.27586232822526	1.1096492960093578	-1.3642504362924577	-0.23306936265435527	0.741393185136491	-0.40700411580989493	
10.37813120117498	1.0432472005969466	-1.391175295176632	-0.26833668234716174	0.7751887935591928	-0.41250260674803807	
10.48852559473494	0.9573708341216013	-1.418079509801524	-0.2986210430085169	0.8211319868998921	-0.4208125107007237	
10.609163393898172	0.8558555554772139	-1.4411041405798084	-0.32270655674127746	0.8796619116527028	-0.43197382502500126	
10.743002064715194	0.7428497795870652	-1.4574356813642226	-0.339745258540188	0.9507957703456374	-0.44583814386853476	
10.893787631420738	0.6226037992925689	-1.4658710782254987	-0.3493216705540254	1.03416592384796	-0.4620888882609186	
11.0659078248088	0.49918226701903917	-1.4672446169698763	-0.35150598932351373	1.1290952009971884	-0.4802754700969796	
11.264164918421162	0.37611907254889215	-1.46464932425795	-0.3468807010308876	1.2346983137536078	-0.4998609602233009	
11.493493435641057	0.25606066935078653	-1.4634003814840948	-0.33652572699926575	1.349994882564588	-0.5202824576009921	
11.758648078212214	0.14047171388682764	-1.4707199825730342	-0.3219526820618485	1.4740174203347538	-0.5410201992988238	
12.063864076236053	0.02946325814905324	-1.4951876086418272	-0.30499197438160003	1.6059001695856938	-0.561669583472897	
12.41247270934377	-0.07820586705560201	-1.546002265838602	-0.2876373331724348	1.7449383092620205	-0.5820098756750051	
12.806460924642648	-0.18492042352999377	-1.6321151152706674	-0.27185838323412975	1.8906075734402152	-0.6020619196675351	
13.245983155695821	-0.29378452675513894	-1.7612953946666874	-0.25939867076231227	2.0425369284840116	-0.6221266410320978	
13.728856822629698	-0.4080071979222351	-1.939196913882857	-0.2515827065181491	2.20043192424621	-0.6427967288315419	
14.250086611289765	-0.5301584126429982	-2.168496781306893	-0.24915819448541837	2.3639528870916537	-0.6649355794476258	
14.801493672319493	-0.6614109574762955	-2.4482231058757464	-0.2522039318743962	2.532563202509041	-0.6896187429504509	
15.371484865279035	-0.800905073434177	-2.7733550590992175	-0.2601169156018392	2.7053716223539457	-0.7180414391735541	
15.944975423333837	-0.9453388660704856	-3.134742678777361	-0.27167683131158343	2.8809889619831672	-0.7513978708028454	
16.503485182839253	-1.0888511169453616	-3.519380302057468	-0.28517888162183386	3.0574150545724854	-0.7907399360089735	
17.025436306514678	-1.2232132378700256	-3.9110412161199766	-0.2986204213358546	3.23196558930103	-0.8368256031522873	
17.48669661937575	-1.3383043871274285	-4.291261395047537	-0.30992637092351644	3.401242871293671	-0.8899688703579199	
17.86142364866364	-1.4228225030606745	-4.640644159774505	-0.31720143178485605	3.561150829555109	-0.9499031598366743	
18.123264214950208	-1.4651933674173407	-4.940433126341742	-0.31899819817319236	3.7069582312966047	-1.0156728725432527	
18.246882255338445	-1.4546333001004328	-5.17419760020213	-0.3145805918811086	3.8334155300804476	-1.085570299673736	
18.20971054986194	-1.38233214956785	-5.329416441101218	-0.30415991447623664	3.934926133351161	-1.1571248289446474	
17.993779435752355	-1.2427157231909531	-5.398716012136715	-0.2890668907960864	4.005776539802508	-1.2271534461020535	
17.587431659093525	-1.034690710024612	-5.380533378881203	-0.27181075709794456	4.040422035955856	-1.2918788515239708	
16.98671884046053	-0.7627051094727761	-5.279072574064647	-0.2559748134867403	4.033813581668675	-1.3471177187951064	
16.196291282625477	-0.43739422536211786	-5.1035723984522905	-0.24591238732946896	3.981738743074228	-1.3885353283633743	
15.229638241990711	-0.0755502733325901	-4.867058020197644	-0.2462377941306148	3.8811395518893117	-1.4119546868254849	
14.108547721089428	0.3008395596817407	-4.584846970418108	-0.2611688534422558	3.730351820335203	-1.4136891691797049	
12.861893371041269	0.6664463560190654	-4.273120498535551	-0.29385074207511114	3.5292343500625263	-1.3908560903664065	
11.52391744672989	0.9950893178803677	-3.9477187046462774	-0.34580011649966724	3.2791805275084682	-1.3416354691052603	
10.132207616068856	1.2624566192703994	-3.6232237137935015	-0.4165866838427341	2.983019293824837	-1.2654426001163366	
8.725593164386256	1.4485928032059912	-3.3123283723121477	-0.5038138651110272	2.6448275299791315	-1.1629923396965027	
7.3421709151820265	1.5397553819437555	-3.0254257671439224	-0.6033900667707325	2.269685149435359	-1.0362465177634002	
6.017618464012949	1.5294085894669966	-2.7703138467728716	-0.7100203005722222	1.8634075186144685	-0.8882539382887719	
4.78389730449971	1.4182765261100072	-2.551953370817241	-0.8178145090597313	1.4322811831352966	-0.722906640774579	
3.6683830787910843	1.213580687987282	-2.372353555609641	-0.920886615722073	0.9828161444807891	-0.5446546843628274	
2.693342541331922	0.9277686938989882	-2.2307270459662396	-1.013852189380436	0.5215078037739119	-0.35821809839473884	
1.8756864640600837	0.5769913692653085	-2.1240039033016167	-1.0921867696446157	0.054596657955928746	-0.16831258019768244	
1.2269395356124007	0.17955507304981297	-2.047643636295334	-1.1524414418735158	-0.41216740853620387	0.020598577299652854	
0.753383780172378	-0.24549502298563095	-1.9965712088699452	-1.192337374249294	-0.8737314620745429	0.20451533948063455	
0.45634778382970753	-0.6795897873367867	-1.9660365789031387	-1.2107707633854916	-1.325885409817315	0.3800648955279498	
0.3326356517835273	-1.1056542785634695	-1.9522506040957326	-1.207754969355125	-1.7653261814610375	0.5446130863986738	
0.37514051532461423	-1.5089451557843363	-1.9527098542663592	-1.1843071870895554	-2.1896316382858334	0.6963157398279655	
0.573631475829979	-1.8777266155123917	-1.9662043687172326	-1.1422904544899992	-2.597165562886061	0.8341152448235968	
0.9156992165785165	-2.203769521636716	-1.992546479499773	-1.0842113239244757	-2.9869366227795844	0.9576864829446086	
1.3877981735956924	-2.4826140060393236	-2.0320769893386332	-1.0129754789424936	-3.358431433306411	1.0673362574558203	
1.9762738812043306	-2.7135258445423873	-2.085021862946071	-0.9316119445282921	-3.7114398289424706	1.163865174877848	
2.6682435320246674	-2.8990946416878036	-2.150781495729087	-0.8429854965689308	-4.045887117837953	1.2484059546700996	
3.4522123436886742	-3.044463032078119	-2.227233763557767	-0.7495238738745311	-4.361684628236304	1.3222555724179221	
4.318340243545202	-3.156220165731744	-2.3101441921991275	-0.6529951844242317	-4.658607448881633	1.3867188524966159	
5.258344008598503	-3.2410907343696036	-2.3927809176181754	-0.5543710439567131	-4.936205127019372	1.442980269737675	
6.2650991098022315	-3.3045880004536317	-2.46578682411788	-0.4537887606180259	-5.193741036413085	1.4920108807040806	
7.332013761228603	-3.3497853981784402	-2.517342219979817	-0.3506157758678877	-5.430153193590784	1.5345114002497389	
8.452253759523616	-3.3763541319152837	-2.533615654538033	-0.2436092434300994	-5.6440309910210145	1.5708896867571278	
9.617899736504457	-3.379988845285464	-2.4994709573983545	-0.1311561994954087	-5.833607022519714	1.601268128734417	
10.81912513282618	-3.3523109014877917	-2.3993822835934795	-0.011574162104968436	-5.996767940894183	1.6255140108703112	
12.043496715467299	-3.2813117126510987	-2.2185086967020546	0.11655275291225764	-6.131090039648608	1.643284357611493	
13.275540788237329	-3.1523667685540144	-1.9438454110864232	0.2540428949456937	-6.233902333545741	1.6540768164503112	
14.496659553438269	-2.949714543985056	-1.5653528725060069	0.4008327481260702	-6.3023686315461305	1.6572777030800825	
15.685436428732876	-2.658257665627043	-1.0769801739176212	0.5557694925099048	-6.333580908279008	1.6522046999636633	
16.818323316883546	-2.265490261889516	-0.47751226799929236	0.7165024632509179	-6.32465963032315	1.638145046071419	
17.87065593977291	-1.7633232640701946	0.22880031163636258	0.8794843368364622	-6.272862085260458	1.6143915237611122	
18.817909570383634	-1.1495883624984506	1.0318438288808083	1.0400822464700525	-6.175704681871405	1.5802782810844933	
19.637097579593696	-0.4290582613244446	1.9154700099801367	1.192791249207169	-6.031109485167835	1.535217394507529	
20.30819498471015	0.3861550081959576	2.857588758631917	1.3315424278650578	-5.83758270885073	1.4787353202870488	
20.815412223417827	1.276849825997823	3.8305489365909153	1.45007335731494	-5.5944152903640045	1.4105064442126996	
21.148322759938473	2.2175287184136	4.801834937228117	1.5423638875692933	-5.301926160085701	1.330390586642258	
21.302370102086535	3.1776517099363715	5.735062492702417	1.6030047554885976	-4.961625512862535	1.2384562708489673	
21.27974868735538	4.1231931600682294	6.591475695965961	1.6277740761634711	-4.576561001884859	1.1350462163793018	
21.08823051477672	5.018429814052639	7.331517403324215	1.6136934706114987	-4.151155041468461	1.0207546299878063	
