21.681044619947865	6.543137342640087	8.312151839958332	1.5583192116708713	-3.82930768846069	0.855913464609586	
21.24829046818655	7.153753712318452	8.682577109195181	1.4459261318706629	-3.3074358765772014	0.6886360617183466	
20.681090487959988	7.581172839638875	8.785167464761777	1.2943458712455522	-2.7678080758952537	0.518080657640132	
20.014723830121326	7.799933956512612	8.607874542898836	1.109676904107849	-2.220943073086805	0.3467922205247883	
19.28583013358913	7.793940099302891	8.15390991245413	0.9001337215641716	-1.6774638171883252	0.17717698909431856	
18.530616311535248	7.559403760617655	7.4449373742885765	0.6760202019605572	-1.1476191149151413	0.011388931022363213	
17.782237862663703	7.105279120727129	6.519438280646788	0.44895076157418334	-0.6406871686018527	-0.14876217744080067	
17.068755739914383	6.45385369576487	5.43107446800956	0.23121774548299626	-0.16455860474950929	-0.30188577442739273	
16.41129571999493	5.64014284984651	4.244719875132877	0.03494144130311104	0.274531835976132	-0.44704623823408673	
15.82277786397578	4.710420875499582	3.0311551177801874	-0.12882068819191622	0.6720537440472748	-0.5837430613187921	
15.307290547830311	3.719637360152805	1.8606127542070694	-0.25100526958903113	1.0250206525513716	-0.7118159603367566	
14.860318772499909	2.7276637327308	0.7960302132942607	-0.3254254221927418	1.3316604156787786	-0.8312657429094359	
14.46996864205523	1.7944961314134096	-0.11285620762472298	-0.34949202578702054	1.5910320310208148	-0.9420124961318529	
14.11914569736403	0.9747889157602396	-0.8335421442047055	-0.3246437524902914	1.802732062336664	-1.0436453469636442	
13.78841838510157	0.3123917635486641	-1.352285232839196	-0.2563493429413453	1.9667805165883019	-1.1352363932009901	
13.459119462874055	-0.16415752141021592	-1.67313747639961	-0.1536080048285398	2.083685119432743	-1.215285277285709	
13.116220441011105	-0.44422504583326394	-1.8150367789706638	-0.027982585851711976	2.1546121310473447	-1.2818274796665134	
12.750566013070504	-0.5351433099518708	-1.8077821866156933	0.10768465477978292	2.1815777554358964	-1.332690990909104	
12.36010402805704	-0.4597531815635121	-1.6876729031222881	0.24064938308274975	2.167601950941073	-1.3658416719901658	
11.949818681581887	-0.2520714019829207	-1.4933515719000858	0.35950515765939706	2.1167891849044507	-1.379735343246117	
11.530332493690976	0.0478307370878828	-1.2621851295134177	0.45509901695429844	2.034298218202388	-1.3735980602844264	
11.115624611540165	0.39861258725214566	-1.0273711671844137	0.5210603189870004	1.9261800871291235	-1.347595480246304	
10.720493560113919	0.761481877301104	-0.8158797929418662	0.5539774855147449	1.7990849971586416	-1.3028846798754206	
10.358333127523135	1.1028272179685208	-0.6473208829687696	0.5533046630363438	1.6598702746039689	-1.2415581738951806	
10.039559119330907	1.3957720295776492	-0.5337254736492527	0.5210912550910729	1.5151624457643988	-1.166498502314361	
9.770778858586269	1.6209210273482388	-0.4801038423993191	0.46160463460244133	1.3709327209875388	-1.0811660251160482	
9.554641747531367	1.7665731154489621	-0.48555586681914736	0.38087811993655446	1.2321431944991617	-0.9893454839127879	
9.390246589666726	1.8285788701227705	-0.5446879151960046	0.286183392240642	1.10251547085758	-0.8948782717996043	
9.273947115774323	1.8098651663846324	-0.6491154189621721	0.18541485547615402	0.984467682020298	-0.8014085237444016	
9.200310712629106	1.7196049660023016	-0.7888253487443242	0.08640776201271926	0.8792244004162819	-0.7121696061675555	
9.162996185231474	1.5719941634356778	-0.9532625767945244	-0.003756667183887896	0.7870549964439171	-0.629825775477337	
9.15541761586176	1.38462969459473	-1.13211416119801	-0.0793779037727967	0.7075728072754974	-0.5563763713188415	
9.171179003432812	1.1766081023337365	-1.3158405607563828	-0.13660402356682136	0.6400256908867382	-0.49312324839748894	
9.204351206840526	0.9665791159183486	-1.4960320912678386	-0.17367220593823757	0.5835299923829573	-0.4406956475254786	
9.249677420710633	0.7710317024969608	-1.6656489653095838	-0.19089634945012976	0.5372290770060129	-0.399121032634355	
9.302747683492601	0.6030261726836095	-1.8191652195682684	-0.19042444092357136	0.5003802394372099	-0.36792650819107214	
9.360123037140076	0.47145895158762996	-1.9526110319386434	-0.17581923339803648	0.4723832840733793	-0.3462557930688009	
9.41936356356841	0.3808406561217404	-2.063508534365907	-0.15153223030290816	0.45276435519929276	-0.33298934604683805	
9.478948269599284	0.3314797702212934	-2.1507302252167833	-0.12234842663934895	0.4411288670088725	-0.32685769929546193	
9.538109725984203	0.32000279077182625	-2.2143152251176694	-0.09285900807473274	0.43709684232616275	-0.32654429522906137	
9.596628822405421	0.3401650144644946	-2.2552764556632554	-0.06701341984232329	0.44023605410400457	-0.3307745508612294	
9.654632595612972	0.3838931210814451	-2.275416184520208	-0.047792809391726435	0.4500091789983332	-0.3383875503465629	
9.71241727241903	0.4424592122348082	-2.277148135132048	-0.03703270352839531	0.4657482148558647	-0.34838672945434873	
9.770296619146952	0.5076408402749202	-2.2633134311766154	-0.03540458591406142	0.48666259744192236	-0.35996712967800903	
9.828468641431979	0.5727026077262253	-2.2369807526767636	-0.04254598901930179	0.5118790333465811	-0.37251957540235753	
9.886907634905874	0.6330335226839208	-2.201235572769208	-0.057312312389352915	0.5405042177242786	-0.38561465485657465	
9.945301435792162	0.686333688084911	-2.1589798280122787	-0.07809524822087892	0.5716973249495654	-0.3989737820577427	
10.003047262669508	0.7323425903058496	-2.1127642377883253	-0.10314491863080144	0.6047404021963796	-0.41243561923009286	
10.059307985958595	0.7721920391382844	-2.0646690379038066	-0.13083694487041322	0.6390963413453857	-0.42592476843811145	
10.113122253502702	0.807555831845209	-2.0162357331870266	-0.1598391374325814	0.6744458724303312	-0.4394274990894657	
10.163557980546376	0.8398145925991307	-1.9684402374801722	-0.18915852866333072	0.7106979395337216	-0.4529760395328358	
10.20989689780291	0.8694376538136177	-1.9216951926178627	-0.2180803116583351	0.7479718842687895	-0.46663990398172656	
10.251837091596371	0.8957064858988824	-1.8758779286374476	-0.24603673110278407	0.7865548736662985	-0.4805208800239178	
10.289698438337126	0.9167994885807171	-1.8303955065644337	-0.2724577655721663	0.8268428723237539	-0.4947479245653254	
10.324606553622518	0.9301581899905875	-1.7843053311582526	-0.29665431913363705	0.8692779782902121	-0.5094689723145592	
10.35862901362154	0.9329996891594807	-1.7364988962573795	-0.3177652707479044	0.9142952641329744	-0.5248381931947312	
10.394836285694526	0.9228598845252891	-1.685942404035825	-0.3347795078709879	0.9622878208109994	-0.5409987040793641	
10.437270218871172	0.8980726442619378	-1.6319536063628715	-0.3466308667154042	1.0135946165956404	-0.5580622374109907	
10.490817985538966	0.8581021277311665	-1.5744897521596242	-0.3523523011560355	1.0685113910507744	-0.5760883330075076	
10.561000817440762	0.803658699551438	-1.5144222530689155	-0.35126346877226317	1.127320761714127	-0.5950665131095565	
10.653692232308163	0.7365619001305551	-1.4537718671671118	-0.3431547101254144	1.1903342687908034	-0.614905752490595	
10.774782315118369	0.6593729712516904	-1.395871717905825	-0.32842569008007466	1.2579365849297683	-0.6354359810863797	
10.929813858516777	0.5748881098662608	-1.345412085786442	-0.30813960564149345	1.3306202269616612	-0.6564256622936907	
11.123628026355105	0.4856310093676217	-1.3083366610486096	-0.28397851515007516	1.4090011813950563	-0.6776154357317796	
11.360051609306833	0.39345784160986697	-1.2915761705418416	-0.25810903533769713	1.4938103749603564	-0.6987643767053864	
11.64164640242365	0.2993413104672599	-1.3026185233846745	-0.23298106255493437	1.585859265897156	-0.719703224850201	
11.969523238861187	0.2033558013306396	-1.3489323682030887	-0.2110900606944377	1.6859804617817833	-0.740387662624786	
12.343205731148613	0.10485219512749076	-1.437278015910939	-0.19473468348863346	1.794946124148567	-0.7609444212499811	
12.76051679960321	0.0027907639384273375	-1.5729565340814669	-0.18579855965619185	1.9133685463139292	-0.7817033220995068	
13.217455197934132	-0.10381090077897455	-1.7590596673715644	-0.18557900300212388	2.041588505307594	-0.8032093865969759	
13.70803780177843	-0.21536876398211677	-1.99579848802367	-0.19468011499678986	2.17955887956098	-0.8262099149533974	
14.224106691853354	-0.3312363365065499	-2.280003801849971	-0.21298128405462405	2.3267341024549384	-0.8516135303041799	
14.755117870753926	-0.4492950586288706	-2.6048604229354835	-0.2396777731667452	2.481973216402836	-0.8804219251377566	
15.287966151350084	-0.5656966497607012	-2.9599348328509345	-0.273386854388569	2.643465069691992	-0.9136357990446573	
15.806922741891588	-0.6748063743452778	-3.3315387042825866	-0.31230848497271607	2.8086838005360653	-0.9521387977263341	
16.293770849415466	-0.7693737205108113	-3.703446645774371	-0.35442752681131984	2.9743821999256976	-0.9965657017350718	
16.7282118431127	-0.8409388340574886	-4.057954376614777	-0.39774446537031055	3.1366296027027696	-1.047163726334062	
17.088577935905676	-0.8804740987622601	-4.3772229601196875	-0.44052123148934536	3.2908983395332583	-1.1036582333476086	
17.352838933706252	-0.8792602848420079	-4.6448127631349605	-0.4815254654942299	3.432197536868548	-1.1651356891315312	
17.499833225247244	-0.8299714141920248	-4.847239602982469	-0.52024120964626	3.5552452673341537	-1.229962370992451	
17.51061430089978	-0.7278824813748296	-4.975345289779878	-0.5570039220466344	3.6546589554360573	-1.29575359856853	
17.3698223938098	-0.5720536643254628	-5.025276073919411	-0.5930166374332018	3.725152149501735	-1.3594076193707325	
17.06698425804229	-0.36628654326597093	-4.998863375084595	-0.6302149712167481	3.761739211192376	-1.4172172966452223	
16.597614950239198	-0.11963376409653438	-4.903263595763852	-0.6709769165630252	3.759956008645065	-1.4650656341755455	
15.963967840931652	0.15371815827019847	-4.7498534137938915	-0.7177099676912491	3.71609653689305	-1.4986988701538215	
15.175289867042457	0.43528091371183714	-4.5525677010761685	-0.7723819427250563	3.627445694376579	-1.51405445087704	
14.247512492582567	0.7037630575456995	-4.3260317254292895	-0.8360800685997133	3.492472377006015	-1.5076062939480421	
13.202395248717105	0.9370384821652846	-4.083892884551532	-0.9086842828146084	3.310943284856641	-1.4766786741928033	
12.066243851454285	1.114241364441899	-3.8376708306991496	-0.9887190961594815	3.0839358637940113	-1.4196791143558962	
10.868390788266243	1.2176588853719954	-3.5962170834607465	-1.0733981930557148	2.813759973744852	-1.3362237439104252	
9.639606771385289	1.2342079300185147	-3.3656912261047838	-1.1588460291033478	2.5038062088905813	-1.227144236770993	
8.41062580382176	1.1563901522716389	-3.149843750316434	-1.2404546502326235	2.158349296981037	-1.0943835682943657	
7.210935503236993	0.9827080443636742	-2.9503744963552143	-1.3133166952475883	1.7823386769644198	-0.9408048582378575	
6.067899319879411	0.7175732980836433	-2.7672345240984284	-1.3726680194726602	1.381199741725239	-0.7699482534803975	
5.00616363358948	0.3707613314083844	-2.598909315000637	-1.4142774874439192	0.9606475624311318	-0.5857706016739118	
4.047221460656604	-0.04351756992689027	-2.442851355229175	-1.4347392051599361	0.5264899289173011	-0.39239100181984454	
3.209042179345354	-0.5078382588725674	-2.29619415584712	-1.43164400124335	0.0843944828934362	-0.19385421857401244	
2.5057544473600015	-1.0029045439291415	-2.1566740822768864	-1.403641450396862	-0.3603709523903923	0.006077337681321427	
1.9474441127727442	-1.5088741859733912	-2.023536363180763	-1.3504173811488325	-0.803180155749442	0.20409209442784454	
1.540134872224981	-2.0065572329153003	-1.8981737623990518	-1.2726115766589983	-1.240216618078755	0.3974465406500096	
1.285987348984307	-2.4784236475205037	-1.7843166776900776	-1.1716966972171723	-1.6685304736805953	0.5840249482130219	
1.1837196743447205	-2.9093925874134827	-1.6877100231839508	-1.0498328020836334	-2.085979131314764	0.7623428732213396	
1.2292276989668836	-3.287388280766457	-1.6153296130359933	-0.90970590672904	-2.4910761003203494	0.9315013272032995	
1.4163619183521154	-3.6036437707880586	-1.5742778708881087	-0.7543558824303497	-2.8827885956650285	1.091101192589237	
1.7377983919232682	-3.8527127398317496	-1.5705456892251501	-0.5869982336244938	-3.2603239601790697	1.2411268100762585	
2.1858922004821015	-4.032166044756834	-1.6078374805760483	-0.4108498426238425	-3.6229371426377206	1.3818116474592075	
2.7533765574838	-4.14200349165433	-1.6865869253864616	-0.22897255936361063	-3.9697760663360158	1.5135017690667987	
3.4337787323686557	-4.183842377651817	-1.8032362051108515	-0.044151557889388154	-4.299770937305646	1.6365309809619366	
4.2214624117831425	-4.159992127022026	-1.949822652902776	0.1411738162540024	-4.61156902575903	1.7511191926561394	
5.111282706269353	-4.072552632559903	-2.1139056386063046	0.324916029759987	-4.903510833151432	1.8572992961760757	
6.097920831760574	-3.9226746325667055	-2.278862402898579	0.505284985711309	-5.173636895162317	1.9548710373650986	
7.175016534516949	-3.7100893241387283	-2.424567535684915	0.6806915336359315	-5.419709264656658	2.0433761467644405	
8.334220230682941	-3.4329589649830896	-2.5284442992236014	0.8496372354601466	-5.639232586153375	2.122089498356056	
9.564285998154798	-3.0880432177999233	-2.5668331435216687	1.0106179346341821	-5.829470557845618	2.190026398560641	
10.850302741227337	-2.6711173782704107	-2.5165661079786763	1.1620544073776167	-5.987466277732699	2.2459676522910805	
12.173171678580163	-2.1775901266906317	-2.3566550563727326	1.3022456321273141	-6.110084014683854	2.288505820794111	
13.509461358116498	-1.6032976909368502	-2.069999695302913	1.4293340381896262	-6.194086607816935	2.316114499125291	
14.831759183850805	-0.9454671474513309	-1.6450079473723946	1.541275289494198	-6.236251128399215	2.3272391258606486	
16.10958050989426	-0.20382612808947861	-1.077004283675848	1.63581324876538	-6.233513041779028	2.320404318150259	
17.3108024721869	0.61821510438679	-0.3692969218333573	1.7104690272369951	-6.1831230696660775	2.2943297157171747	
18.403495979809815	1.5124449363044492	0.4661940867085943	1.7625584788839477	-6.0828055157761165	2.248044908441518	
19.35795897911724	2.4650012764092217	1.4088334813581953	1.7892562563303014	-5.93091569736064	2.180992027416708	
20.148726789392338	3.4559849042580595	2.4297113329076	1.7877244043380784	-5.726603495675509	2.0931057709873264	
20.756350226964166	4.4596086182535375	3.492565011801699	1.7553073008871265	-5.469982485970696	1.984863995904789	
21.168911485627806	5.444948017035735	4.555221763650655	1.6898236875905877	-5.162321424804971	1.8573105102328753	
21.38271607014946	6.377153641164453	5.571354062276436	1.5898465084843887	-4.80615956967366	1.7120302666717169	
21.403172337091146	7.219387598289189	6.493014970170274	1.4552027980972635	-4.405536467493397	1.5511288737751432	
21.2432841308072	7.934669784877235	7.2727804164107805	1.2870547660273843	-3.965822425150542	1.3771049550960326	
