21.545188585100487	5.4109054184582295	7.443830101492445	1.232248103288138	-3.756512237220664	0.8415048740423502	
21.084086218972686	5.826779137454164	7.9772766351855	1.1309725112465039	-3.2558391824265303	0.6755538425677529	
20.496140927954436	6.134119812140403	8.299009099990366	1.0062512023836618	-2.7351021697846822	0.5096095905791731	
19.811683337574905	6.314512266944959	8.388537361003175	0.8600809192501049	-2.2041932159370075	0.3464791729470865	
19.06217232853877	6.3524698003150855	8.235525518234983	0.6957399877634337	-1.67352800333284	0.18869941370264684	
18.27919621619264	6.23713895678681	7.842866803283327	0.5180794134660681	-1.1536760903897865	0.038386815377462545	
17.492771383194118	5.963629623242315	7.226658892752903	0.33338307040435355	-0.6546807087395871	-0.10285811609252475	
16.729958315692404	5.534593775176345	6.41638836756216	0.14924405858081116	-0.18552546892347194	-0.23404926680163066	
16.01348130804729	4.961455736463939	5.453608332287899	-0.025781847053429504	0.24634668204470023	-0.35486917878014945	
15.360614269975057	4.2651492453820925	4.389591177421154	-0.18267456070155358	0.6353399266327533	-0.46567026214967966	
14.78236326260667	3.4760682852715985	3.2818037430304488	-0.31260597452233424	0.9778130755766957	-0.5673980680254602	
14.283036971209675	2.6330106808227765	2.189439894864853	-0.4076977269166538	1.2719593972367749	-0.661420646730995	
13.860242179004882	1.7810768122069043	1.1684612611467189	-0.4618149907397547	1.5174989128035754	-0.7492712343218155	
13.505428360116074	0.9685251598680817	0.2667261006987887	-0.4713196886494697	1.715258081563512	-0.8323299104299648	
13.205079512840184	0.24273959258908265	-0.4800689102453287	-0.4356783429108339	1.8667474238196233	-0.9114936064691502	
12.94251431247614	-0.3543067266321646	-1.0509783553878476	-0.3578032125968244	1.973844639753217	-0.9868994969963609	
12.700097758464928	-0.7904557725693571	-1.440556004591072	-0.24401944893900657	2.038642885030021	-1.057766806286843	
12.461573962359925	-1.0468462646558163	-1.657786395770153	-0.1036076686638505	2.063457285604315	-1.1224029551606713	
12.214209399558673	-1.1196981696473638	-1.7235378997081239	0.05204662893869959	2.050936404938678	-1.1783870059003894	
11.950365879772407	-1.0199268657336344	-1.6670812478148553	0.2105592932283429	2.0042130752690026	-1.222895630138237	
11.668189858404526	-0.7708993633609125	-1.5223495414107249	0.35970019491657024	1.9270403186981775	-1.2530943708228834	
11.371273855469456	-0.404991134220506	-1.3243830424851302	0.4884290479580321	1.8238676187157068	-1.2665237237361477	
11.067409454854063	0.040274491157425374	-1.1062698690512827	0.5877069594877816	1.699824912200755	-1.2614269068988988	
10.766788048945081	0.5258496784534195	-0.8967733380562671	0.6510461217554794	1.5605983339813823	-1.2369877685477668	
10.48010094922671	1.0141661919599185	-0.7187447000549532	0.6748154643499892	1.4122004037422846	-1.1934636625073738	
10.21691795307449	1.4714202203155433	-0.5883405857532571	0.6583460509399912	1.2606549833616396	-1.1322083545730952	
9.984555109964115	1.8692136801592847	-0.5150025748642683	0.6038639843301581	1.1116334796179732	-1.0555851456089973	
9.787500290528818	2.1856611973157993	-0.5020853236958435	0.516248317520363	0.9701009080480345	-0.9667823740527809	
9.627343019755271	2.4061129024519046	-0.5478985837048539	0.4026239084451577	0.8400308761202772	-0.8695646237101784	
9.503121719237107	2.5235443471440795	-0.6469669349497881	0.27178359366924104	0.7242381358206823	-0.7679885430076163	
9.411957080605507	2.5385807482346516	-0.7913199179377891	0.13345644973130563	0.6243558613609638	-0.6661123421611959	
9.34980204065497	2.459069713502557	-0.9716594619749847	-0.0025297663015418368	0.5409531091838637	-0.5677251488123961	
9.312141375406833	2.299119748415205	-1.178305898043051	-0.12711191718880968	0.47375758480588664	-0.4761180989259011	
9.294527304292725	2.0775960253958674	-1.4018844464224216	-0.23278130105973777	0.42192993545849655	-0.3939133047613531	
9.292918758364246	1.8161746145198865	-1.633760149875603	-0.31419471373533553	0.3843351048932907	-0.3229631182678598	
9.303853801527934	1.5372067788643287	-1.866251823798297	-0.3685167133208839	0.3597656803055613	-0.26432622206795037	
9.324508328888763	1.2616793387857947	-2.0926831839749442	-0.39547794434275985	0.3470933946981893	-0.2183099856965549	
9.352677927419695	1.007468129706124	-2.3073348143570747	-0.397166109606543	0.34534468510030614	-0.18456748798854514	
9.386709999167383	0.7880342400292318	-2.505362795014648	-0.377594033423411	0.353706698350568	-0.16223433285639524	
9.42541107831254	0.6116700990467052	-2.682736996186593	-0.34210840116232094	0.3714800723262937	-0.15008838850466202	
9.467950089551842	0.4813638945646735	-2.836221950689956	-0.2967144145384968	0.39800161853265703	-0.14671452771748422	
9.513768489992064	0.39529435039945915	-2.9633885983552246	-0.2473964533551172	0.43256153529152824	-0.15065671085959123	
9.562497187222784	0.3479008096094554	-3.062620961781245	-0.19951609741138843	0.4743360392244691	-0.1605414675629518	
9.613879754968051	0.3313399729490899	-3.133087907954403	-0.15736656828112233	0.5223492453816069	-0.17515986978652645	
9.667705599030674	0.33704253670377216	-3.174681618574844	-0.1239210429348601	0.5754680920645459	-0.19350506264728712	
9.72375527003377	0.3571087540868769	-3.1879387757018978	-0.10078029004809293	0.6324295168929857	-0.2147695735143139	
9.781758580072129	0.3853184859078331	-3.1739651981663553	-0.08829723346913676	0.6918958818814807	-0.23831227340994948	
9.841367877276625	0.4176168313414841	-3.1343767072436473	-0.0858321027267641	0.7525317048619533	-0.26360898719182835	
9.902154555795315	0.4520465815381788	-3.0712542333778674	-0.09207686528051354	0.8130922535490444	-0.2902018590213491	
9.963641238495907	0.4882116808036827	-2.9870959069378116	-0.10538374809551886	0.8725131572827421	-0.3176604068280188	
10.025376835441305	0.5264496182182884	-2.8847376741352875	-0.12404033663701165	0.9299883287907279	-0.3455624140199851	
10.087044274352307	0.5669701036044249	-2.7672263420085947	-0.14645105732547886	0.9850230747933999	-0.37349587022247	
10.148581002936567	0.6091874896736419	-2.63766155360789	-0.1712194807634031	1.0374560995889008	-0.40107579622593237	
10.210294177893964	0.6513707944904401	-2.4990443873480737	-0.19715013231102166	1.087449119155605	-0.42796651378504275	
10.272958235490254	0.690636104639448	-2.354173432313195	-0.2231990147069651	1.1354484144652919	-0.4539005121937678	
10.33788951000542	0.723228997775013	-2.2056155087460083	-0.24840451914897219	1.182126346458547	-0.4786881860848215	
10.406997586399468	0.7450042532854723	-2.0557589692584277	-0.27182721667960746	1.2283124692419274	-0.5022167136858193	
10.482814621326824	0.7519979141369689	-1.9069429638216449	-0.29252143906535644	1.274924038886624	-0.5244396636984716	
10.568496446966	0.7409756251761738	-1.7616481968988578	-0.30955416050054924	1.3229050984550101	-0.5453606499594917	
10.667783774059513	0.7098344471428198	-1.6227226971910333	-0.32207220251485	1.3731824260044143	-0.5650158126100766	
10.78491367762514	0.6577828148277876	-1.4936058805089305	-0.3294023707352881	1.4266418449394611	-0.5834598908929579	
10.924476128868829	0.5852773757994436	-1.3785028214023616	-0.33115915853282624	1.484123871808046	-0.6007594034449364	
11.091223365641738	0.49375102062831694	-1.2824565421257945	-0.32733146698776383	1.5464342725043416	-0.61699513362725	
11.289848102506525	0.3852105785961576	-1.211275375121151	-0.3183239155661779	1.614362449555432	-0.6322743844573641	
11.524746142516568	0.2618049470162444	-1.1712947543658316	-0.3049383091736333	1.6886990818937673	-0.646751764333682	
11.799769524294593	0.12546112159851658	-1.1689817510625922	-0.2882937422716812	1.7702439855618688	-0.6606560197625454	
12.1179701245342	-0.02233467194330411	-1.2104205828665926	-0.26969504254282706	1.859795651031232	-0.6743188324346082	
12.48133099048649	-0.1805713221800392	-1.3007433600682266	-0.250472038054639	1.9581170385717082	-0.6882003630523837	
12.890475609087725	-0.3485676925394737	-1.4435593032703835	-0.2318136425740547	2.0658764872070527	-0.7029066938276997	
13.344347475254295	-0.5256755849527478	-1.6404254046285343	-0.21461706172084363	2.183566059991738	-0.7191939398902807	
13.839853120041376	-0.7108752649003008	-1.890395757401581	-0.19936968494670748	2.3114025590334624	-0.7379542889101748	
14.371468275590303	-0.9023188457878979	-2.189683899749223	-0.18607732712706784	2.449218319693416	-0.760180160973605	
14.930821685816777	-1.096883370305154	-2.531473476863895	-0.17424849266586845	2.59634971954436	-0.7869039724111926	
15.506290074254078	-1.2897974425080445	-2.9059131954736412	-0.16294047315016386	2.75153047428092	-0.8191121219724824	
16.082688616976995	-1.474420174286359	-3.3003508677640596	-0.15087206179167192	2.9128006168360003	-0.8576345607628482	
16.641156957486807	-1.6422405521105743	-3.699832025659198	-0.13659919301704124	3.0774405630168387	-0.903016795115081	
17.15933322567208	-1.7831417893792192	-4.087863526415979	-0.1187459971004227	3.241936676246077	-0.9553838329065474	
17.611909607623033	-1.8859653638221108	-4.447431370150217	-0.09628032012321804	3.4019883360205867	-1.0143094232641905	
17.97162501373217	-1.9393802450000044	-4.762222968382059	-0.06881283126545273	3.5525666410836783	-1.0787061836386511	
18.210698139349795	-1.9330238050797899	-5.017958599568343	-0.036886541874716	3.688034085656001	-1.1467526614646542	
18.302642259081626	-1.858831565829287	-5.203686001511164	-0.0022103616951801505	3.802331147766519	-1.2158724662593468	
18.22434933676492	-1.712425244790605	-5.312852500560875	0.03221973963094207	3.889230435148274	-1.2827786741979463	
17.95822763446399	-1.4943415875585928	-5.343912954131117	0.062181218284294966	3.9426496530834143	-1.3435981116156468	
17.494101907071816	-1.2108607735344155	-5.300309290228057	0.08250773837681447	3.9569978505433867	-1.3940766137036367	
16.830609573235602	-0.8742370781364744	-5.189820711809669	0.08758942988350163	3.9275236074138027	-1.4298553651684955	
15.975860313470697	-0.5021826399878951	-5.02342624710146	0.07203922884038436	3.8506259832982717	-1.4467968974411305	
14.947243893721106	-0.11658623726483366	-4.813939742654999	0.03142584560762957	3.7240883072496294	-1.4413250057246942	
13.770415939109734	0.2583886698107437	-4.574697173826709	-0.037051334505152654	3.5472056816573243	-1.4107356368971693	
12.47762027728413	0.5985435657917227	-4.318504325199663	-0.13406538714116065	3.320795924155415	-1.3534374365084916	
11.105584830264775	0.8818855602440244	-4.056927789940041	-0.25792840628857167	3.0471045380091546	-1.2690912106398067	
9.693257346380781	1.0905323096089854	-3.7998962690157874	-0.4046703140388003	2.729623559504244	-1.158623376726448	
8.279691938491375	1.21205230549291	-3.5554680820978333	-0.5683941198825099	2.372868959860684	-1.0241192154089733	
6.902269457957172	1.240169493326808	-3.329615808310515	-0.7418241675977288	1.9821559628372092	-0.8686241500090672	
5.59530466733778	1.1748388357953037	-3.1260180268288313	-0.9169528157577658	1.5633858696652516	-0.6958898415160916	
4.3890062863068895	1.0217741460508023	-2.9460004177474266	-1.0856916855810679	1.1228302521480105	-0.5101031869573247	
3.308733361158095	0.7915584416738836	-2.788810795309833	-1.2404545140656658	0.6668838977254758	-0.3156258247537759	
2.3745270736713158	0.498485418948588	-2.6522987436082404	-1.3746270600515014	0.20177263106956367	-0.11675919134011373	
1.6009334432652766	0.1592706958648325	-2.533871608014742	-1.482906694723884	-0.2667601204978154	0.08245712165176876	
0.9971546385596098	-0.20824687398466618	-2.431455280244768	-1.561502324818767	-0.7337230970387107	0.27840282243824854	
0.5674670185060182	-0.5862880050965136	-2.344205039964153	-1.608209815684837	-1.1950435178157663	0.46798332097048956	
0.3118270536537977	-0.9581354626535004	-2.272844724843559	-1.6223852336568676	-1.6476078731383246	0.6486867625768978	
0.22660775066528094	-1.308923581302238	-2.219606217163008	-1.6048328547113087	-2.089184926337777	0.8185962343448299	
0.30541891972440993	-1.6261990855227215	-2.1878090208565046	-1.557624502574187	-2.5182600617917568	0.9763638561206397	
0.5399728495363465	-1.9002461946230342	-2.181163148705437	-1.4838649568630218	-2.9338185973904363	1.1211540584309037	
0.9209476409001932	-2.1241707370025393	-2.20289691256166	-1.3874171996322864	-3.3351135912263823	1.252563661335639	
1.4387770392576789	-2.2937399807179806	-2.254806523033944	-1.2726018649022268	-3.7214451594570397	1.3705267879378542	
2.084262392187074	-2.406974631051209	-2.336339417391445	-1.1438915023820182	-4.091971986699796	1.4752124413698222	
2.8489057664993873	-2.4635526415127624	-2.443816092059196	-1.0056320705336164	-4.44556922895432	1.566925942193141	
3.7249166039757626	-2.4641091955827648	-2.5698779300412316	-0.8618169260651691	-4.780737164702328	1.646021042965279	
4.704892176646783	-2.409536571578669	-2.7032413398661337	-0.715931383952842	-5.095560584193482	1.712827016942661	
5.781222033988091	-2.3003937428197143	-2.828815515993166	-0.5708742640309307	-5.387714221351456	1.7675930385535468	
6.9453081054036625	-2.1365150935615493	-2.928211166034443	-0.428949430156445	-5.6545054322758315	1.8104504403398147	
8.18671658986938	-1.9168677033965957	-2.980631273291883	-0.29190993488066014	-5.892942643529839	1.8413929149054673	
9.492380578352789	-1.6396624675389697	-2.964100878714941	-0.16103394092800513	-6.099818054586218	1.8602755845390007	
10.845987536361315	-1.3026957099428622	-2.8569451748296824	-0.037217688717963035	-6.271796268946919	1.8668351809785408	
12.227640470675192	-0.9038812124741383	-2.639377909178868	0.07892545203240867	-6.405503503826988	1.8607294402951853	
13.613860998913264	-0.44194951889511824	-2.2950878615746264	0.18696147101652852	-6.4976184376513535	1.84159098366499	
14.977989101691245	0.08271196030848034	-1.8127186280990224	0.2865283330005031	-6.544966514240889	1.809089232887124	
16.290995458256077	0.6671337662558324	-1.1871506939296532	0.3772290903636901	-6.54461796731365	1.7629932826488364	
17.52266992776174	1.3048567881704773	-0.42051034187102404	0.45853581748622185	-6.493989458733901	1.7032289796012758	
18.64309590755071	1.9851871405107229	0.47715441128826336	0.52972043928904	-6.3909521634528765	1.6299246212600629	
19.62429040519066	2.6927721242120755	1.487583263284825	0.5898318322972853	-6.233956175629274	1.5434418614853391	
20.441853278344784	3.407644501079465	2.58449396373251	0.637738061483677	-6.022182324762231	1.4443895963415119	
21.07645502733669	4.105719680045572	3.734232816486777	0.6722346062413611	-5.755721701583951	1.3336221995388404	
21.515184364720966	4.759766961026577	4.89693006019634	0.6922306990529821	-5.435805290054895	1.2122235356969133	
21.752213908246592	5.340611873875322	6.028035633736953	0.6969427506318263	-5.0649619762969404	1.081473859714776	
21.78989597322851	5.8190780619203775	7.080546741017508	0.686216747437475	-4.64734892909438	0.9428116690875387	
21.637515411532352	6.167316693162913	8.007075111108838	0.6605894263437683	-4.188591777544195	0.7977734666773861	
