21.7683965593338	8.084829675578462	8.30608206594937	1.122961337774668	-3.799158494953956	1.0312284796706337	
21.340403376592246	8.503536178341143	8.63734467803953	0.9573013802084381	-3.278106260252618	0.848915522955127	
20.77523447268578	8.675569966489945	8.704974426051084	0.7660758507688725	-2.7389148450832783	0.6607723761271049	
20.108713543863573	8.589108389662359	8.498804192225416	0.5581390719341192	-2.1922585960801073	0.46934800788057934	
19.3779417742275	8.245167406773263	8.023585317839029	0.34383908704971855	-1.6488665708750916	0.27707418940018247	
18.61941375796175	7.660441586690636	7.302253079362311	0.13472374731960857	-1.1190526233284939	0.08618126447125081	
17.86624562266055	6.865849197798435	6.374007732358163	-0.05742835259307688	-0.6121368961351292	-0.10135002620673751	
17.14610485089567	5.905572758034679	5.292582156130533	-0.22138513361526285	-0.13605507829849428	-0.2838085167206378	
16.47939109570237	4.8345194883507325	4.122184821592183	-0.3473426808773558	0.30288422214788235	-0.4597301740767945	
15.878039907425688	3.715028070398069	2.932173261277073	-0.4277304726023995	0.7000295190609352	-0.6278300028326831	
15.345045225498513	2.612654805268448	1.7906198258383812	-0.4579258039581026	1.0522173446652083	-0.7868847277182792	
14.874960456907928	1.591277631061641	0.7577289979520794	-0.4367853473907578	1.3574536188945472	-0.9355770876828534	
14.455462232441192	0.7078731742342729	-0.11975712880264901	-0.3669342740324844	1.6145743235007541	-1.0723348809933966	
14.069885305216422	0.007451079990761677	-0.8121757643925259	-0.2547337118389062	1.8230129494951162	-1.1952148094433621	
13.700340862745476	-0.4811607576244735	-1.3080416982187915	-0.10986210175498318	1.98274481296544	-1.3018857445629943	
13.330850280113507	-0.7479088083843546	-1.6127407672042768	0.05549649994018314	2.0943902069365574	-1.3897488819615118	
12.949938016780008	-0.8018634134575231	-1.7454666151897629	0.2277829116365937	2.159394224056044	-1.4561966115031866	
12.552280944902304	-0.6691197829040217	-1.7352622602678858	0.3933617406037195	2.180193243605891	-1.4989697069915362	
12.139178477237435	-0.3885849589681575	-1.616883868530636	0.5397966435952285	2.160310233129946	-1.516537822417423	
11.717793055780902	-0.0065619030129789695	-1.4269682180107788	0.6568955628047579	2.1043484273820026	-1.5084101448151868	
11.299462993152385	0.4286687646238013	-1.2007799203918177	0.7374091911563413	2.017878904844156	-1.4753189167247538	
10.897534941166263	0.871458001059146	-0.9696497182371892	0.7773582323786721	1.9072213654311059	-1.4192565359098046	
10.525192838582868	1.2821570931761643	-0.7592033441599542	0.7760309370523638	1.7791329254187471	-1.343373322460682	
10.19364767661679	1.6292021699651196	-0.5884163463364052	0.7357347250826564	1.640434608565272	-1.2517588568201639	
9.910882020642203	1.8901380533573147	-0.4694343634391457	0.6613897622030315	1.4976140938685085	-1.149137392733035	
9.681007799290203	2.051899024578024	-0.40800947291288114	0.5600239246025606	1.3564471040883013	-1.0405120905298864	
9.50424735707891	2.110570698971813	-0.4043796440773341	0.4401804638564911	1.2216878843266925	-0.9307961843542737	
9.377489917134206	2.0706990942506915	-0.4544079471739553	0.3112329663254103	1.096889124246682	-0.8244770657319814	
9.295216790870485	1.9441932426737185	-0.5507647213366367	0.1826286390448579	0.9843765572523759	-0.7253482447670803	
9.250543424336854	1.7487863079034478	-0.6840280773053949	0.06310280948479204	0.8853670984211988	-0.6363286523911553	
9.236147552102617	1.5060842497166336	-0.8436415318557052	-0.04005342073709738	0.8001849354918508	-0.5593772702923832	
9.24495328479254	1.2393372317926339	-1.0187275602451549	-0.12157427001497031	0.7285148626764975	-0.49549889770983696	
9.270560094197267	0.9711732960764834	-1.198780046603343	-0.17856435638101337	0.66963965427	-0.4448268764877755	
9.307482705135552	0.7215804149842198	-1.3742457356334796	-0.2105650505201711	0.6226298402796373	-0.4067614610337424	
9.351270943579651	0.5063939165217171	-1.5369754765586556	-0.21934518010286494	0.5864765461951595	-0.38014147628500067	
9.398538119747043	0.3364443357377863	-1.6805123511777844	-0.20847007625547917	0.5601704491790648	-0.363425709671223	
9.44690713547938	0.21731724943157102	-1.8002212176211674	-0.18274417399980628	0.5427363844526666	-0.35486318200968076	
9.494878482602264	0.14961917345982553	-1.8932829228400152	-0.14760116263317688	0.5332343698069845	-0.3526432511404916	
9.541643877247422	0.1296334291198044	-1.9585919164158312	-0.10850795215514374	0.530738128567003	-0.3550204771619558	
9.58688632799614	0.1502630708133242	-1.9965968290305216	-0.07043767617067802	0.534304384426669	-0.36041244091020486	
9.630608597175193	0.20217005040328506	-2.009109697273694	-0.03745557972229144	0.5429478495371145	-0.36747040586940966	
9.67301425786527	0.2750155699834752	-1.9990900721540017	-0.01244812653750113	0.5556358447521579	-0.3751236826369428	
9.714436588519348	0.35868704877295654	-1.970392029873493	0.0029839694541499446	0.5713118821498144	-0.38259794073484066	
9.755290797035096	0.44435874414288096	-1.927468075150121	0.008466704917965312	0.588947851911565	-0.3894084605752395	
9.796028976805692	0.5252603205201113	-1.875044214574597	0.004658866204110449	0.60761530897029	-0.3953333425907845	
9.837094009606774	0.597068255610599	-1.8177884763771681	-0.007037747684130326	0.6265629594411075	-0.40037139291412766	
9.87888169203924	0.6578833884930334	-1.7600024388289934	-0.02481195404455044	0.6452870728887639	-0.4046910254622577	
9.921723842297462	0.7078263039857446	-1.7053605540463936	-0.04676376915363245	0.6635835265231506	-0.40857702530257717	
9.965901647855917	0.7483540203810642	-1.6567103383193302	-0.07116076914275933	0.6815734879048376	-0.41238118660786577	
10.011692278702533	0.7814583207796292	-1.6159326605092468	-0.09659624122174695	0.6996988526189791	-0.4164808077260216	
10.059445494789555	0.8089312220226682	-1.5838596428181428	-0.12203873162031342	0.7186860948893657	-0.4212464223500078	
10.109680435498499	0.831858224003346	-1.5602558974887681	-0.14679202664015162	0.7394825066081177	-0.42701793546835004	
10.163190488724357	0.8503941813514979	-1.543875018883703	-0.17040512336939975	0.7631742185052683	-0.4340862153735067	
10.221139612093037	0.8637958169739165	-1.532610298888612	-0.1925675744163463	0.7908955728105036	-0.44267729859470567	
10.28513025709774	0.8706483720598633	-1.523744922515321	-0.21301726189566889	0.8237400182033444	-0.45293767651723565	
10.35722814396035	0.869211292800418	-1.5142908302273335	-0.23147860887682464	0.8626812349072466	-0.4649207045247274	
10.43994144982034	0.8578058642507478	-1.5013932717822176	-0.24764181950731817	0.9085113130306346	-0.4785756136167349	
10.536164469444643	0.8351679579064705	-1.4827721868521846	-0.26118751808238444	0.9618011973605711	-0.49374147652106076	
10.6490970182817	0.8006891152036449	-1.457159333439659	-0.2718535689601465	1.0228886825559893	-0.5101495017314328	
10.782145386323258	0.7544897760922035	-1.4246757084775938	-0.2795289156616647	1.0918956533309607	-0.527436370824373	
10.938803015984204	0.6973183430513832	-1.3871061599676657	-0.2843515403093112	1.1687699304810801	-0.5451695342783072	
11.122506276403874	0.6303076265716863	-1.348033254727048	-0.2867850479698549	1.2533444064018404	-0.5628844969882467	
11.336466117900327	0.5546509732368176	-1.3128028749315814	-0.2876507681949582	1.3454032186737834	-0.5801323786628757	
11.583481848288326	0.4712757516849936	-1.2883053415653436	-0.2881000309890003	1.4447436916553122	-0.5965345337170531	
11.86574596364755	0.3805907584115134	-1.2825677134257387	-0.28952283888630154	1.5512233725192903	-0.6118397898560112	
12.184646127315549	0.2823686058688302	-1.3041650994855858	-0.2934015843104215	1.664783282077138	-0.6259793025384348	
12.540570829157772	0.17580248608794893	-1.3614773683743349	-0.3011299976990773	1.7854402757695766	-0.639112204492331	
12.93272156325685	0.059735420227217034	-1.4618605111386171	-0.3138274803920262	1.9132460669385822	-0.651655151479332	
13.358925057972039	-0.06697478838494368	-1.6108125759870984	-0.33217425684707647	2.048215885281544	-0.664291382155056	
13.815439417387475	-0.2050051098245143	-1.8112159259503129	-0.3562861468915606	2.1902333415400217	-0.6779553270420315	
14.296745414303187	-0.3540920950563789	-2.062732107810781	-0.38564172021605997	2.338941455130947	-0.6937907151827148	
14.795318794259053	-0.5125954829295362	-2.3614116143249526	-0.41906911348800824	2.4936315466917645	-0.7130820427718338	
15.301393583669809	-0.6771601101414881	-2.699565801984143	-0.45479561843575905	2.6531416461364477	-0.7371610729640834	
15.802746471376098	-0.8425234530504158	-3.065933792212547	-0.49056001892633044	2.8157737341526783	-0.76729112210139	
16.284575829529818	-1.0015130501098137	-3.446186301398133	-0.5237870636785933	2.97924007098956	-0.804534464755153	
16.729558891596994	-1.1452472751992897	-3.8237611498388824	-0.5518147402558036	3.1406437158900307	-0.8496122095092948	
17.118155471300007	-1.2635327470602675	-4.180991216791637	-0.5721634274879286	3.296492172262906	-0.9027654740580945	
17.429210073953872	-1.3454616716241268	-4.500462867125865	-0.5828339465667576	3.4427413758083407	-0.9636280589061775	
17.64086604675145	-1.380215501276254	-4.766492601471277	-0.582613913001289	3.5748638787783564	-1.0311213589831576	
17.731772069327313	-1.3580775653030315	-4.966563811293021	-0.5713635219968515	3.687938231723201	-1.1033830550076096	
17.68252834441445	-1.2716348564772044	-5.092527359316157	-0.5502433944313202	3.7767666729856986	-1.177743031814459	
17.477285960813678	-1.1171119048643963	-5.141357334263288	-0.5218398762139318	3.836041223993145	-1.2507625807548792	
17.105317832204346	-0.8956760693090263	-5.115247647025259	-0.49012500201220244	3.8605805271588265	-1.3183591293990635	
16.562327187992736	-0.6144594791508147	-5.021003309847066	-0.46020186951948794	3.8456345357259787	-1.3760247729201702	
15.851304724896936	-0.2869994125235288	-4.868883372245883	-0.4378174397813462	3.787224817303636	-1.4191296506697086	
14.982793341473029	0.06719101080671626	-4.67116619018578	-0.42867287139358107	3.6824673653329625	-1.4432830757440342	
13.974508239196489	0.4240441024862543	-4.440745606165299	-0.4376279760681233	3.5298232101918288	-1.4447076716559528	
12.850347262440584	0.7572203553827545	-4.189997297946028	-0.4679439883404127	3.3292372702289796	-1.4205753324491168	
11.638905462064557	1.04088134735889	-3.93002961026893	-0.5207170223267003	3.0821488425082904	-1.3692587891339316	
10.371677021511855	1.2524636053042006	-3.6703082413065884	-0.5946158336112908	2.791380501828183	-1.2904670585852014	
9.081193459229212	1.3749499324066872	-3.418560897307615	-0.6859829692588384	2.4609271148315766	-1.1852421999077545	
7.799391800440089	1.3983106310026756	-3.180791486984114	-0.7892506498382831	2.0956986136176514	-1.0558296415600117	
6.5563653617004	1.3200365767086502	-2.96126271001072	-0.8975647100088012	1.7012643080059067	-0.9054564849872856	
5.379505679704478	1.1448196690576533	-2.762445683829901	-1.0035006623612381	1.2836168670210868	-0.7380573025098321	
4.292954275073313	0.8835489347623153	-2.585065472913044	-1.0997627935782355	0.8489454970072527	-0.5579850872337181	
3.3172638131204524	0.5518556011630837	-2.428397464814414	-1.179785623529859	0.4033944676358932	-0.3697334560196632	
2.4692047031710755	0.16845511834101137	-2.2908660152854137	-1.238192204884521	-0.04720354386963517	-0.1776848152547715	
1.761694723376359	-0.24650029013139174	-2.1708335348466195	-1.2710956427971536	-0.4975986961125693	0.014106567494677952	
1.2038664998151725	-0.6728989117203535	-2.067354368809096	-1.2762397586213925	-0.9433461672052095	0.20208389667807214	
0.8012474887218871	-1.0918763858752396	-1.9806864372670505	-1.253001915151978	-1.380933195098043	0.3833021776504075	
0.5560337093306774	-1.4867483164808193	-1.9124658025969865	-1.2022872044086164	-1.8077961442202517	0.5554887644072222	
0.4674586908406412	-1.8436937811603307	-1.86553471625708	-1.1263373678159907	-2.2222366008042354	0.7170533191086312	
0.5322625391702139	-2.1522142912837467	-1.8434764093021945	-1.0284760755138356	-2.6232626295795787	0.8670520829510098	
0.745258626096603	-2.405373604529593	-1.8499441236361673	-0.9128080516990578	-3.0103874485152446	1.0051121853500011	
1.0999694681890086	-2.599800250444997	-1.887877684569181	-0.7838869552183103	-3.3834153694086293	1.1313233144123274	
1.589266923808549	-2.7354238303761895	-1.9586848127741512	-0.6463673639162976	-3.7422371165779476	1.2461064224951934	
2.2059156003304317	-2.8149168690639286	-2.06147032312665	-0.5046662064301145	-4.086649811480074	1.3500713860974496	
2.9429114349344245	-2.8428964692740712	-2.192384699460823	-0.36266772152789356	-4.416210169301052	1.443880040669126	
3.7935533033121427	-2.824968534953796	-2.3441526585873107	-0.22349811831424338	-4.730120855783475	1.528125623062073	
4.75122815099323	-2.7667187601426417	-2.50584180062213	-0.08938941882260219	-5.027148847834322	1.6032363782168275	
5.8089342498305605	-2.6727659407477264	-2.6629177023743744	0.038358873463858294	-5.305574628841812	1.6694079678137586	
6.958605433537414	-2.545982699189005	-2.797614545564317	0.15932316437629124	-5.563171527330289	1.726566254350828	
8.19032423295676	-2.386963404697223	-2.8896304936100794	0.27381661666996526	-5.797215008224408	1.774359933675172	
9.491521208975072	-2.1937884799096885	-2.917141405345604	0.3826848559243976	-6.004522486513024	1.8121816356895581	
10.846290923707326	-1.9621246242991044	-2.858099647226061	0.48705616651822947	-6.181526885253393	1.8392164415776797	
12.234936683850675	-1.6856523177897014	-2.6917330585649117	0.5880737679454697	-6.324381067226848	1.854511807379854	
13.633850319941125	-1.3568138074561813	-2.4001627057369435	0.6866320046286656	-6.429090393533696	1.8570626627867644	
15.015820231446142	-0.9678692325940977	-1.9700395588400939	0.7831380256217644	-6.491667823843379	1.8459047386623417	
16.350813973951507	-0.5122157791520382	-1.3940860817806895	0.8773198376296598	-6.508302244177018	1.8202083990662816	
17.60721588143301	0.014131498861102255	-0.6724235277146909	0.9680991504201546	-6.475529535063548	1.7793649590594196	
18.753429076599602	0.6110662194981944	0.18642678904634527	1.0535429939322583	-6.390398949423751	1.7230577637934217	
19.75970321906045	1.273147299859147	1.1649687552769858	1.1309035772910034	-6.250635991932482	1.6513116121935707	
20.59999711509493	1.9888554375286929	2.236728284380619	1.1967551657092186	-6.05480776726842	1.5645146755108705	
21.253666419977755	2.7404682203014294	3.3668320702527064	1.247213127152527	-5.802494125701585	1.463414151022171	
21.706985916386138	3.5045855381883007	4.513247466335754	1.2782492095045606	-5.494495291698406	1.3490918433864816	
21.953913409447853	4.253212037589204	5.628532196489625	1.2860092090593702	-5.13296276079976	1.2229170549955093	
21.99729765039959	4.9554068269085665	6.662489412693684	1.2673252060917772	-4.721709338302312	1.0865059677629654	
21.84752219321581	5.579084914341542	7.564616447377741	1.2198945466928297	-4.266034725204645	0.9416437528345124	
