20.583605230153257	6.100829572621783	8.386787960621705	1.333117088934926	-3.151151641238553	0.8716897673845316	
20.11479188454676	6.687766997228102	8.63227907871498	1.1896375949978855	-2.657754785092015	0.7176771392470629	
19.55558421155807	7.122181225024127	8.642288988159315	1.010675009175102	-2.1575448456851474	0.5610029905337596	
18.934634241192526	7.379670914968402	8.411163796063255	0.8018740859475361	-1.65947264529153	0.4040956066959387	
18.28013731358031	7.4428302266050546	7.945019255701656	0.5708391439001346	-1.1722314480305407	0.2492341942371284	
17.618468249242408	7.30409816034587	7.264552023605453	0.3272444363113344	-0.7038968713380372	0.0984223835138592	
16.97270804863201	6.966500132537576	6.403470028300725	0.08211758156266988	-0.2615850303932212	-0.04671252258689296	
16.36155104744388	6.444585682647221	5.4073141593538265	-0.1527014799901586	0.14880586221751105	-0.18500264896570795	
15.798413501591863	5.764387743004644	4.330462258537906	-0.3653292889177053	0.5227530772198706	-0.3157771783313032	
15.290815818712026	4.962636179655582	3.2321097040732805	-0.5446590837158204	0.857128573212923	-0.43883681163727295	
14.84011621941735	4.084885103520445	2.1712075850095203	-0.6812338206298691	1.1500547373388612	-0.554342206077463	
14.441735526061596	3.1824994747026	1.2010450205111822	-0.7680876219661632	1.4006261304001966	-0.6626161566971827	
14.085985595578999	2.3085966276589764	0.3642998410930721	-0.8014741595449995	1.608587280570282	-0.763889183341441	
13.759561345072742	1.5132356910135607	-0.31058036675844614	-0.7813607793696503	1.7740726334428698	-0.858043985111743	
13.447583599993163	0.8384751438543612	-0.8110268435424749	-0.7115612274836365	1.8974904523544092	-0.9444278640474542	
13.135916917407911	0.3141473195812957	-1.1398493812887078	-0.59942404766878	1.9795686870882572	-1.0217908447861606	
12.813392753942754	-0.04478949555831531	-1.3129164473557093	-0.4550832016303056	2.0215148242825007	-1.088374723624929	
12.473555392593438	-0.2387026244746206	-1.355668534334027	-0.290379388466483	2.025209762405153	-1.1421382804060034	
12.115551714863592	-0.28143699671893035	-1.2992109397603104	-0.11766109759859648	1.993363198921313	-1.1810626966804623	
11.744020802922567	-0.1969546246499276	-1.1766470567516074	0.051300808945359606	1.9295998638350493	-1.2034635820616282	
11.368042646294299	-0.01537146208292268	-1.019934958963202	0.20615612965072752	1.838460341486459	-1.2082588753305477	
10.999409685077765	0.23081238548155764	-0.8574242521532802	0.33853072542345447	1.7253024846922893	-1.1951617713444216	
10.650623017199253	0.5097817895341842	-0.7121537473644612	0.44232273911012693	1.5960943160387582	-1.1647826174507387	
10.333026403736987	0.7926084874385178	-0.6009329622460896	0.5138093598333108	1.4571017255082057	-1.118633112403138	
10.055382561507631	1.0546907152927398	-0.5341656981922294	0.5516365643341765	1.3144942362690857	-1.0590345253420916	
9.823076787277044	1.2766202605412524	-0.5163448588926525	0.5567143542432902	1.1739255899902417	-0.9889394176306708	
9.637968714252496	1.444670474930261	-0.5470064226403452	0.5320154113263503	1.0401742868915247	-0.9116994216735341	
9.49875776213898	1.551015661651571	-0.6218938907259366	0.4822599625069059	0.9169072085587338	-0.8308131051495946	
9.40168000684043	1.5936600989406633	-0.7341504490600659	0.41346997239326466	0.806596855735494	-0.7496808050791617	
9.341337130061627	1.5760190337532338	-0.8754018522755105	0.33240948131855536	0.7105860622437341	-0.6713908083323189	
9.311492349140927	1.5061152866695127	-1.0366572523458089	0.24596126944605762	0.6292640716807596	-0.5985550633822508	
9.305734607585036	1.3954228186541335	-1.2090127692940176	0.1605126732846069	0.5623017543896012	-0.5332034514460519	
9.31798310967137	1.2574621802226242	-1.3841809808258123	0.08142953330531655	0.5088955277978269	-0.4767371677434136	
9.342842521619593	1.1063349743005797	-1.554870453679018	0.012694799038762927	0.46798201056222466	-0.42993728423789035	
9.375835757179336	0.9553936571100069	-1.715038762680794	-0.04326537030295522	0.43840389387918016	-0.393012650531674	
9.413525852656406	0.8161496852442288	-1.8600240933262069	-0.08557453860259598	0.4190272842946191	-0.36567661601868867	
9.453527676566168	0.697480518716637	-1.9865573436065052	-0.11474244319052256	0.40881311981089524	-0.34724297963019984	
9.49441863791651	0.6051633066834752	-2.092672039582755	-0.1323829737328263	0.4068464980169886	-0.3367321621837974	
9.535574520848735	0.5417443519666103	-2.1775464840285546	-0.14085884627094977	0.4123300545822907	-0.33297949208256955	
9.576969805145085	0.5067393586553467	-2.241317812390435	-0.14289968406518502	0.4245516238956374	-0.3347386615584377	
9.618976880291541	0.4971547709739278	-2.284888025924147	-0.1412407638635124	0.4428406401723022	-0.3407737228517956	
9.662185572090353	0.5082345828849629	-2.3097320057912674	-0.13832984299747034	0.4665293096449197	-0.3499326069449607	
9.707242687654455	0.5343039058301755	-2.317708853333373	-0.1361260159178137	0.4949282769605078	-0.3611997394705542	
9.754709076759848	0.5695867947792019	-2.3108800986768605	-0.13599899681579608	0.5273205548562547	-0.3737277133067254	
9.804940099222803	0.6088889279823881	-2.291344000950058	-0.13872342552321426	0.5629734634904912	-0.3868499170604813	
9.85800108255631	0.6480690416295987	-2.261095950015166	-0.14455014916818154	0.6011653559116277	-0.40007750028188904	
9.913628832881471	0.6842616970396562	-2.2219230718429346	-0.1533273103401383	0.6412219926204235	-0.41308481227175375	
9.971246124234918	0.7158445216252914	-2.1753387556675903	-0.16464004160568388	0.6825559071458676	-0.4256870693778544	
10.030030320160012	0.7421840779875977	-2.1225579877077836	-0.17793533639611114	0.7247003296191882	-0.43781391608607506	
10.089027893426534	0.7632591416715601	-2.06450269060996	-0.19260680703323624	0.7673321012761924	-0.4494835057395582	
10.147305920526982	0.7792712940006845	-2.001828734371824	-0.20803348745862518	0.8102808608087172	-0.46077930692071756	
10.204127148720348	0.7903447388622078	-1.9349727305889477	-0.22358093290275813	0.8535247838122	-0.4718305294584674	
10.259131412985921	0.7963775020787619	-1.8642223216229983	-0.23858301849436817	0.8971757261347152	-0.482795444448435	
10.312505306637778	0.7970508954706428	-1.7898150120475131	-0.2523256860003957	0.9414580023620609	-0.4938458337111467	
10.365126884992145	0.79195757696833	-1.712067283853503	-0.2640498604985153	0.9866851268383217	-0.5051508706954557	
10.418673564972655	0.7807858960235011	-1.631526223070525	-0.2729835869403235	1.0332379168946186	-0.5168602413479365	
10.475691444594029	0.7634940393948735	-1.549128361271979	-0.27840469960450476	1.0815479516377542	-0.529088058667923	
10.539619859189568	0.7404160538789406	-1.466354354848413	-0.2797297587812851	1.1320891858956013	-0.5418995643651343	
10.614752661131012	0.7122489751748743	-1.3853696196534127	-0.2766186929429767	1.1853790211560908	-0.5553029167114829	
10.706117353015681	0.679893227060234	-1.3091388655948104	-0.26907730866870055	1.2419881020526584	-0.5692482363990156	
10.819263175462357	0.6441591626328845	-1.2414967686715035	-0.2575351524931362	1.3025554878127574	-0.5836355258374671	
10.95996757090445	0.6053988238884992	-1.1871516538300109	-0.24287719842293867	1.3678036007142613	-0.5983321426302468	
11.133890894955101	0.563161190819007	-1.1515927264796797	-0.22641299974124654	1.4385455841364658	-0.613199379088795	
11.34623139337342	0.5159826680937596	-1.1408780899047843	-0.20978112920306224	1.5156779126588986	-0.6281253101874499	
11.601418560313128	0.4613698522085056	-1.1613053433772176	-0.1948066422734077	1.6001551414907624	-0.6430597831698854	
11.902852482849106	0.39598229353985864	-1.2189752342422162	-0.18333215012182247	1.6929458604539482	-0.6580476424755239	
12.252672179105321	0.3159854259133765	-1.3192744264168152	-0.17704430548773073	1.7949709711482724	-0.673256476587023	
12.651521335915623	0.21752290909433278	-1.4663134106385212	-0.1773139663338081	1.9070266131515095	-0.6889955946512185	
13.098280260919697	0.09725362860940351	-1.6623594715314671	-0.18506237884346652	2.0296945395291712	-0.705723291095007	
13.589743136484746	-0.047091365998465196	-1.9073012194490675	-0.20065938194964458	2.163242163068411	-0.7240395910287644	
14.120261805475781	-0.21618242603514	-2.1982084826908634	-0.22386159405087405	2.3075186910580223	-0.7446608162293515	
14.681386995224372	-0.40863167275913187	-2.529034660948429	-0.2537919688696061	2.461853186796299	-0.7683752389105021	
15.261554430578878	-0.6206242419653197	-2.8905058358746842	-0.28896294237925796	2.624960054866093	-0.7959797049636832	
15.845883917191362	-0.8456778235408698	-3.270251385790062	-0.327348834029491	2.7948598467688273	-0.8281980526893551	
16.41616534270531	-1.0745792504792215	-3.653222610973383	-0.36651193967225587	2.9688241088443523	-0.8655841679262944	
16.95110402575742	-1.2955542732284349	-4.02242923547001	-0.4037841203545548	3.1433536640538198	-0.908414778477015	
17.426884156211738	-1.4947230779847562	-4.359998271336502	-0.4365022624807893	3.3141989587319642	-0.9565788551448039	
17.818096497898487	-1.6568903679737603	-4.648525415649879	-0.46229057827265874	3.476433500460328	-1.0094746526843723	
18.09900680302533	-1.7666674269830946	-4.8725930852250405	-0.47936542348328826	3.6245864764410785	-1.0659303246548377	
18.245073639699417	-1.8098689588860069	-5.0202753951112875	-0.4868299968100693	3.7528272852228515	-1.124158303965098	
18.23460709550751	-1.7750983255124761	-5.084417204997939	-0.48491475512640586	3.8551942503556207	-1.1817556340491318	
18.050426263195554	-1.6553676170726552	-5.063461926758682	-0.4751106912089927	3.9258559373975834	-1.2357612876385276	
17.681357799705896	-1.4495335265749725	-4.961645893107143	-0.4601460484500124	3.959394209357291	-1.2827786169425655	
17.123416743632205	-1.1632859581986557	-4.788473705484306	-0.4437756604728086	3.951098553400367	-1.3191648655540078	
16.380525865190226	-0.8094260076031566	-4.557524077284426	-0.43038324771652364	3.897257336969655	-1.3412804105903728	
15.464597106089602	-0.40719824598090715	-4.284796265887044	-0.424444050674194	3.7954062872879892	-1.3457712616075515	
14.39498684074008	0.019248460477882826	-3.9869863272623425	-0.42994992291464135	3.644496884488968	-1.3298420132599305	
13.19741383174013	0.44301685572318056	-3.6799918919929966	-0.44989619766011857	3.4449603820050987	-1.291481474427678	
11.90247288417165	0.8368822302010094	-3.3778220499225093	-0.4859139896175139	3.198658435522363	-1.229611262822757	
10.543926601519514	1.1756044194051896	-3.091964644540412	-0.5380990382439531	2.908732462448996	-1.1441420246384877	
9.15696983374567	1.4378324138646432	-2.8311410242324224	-0.6050447023577472	2.5793820255032025	-1.0359387664082758	
7.776634378692268	1.6074415578340873	-2.601286204848905	-0.6840439763269965	2.215614602174968	-0.9067133201154441	
6.436442533448408	1.6742498661699767	-2.4055914555466966	-0.7714014096812485	1.8230054497972834	-0.7588707085911185	
5.167348014827398	1.6341592422293154	-2.244573353275989	-0.8627782267380305	1.407488929536101	-0.5953434506132816	
3.996900984009935	1.4888783026559274	-2.1162912765485307	-0.9535080737513336	0.975168050453166	-0.41943735506598384	
2.9485849487448736	1.245340724465927	-2.01687729982898	-1.0388595162040473	0.5321089105212207	-0.2346881088564118	
2.0413202438567994	0.914929764002175	-1.9414087385990584	-1.1142424982959935	0.08410379059072784	-0.044721776707989075	
1.2891650916083053	0.5126046421223195	-1.8849872043883775	-1.1753720241346002	-0.36358227424785183	0.1468853426164106	
0.7012521606628213	0.05599803144708572	-1.8437812597968226	-1.2184098633180125	-0.806439606540758	0.3367450265018246	
0.28197738749356044	-0.435488083518328	-1.8157914374403392	-1.2401052546357372	-1.2408685863246538	0.5217864803962349	
0.03145687949687341	-0.9416024324747615	-1.801161613640544	-1.2379402113291773	-1.6642235374226637	0.6993653513225128	
-0.05381583628025333	-1.4421869245521488	-1.8020180005844604	-1.210274127930489	-2.074753592483496	0.8673463765648066	
0.019841185277650712	-1.9181483704963542	-1.8219108815351197	-1.156467132636152	-2.4714662637989098	1.0241541126692881	
0.24421075457046829	-2.352414952353788	-1.8649716333861124	-1.076952246488601	-2.8539422395323033	1.168784501209876	
0.6101129041470204	-2.730782568059236	-1.934914662818899	-0.9732283819245402	-3.222128291060549	1.3007727468112922	
1.108266200747047	-3.0425290015347275	-2.0340083004662635	-0.8477579181236341	-3.5761295921045386	1.4201186915534887	
1.729965594771458	-3.2806852030186215	-2.162116772538162	-0.7037724565065308	-3.9160166655668465	1.5271781807906726	
2.4674711308660173	-3.4418753306286813	-2.315917516413754	-0.5450097956205917	-4.24165901582107	1.6225335525623203	
3.3140450228876186	-3.525737056853733	-2.4883947468328214	-0.3754305746740904	-4.55259579631379	1.7068624095105485	
4.263656529883742	-3.5340445116765915	-2.668651808914922	-0.19896240272540522	-4.847942919115224	1.7808202541329787	
5.310410373683419	-3.4696726361746437	-2.8420774767307373	-0.019300706533519108	-5.126331552734083	1.844945120989778	
6.447778718632443	-3.3355605817288465	-2.9908685740230903	0.16021850665580428	-5.385871497563511	1.8995887859771818	
7.667726718405396	-3.1338170647914114	-3.094878125511895	0.336672386934872	-5.624135406745641	1.9448758212257895	
8.959821340354933	-2.8650777555822886	-3.132733437265442	0.507538463889063	-5.838165592454089	1.9806896239659675	
10.310414041842188	-2.528194504115525	-3.083165828054663	0.6706250006437594	-6.024512226373557	2.006683646270219	
11.702040193209362	-2.120331528619894	-2.9264704940343105	0.8239562317794821	-6.179316538279238	2.022316169145129	
13.113145259522241	-1.6374855019030052	-2.6460036744161246	0.9656357932417	-6.298438963088301	2.026902022946792	
14.518231882711532	-1.0754198131113961	-2.229636839471934	1.0937132790442052	-6.377626612938709	2.019675861317694	
15.888480936629692	-0.43095820353476255	-1.671067493508325	1.2060805834028085	-6.412707776510919	1.9998620765573578	
17.192829671310637	0.2964810834564999	-0.9708859797933688	1.3004215716431102	-6.399798363543189	1.9667470674886849	
18.39942003877911	1.1032933412496968	-0.1373168929355839	1.3742299894068244	-6.335507734858343	1.9197502005525315	
19.4772935755709	1.9802598572137116	0.8134054997904246	1.4249004683519975	-6.2171403570741335	1.858490274702195	
20.398194718837892	2.9115710320835992	1.8570951748214244	1.4498889828063402	-6.04289385956078	1.7828420451740632	
21.138288994771145	3.874527544383367	2.962125298741861	1.4469198216657293	-5.812045726445653	1.6929756577637864	
21.67983234747956	4.839988254750506	4.09040783482757	1.4142485134423222	-5.52515727365773	1.5893818613101063	
22.01214201227608	5.773496934679648	5.198784733800804	1.3508736610737262	-5.184177939736761	1.4728673961323275	
22.13315883323886	6.637139137777119	6.241114112322166	1.256939186868335	-4.792724021510867	1.3445652767187675	
22.04819115511397	7.391628624030584	7.170367558015458	1.13370695709332	-4.355847020383975	1.205860777944251	
