20.463300472474245	8.343228312375167	8.475797883521434	1.1164844023685183	-3.1582135814501733	0.9246641307303184	
20.053348895401204	8.733904402854135	8.54411064164959	0.9062344253978141	-2.6804523899516615	0.7552249340414059	
19.569030333030852	8.899531533093104	8.38142790940033	0.6766588543771658	-2.1963751422819917	0.5794615739827526	
19.038501779062887	8.834985273066726	7.991849614648424	0.4372065637968282	-1.7133599462989282	0.3999684962968322	
18.487797479001213	8.545022898374219	7.390785082924995	0.1980822797160596	-1.2384518775969189	0.2193563815776864	
17.938968894166763	8.046695096006623	6.607397178202758	-0.030009593766889817	-0.7781390126239426	0.040173183525710685	
17.408796472861418	7.36745798581704	5.681795108655791	-0.23662533794091026	-0.33822861468527987	-0.13520308555752508	
16.907871138327465	6.544353737426647	4.663155705695083	-0.4121549309820005	0.07625157159071042	-0.30462628540977155	
16.44018631618366	5.621999813932037	3.606129291104076	-0.5484696353728743	0.46106690966589503	-0.4662131543369399	
16.003292182341397	4.650074408787111	2.5664715627346495	-0.6395223495506366	0.8126953687508385	-0.6183238546495805	
15.58913150124067	3.680122539883977	1.596120265639982	-0.6818657979154177	1.1281603294197329	-0.7594929759685317	
15.185555892078401	2.7618837263471305	0.7384618715955359	-0.6750442805569138	1.4048453874239277	-0.8883298395231723	
14.778511158545838	1.9393828738219396	0.024560946046061082	-0.6217840156949557	1.640378160099174	-1.0034207261370378	
14.3546811587532	1.2472414997399615	-0.5289454908855883	-0.5279033558458648	1.8326598218176293	-1.1032740701084824	
13.904177191998343	0.7078003038851384	-0.9199255575359162	-0.40188944096647927	1.9800656079272236	-1.1863428151329085	
13.422741023749646	0.3296171584768239	-1.1589544415378075	-0.25414227119300065	2.0817700917103883	-1.2511383034416803	
12.912870604799675	0.10785773461050036	-1.266192024944564	-0.09596583152095088	2.138073778836542	-1.2964158032428108	
12.383650639227543	0.026365992798352972	-1.267890072800135	0.06148752495803207	2.150621578521185	-1.3213793099506947	
11.84946465934618	0.06074275377139067	-1.1931120842899303	0.20815001770191052	2.122484051824954	-1.3258591971715725	
11.327880313385604	0.1817901529653379	-1.0708838052047436	0.33574310268240376	2.0581015868327337	-1.3104326180499266	
10.83712475738068	0.3587542718069181	-0.9278903376882804	0.4382059812130384	1.96310261215643	-1.2764736987065537	
10.393615092527366	0.5620188103986244	-0.7867787576131189	0.5118646437409401	1.84400811533511	-1.2261333623311887	
10.009972836343076	0.765163531289405	-0.6651105080906984	0.5554024726829179	1.7078339707095664	-1.1622501440593056	
9.693886863727828	0.9464081360284323	-0.5750278214210539	0.5696817873212142	1.5616247927143103	-1.0881857122432494	
9.447850215719154	1.0895684293030965	-0.5234827240908483	0.5574801727161263	1.4119894750651498	-1.0076020320635053	
9.269627693566934	1.1845846980092454	-0.5128560142421472	0.5231429877583573	1.264701913387539	-0.9242031396499947	
9.153250852200857	1.2275995271676077	-0.5418027511934252	0.4721414354765093	1.1244247414365942	-0.8414745748391478	
9.090284019652964	1.2205541142344933	-0.6061736561887938	0.41054173525980314	0.9945897503883785	-0.7624559422617609	
9.07110107492969	1.1703056496827964	-0.6999028980156905	0.3444156336786317	0.8774317244855029	-0.6895736292206225	
9.085962695860983	1.087301565912188	-0.8158151176186969	0.27925533640794437	0.7741436278325132	-0.6245516656278864	
9.125765080289986	0.98398379431029	-0.9463264584300786	0.21949597755334618	0.6850956716976445	-0.5684053165571643	
9.182481523587972	0.8731978611140616	-1.0840288919547187	0.16820682271870765	0.6100561927289686	-0.5214953272914992	
9.249381179551063	0.7668027041938293	-1.2221582404661382	0.12697112458639306	0.5483898207360313	-0.48362553330151387	
9.321100875430842	0.6746313402891053	-1.3549278995898537	0.09594361904802459	0.499220603352287	-0.45416596300421	
9.393624734023208	0.6038612378559486	-1.477713110734934	0.07404942704049315	0.4615566648352729	-0.4321847325531213	
9.464199115426421	0.5587521667756707	-1.5870907908637473	0.05927669785556592	0.4343772931035957	-0.4165752760455474	
9.53117975766403	0.54068291245831	-1.6807601556506586	0.04902359644939006	0.4166836274315335	-0.406170120206348	
9.59383147281014	0.5483985527947004	-1.757408494871873	0.04045233824424293	0.40751676277388815	-0.3998341350761875	
9.652113945312694	0.5784223064000951	-1.8165732147177722	0.030820721735271867	0.40595352190054057	-0.39653706837902736	
9.706476761104021	0.6256269557922369	-1.858513583358683	0.017769449829911514	0.4110914078406346	-0.3954054258408965	
9.757680199969851	0.6839287752349801	-1.884090790266375	-0.00045848262905228435	0.4220338374478363	-0.3957528375865684	
9.806646344819043	0.7470292320102601	-1.894647933989743	-0.024884948478387188	0.43788455871012416	-0.3970890743233952	
9.854335999982023	0.8091035730740368	-1.8918833285149275	-0.05576025653665552	0.45775669564099647	-0.3991098808253697	
9.901648134927017	0.8653154579289247	-1.877717096717211	-0.0926271021780544	0.4807970698470343	-0.40167099661436073	
9.949340349463286	0.9120942796796365	-1.8541630862223328	-0.13445441174281597	0.5062215910912021	-0.40475497760331797	
9.997966105963183	0.9471799342992391	-1.8232129863244082	-0.17980908909739626	0.5333555933054074	-0.4084362180517603	
10.047828923477713	0.9694720017920929	-1.786739930128857	-0.22703506907708715	0.5616720481954354	-0.4128477433472225	
10.098959845158896	0.9787506617546854	-1.746427307059793	-0.2744122049023842	0.5908210069949076	-0.4181522448303702	
10.15113028843491	0.975353671744057	-1.703723796651821	-0.3202767613957051	0.6206457693538353	-0.4245184729358008	
10.203917239145602	0.9598919452536175	-1.6598212514266513	-0.3630969765796557	0.651183235881322	-0.4321029223203437	
10.256828831806098	0.9330671128607868	-1.6156499695516437	-0.40150876691723647	0.6826486033874392	-0.44103628236916503	
10.309478679894934	0.8956039084571521	-1.5718826163091006	-0.43432928116214525	0.7154100833136716	-0.4514132129887459	
10.361787921374354	0.8482703668193786	-1.52894528271352	-0.4605640746851409	0.7499570587704099	-0.4632844212080163	
10.41418279967989	0.7919475505917444	-1.4870391693869338	-0.47941894278231706	0.7868649879792319	-0.4766507555495402	
10.467750960980705	0.7277090277410243	-1.4461817243570452	-0.4903220552843275	0.8267597446588211	-0.49145945991054013	
10.524324954912966	0.6568786296348466	-1.406281188651098	-0.49295727689412666	0.8702830591230535	-0.5076027825587938	
10.586468116200164	0.5810435948117171	-1.3672609151780135	-0.4873023082941059	0.9180602415879722	-0.5249195465799372	
10.65737281458981	0.502014152748148	-1.329235954622052	-0.47366325581198515	0.9706725274108454	-0.543199658163698	
10.740704040085248	0.42173124529947653	-1.2927312524304562	-0.45270026666435687	1.0286362574312236	-0.5621915305645554	
10.840413886423013	0.34212558969162943	-1.2589180977729901	-0.42543803836759175	1.0923916898165662	-0.5816133093069837	
10.960548882325263	0.26493625476878846	-1.2298334681420324	-0.39325652728136873	1.162303734790943	-0.6011687798839559	
11.105065134902285	0.19150166116253903	-1.2085408195303307	-0.35785805590962405	1.238675072497891	-0.6205686916424888	
11.2776590818551	0.12254052383716707	-1.19919005664734	-0.3212066677208546	1.321769516715505	-0.6395581451347512	
11.481624797186223	0.05796474519558166	-1.206927910543333	-0.2854338891878718	1.4118396676125617	-0.657949021197519	
11.719741658332273	-0.003229870716443607	-1.2376544542115528	-0.25271413382057717	1.5091491694573087	-0.6756552226321456	
11.994185547361253	-0.06295462152308749	-1.2976347089273517	-0.22511462704602994	1.6139816302443575	-0.6927279957030819	
12.30644734166244	-0.1238738610165606	-1.3929842011666052	-0.20443105967059658	1.726630502351705	-0.7093872675461262	
12.657230996723468	-0.1891049020993763	-1.5290626269887637	-0.19202651001793156	1.8473670115310943	-0.7260442014855092	
13.046294622185583	-0.2617958901337255	-1.7098177101148653	-0.18869298841589105	1.9763858033799755	-0.7433101472042464	
13.472198699485864	-0.34462560047869856	-1.937133647790515	-0.19455595378194282	2.1137300147888864	-0.7619862825788746	
13.931957418232733	-0.4393050704181329	-2.210278581510947	-0.20904202726541204	2.2592031961905867	-0.7830286872740302	
14.42060285796662	-0.5461471830591461	-2.5254989162601453	-0.23090584183742896	2.412274243367196	-0.8074901203763393	
14.930708674109898	-0.6637480170347843	-2.8758109064640265	-0.25831181965786115	2.5719813969430017	-0.8364395622880741	
15.451945747260263	-0.7888094055057492	-3.251034605982979	-0.2889636042034197	2.736842043644727	-0.8708629512915741	
15.970759112971272	-0.9161154706788975	-3.6381023236718613	-0.320272695433149	2.90477552271204	-0.9115504772433387	
16.470256336414003	-1.0386616048194732	-4.021659140370279	-0.34956038192559996	3.0730451747145993	-0.9589758168006121	
16.930427173925185	-1.147946697740544	-4.3849738320208544	-0.3742897641793063	3.238233045722992	-1.0131775125784488	
17.328753983645353	-1.234421467164692	-4.711098006576726	-0.3923167428406917	3.3962571602655207	-1.07365597196086	
17.64119423339737	-1.2880871019473366	-4.9841718530886014	-0.4021500330551525	3.542432372789573	-1.139293083581353	
17.84350340835922	-1.299262635525793	-5.190751668386677	-0.40320181598524896	3.6715798063119323	-1.208304388342055	
17.91281237772209	-1.259527986169198	-5.320989450510285	-0.3959991785251397	3.7781867406540752	-1.2782335710175075	
17.829336790283502	-1.1628264703968108	-5.36948736479415	-0.3823177784634904	3.8566178867461858	-1.3459988830135425	
17.578086180903767	-1.0066747232058788	-5.335679996085969	-0.36519233234879867	3.901380567761929	-1.4080016819118175	
17.15032861962921	-0.7932692704044859	-5.223612855722228	-0.3487430547383062	3.907432827221543	-1.4603081510708442	
16.54462990059446	-0.5302291051010124	-5.041227241313768	-0.33781119076526567	3.870501895180216	-1.498890624218301	
15.767361811637894	-0.23074814431946586	-4.799354138040878	-0.33743507566555	3.7873756783436705	-1.5199073106657564	
14.832598308345078	0.08698965244594627	-4.510616233760274	-0.3522344653789544	3.65612785026779	-1.5199906162097243	
13.76139050819751	0.40112377807992267	-4.188408151375271	-0.3858018770450845	3.476246883921595	-1.4965088478561508	
12.580488529152868	0.6879939032836853	-3.8460563695974406	-0.44020443491053984	3.2486570860811756	-1.4477701526720368	
11.320634307721756	0.9243042017969791	-3.4961930228131815	-0.5156872402715471	2.975633219017501	-1.3731436310540177	
10.014666480391456	1.0891883661907218	-3.150342424423789	-0.6106415694379201	2.6606236202764095	-1.2730762367068458	
8.695766588142225	1.1659029336456674	-2.8186309717719493	-0.7217948796690611	2.3080366284127427	-1.1490231055261604	
7.396010094426188	1.1430417625775642	-2.509510277777949	-0.8445613222291252	1.9230235574300232	-1.0033088287771557	
6.14528979152203	1.0152214822260142	-2.2294524978318875	-0.9734807357362987	1.5112765783677764	-0.8389428803604554	
4.970578634327396	0.7832397992025545	-1.9826835625227823	-1.1026755460244662	1.0788386314883867	-0.6594140071012903	
3.895425555994032	0.45375588962157115	-1.7711095249576219	-1.2262715405451305	0.631902565377304	-0.46848317123093824	
2.9396103766496813	0.038530624783760424	-1.5946095690595785	-1.3387471032424962	0.17657314395179635	-0.26998480585417994	
2.1189401077879864	-0.44664058000703827	-1.451670259286943	-1.4351893075212654	-0.2813971313418286	-0.06764730587422504	
1.4451650358386843	-0.9831163752375478	-1.3401479870415158	-1.5114669833460221	-0.7368593702877586	0.13506003515625448	
0.9260299529100615	-1.5506160944179421	-1.257961743085434	-1.564336770341318	-1.1854637174088334	0.3350475354580564	
0.565463424193545	-2.128358681984335	-1.203569615812055	-1.5914990637797632	-1.623767931302654	0.5296876870867796	
0.36390570881767004	-2.696087172978346	-1.176160898642288	-1.5916191297382785	-2.049249745149234	0.7168584248445762	
0.31878060584421164	-3.234970881054747	-1.1755649279088027	-1.5643236218606826	-2.460234446499706	0.8949499452860443	
0.42514018343845517	-3.728351510733193	-1.2019197043814682	-1.51016186437034	-2.8557532589277232	1.0628334761451117	
0.6764194899186503	-4.162292105949377	-1.255185292823388	-1.4305282519536047	-3.2353657135047538	1.2197998408098356	
1.0652173708230055	-4.525894298224172	-1.3345687593540696	-1.3275409098552153	-3.5989670781757934	1.3654754789949832	
1.5840008922998814	-4.8113409787158705	-1.4379178083675006	-1.2038763213495018	-3.946593543233233	1.499723495302311	
2.2256199300125026	-5.01365125687507	-1.5611465927148274	-1.0625725302957996	-4.27823725382905	1.6225403847485003	
2.9835421973381493	-5.1301777543142215	-1.6977604891884208	-0.9068226441532068	-4.59368079438471	1.7339592840612457	
3.851759228824652	-5.159913757089767	-1.8385552211204808	-0.7397846331468768	-4.892358431654932	1.8339684429834615	
4.824378967397639	-5.102723930327816	-1.9715896106722723	-0.5644370662833642	-5.173254856132616	1.9224521306731934	
5.894995645427362	-4.958644901197082	-2.0824439609819967	-0.38349592356467327	-5.43484001310574	1.99915483554925	
7.05592557284093	-4.7273390561080415	-2.1547702574125047	-0.19939229245065904	-5.675037806998669	2.0636671000972826	
8.297396634327537	-4.407763483350294	-2.171113933975223	-0.014305378702559664	-5.891228044050843	2.1154323078971577	
9.606778750036847	-3.998093736979987	-2.113957513083348	0.16975833519219957	-6.0802824531035595	2.1537738335614662	
10.967934418573432	-3.4959279832739125	-1.9669254315372156	0.3508494546149528	-6.238637687265763	2.177941517672517	
12.360808775205575	-2.898804136812552	-1.7160709740665707	0.5269341111549846	-6.362413325092184	2.1871749765595236	
13.761393728040442	-2.205031429337559	-1.3511199063720298	0.6957493251663949	-6.44757335140837	2.1807752292301843	
15.142110727967792	-1.4148003143329313	-0.866598503105294	0.8546820143359306	-6.490118254295371	2.158175959395487	
16.472640282300194	-0.5314874213596738	-0.2627634549888732	1.0006978450098882	-6.486295078654187	2.119008603501659	
17.721152970060963	0.4369960736973927	0.4537420786404434	1.1303399703565729	-6.432810777427835	2.0631568922314703	
18.85584993712237	1.477014387830384	1.2695583232591674	1.239808492916961	-6.327039202132085	1.9907979353266776	
19.84671030646482	2.5683846532341508	2.1646195543202147	1.3251219600127353	-6.1672207067501565	1.902428018397393	
20.667276261197014	3.684192206972265	3.1125756358845993	1.3823502186468786	-5.952640695004833	1.7988669901293184	
21.296491916224355	4.791351568725095	4.0816120148037	1.4079336986087774	-5.683809826264307	1.6812432599169718	
21.71987227933844	5.851768540070936	5.035586134620682	1.3989565159517408	-5.362538761823199	1.5509550542266046	
21.93170854453268	6.824355266022742	5.935701201186891	1.3537213952949274	-4.992199594375947	1.409632093841582	
21.933799339154746	7.6670699259310755	6.74221145692679	1.2717435745812242	-4.577442522472078	1.259050945569395	
