21.829907014569127	6.46865570755902	8.15391469089857	0.8814936802622152	-3.780436216377985	0.8307214064269098	
21.339110713487294	6.647400422951661	8.701971752581285	0.787884220999985	-3.265030227832831	0.6739223730157601	
20.732881437095248	6.6688729828420055	9.012801830808952	0.6832025278771979	-2.7313482181564543	0.5115732651383518	
20.044326507351666	6.529386036065931	9.06831540103602	0.5710260513299026	-2.1894269733680893	0.34552162992634455	
19.307192806555584	6.231057246095119	8.862338611207836	0.45547830250252813	-1.6495531022051084	0.17773496263646618	
18.554533202017854	5.783477685814577	8.404440083259303	0.34128149943684705	-1.121903946279283	0.010263628794935246	
17.816543107392185	5.203065271679865	7.718716579396248	0.23352670023635203	-0.6159273306970435	-0.15488240302426828	
17.11890619249788	4.513148277168438	6.843228069523308	0.1374930864261494	-0.13989585908361157	-0.3158327899847898	
16.481233790152753	3.743428648756294	5.827531655247923	0.05836399591610621	0.2994645360438713	-0.47095401463747644	
15.915926705835071	2.929107254703416	4.729141321223015	0.0008879580259574882	0.6971596945854396	-0.6189061268056231	
15.427573439615378	2.1094171743045886	3.608988335899507	-0.031004108612072916	1.0499028619241006	-0.7586390409376478	
15.012912267465255	1.3255744957814268	2.5264365338862103	-0.03460304480296971	1.3559106105775744	-0.889322744724889	
14.661475425207668	0.6181410934550094	1.5343464810007184	-0.00882015665210089	1.6145693962678889	-1.010219125864393	
14.357007502858947	0.02391343359734361	0.6748143683468988	0.04546629345362786	1.8260594694604817	-1.1205210877592844	
14.079645872979539	-0.42740703629295973	-0.0238045811735446	0.12518671898757533	1.991036887434086	-1.2192002656725107	
13.808693529573064	-0.7163750360635708	-0.5481841247206188	0.22506250690809965	2.110458168341271	-1.304913630286841	
13.525579996692214	-0.8360518983828488	-0.8993969664425757	0.3378949268504382	2.1855740761835967	-1.3760208629308455	
13.216433965293689	-0.7926931096507077	-1.0908140055355824	0.4551471563379653	2.2180451921191073	-1.4307259669125727	
12.873873559504506	-0.6047105362624317	-1.1452057078797577	0.5677175607433044	2.210106813669292	-1.4673112761684892	
12.497741236360234	-0.30010673219469913	-1.0915413603095256	0.6667783984216731	2.16472498449327	-1.4844104105759937	
12.094682539586035	0.08705862926863815	-0.9618780920694213	0.7445490668534323	2.0857029309006885	-1.4812605663876905	
11.676689046324464	0.5204523372281644	-0.7885669695651729	0.7949076574725663	1.9777122482046132	-1.4578865355932962	
11.258926254220194	0.9648665450860212	-0.6018608320610683	0.8137985307081195	1.8462309352002402	-1.4151909727875196	
10.857346203924834	1.388773880630968	-0.4280427440631608	0.7994176508142501	1.697372035094445	-1.3549380650286902	
10.486598588538898	1.765962776053492	-0.28813834682970163	0.7522306164261957	1.5376216017530306	-1.279652485740531	
10.15846151133801	2.076421566504826	-0.19721468408517623	0.6748594008555423	1.3735104706454861	-1.1924535337114959	
9.88088251840331	2.306646127056068	-0.16424702906750208	0.5718525469559553	1.2112559686142803	-1.0968454470525157	
9.65763148650228	2.449540553492412	-0.19248034815711096	0.449347101240624	1.0564185631665572	-0.9964880246616211	
9.488500609026456	2.504059137288591	-0.28016243211660324	0.31462820882821885	0.9136170018105535	-0.894970464123497	
9.369963700271462	2.4746591440142236	-0.42153059923065683	0.17558855184935407	0.7863446212980993	-0.7956089493819397	
9.296126326848269	2.370571569453913	-0.6079119569795594	0.04012061328095166	0.6769173279189826	-0.7012893937834832	
9.259728731337773	2.204905110537616	-0.8287856879721487	-0.08450259975545071	0.5865335366865646	-0.6143595898589569	
9.253054236157904	1.993526028767642	-1.0727523403011259	-0.19220191485203308	0.5154198011319596	-0.5365700279711281	
9.268647354086012	1.7537319021321516	-1.3283650669690634	-0.2785528870691403	0.46302669933165747	-0.4690608229080029	
9.299812927529072	1.502821603139754	-1.5847974037385235	-0.3410729444086535	0.4282387829084564	-0.41238971605961516	
9.340925512042851	1.2567247996616784	-1.8323425594354952	-0.37930089730400895	0.40956955068338635	-0.3665933587707635	
9.38758263948535	1.0289037142475068	-2.0627336675427315	-0.394648576663543	0.4053248911898665	-0.3312758611291768	
9.436629602521005	0.8296668556856933	-2.2692998134368842	-0.3900738867997627	0.4137237506235487	-0.3057090464482092	
9.486078595610556	0.6658696485108067	-2.44700785679143	-0.3696495856624529	0.43297758777261863	-0.2889316038849755	
9.534937512260566	0.5409435504134588	-2.592430107030095	-0.33808271741681983	0.4613352595130884	-0.27984120610661883	
9.582976717333588	0.4551845611327709	-2.703670299971529	-0.3002381906900335	0.49710208007159074	-0.27727509194914673	
9.630469937695763	0.4062398669589667	-2.7802649310043304	-0.26071053110121795	0.5386444640589345	-0.28007721323539825	
9.6779432418374	0.38974857017080045	-2.823059396575768	-0.2234763246211839	0.5843925963040709	-0.28715214866881333	
9.725960051290013	0.40008978953073765	-2.8340397215324065	-0.191663220750143	0.6328508740219864	-0.29750490054419243	
9.77496184734081	0.43112455666996014	-2.816131800527139	-0.16743994718015076	0.6826212853259408	-0.3102669518346236	
9.825167461102767	0.4768496197809887	-2.772973813576485	-0.15201305401090678	0.7324396652403482	-0.32470959187518356	
9.876531773122736	0.5318925936978239	-2.7086691174806887	-0.1457117946855847	0.7812216948517822	-0.3402454056668877	
9.92876186868574	0.5917973391579091	-2.627530011124431	-0.14813598606364592	0.8281133888239759	-0.3564199601650356	
9.98138595469272	0.6530800604033887	-2.5338225231080043	-0.15833832687398555	0.8725397795380374	-0.3728970199776769	
10.033870056515218	0.7130662318014033	-2.4315240729544954	-0.17501412476582437	0.9142429674763578	-0.3894409033636111	
10.085771085723271	0.7695730591109602	-2.3241184283256193	-0.19666908820540357	0.9532978029308384	-0.40589939715801576	
10.136909960671334	0.8205560465663105	-2.2144460456350736	-0.22174404780364468	0.9901022958134009	-0.42219000515165556	
10.187547295869125	0.8638216561193767	-2.104626805009053	-0.24869520642684673	1.0253415115660152	-0.43828898940807626	
10.238540511946251	0.8968842733182478	-1.99606870015342	-0.27603662803365414	1.0599287026263207	-0.4542218053359107	
10.291462291387061	0.9170032204095607	-1.889567616838496	-0.3023587843476873	1.0949313970826682	-0.4700529647163396	
10.34866661137845	0.9213875796219606	-1.7854949332997265	-0.3263403874698296	1.1314919750069619	-0.48587333327079735	
10.413286812030382	0.9075116743212964	-1.6840644424921927	-0.3467681645138404	1.1707524281748054	-0.5017835736445346	
10.4891667561456	0.8734545785392056	-1.5856471589893244	-0.3625726683573492	1.213793313827173	-0.517875261821937	
10.58074128070191	0.818197830137545	-1.4910996204910625	-0.372882744637418	1.261591085759842	-0.5342127127359372	
10.692878594623952	0.7418250683624945	-1.4020719769351673	-0.3770963752889999	1.314995364409818	-0.5508188913009022	
10.830697276401471	0.6455741797406587	-1.3212588111637662	-0.3749605799498184	1.3747261275823357	-0.567668693967317	
10.999364344836986	0.5317114873026861	-1.2525562766367169	-0.36664768983509843	1.441388609722058	-0.5846922136031493	
11.20387059571594	0.40322799221342015	-1.2010900456963185	-0.35281086896125924	1.5155014383295888	-0.601789945408483	
11.448781976497232	0.26340752737258105	-1.1730703211692994	-0.3345932546752602	1.5975305878322352	-0.6188605948281394	
11.737972656621698	0.11537998383369781	-1.1754798810425025	-0.3135807416818342	1.687917531856468	-0.6358386217698044	
12.074347252260305	-0.03824441366189265	-1.215614822564899	-0.29169729290860796	1.7870924275218243	-0.6527374205690899	
12.459562779095835	-0.19559041851526454	-1.3005065765972152	-0.27104885431496195	1.8954656604651003	-0.6696925639536774	
12.893755538155782	-0.35554804364920395	-1.436263574962183	-0.25373026768332446	2.013394091386065	-0.6869985786764035	
13.375265495675773	-0.517620704332476	-1.62737012919059	-0.24161390348308343	2.1411211637711527	-0.705132936159938	
13.900345426779953	-0.6816185861194185	-1.8759860520343303	-0.23614160404223036	2.2786922185125995	-0.7247606844557148	
14.462866519639881	-0.8472522363423146	-2.1813374157975223	-0.2381509819850747	2.4258530477331597	-0.7467135589516227	
15.054015074503992	-1.013691816549529	-2.5392497133741814	-0.24775291075059533	2.581939261904927	-0.7719438438491247	
15.662011480938759	-1.1791414681028523	-2.9418855567966498	-0.2642726992757537	2.745765839338859	-0.8014528188373711	
16.271898553211063	-1.340477473485452	-3.37774519121006	-0.2862640722420196	2.9155274085548424	-0.8361957720389216	
16.865459884585743	-1.492994491683982	-3.831974585591376	-0.3116005038738826	3.0887194192053817	-0.8769679630545069	
17.42133788409985	-1.6302958331205037	-4.2870094048821645	-0.33764534843413596	3.262087414357979	-0.9242768377523022	
17.91546476900693	-1.7443798240592776	-4.723585076998907	-0.36150418426908343	3.4316174693182644	-0.9782114840356012	
18.321874249098858	-1.8259585869521517	-5.122049569718035	-0.3803457593288575	3.59257539583643	-1.0383251556120263	
18.613898336796208	-1.8650279733100033	-5.463870179611944	-0.39177207371876366	3.739595013687906	-1.103540443027188	
18.76572965644099	-1.851717124918819	-5.733201596084143	-0.39421116444883614	3.8668234083485555	-1.1720892757736203	
18.754256752839485	-1.7774139004675917	-5.918321122834427	-0.38728788628776745	3.9681277897059015	-1.2414994615230834	
18.561019256747905	-1.6361145266064394	-6.012710770239058	-0.3721128425462595	4.037364308242799	-1.3086385492419121	
18.17409486095068	-1.425889285057824	-6.015583301915717	-0.3514182077374802	4.068704758773915	-1.3698256247299454	
17.589574788384567	-1.1501723838006739	-5.931662813348093	-0.32944580060549494	4.056992901675472	-1.4210225044149256	
16.812401936183292	-0.8185484100626165	-5.770338480358575	-0.3115634549571503	3.9980835492845688	-1.458090023316618	
15.856474352376141	-0.44677424954904144	-5.544441331681241	-0.3036426039948788	3.8891233660337097	-1.4770868884683495	
14.743981503900072	-0.05589114138281459	-5.268895474304404	-0.3112810022791197	3.7287388666112147	-1.474579513467743	
13.504047548473558	0.3295137993258948	-4.959458017290514	-0.33900111940881406	3.51711442865365	-1.4479259718164637	
12.17084228455815	0.6836423750000258	-4.6316679839894865	-0.3895672976964666	3.25596413094706	-1.3955018633440028	
10.781369074304632	0.9820325599692723	-4.300023775068608	-0.4635510634141913	2.948412384561949	-1.3168416281520061	
9.373249444176984	1.2038221258314579	-3.9773620040693913	-0.5592356869577689	2.5988027041201938	-1.2126689603625367	
7.982829568262359	1.3334237645601323	-3.6743443976588406	-0.6728089604589919	2.2124818228089804	-1.0848292969691031	
6.643726768639038	1.3615200335079536	-3.398996234368494	-0.7987645979500227	1.795576782366578	-0.9361375969115286	
5.385825916372629	1.2853810012401563	-3.156343628858312	-0.930424325486838	1.3547667809390467	-0.7701625300284328	
4.234648667092111	1.1085861127217427	-2.9482866543994817	-1.0605004178697657	0.8970360936824869	-0.590973119263709	
3.2109782762728414	0.8402857202816935	-2.7738708970962285	-1.181642101810124	0.4293863665554088	-0.4028723008761053	
2.330701042517133	0.49412396143000753	-2.630045055084273	-1.2869288465292488	-0.04149733466831607	-0.21013739297212752	
1.6048659124268188	0.08701195651789141	-2.512728963950269	-1.370275989186088	-0.5095828692740761	-0.016792005895068747	
1.0399217279112118	-0.36208281942130083	-2.417897962161014	-1.4267492200825787	-0.9697751296748368	0.17357819437037106	
0.6381282748386194	-0.8332804209446799	-2.3424725960926582	-1.4527897115838417	-1.4181027013971104	0.3579599763169687	
0.39811570060387524	-1.3068369891577045	-2.2848738446882497	-1.446351483232872	-1.851781281287868	0.533994204287347	
0.3155599070391168	-1.7640898896119515	-2.2451846752036735	-1.4069531273867373	-2.26915228140299	0.7000056024973399	
0.3839426340936053	-2.188298694919378	-2.2249212686876243	-1.3356460854244239	-2.6695154581612677	0.8549844283405142	
0.5953718348375712	-2.5653242861500254	-2.2264570881349326	-1.2348840774074687	-3.0528806404822966	0.9985178243089867	
0.9413768922388133	-2.88409022663863	-2.2522247843294876	-1.108309314397365	-3.4196877370562775	1.130683227162611	
1.413606716947612	-3.1367951468854995	-2.3038090258506903	-0.9604729818970136	-3.7705284172400186	1.251916529681869	
2.004353733345129	-3.3188496467083244	-2.381030242354003	-0.796509332183856	-4.105892898445105	1.3628674113540697	
2.706829159161218	-3.4285457294510246	-2.4811191885789428	-0.621793699244932	-4.42596209671128	1.464257016882983	
3.515141727283538	-3.466505037577026	-2.598071826012116	-0.44161765575283274	-4.7304584681559465	1.5567517975662872	
4.423965851590658	-3.434980021572085	-2.7222719477673736	-0.26091148715809964	-5.018562328890848	1.6408635653269796	
5.427947321359417	-3.3371165494040964	-2.8404910755253816	-0.08404390887907469	-5.288896368162085	1.716883774312392	
6.520960032001862	-3.1763054142758596	-2.936256202005084	0.08530019002100629	-5.539557583495923	1.7848494495577165	
7.695313599116015	-2.9556788156160714	-2.9905709763643897	0.24417774370224754	-5.768177373690631	1.8445357807395764	
8.941001115229598	-2.6777831747453273	-2.9829455003953855	0.39039638911372276	-5.971994167809271	1.8954710759752615	
10.245060850543732	-2.3444404088626	-2.892661030105632	0.5224879033598977	-6.147929350116338	1.936969441649584	
11.591105800680383	-1.9568003386255073	-2.700193327466498	0.6396557205886934	-6.292665803746117	1.9681760180610017	
12.959108066156096	-1.5155953862220592	-2.3887102165284912	0.7416954603931334	-6.402737302365351	1.9881200728026898	
14.325534264272983	-1.0215875652557842	-1.9455149114921744	0.8288882472317105	-6.474634046861312	1.995769958805105	
15.663854650793855	-0.47616878424462133	-1.3633745777332176	0.9018722894134962	-6.504923199562153	1.990086674581689	
16.945446093137335	0.11794126881248033	-0.6416661410602094	0.9614938995166298	-6.490381114285894	1.970076768830869	
18.14084957505219	0.7559837142766674	0.21273212449114923	1.0086463550356903	-6.428131883062354	1.93484540784692	
19.221302183889883	1.4305325355244334	1.1848728493911587	1.0441108409169493	-6.315790501424892	1.8836508532565772	
20.160447299729803	2.131035638254755	2.2515531138093166	1.0684171107992089	-6.151615433388	1.8159618282334027	
20.93603244752596	2.8436299547489488	3.3816630517026045	1.0817483402064099	-5.934664527195983	1.7315132205330057	
21.531553555592385	3.551262788640082	4.537118593361438	1.0839121850230848	-5.664978127605407	1.6303624843967692	
21.937181280982326	4.234116270292516	5.674274685191588	1.0743762710461613	-5.343682719748755	1.512914895014654	
22.151425105515838	4.870371084209855	6.7461435194230885	1.0524015260360755	-4.973296276788705	1.3799956599271515	
22.179659379492183	5.437242935350727	7.70462698768489	1.0171919932142508	-4.557518596611663	1.2327737149748024	
