21.114149746013744	6.912850260276822	7.2962141151915825	1.2171881949702337	-3.74025468371991	0.9399042674920304	
20.61785543092155	7.421555818632043	7.776225478782247	1.068458291909758	-3.2220341966713164	0.7775479716871196	
19.996355928473765	7.7616837092567215	8.040527903949569	0.8908217779386296	-2.682469674403215	0.6135732639160231	
19.282151160468757	7.910712043658213	8.068689683610007	0.6901979457600265	-2.133082946684323	0.44983623245625753	
18.509879420629527	7.853526534979494	7.851270772131865	0.4741060142718509	-1.585907662765699	0.2880704317396996	
17.714880770794775	7.584769148925903	7.3929640596708985	0.25158695230165323	-1.0528939052174289	0.12981388657884568	
16.93080706727095	7.109459130616148	6.712818723402873	0.03260250077826231	-0.5450495819053099	-0.02365725662800832	
16.18769609152886	6.4437330998190445	5.844206034091651	-0.1724610077644605	-0.07179032555359914	-0.17140535315835587	
15.51014717769633	5.614762864127852	4.833065056761446	-0.3534133391620291	0.359579370898437	-0.31288942119317364	
14.915932822520466	4.660112498144459	3.7349566951369684	-0.5008660163968239	0.7441294788674141	-0.4479844470093798	
14.415034514760276	3.6263762763352987	2.610968376564225	-0.6068264981421071	1.0793018657668338	-0.5769349692885167	
14.009143872404737	2.5670354953470755	1.5228137386384744	-0.6652659099496075	1.3646403130455673	-0.7002233206101236	
13.691735207883074	1.5394059950453278	0.527570621580054	-0.6726562551357893	1.601297433885574	-0.8183487546635849	
13.448849277450343	0.600674416152407	-0.3273150735553316	-0.6284601769808335	1.791431675879697	-0.9315446492954084	
13.260718609318264	-0.19683712989505947	-1.008067071264555	-0.5355027755878653	1.9376377703234764	-1.0394890130226544	
13.104176633240913	-0.8107310271917132	-1.497002153887593	-0.4001013645181975	2.0425434875753243	-1.1410827124078702	
12.955554256646776	-1.2131293602637192	-1.792958218882721	-0.23182638786422358	2.1086395851614883	-1.234367706609509	
12.793630574042638	-1.3938271147269674	-1.909762945402987	-0.04283128535520793	2.1383225792162723	-1.3166306018666318	
12.602191124088666	-1.361167530184689	-1.8731761196043835	0.15319808629512105	2.1340690356937464	-1.3846901594982566	
12.37180492634678	-1.1403219330225003	-1.7169772774456984	0.34231208761712834	2.098647205416061	-1.4353153981110214	
12.100525932027047	-0.7693685156024811	-1.4788831779142175	0.5115661369733733	2.0352935667536665	-1.4656855406418312	
11.793380737675434	-0.2941384765093096	-1.1968244140336843	0.6500825963765031	1.9478087143287401	-1.4737956227420297	
11.460853393169591	0.23697589052178245	-0.9058868267320622	0.7497933120619089	1.8405553822913578	-1.458744875850765	
11.11679192099367	0.777458013649438	-0.6360059832271964	0.8058519770709567	1.718357568929816	-1.42088678376183	
10.776204466469297	1.285993109754302	-0.41044995669616324	0.8167528904784331	1.5863104118900522	-1.3618420112763945	
10.453311734988889	1.7286617982236137	-0.2450947391378783	0.7842075658772963	1.4495227459968258	-1.2843881218242232	
10.160056534839672	2.080168392709144	-0.14844578346843573	0.7128238338515216	1.3128251049242388	-1.1922481655518193	
9.905141263386964	2.324326123201778	-0.12229415045671853	0.6096211745371342	1.1804833408649071	-1.089806468238554	
9.693599416370072	2.4540002154910763	-0.1628390101334255	0.4834118742017379	1.0559604309806108	-0.9817832070384391	
9.52687059604146	2.4706589112723303	-0.2620810573626908	0.3440786804011803	0.9417646676343606	-0.8728979102635861	
9.403308652973395	2.3835835819560267	-0.4093000745715226	0.20178447336302696	0.8394141664138681	-0.7675515418247714	
9.318965536456615	2.2087551957480778	-0.5924288421650478	0.06616686684022288	0.7495191191991522	-0.6695542663195315	
9.268470931281804	1.9673581825789057	-0.7992026476835099	-0.05442375170362973	0.6719589780403527	-0.5819172809458615	
9.245849255023646	1.6838656693857783	-1.0180221719318636	-0.1535672062911391	0.6061151046101628	-0.5067228052060908	
9.2451721486753	1.3838021227879265	-1.2385226839153167	-0.22721799584119087	0.5511115256472604	-0.44508057048168304	
9.261016006727319	1.0914243946796116	-1.451887108506284	-0.27389218267135	0.5060216179482696	-0.3971706136858862	
9.28874339789166	0.8276355287792647	-1.6509645594827782	-0.2945778137229431	0.47001293875042627	-0.36236140429391406	
9.324641361373983	0.6084057728188287	-1.8302621243604333	-0.292395884569736	0.4424202269953955	-0.3393824012626384	
9.365943253842484	0.4438517035175266	-1.9858707301153549	-0.27207368574724294	0.4227523523317796	-0.32652521481875924	
9.41075382748037	0.3380215853039599	-2.1153598793644575	-0.23930665603630727	0.4106491760308548	-0.32184899421795765	
9.4579089602733	0.28931159943175644	-2.217657085956242	-0.20009787043754604	0.40581076950169087	-0.3233681070221876	
9.506804698401469	0.2913955559207581	-2.292909613877829	-0.16014763646416508	0.40792012171704595	-0.3292096128957444	
9.557225135946467	0.33454324274829866	-2.342322054760838	-0.12435193380270695	0.41657643474381023	-0.33773336942423887	
9.609188712640357	0.40716851439564	-2.3679672421077362	-0.0964541162426164	0.43125178379225887	-0.3476105577944931	
9.662817883036588	0.497415498813935	-2.372570270683176	-0.07887352777455084	0.45127863596050877	-0.35785936569975246	
9.718225960179327	0.5945771748742883	-2.359269565170996	-0.07271100972078984	0.47586975849966073	-0.36784009562081593	
9.775414225491453	0.6901620549721137	-2.3313676558503817	-0.07790833859458138	0.5041662581917905	-0.37721619885616287	
9.834182794337012	0.7784834403552567	-2.2920941940053727	-0.09352019092044933	0.5353053700967694	-0.3858916828605734	
9.894074260197197	0.8567107752525067	-2.244410009735801	-0.11804606164394275	0.5684970828145697	-0.3939371391089054	
9.954374876061229	0.9244267732861383	-2.190876552902489	-0.149757137946037	0.6030975957062396	-0.4015177601334997	
10.014190327948313	0.9828232323660492	-2.133596905496365	-0.18696107130153988	0.6386698561005388	-0.4088328588795952	
10.072597807440511	1.0337271047556928	-2.07421385837937	-0.22816555345894793	0.6750237084791105	-0.416071927110787	
10.128857636794525	1.07867817403398	-2.013936580898122	-0.27212757477106236	0.7122307455296929	-0.42338845829935917	
10.182654726390318	1.118247856629622	-1.9535731985746816	-0.3178047990051728	0.7506121360582321	-0.43088941817737264	
10.234334931953253	1.1517067350725698	-1.8935687854377479	-0.3642474887393168	0.7907018496498656	-0.4386362435945136	
10.285101521511185	1.1770505401216016	-1.8340701397530184	-0.41047724507329364	0.8331920618987096	-0.4466527845564675	
10.337141134194695	1.1913185979003584	-1.7750445023571022	-0.45539253404867935	0.878870130129543	-0.45493628651229095	
10.393655050644602	1.1911031397916794	-1.716467698638126	-0.4977278778784184	0.9285561288918525	-0.4634686266270459	
10.458795300167177	1.1731285042157822	-1.6585749289280218	-0.5360778417343798	0.9830486345107589	-0.47222598633781415	
10.537524170701483	1.134783070142773	-1.602150081987148	-0.5689833761666472	1.0430839767560962	-0.4811866102236434	
10.635413789711722	1.0744953172750302	-1.5488143921702537	-0.5950682356932968	1.1093123545926562	-0.4903378434015597	
10.758394357174875	0.9918705864546771	-1.5012648538942714	-0.6132025933337483	1.1822917202810785	-0.4996848124666743	
10.91245192042594	0.8875613271194903	-1.4634101465546119	-0.622662622243166	1.2624969841138478	-0.5092635000253879	
11.103277368055334	0.7629178632504299	-1.440356918865484	-0.6232527130253446	1.3503388646155925	-0.5191602109290431	
11.335878362918127	0.619531585048687	-1.438213392830207	-0.6153634811771171	1.4461843724870351	-0.5295376213104523	
11.614178123526179	0.45881019065331174	-1.4637007799750819	-0.59995243945291	1.5503699448474229	-0.5406653602206523	
11.940637376122087	0.281709679479624	-1.5235927410649694	-0.5784479613424465	1.663199036732329	-0.55295040511642	
12.31593120593262	0.08869706290585032	-1.624039558080955	-0.5525928341836125	1.7849188134897576	-0.56696105228332	
12.738689424324562	-0.12004587226847513	-1.7698442749212764	-0.5242517390779764	1.915674191484844	-0.5834385686996337	
13.205299396820175	-0.3442099235569353	-1.9637582201628554	-0.49520821698181106	2.0554404910119084	-0.6032907028495831	
13.709764047298814	-0.5828016927129933	-2.2058623155546315	-0.46697762904514717	2.2039390103913696	-0.6275621131358455	
14.24360605963222	-0.8335310219453426	-2.4930960009079937	-0.4406592183377763	2.3605431882526915	-0.6573782495502104	
14.79581005948403	-1.092243013659129	-2.818987254880353	-0.41684327970881135	2.5241856945797534	-0.6938614629083399	
15.352800902862935	-1.352492429776409	-3.173624659572873	-0.3955808966534503	2.693277249792624	-0.7380209864563056	
15.898472179184932	-1.6053406636871854	-3.543898366654054	-0.3764167658562828	2.865644983382885	-0.790621186565038	
16.41431640698163	-1.839441650692139	-3.9140396713498475	-0.35848405498294555	3.038495590360057	-0.8520366460185221	
16.879733587807845	-2.0414555769706704	-4.266473971530248	-0.34065726659277673	3.2084050166334257	-0.9221075920844354	
17.27259265197346	-2.196799523675467	-4.582980094916418	-0.321756432756809	3.371334506630508	-1.0000097610544685	
17.570100624862715	-2.2907299148141607	-4.846122048135455	-0.3007933976014231	3.522678045505663	-1.0841548580311597	
17.74997723917302	-2.3097143118934005	-5.040851406164804	-0.2772417892048128	3.6573490916050053	-1.1721372989336072	
17.791867488342998	-2.2430037943337635	-5.15609999453727	-0.25129972048086613	3.769915796159874	-1.260740603978888	
17.67886610012192	-2.084261587842925	-5.186114090322592	-0.22409977429560465	3.8547921146864867	-1.3460132082050047	
17.398985775042497	-1.8330415209460185	-5.131253522958159	-0.1978095111592947	3.906486396014754	-1.4234191968865357	
16.946385239791763	-1.495858419758773	-4.9980246357199825	-0.1755659218281674	3.919899097601939	-1.4880648201845441	
16.322163742071524	-1.086549659692424	-4.798233805785863	-0.1612043362960593	3.8906441888518337	-1.5349955006351934	
15.534581814287884	-0.6256966132897436	-4.547392625451913	-0.1587933352203322	3.8153476166682845	-1.55954167654208	
14.598711567644418	-0.13909943227167257	-4.262749518600426	-0.1720490878425302	3.691875885966579	-1.5576778125068227	
13.535592397506214	0.34449774700430374	-3.961376501253495	-0.20374117770588776	3.5194613546838336	-1.5263513127263257	
12.371020796949669	0.7960457495501198	-3.6586692151299354	-0.2552131733858195	3.2987173538606247	-1.4637388947263197	
11.13411740779192	1.188744180724532	-3.367449859080788	-0.32611377882880743	3.0315611412175905	-1.3693994803350373	
9.85581970490905	1.5001343276485917	-3.0976680988964564	-0.4143806557379161	2.721076169312797	-1.2443088219230938	
8.567453885732002	1.7135203606179212	-2.856521674024281	-0.5164595801749376	2.3713456151582633	-1.0907766868377344	
7.299524739133298	1.818688293884069	-2.6487114723422014	-0.6276956022040647	1.9872808422809984	-0.9122613489871452	
6.080809657390595	1.8119927599065815	-2.4765819370748914	-0.7428114177105754	1.574453839014611	-0.713107495976666	
4.937753714663504	1.6959184337130537	-2.3401120857106563	-0.8563810939820983	1.1389277081581795	-0.4982482666766184	
3.894054195371263	1.4782631873074552	-2.236964191900369	-0.9632269618080027	0.6870658027407764	-0.27291256565757704	
2.970308844231712	1.1710754315029475	-2.1628531735737417	-1.0587048070754264	0.22529524267654114	-0.04235788097159369	
2.183664308467082	0.7894987829659158	-2.112322378283721	-1.1388732276661577	-0.24017749291382257	0.18836307819573359	
1.5474847449185167	0.3506704700259628	-2.0797792628650518	-1.200566661379028	-0.7036678148645299	0.4145971505920445	
1.0711093804221534	-0.12722579297141173	-2.0605163151112116	-1.2414033787732257	-1.1602772737199454	0.6322420640278921	
0.75976747383672	-0.6257244770331043	-2.0514638721542577	-1.25976052138251	-1.6060697775060577	0.8378525178372315	
0.6146942961244097	-1.1267028627527509	-2.051530779365062	-1.2547414133833104	-2.0381341574907155	1.0287055666245288	
0.6334813502953048	-1.6129417966089599	-2.0614942019637725	-1.2261477256105713	-2.454534821306076	1.2028313285403285	
0.8106742653713301	-2.0686739195466832	-2.083483945729103	-1.1744555931053293	-2.8541710381665024	1.359009740598686	
1.1385665335483017	-2.4801207695588205	-2.120175628030429	-1.100787892670179	-3.2365777947463132	1.496732925774702	
1.6080952275767957	-2.835962652361045	-2.1738202277907135	-1.006868026965343	-3.6016961104424534	1.6161296904842144	
2.20969677176121	-3.127656038012654	-2.2452411355220527	-0.894943915054024	-3.9496386423020144	1.7178545236503648	
2.9339704933557087	-3.349520901614068	-2.3329198059349237	-0.7676790581492213	-4.280471992934924	1.8029508768615756	
3.772030137213533	-3.498555989743713	-2.4322742038765277	-0.6280170091904799	-4.594030821317667	1.87270344772846	
4.715487835654181	-3.5739891064561125	-2.5352148353814843	-0.47903276614167706	-4.889771660338374	1.9284948064061331	
5.756087948297482	-3.576617742517295	-2.6300405443980184	-0.3237874719906923	-5.1666671802593	1.971678519312863	
6.885063854603785	-3.508029359500804	-2.7017172714628073	-0.16520198430824665	-5.423137048479929	2.003476433823987	
8.092329716746995	-3.369816081493275	-2.732553137576065	-0.005963976188245158	-5.6570121943074385	2.0249050123298074	
9.365625383920767	-3.162901199051576	-2.703222321363761	0.15152049018062952	-5.865530274916075	2.0367311857399093	
10.689735434126677	-2.8870822883828384	-2.59407906130261	0.30512289565575496	-6.045368837894063	2.039455684143872	
12.04591883975425	-2.5408923292533876	-2.3866817001904854	0.4529342555042483	-6.192724939075595	2.0333194683508857	
13.411688734710728	-2.121858083161395	-2.06542299318593	0.5931628604549355	-6.303444713064265	2.018326929370577	
14.761051139527634	-1.6271881446286685	-1.6191360689157042	0.7240083967709109	-6.373196827364685	1.9942792798333635	
16.065240605752713	-1.054854635452661	-1.0425286161669753	0.8435390587295997	-6.397675680910449	1.9608131037378764	
17.293899070860284	-0.4049545018124533	-0.3373126478789545	0.9495976236442027	-6.372819154525942	1.9174414449413135	
18.4165737763264	0.3188399580044089	0.48706221885198375	1.039758169601858	-6.295032730563096	1.8635971147359853	
19.404371235334597	1.1080072840244315	1.413132682563502	1.111350424116137	-6.16141815354666	1.7986790856473571	
20.231646375298197	1.9483072380317945	2.4155770228496887	1.1615630203352767	-5.970014450969986	1.7221038806031395	
20.877604833579138	2.819466016092452	3.461787510131201	1.1876236483157383	-5.720041936823677	1.6333621699614815	
21.327847242630213	3.695511421564084	4.512912590992259	1.1870792505560168	-5.412164686028987	1.532088554723622	
21.57531156524842	4.545720233308276	5.525289375841292	1.1580812690894722	-5.048653757653202	1.4181228190592636	
21.621565080883855	5.336273931814228	6.452597810636915	1.0998578270483876	-4.633673084611317	1.2916174284266344	
21.475877346208467	6.032204999260399	7.248056846461462	1.012839824576614	-4.1730982636070255	1.1530555649490073	
