21.972192681796603	8.26291687776736	8.266354052056261	1.6338975093892438	-3.7947959810143126	0.9238847961887556	
21.537752685788693	8.806379121721761	8.642095015423953	1.4226580100262372	-3.253219786665782	0.7652585580718896	
20.981746878864953	9.111930265738428	8.76968701873123	1.1726153363641165	-2.6925714394796287	0.6002810070275075	
20.33793997387509	9.16295739118822	8.638304901658053	0.8940825999940676	-2.1237363259373767	0.4316649768918964	
19.640342010327544	8.954567315003706	8.25054566028942	0.5993987204449411	-1.5578023199053777	0.26204766384725364	
18.921491980123683	8.496709619797523	7.625928200906458	0.30276660652435794	-1.0056513139486443	0.09386491776167095	
18.210218214892635	7.813177349476146	6.799366175650228	0.019152791360947455	-0.47736414528686205	-0.07076764293176759	
17.529960135959104	6.941218734632483	5.819803864176232	-0.23656497701364854	0.018197642191247216	-0.23012897297211857	
16.897337584778903	5.929671275746236	4.746544508279998	-0.4506532838701526	0.4737023281232535	-0.3829150560391634	
16.32123562445738	4.836335126583043	3.6442405505685738	-0.6115655685700603	0.8834658859982037	-0.5281915387072885	
15.802562016162176	3.724319450245761	2.576742193325615	-0.7109520539344905	1.2433753091143545	-0.6652661384328254	
15.33485800158373	2.6575500965391927	1.6008368557359898	-0.7445257264990923	1.5506705978191209	-0.7934928154881051	
14.90581129986544	1.6956868083730396	0.7609371741582538	-0.7126861097584621	1.8037008228712428	-0.9120482151901882	
14.49958217845359	0.8888871596662877	0.08561175419581016	-0.6207606128611767	2.00175832389526	-1.019741496269656	
14.099632321468295	0.27312800116369007	-0.41357264391492865	-0.4787389542602057	2.1450438038558763	-1.1149235346997077	
13.691612927446828	-0.13307723340987138	-0.7409925720072922	-0.3004470352631472	2.2347443911778297	-1.1955414767482397	
13.265847794324882	-0.3298477845358132	-0.9142430252445519	-0.10221850069363683	2.2731593839406132	-1.2593457087398878	
12.818983947641184	-0.334636544688022	-0.9604442095817507	0.09876549558355217	2.2638051663593823	-1.3042120401241188	
12.354418449085724	-0.17870209860786412	-0.9122107499977947	0.2861827686269595	2.211446257889841	-1.3284974935470724	
11.881474788873438	0.09760945508990282	-0.8038265943760875	0.44603904871591155	2.122030677909028	-1.3313461340490267	
11.413595914737838	0.44983049736347486	-0.6679105211298555	0.5677371584257865	2.0025090625776305	-1.3128937341772335	
10.966031643685806	0.8338541066413089	-0.5328185164094422	0.6446765032500187	1.8605355200738338	-1.2743484955465398	
10.553540319332043	1.2095117473206334	-0.42094468751344954	0.6744021111242211	1.7040734830569135	-1.2179480267100673	
10.188500993123268	1.5431295502951758	-0.3479451633239905	0.65838199537195	1.5409486346870187	-1.1468071816211969	
9.879629656818093	1.809159294485889	-0.32275798740491335	0.6015113213083477	1.3783951347049528	-1.0646789392531977	
9.631379348555798	1.9909802077597047	-0.3482511158572869	0.511404182708067	1.2226492744651911	-0.9756551601233373	
9.44399377188249	2.0809986368418607	-0.422264067904514	0.39754493273707153	1.0786491209440954	-0.8838521387325406	
9.314078158145598	2.0801649424118347	-0.5388368422105017	0.2703580957390998	0.9498792959285938	-0.7931211248681823	
9.235504659822157	1.996943374547163	-0.6894770997307709	0.14025418320845762	0.8383789722860961	-0.7068128477433377	
9.200431952598807	1.8457855392091165	-0.8643319064765603	0.016733359234946406	0.7448961425659454	-0.6276139974429957	
9.200249160148147	1.645203786484545	-1.053174850949341	-0.09236331984567672	0.6691417047570104	-0.5574609770395644	
9.226337924079715	1.4156147150837517	-1.2461738226373476	-0.18137806326762204	0.6100835995047951	-0.4975258546315573	
9.270640806520884	1.1771937225843523	-1.4344461560105262	-0.24708416546115902	0.5662292437729315	-0.44826483846068843	
9.326064427867685	0.9480467994425905	-1.610415001589072	-0.28864031675214596	0.5358609863089276	-0.4095166799703733	
9.386752617239834	0.7428948776058073	-1.7680087805307734	-0.30731834029982624	0.5172085608652706	-0.3806273080104797	
9.448241140244999	0.572311100444531	-1.9027451129680217	-0.3060737585154315	0.5085627624128529	-0.3605854763619029	
9.50749153158553	0.4424691360998286	-2.011731573595061	-0.28902880606142667	0.5083393895655559	-0.34815647526057325	
9.562804870624895	0.35531423488086816	-2.093603844352628	-0.2609297788064818	0.5151053657632484	-0.3420040603672099	
9.61362969050645	0.30906481841922695	-2.148409725404969	-0.22662923871495014	0.5275794248795125	-0.3407944648016884	
9.660296267111892	0.2989710875348147	-2.1774423200805773	-0.19063297095010986	0.5446188439930006	-0.3432801085179022	
9.70372140758631	0.31827527493869834	-2.183021596828437	-0.15675234795822107	0.5652019916032335	-0.3483615263427655	
9.745135183269333	0.3592471872640751	-2.16824273834497	-0.12788993458111544	0.5884165530544425	-0.3551272041037401	
9.785850750418595	0.41416116359433736	-2.136705975372769	-0.10595697393620265	0.6134592161754098	-0.3628728943873869	
9.827077860543067	0.4760978886972998	-2.092237372634744	-0.0919083490473502	0.6396470322450876	-0.371101757499064	
9.869779097913474	0.5394834213093206	-2.0386149929286987	-0.08586810728883705	0.6664366021085298	-0.3795080023003384	
9.914573348206245	0.6003276960469923	-1.9793186310426394	-0.08731153398979603	0.6934449728357985	-0.38794812884224356	
9.96169697515369	0.6561769287132406	-1.9173220420689268	-0.09526835114262613	0.7204663843794092	-0.3964049104825309	
10.011034977050493	0.7058322596571444	-1.854944975005795	-0.10851605942438744	0.7474801869948453	-0.40494913329880616	
10.06222643365765	0.7489265093101144	-1.793779220402332	-0.12573750923290908	0.7746467672692724	-0.41370384908278207	
10.114830924400039	0.785480604202333	-1.7346842421034827	-0.14562978006162838	0.8022929507053599	-0.42281454672636115	
10.168536398887941	0.8155283968791995	-1.6778483817495473	-0.16696803926513643	0.8308884968175354	-0.4324254635379955	
10.223382482458083	0.838864629061793	-1.6229109570436857	-0.1886351108966882	0.8610162181765915	-0.44266127411659517	
10.27997130734559	0.8549304403282683	-1.5691390721674296	-0.209630988379366	0.8933386496383501	-0.4536130574748344	
10.339639934321449	0.8628192910935508	-1.515650767831297	-0.2290756231452726	0.9285642001139418	-0.4653277811347489	
10.404573430235313	0.8613728916973622	-1.461674632648684	-0.24621475864931755	0.967415412936926	-0.4778011060438213	
10.477835852964727	0.8493374431148351	-1.4068288884102873	-0.26043351930370495	1.0106018352000177	-0.4909742101973843	
10.563315679481454	0.8255444669988843	-1.3513972570612596	-0.27127985817454037	1.0587998613180758	-0.5047349262180704	
10.665592764306663	0.7890798277528189	-1.296583740476659	-0.2784968455689285	1.1126409595721656	-0.5189235524229384	
10.78973379416497	0.7394062614148751	-1.2447228349119783	-0.28205892323911097	1.1727093873692003	-0.5333441729319205	
10.941025519784969	0.6764151090889512	-1.1994151820306962	-0.2822044538679903	1.2395491780892935	-0.5477822746345293	
11.124657447897352	0.6004016553020686	-1.1655559601858614	-0.27945549545219756	1.3136778583671405	-0.5620290553369632	
11.345369878778426	0.5119796431594662	-1.1492286789258457	-0.27461639676149047	1.3956017485997332	-0.5759121407092959	
11.607092513102026	0.41196753415543097	-1.1574434778262852	-0.2687433264355389	1.4858256998428243	-0.5893312680972747	
11.912614136879297	0.3012909041451843	-1.1977191382737635	-0.2630802982418474	1.5848499866415775	-0.6022949882224519	
12.263304280482005	0.18093750750618356	-1.2775320750624943	-0.25896514756279293	1.6931496801903494	-0.6149541744487033	
12.658893683555315	0.05197858769687063	-1.4036564389267552	-0.25771112039305283	1.8111343523747276	-0.627627711881896	
13.097307163535362	-0.08434652265097332	-1.5814360964289351	-0.2604740703550556	1.9390882015975759	-0.6408160184075173	
13.574534074877073	-0.22649577586057731	-1.8140430690894473	-0.26811824847803756	2.0770930060412462	-0.6551987959589558	
14.084519266232732	-0.37245734145510734	-2.1017861620724325	-0.281095077146092	2.224938385630397	-0.6716143016433788	
14.619057909176899	-0.5195687615740211	-2.4415343877778164	-0.2993485886778545	2.382024817764515	-0.6910181043436476	
15.167703007635785	-0.6643530588527339	-2.826356472130058	-0.32226474616340517	2.5472705255136394	-0.7144201009076714	
15.71769080509197	-0.802400946239213	-3.2454364872396253	-0.34867293981929715	2.7190311502459985	-0.7428029363982686	
16.253913574855332	-0.9283233598647982	-3.68430710368149	-0.3769037114627916	2.895039070391424	-0.777025526169943	
16.75899584875571	-1.0357969224626775	-4.125436263105611	-0.4049056614518581	3.0723695221387772	-0.8177166257123952	
17.21354085303022	-1.117720853479676	-4.549173561962414	-0.43042042444797446	3.247439298239432	-0.8651649021158224	
17.596613116339938	-1.1665025663357758	-4.935027669021574	-0.4512104528804606	3.416043054267015	-0.9192129857127024	
17.886506421483976	-1.1744929174959984	-5.263206999145124	-0.46533035290423413	3.5734312217994706	-0.9791628320244932	
18.061814133951916	-1.1345998317297408	-5.516296989092036	-0.4714237351781585	3.7144347740281987	-1.0437026619255478	
18.102731173523726	-1.0410887430426674	-5.680838313419788	-0.4690059410015371	3.833636037469591	-1.1108690432727848	
17.99246809701651	-0.8905531379825755	-5.748577306965075	-0.4586860927628287	3.925578166373829	-1.1780523787556356	
17.718636605148856	-0.6829796916085275	-5.7171817427326	-0.44227221292421975	3.9850094523001607	-1.2420593289826907	
17.274447212187305	-0.42274679826194445	-5.590290370301389	-0.4227077271753553	4.0071538254762835	-1.2992433298219375	
16.659566431011957	-0.11931925756185358	-5.3768975722594305	-0.4038106255458839	3.9879894399697364	-1.3457067381148653	
15.880515830246457	0.21262532638008586	-5.090224318167255	-0.3898247442525836	3.9245053825889675	-1.3775652579695328	
14.950556192126616	0.5538531147717903	-4.7463333910251935	-0.3848361698515809	3.814899558889659	-1.3912509263239303	
13.889030641113893	0.8820802172240868	-4.362753594338611	-0.39216318144478407	3.6586748182552555	-1.3838088405226618	
12.720300708701341	1.1740624830635467	-3.957303702701316	-0.41385113192797224	3.4566275896793606	-1.3531414838285074	
11.472413189115315	1.407886474816447	-3.5471442172945498	-0.45036672630870717	3.210743850731473	-1.2981708247468329	
10.175648149669728	1.5650753591362048	-3.1480201824608507	-0.5005400308400543	2.9240276235914267	-1.2189012352426079	
8.861118252069137	1.632201212983481	-2.7736251353870593	-0.5617453671488751	2.6002985731456363	-1.1163832624373875	
7.559560227780222	1.6018325654673804	-2.4350147837266207	-0.6302622410452039	2.243997247499701	-0.992594822679504	
6.300377790158716	1.472797039793714	-2.1400488186236166	-0.7017288770585443	1.8600249164660656	-0.8502686248038767	
5.110898858548582	1.2498214387479338	-1.892982126382088	-0.7716006972724229	1.4536141017401438	-0.6926932360054661	
4.015761333543404	0.9426989219486529	-1.6944419891072837	-0.835541055229315	1.030195182863343	-0.5235084103196405	
3.036349142593574	0.565191812018709	-1.5419116278667004	-0.8897167915616119	0.5952235918894697	-0.3465030593346815	
2.1902832387764195	0.13380646205909505	-1.4306686891694933	-0.931002599546112	0.15396114299239289	-0.16541725703550722	
1.4910168239656403	-0.33344099369011665	-1.3549704766481807	-0.9571086234935343	-0.28875899023081236	0.016243000627453482	
0.9475952613472861	-0.8181861880745397	-1.309221357501444	-0.9666487622230494	-0.7287357300966444	0.19536510506350402	
0.564628229468634	-1.3027676934400947	-1.2888937320776817	-0.9591627350334625	-1.1625283664714763	0.3693503766935451	
0.34250251561074974	-1.7711695654553008	-1.291058153121041	-0.935094630646599	-1.5874873656650739	0.5361873096326404	
0.2778683190229628	-2.20983493692595	-1.3144546252216296	-0.8957125338194395	-2.001687054231422	0.6944687270504382	
0.3643453132842762	-2.608313000021321	-1.359160448431057	-0.8429617563435158	-2.4037925377894163	0.8433570564602664	
0.5933914184627784	-2.959669300243957	-1.4259636140172869	-0.7792462815399066	-2.7928940975660472	0.9825046571441698	
0.9552527782856891	-3.260567699609123	-1.5155628671128005	-0.707146308958668	-3.1683361903228224	1.111939828764026	
1.4398849923250214	-3.5109558896788937	-1.6277144016462752	-0.6290984137455916	-3.529561266412824	1.2319343138065886	
2.037727642912581	-3.7133399132159215	-1.7604300172908494	-0.5470808483441282	-3.8759807480163806	1.3428705014609044	
2.7402305859126264	-3.8717023598927827	-1.909307985710918	-0.4623546442527672	-4.206878633089573	1.4451252200504783	
3.540058503675014	-3.990190048412811	-2.0670783906241725	-0.3753158858985691	-4.521348658944786	1.5389829131291097	
4.430958346093628	-4.0717935650178205	-2.223430606105615	-0.2854966668032886	-4.818259889131648	1.6245841989612013	
5.407339582883809	-4.117230334442956	-2.3651378010679536	-0.19170941001301262	-5.096237428082451	1.7019048567135635	
6.463629930863777	-4.124188320602221	-2.4764859491882025	-0.09230625334255767	-5.3536451424301905	1.7707562390849803	
7.593481010778719	-4.087021177179355	-2.5399807211079346	0.014493654170265812	-5.588561361231174	1.8307977711625216	
8.788902894822046	-3.9969061237710686	-2.537276766771502	0.13025994792444298	-5.798747581899441	1.8815547320164925	
10.039408468734447	-3.8424152252673665	-2.4502623191176744	0.256030900131372	-5.981621197977709	1.9224385245947333	
11.331257810999777	-3.6104378422143366	-2.262249183981319	0.39204108658123255	-6.134252074251172	1.9527701296937292	
12.646952607995665	-3.287403341874474	-1.9592099610725806	0.5375179305350852	-6.2534049565025125	1.9718087009880165	
13.965093951376085	-2.8607309457601424	-1.531016699278425	0.6905532798172458	-6.3356326821779	1.9787852591633552	
15.260690706045107	-2.3204410365793002	-0.9726275244415885	0.8480562922350499	-6.377414684848195	1.9729415613303969	
16.50595591844053	-1.6608138256004683	-0.2851385498396487	1.005793949546871	-6.375328449237683	1.9535732730024165	
17.67155917597692	-0.8819320898431737	0.5233909521739674	1.1585206577267932	-6.326239397329922	1.9200753682136025	
18.72823722099529	0.00908254684893628	1.437428465285149	1.300193249957472	-6.227496763801488	1.8719866746945666	
19.64862772028954	0.9973139428708967	2.433844430534196	1.4242655337448011	-6.077129719088466	1.8090306976239452	
20.409149221952543	2.0599583558953123	3.482289404595916	1.5240583831559997	-5.87403878007559	1.7311497651613812	
20.99167656963757	3.1669382945800337	4.546106252420942	1.5931761537899647	-5.6181696289012475	1.6385300835212164	
21.38499311095738	4.282172894229187	5.583823665212094	1.6259898637773287	-5.310691315667646	1.5316245174421441	
21.58542780804775	5.365257196969036	6.550929498582033	1.6180192105528173	-4.954077421049553	1.4111563628291113	
21.597881499825977	6.373837273546318	7.402590535971555	1.5665886627443328	-4.552323423480211	1.2781527509058979	
21.434255484625027	7.265558893357043	8.095452002572076	1.4707862774812062	-4.110707009510612	1.1338930219218328	
