21.5971094107965	6.0640602031519935	7.630648633313996	1.356948039334466	-3.893347216987582	1.1611685334837218	
21.123931334764723	6.717693363716101	8.246940657415243	1.2296711747494973	-3.3610532571131135	1.0049014402844327	
20.499300169782174	7.211261533982964	8.637120444028035	1.071329656788088	-2.8097193786070633	0.8389240464352338	
19.758868291819905	7.523845244941134	8.769127448265586	0.8870230022408337	-2.2516229802934036	0.6659435208561516	
18.941503124072785	7.641851998850343	8.62313704611042	0.683082988166218	-1.6993320573291844	0.4889331736175549	
18.08788198458824	7.5606093209465275	8.195693220639964	0.46697866211375166	-1.1650827222255262	0.3110292138135756	
17.237879393283468	7.28401913456589	7.500713795893429	0.24686737545988358	-0.659917480290411	0.1353117286855156	
16.428466010316146	6.824517019831348	6.570089673627622	0.031312026044716036	-0.1929762651011538	-0.03538623833828241	
15.691475635552093	6.202549678488247	5.452276840823616	-0.17103341454500337	0.22907940847895464	-0.19867236905086963	
15.051638928867902	5.446004634289343	4.209312325819471	-0.3516952072235675	0.602363900939253	-0.352742950728495	
14.524916701388939	4.5894833626926	2.912188603957497	-0.502663078413702	0.9257433678989331	-0.49646453533134216	
14.117268025047899	3.673358796153224	1.6349079786169063	-0.6167283874273939	1.2004755624589962	-0.6293641327072581	
13.824050114332842	2.7424114715466104	0.4477658714583101	-0.6879280783287487	1.4295580592309096	-0.7515118259916086	
13.630284850731885	1.843817897863571	-0.5892550653500008	-0.712114580815766	1.6169148187898796	-0.8633028973793548	
13.512056929660044	1.024263924787274	-1.4319738396238892	-0.6876014187940673	1.7665949379710746	-0.9651695023608201	
13.439127693993552	0.326163616133127	-2.0554086679195525	-0.6157463479681895	1.8821643133170816	-1.0572774740066782	
13.378523363386387	-0.21662773017583115	-2.4545037648181447	-0.501282146547285	1.9664062881653104	-1.1392828523545167	
13.298600400911123	-0.5827725866530198	-2.6422522455319903	-0.3522282081789377	2.021335320377054	-1.210223415707487	
13.173004450350417	-0.7660331890730022	-2.6458957435991715	-0.17931521729875288	2.0484330685549517	-1.2685930475072131	
12.983964602353774	-0.7756545369991065	-2.5021926982911684	0.005007610521837395	2.048987365344457	-1.3125918684938664	
12.724380276565771	-0.6343634426064642	-2.2526583784480856	0.1877984027926363	2.0244449035938263	-1.3404833317768519	
12.398160625390807	-0.3745391554601261	-1.9393595883132486	0.3568399099091497	1.9767190483775818	-1.3509519940340757	
12.018694847522847	-0.03368333141324399	-1.601519183873137	0.5016411606416554	1.908400177983533	-1.3433741610905459	
11.605870044554004	0.34981663852426065	-1.2729530696419749	0.6141273015094431	1.8228195086954921	-1.3179667319932125	
11.18244241065918	0.7400295824529178	-0.9803609313607166	0.6890107987827195	1.7239423425285412	-1.2758178708120278	
10.770620909283984	1.1057476526158894	-0.7424996014100351	0.72389446382918	1.6161132996097953	-1.218821853169006	
10.389458903380362	1.4218093503717808	-0.5702053321388487	0.7191730760363507	1.5037156266867377	-1.1495441350306068	
10.053279837281877	1.6697387222987787	-0.4671256815784402	0.6777859587741729	1.3908202826258644	-1.0710397244957477	
9.771078264673466	1.8379387950326873	-0.43094218060887973	0.6048491636965015	1.2808896895889084	-0.9866445209170753	
9.546699501406037	1.9215841175851713	-0.45485264083222093	0.5071803964237794	1.176580241088688	-0.8997572682251411	
9.379572006288235	1.9222445587371333	-0.5291129596453341	0.39272626451888487	1.079670606523375	-0.8136304955205989	
9.265724243951334	1.8472593320947484	-0.6424410942197272	0.26992370614023964	0.9911125414116455	-0.731187925344348	
9.198863443751332	1.7088357389947086	-0.7831637869583167	0.1470342696584524	0.9111760957234667	-0.6548795356176954	
9.171363631059103	1.5228351499655721	-0.9400671866880944	0.03150642093614418	0.8396471985785813	-0.5865822323420696	
9.175086048768822	1.307268423639794	-1.1029783765583256	-0.07056511848848285	0.7760325869105095	-0.5275507159862658	
9.202024502063232	1.0806219273230624	-1.263134916708637	-0.1548181183659258	0.7197364638653408	-0.4784187587260605	
9.2448034526234	0.8602174936453626	-1.4133929913218048	-0.21879893258165686	0.6701888976246079	-0.439245832376341	
9.29705291008188	0.6608193333745488	-1.5483065765058557	-0.2619314333206987	0.6269211483150823	-0.4095991411967921	
9.353660273935546	0.4936320322281605	-1.6641022922173199	-0.2853075735869371	0.5895935268206153	-0.38865863188715005	
9.410878022636139	0.36576310338411316	-1.7585724326949521	-0.2913432224517902	0.5579856694309668	-0.3753338745020683	
9.46628819390203	0.2801436008211357	-1.8309229765728006	-0.2833603387023179	0.5319616541584486	-0.3683813814356933	
9.51865626308344	0.23586577794489702	-1.8816055116167516	-0.2651502870061322	0.511423020046763	-0.36651425116213254	
9.56771755686105	0.22887837362968802	-1.9121422180516594	-0.2405653499481996	0.4962628814659487	-0.3684972276468739	
9.61393087381816	0.2529360845442458	-1.9249377800175673	-0.21317856944807723	0.48633270893368	-0.3732210053964365	
9.658219178492601	0.30066262373147773	-1.9230653202679926	-0.18603985996249203	0.4814285049695741	-0.37975199016959904	
9.7017134620975	0.36457474522982647	-1.9100187700012585	-0.16154150274164025	0.48129682757544723	-0.3873570273384524	
9.74552345660194	0.43793129108899287	-1.8894380824629677	-0.14139065084122274	0.4856562223052655	-0.395505701801266	
9.79056287004151	0.5153054584594537	-1.8648291149131637	-0.1266718126057503	0.4942279921775329	-0.40385487417132937	
9.837447069792526	0.592810965253515	-1.8393116180889346	-0.1179709211654096	0.5067708268860691	-0.4122206510699348	
9.886461239259216	0.6679787401626914	-1.8154250285550382	-0.1155191999317495	0.5231143719879016	-0.42054467343328744	
9.937587205379344	0.7393621712736651	-1.7950012461659657	-0.11931629066303859	0.5431871375586983	-0.42886103207908044	
9.990581375014536	0.8060102308075922	-1.7790972127667546	-0.12920484545123131	0.5670339288782592	-0.4372679576117441	
10.045099421968596	0.8669737287394469	-1.7679735591651728	-0.14488751335832814	0.5948185540229874	-0.4459056963922586	
10.100861744125186	0.9209779594094717	-1.7611129154463026	-0.16589771658180694	0.6268094432769498	-0.45493908030280156	
10.15784812678754	0.9663207858646552	-1.75728660706736	-0.191549822097654	0.6633491569745086	-0.4645417760486103	
10.216503185906182	1.0009753207895362	-1.7546897010017233	-0.22089782996658877	0.7048128970056686	-0.47487970567250487	
10.277928596505049	1.0228276926708648	-1.7511623785377617	-0.252725084417537	0.7515644054624574	-0.48609301421762496	
10.344030583058938	1.029973866059034	-1.7444982601074883	-0.2855774675004892	0.8039187938114315	-0.4982780634161198	
10.41759294726062	1.0210128904085949	-1.732810879345988	-0.3178418309724948	0.8621200871762598	-0.5114719570850369	
10.502257955825199	0.9952837270758114	-1.714918002196379	-0.3478657853969135	0.9263371395765128	-0.5256419140402753	
10.602410521179841	0.952987837404305	-1.6907045683610509	-0.3741100286314666	0.9966782901728463	-0.540681728630111	
10.72297761506182	0.8951490768036047	-1.6614261546357092	-0.39531538929121296	1.073222231089157	-0.5564172958763833	
10.869166348732113	0.8233978303085909	-1.6299122636208847	-0.4106586043094401	1.1560598684481869	-0.5726225921131023	
11.04616802492561	0.7396154618484957	-1.600627110562466	-0.41986815478750583	1.2453395538897718	-0.5890464730366863	
11.258851960706211	0.6455166868843716	-1.5795539331566764	-0.4232765371055035	1.3413064025257295	-0.6054492918334196	
11.511463544938033	0.5422642405847576	-1.5738904559531042	-0.42179663859808875	1.4443261471253042	-0.6216470456518923	
11.807334259926748	0.4302039490938004	-1.5915681822763716	-0.4168208669510713	1.5548846210219276	-0.6375591413020959	
12.148606418910113	0.3087792478852644	-1.6406392645815375	-0.4100556266483582	1.6735571945067904	-0.6532542429416158	
12.535968959546102	0.17664546043379223	-1.728579308362395	-0.40331170193506366	1.8009466888206822	-0.6689884164564897	
12.968404266022874	0.0319809275951387	-1.8615481150295046	-0.3982736796861366	1.9375914359299717	-0.6852291818560298	
13.44294738021203	-0.12703155520928602	-2.04365359889418	-0.3962751746888051	2.0838489377451395	-0.7026593726815095	
13.954457440481834	-0.30160419769432545	-2.276270923356487	-0.398107162623488	2.239763988292074	-0.7221559885180303	
14.495398556460577	-0.491698796885026	-2.5574764619785855	-0.4038839508357174	2.404932442896555	-0.7447413753737653	
15.055630263740923	-0.6954259253706486	-2.881661169058932	-0.41298544251922653	2.578372513781132	-0.7715066172059836	
15.622220739496488	-0.9085783126652679	-3.239387726255269	-0.42408615715688047	2.7584140775965236	-0.8035091829416636	
16.17933218084722	-1.1243844246227637	-3.617566889653888	-0.4352748966541782	2.942617194237828	-0.8416491562840487	
16.708256259560326	-1.3335437911979575	-4.0000085670249526	-0.4442573453199276	3.1277295506289247	-0.886532187400602	
17.187681214378774	-1.524566241905752	-4.368360880049491	-0.4486255573317034	3.3096882049708096	-0.9383287207996303	
17.594270374606406	-1.68442309029954	-4.7034209760606105	-0.44617699201448635	3.4836725800070223	-0.9966416759709203	
17.903594369020364	-1.7994980157281013	-4.9867416046908355	-0.4352603716717526	3.644213501556965	-1.0603967264488137	
18.091406051737973	-1.856806778067828	-5.2023885360777085	-0.41511702807659284	3.7853591043396304	-1.1277697459326161	
18.135188581397664	-1.8454279419865902	-5.338630635870574	-0.38617336948750297	3.9008925697573393	-1.1961652790103867	
18.015855895832978	-1.758040589250543	-5.389287885072447	-0.3502270098888775	3.9845916962438404	-1.2622588163652302	
17.7194545364231	-1.5924007872846917	-5.354459068349892	-0.31046551330757866	4.0305203188627	-1.322114277639931	
17.238677694087933	-1.3524926178643444	-5.240405853360954	-0.2712673249629346	4.033343710146686	-1.3713863978674383	
16.573972881854626	-1.049033462167393	-5.058557482939344	-0.2377790691770356	3.9886532335352585	-1.405604153410835	
15.734081235577872	-0.6991125214147473	-4.823869785059169	-0.2153230780439237	3.8932747223883877	-1.4205116341717912	
14.7358910804335	-0.32489610559667514	-4.552911122799211	-0.2087260270472948	3.7455197412641783	-1.412426913216112	
13.603582825207296	0.04844188771655474	-4.262067275493164	-0.22168257616739453	3.5453379181416866	-1.3785688570909824	
12.36714449243215	0.39521836741034766	-3.96614719167227	-0.2562644150004632	3.294342246220844	-1.3173044855669649	
11.060438776055022	0.6917381596814425	-3.6775138349804712	-0.3126559504241413	2.9957014592033735	-1.2282830114799712	
9.719090218859831	0.9184000085413525	-3.4057150857471026	-0.3891490219886737	2.6539190313576118	-1.1124426294159215	
8.378497478917016	1.0611617197549832	-3.1574676390766645	-0.4823729627327966	2.274541962998341	-0.9718986157064216	
7.07222120887274	1.112266260066096	-2.9367919466887566	-0.5876947015181749	1.8638517632760816	-0.8097393699643954	
5.830856036489213	1.0702556856954104	-2.7451731749153576	-0.6996977689324315	1.4285765822599477	-0.6297719982980544	
4.681309723677506	0.9394147328292317	-2.581799998793343	-0.8126535909941686	0.9756249925017539	-0.4362587711220325	
3.646362174501409	0.7287913672593166	-2.4440436121378264	-0.9209326305577547	0.5118115011623733	-0.2336647011749565	
2.744423812745595	0.45095670922377024	-2.328249860673111	-1.0193280316381037	0.043557648514972916	-0.026425079121418893	
1.9894714408636698	0.12067320555247939	-2.2307384001476276	-1.1032838995752123	-0.4234084854833769	0.18126034956078368	
1.3911602659953999	-0.24636844748873357	-2.148775180557987	-1.1690330251770518	-0.8842995293517159	0.38559663959670637	
0.9550957064349965	-0.6346158658870773	-2.081278667285331	-1.2136572405260355	-1.3354073334813699	0.5833159811343008	
0.6832316834705058	-1.0294549644279154	-2.0291096507780644	-1.235089358894733	-1.7741076595199614	0.7717491649270778	
0.5743740120694375	-1.417732746368836	-1.9949013902179749	-1.2320760817171357	-2.1987425590633967	0.9488496035957592	
0.6247820854664337	-1.788029159071133	-1.982483403857661	-1.2041183120355587	-2.608418507420186	1.1131767256346785	
0.8288489015210692	-2.1307297688954843	-1.9960254620473374	-1.151402727969334	-3.0027687799633336	1.2638483482765892	
1.179830611772781	-2.4379367687859013	-2.0390329012822384	-1.074727364850172	-3.3817140165439707	1.4004674384590607	
1.6705523033017227	-2.7032421906857684	-2.1133134881318405	-0.9754212182306954	-3.7452429232095237	1.5230296293510501	
2.293980355111688	-2.9213848704263223	-2.2180177908648533	-0.8552602643404346	-4.093224707486064	1.6318200273254957	
3.0435448249528996	-3.087824784030689	-2.3488422139049496	-0.7163870128762336	-4.425258230415379	1.7273089629997957	
3.9131279062826776	-3.198288864858526	-2.4974780680137476	-0.5612431341541148	-4.7405591073999895	1.8100549911223185	
4.896697922028123	-3.2483577765907463	-2.651382276237238	-0.39252158042540264	-5.037882625621763	1.880619798289003	
5.987638392836726	-3.2331622899572485	-2.7939369840443424	-0.21313587847903187	-5.315476987194227	1.939495764269736	
7.1778844709235825	-3.147238722584157	-2.905040120098555	-0.026195210728472553	-5.571059869198225	1.987046285622595	
8.456989577262908	-2.984552798018481	-2.9620946698359876	0.1650254662586011	-5.801810824829154	2.0234602861487896	
9.811227583257963	-2.7386820722789715	-2.941343005004055	0.35712244304890084	-6.004383015564494	2.048724956317327	
11.222834865142948	-2.403156980595629	-2.8194703024899606	0.5465993280791838	-6.174946935462753	2.062620736575828	
12.669514425580658	-1.971985701066774	-2.575392796323014	0.7298919259867992	-6.309281283477687	2.064739393789173	
14.124342595074621	-1.440402528404341	-2.1921360558992085	0.9033789307899153	-6.402920092035187	2.054522555924868	
15.556206689347235	-0.8058618545491211	-1.6586845680640703	1.0633868977235605	-6.451353271854772	2.0313164568203304	
16.930839584316814	-0.06924796705116694	-0.9716571136952474	1.2062063470478215	-6.450265998060505	1.9944390738925406	
18.212417697559193	0.7638077069605373	-0.13664075708979093	1.3281366890059996	-6.395796766473316	1.9432566937363704	
19.365559222324077	1.6817190920317844	0.8310085062095207	1.4255699895421052	-6.284793536925313	1.8772652882335321	
20.357498444771316	2.6660738933343606	1.905988788522228	1.4951170882874683	-6.115063577601431	1.79617098311179	
21.16019059829329	3.6912926880964205	3.053549361655874	1.533767589635847	-5.885609072184235	1.6999609835911205	
21.752332371780422	4.724956742385997	4.230721904514397	1.539111349132221	-5.596874090548383	1.588961643963643	
22.120660808535032	5.728817000928493	5.3881590256371625	1.5095397000653836	-5.250895180749095	1.4638611773907326	
22.26170580223545	6.66057804614119	6.472848854246154	1.4446474524226292	-4.851584662955477	1.3257339232965306	
22.18094351113473	7.476169150739173	7.430899232720671	1.3453073428701627	-4.404557121933451	1.1759737453095862	
