21.48465786484936	6.297155733421387	7.410796442893385	1.2114952883269998	-4.028649195005282	0.92993150850564	
21.09336111780446	6.745805104305941	8.012830303887588	1.1203343598452127	-3.525702045433798	0.7704200374307442	
20.561012388435223	7.028756591123074	8.39048891115936	1.0036434543855866	-2.999505793359915	0.6062514686623538	
19.921057778099378	7.1275256971928105	8.518778934177451	0.8654154789249858	-2.4603298793697017	0.43945394433826135	
19.208928749012212	7.031060209335077	8.384689503556967	0.7111808421915268	-1.9189692870562867	0.27196331891892844	
18.460620792972776	6.738008495704068	7.990660706050946	0.5480807223328024	-1.3863444509943281	0.10555282273835427	
17.710321934767048	6.257136052966362	7.354627782922226	0.38441003756965264	-0.8728108058637404	-0.05822612574650002	
16.988541989209665	5.608073409732186	6.510043913734805	0.2292274644940416	-0.38760240075068036	-0.21809615752588296	
16.32023969664312	4.821202917884612	5.504059811268027	0.09176496008787223	0.061664211997631335	-0.3730787466697845	
15.723312183272679	3.9368435656975005	4.394404446231406	-0.019243234877941995	0.4692952732181234	-0.522478092882663	
15.20750852545182	3.0034480417320175	3.2449004459567283	-0.09630093906446842	0.83160460373765	-0.6658084626338536	
14.77393941497177	2.074740287171414	2.119982562835686	-0.1338884883804736	1.146754206443394	-0.8026552341452776	
14.415317097895494	1.2058884718588079	1.0788702762317404	-0.12912789112855252	1.4143948692450041	-0.93247856787785	
14.117048200261154	0.44895426845750536	0.1702178854014407	-0.08230294595496859	1.6352103253937658	-1.0543928711392483	
13.859243163493657	-0.15199140557078478	-0.5719008653781351	0.0028650094918035354	1.8104924312933959	-1.1669773816751219	
13.619488259680965	-0.5654627653066931	-1.1300234335658206	0.11929166227778482	1.9418559822801311	-1.2681825474595247	
13.376015425457117	-0.7760640988518462	-1.5031398781036125	0.2570236621443702	2.031135404255096	-1.355384000128558	
13.110785314758399	-0.7861165015090366	-1.7046288588540706	0.4041373528024217	2.080434197036704	-1.4256020680540131	
12.811985563393028	-0.6149228083344538	-1.7589120125361941	0.5479247389131242	2.0922597726304377	-1.47585987578391	
12.475485271328747	-0.29572408939321726	-1.6975295065508775	0.6761733499082673	2.0696766289276853	-1.5036127872201746	
12.104903733830577	0.12897076577227862	-1.5552534226411001	0.7783150964395442	2.016419596454895	-1.507154814516656	
11.71037511102128	0.6125434443137265	-1.3666780719399323	0.8462904670229102	1.9369262716214481	-1.4859255671347424	
11.306403304169185	1.1090029887708124	-1.1634684353943474	0.875075830601009	1.8362642197634313	-1.4406759733531698	
10.909356418823936	1.576734437872378	-0.9723628038981953	0.862888299025188	1.7199512435132036	-1.373479489340052	
10.535104757014686	1.9810795467379279	-0.8139604182305104	0.8111200274320858	1.593689615641012	-1.287599268612712	
10.197135194937644	2.2958642209614046	-0.7022587641013197	0.7240585910029084	1.4630501867826549	-1.1872389001132784	
9.90529771553837	2.5041193645202395	-0.6448413562182501	0.6084354816659299	1.3331489803697951	-1.0772145360358913	
9.665224224212388	2.5982328946317463	-0.6435674284026373	0.4728282131423466	1.2083602139215681	-0.9625884006283547	
9.478411178766432	2.5796335392939347	-0.6956071965332767	0.32693122942076835	1.0921153768879042	-0.848301944515847	
9.342836634361605	2.4580499423745756	-0.7946162642121694	0.18073646570863108	0.9868249085247298	-0.738846802987566	
9.253883774562942	2.2503231453246135	-0.9318760571325347	0.04367642788653043	0.8939264300374534	-0.6380000891476585	
9.205334212718018	1.978712015513525	-1.0973028272005656	-0.07619540781840674	0.8140352332984038	-0.5486426793963862	
9.190240973287812	1.6687225452256695	-1.2802873708858244	-0.17288765627811334	0.7471503695423096	-0.4726699598957455	
9.201589844334691	1.3466365569119756	-1.4703736551231037	-0.242919169868253	0.6928649532656173	-0.4109936051586041	
9.2327525321623	1.0370476950153407	-1.6577980193466217	-0.28546584359779653	0.6505408209543426	-0.363622551968773	
9.27778360362383	0.7607500804715529	-1.8339026714853477	-0.3021968393430827	0.6194276082206223	-0.32980296103687146	
9.33160705292683	0.5332477213045268	-1.991428527646418	-0.29684620546627755	0.5987247820232923	-0.308194297936748	
9.390110135484754	0.3640181362875363	-2.1246929610687406	-0.27460721425452683	0.5875969247515351	-0.2970591418650605	
9.45016062572491	0.25646062255203284	-2.2296811152639786	-0.24145900328380152	0.5851588935587548	-0.29444581866997216	
9.509562024703486	0.20841870935007706	-2.304071593564155	-0.20350341060991636	0.5904489680174098	-0.29835293021494974	
9.566961567128018	0.2131612436059084	-2.347202660209564	-0.16637433341030872	0.6024066105719946	-0.3068677560494947	
9.621723122211474	0.26069555677276335	-2.3599712461592164	-0.13476788698926512	0.6198676626638843	-0.31827301253820683	
9.673774258454811	0.3392592660258699	-2.344654161549094	-0.11212807871532117	0.6415837748545872	-0.331119015702645	
9.723437883664877	0.436806514111855	-2.3046522303281467	-0.10050668903131987	0.6662661563941301	-0.34426141736219473	
9.771263230844776	0.5423002133792598	-2.244175821526599	-0.1005953385224931	0.6926485316387421	-0.35686839780591295	
9.81787300186555	0.6466417421009734	-2.1679019806189754	-0.11191042553081948	0.7195606570994196	-0.36840269571197	
9.863839597246171	0.7431450187795863	-2.0806443640867935	-0.13307908844600647	0.7460021363564523	-0.3785873462167273	
9.909594872124506	0.8275634613229582	-1.9870673883027272	-0.16216483641058851	0.7712078031342199	-0.38736336109249586	
9.955380070541512	0.897745416742728	-1.8914631233102093	-0.19697620291407197	0.794697377576396	-0.3948452043228408	
10.001246890435416	0.9530549177064994	-1.7975925004364288	-0.2353123343990077	0.8163047698143444	-0.4012782931082806	
10.047118025831091	0.9937269002936359	-1.708575090216769	-0.27512096967022026	0.8361853681867373	-0.4070005815429183	
10.092905074993862	1.0203131220012835	-1.626805542908075	-0.314569585526206	0.8548018673156209	-0.4124082437162312	
10.138668269414568	1.0333168087404025	-1.5538843672401936	-0.35205144641333547	0.8728905612775892	-0.41792410484478804	
10.184790946784274	1.0330366613574014	-1.4905730985918064	-0.38615723418689096	0.8914103731882386	-0.42396727811914015	
10.23213238867646	1.01958392137925	-1.4368023695465404	-0.4156399837054273	0.9114782889073777	-0.4309239994485168	
10.282130458061108	0.9930164254591569	-1.3917547210622632	-0.43939242287085517	0.9342968579493145	-0.4391207989986986	
10.336840778071194	0.953541594178214	-1.354035715837188	-0.45644615102404956	0.9610781741018124	-0.44880147916240537	
10.398916468729425	0.9017403629846678	-1.3219304861507895	-0.46599730728907734	0.9929698857778404	-0.46010935756591675	
10.471543478648549	0.8387561214447611	-1.2937282635859342	-0.4674594535633774	1.0309897995660335	-0.4730760749108741	
10.55834763035159	0.7663887699689433	-1.2680881658385084	-0.4605397440955165	1.075976017499539	-0.48761836782463014	
10.663283334561031	0.6870451709103957	-1.2444146727807721	-0.4453286793601411	1.1285587833857578	-0.5035444540353671	
10.790505857535086	0.6035265708038656	-1.223207487568683	-0.4223881381578894	1.1891580998298306	-0.5205717422575443	
10.944224594939815	0.5186772038902642	-1.2063328134376976	-0.3928149689912134	1.2580086052275268	-0.5383572637745188	
11.128539732404292	0.434967075076458	-1.1971624617077268	-0.35826058326622545	1.335206165697627	-0.5565397086773738	
11.347269236290645	0.3540966464923074	-1.200538360852967	-0.3208935566484002	1.4207663521915024	-0.5747904223527709	
11.603775175545698	0.2767052437686847	-1.222536284090833	-0.28329932131866775	1.5146831371230824	-0.5928691442746133	
11.900791265362173	0.20224164576591178	-1.2700300205095598	-0.24832080666782302	1.616976059820058	-0.6106788944391137	
12.240239775408847	0.12902187989656044	-1.3500844602066344	-0.21885274875201643	1.7277160209044626	-0.6283137879990289	
12.623014083104792	0.05446717577062931	-1.4692282048843555	-0.19760892800145144	1.8470226388311906	-0.6460935036743853	
13.04869911895909	-0.02450813984782834	-1.6326681230453186	-0.18688403606122145	1.9750290121677252	-0.664578630467904	
13.515213094792363	-0.11100252243646569	-1.843517596578112	-0.18833256653434946	2.1118127192810148	-0.684561080206279	
14.018380041426655	-0.20758963037402242	-2.10212404899344	-0.20278763939387334	2.257297190897572	-0.7070253868829164	
14.551454736827045	-0.3158006852917155	-2.40555711657616	-0.23013178736620912	2.4111308948265866	-0.7330812468816411	
15.104649676898429	-0.43567655993832094	-2.7473172989855423	-0.2692298155854143	2.5725529871094976	-0.763869323547002	
15.664737601780363	-0.5654234056787097	-3.117319863210816	-0.31793318484780636	2.7402549015676714	-0.8004452994307293	
16.214824187515003	-0.7011898321740743	-3.5022000676471623	-0.37316632362238633	2.912248179263632	-0.843649317816939	
16.734397096298583	-0.836978451383401	-3.8859710436028667	-0.43110617932913003	3.085750502252439	-0.8939692357661825	
17.199751830303555	-0.964713147354849	-4.251041007190947	-0.4874645391221005	3.2571042386868942	-0.9514065611107072	
17.584870567589444	-1.0745049254403294	-4.579562716248603	-0.5378774461436779	3.4217443431388217	-1.0153536196328636	
17.862778156746725	-1.1551921402824625	-4.8550146216479195	-0.5783883562547769	3.574239566213274	-1.0844954887544622	
18.0072832479342	-1.1952224139482661	-5.06381085452379	-0.605981900189196	3.7084222064086654	-1.1567485412416292	
17.994948901053125	-1.1839226507356266	-5.196686516187483	-0.6191018783971014	3.81761637381959	-1.229249989337773	
17.807082915327168	-1.113121786590964	-5.249592254830198	-0.6180597547506149	3.89496450517408	-1.2984165125516949	
17.431514951362935	-0.9789472287003902	-5.223909163651453	-0.6052258230686417	3.9338347989135958	-1.3600883857251407	
16.863947256918966	-0.7834491658154202	-5.125948948901159	-0.5849083286894102	3.928273433828163	-1.4097670602025778	
16.108719651657815	-0.5355921772231353	-4.965884018215314	-0.5628756561883377	3.8734490726664577	-1.4429371959539592	
15.17890663117908	-0.2511880748024037	-4.756387003859731	-0.5455589612405025	3.766031565929458	-1.4554428433669866	
14.095704764987442	0.04844195868620181	-4.511282395099661	-0.5390676689961071	3.6044487099590654	-1.4438662654027292	
12.887148210864316	0.3388637454441456	-4.244433294574408	-0.5482340982546705	3.388983359866061	-1.4058457443618793	
11.586321513678463	0.5954376879847505	-3.968929829467362	-0.5758866187676597	3.121713557144465	-1.3402879711648874	
10.2292925435347	0.796172744032806	-3.696532953633379	-0.6224780209900336	2.806315805001624	-1.2474486462049106	
8.85305839568996	0.9240544618092809	-3.437273004280868	-0.6861085833603976	2.4477745711379186	-1.1288757400759044	
7.493769438479314	0.9685434136377413	-3.1990883889112407	-0.7628975334955297	2.0520534887258135	-0.9872331767296678	
6.185379284089754	0.9261214982767453	-2.987454746285107	-0.8475940298730344	1.6257770851062499	-0.8260433322220486	
4.958713173939493	0.7999309762917307	-2.8050916287039636	-0.9342902748387529	1.1759452143498021	-0.6493963476094546	
3.840830493166698	0.5986889297037961	-2.6519598933967425	-1.0171080809875082	0.7096667930814203	-0.4616658861779778	
2.8545672619053564	0.3351474648591297	-2.5257441485035512	-1.0907596659116725	0.23388403779548672	-0.26725328906715057	
2.0181950554867463	0.02444448791228209	-2.4227689279800466	-1.150933697660331	-0.2449185444861149	-0.07037158792713391	
1.3452131881566984	-0.31741294394807895	-2.3391110837453626	-1.1945055091906605	-0.7209916692604992	0.12512527241970123	
0.8443159401395779	-0.6747945647921147	-2.271623921127148	-1.219591354180479	-1.1895368621410785	0.3158637156393087	
0.519558985487845	-1.0333747746370037	-2.2186453803948525	-1.2254785476217747	-1.646819765062946	0.4990233983373141	
0.37072915600246914	-1.3807625659475546	-2.1802687778105465	-1.2124668202037374	-2.09016595032802	0.6723683010517928	
0.3939097792180236	-1.7068839526660922	-2.158161646572041	-1.181653815094152	-2.5178510339120352	0.8342444013862971	
0.582223430401032	-2.004166096900088	-2.155001062899258	-1.134692376123311	-2.9289145511590284	0.9835503017720489	
0.9267194194354466	-2.2675391793313473	-2.1736415531782365	-1.0735401758955558	-3.3229294431145995	1.1196822411838876	
1.4173127818107856	-2.4942523325634056	-2.216161032716757	-1.0002215657814875	-3.6997583531266485	1.2424560822759378	
2.0436379145978707	-2.683507285506999	-2.282908675277919	-0.9166180395409913	-4.059320337720163	1.3520132512273744	
2.795680286604924	-2.835915943273637	-2.371651443140612	-0.824301328937092	-4.401383605272208	1.4487181744119397	
3.66407236279529	-2.9528173091826173	-2.476904929168585	-0.7244232851449636	-4.725398739531506	1.5330571088377982	
4.640001530981705	-3.035518745783163	-2.5895253538893375	-0.6176728322684031	-5.030383239978413	1.6055476233165302	
5.7147552467285525	-3.0845482150382098	-2.6966299505633047	-0.5043029272920746	-5.314861526642562	1.666665084616255	
6.878997017294609	-3.099008021206562	-2.781894845144735	-0.3842210021197153	-5.576855501176991	1.7167887142774547	
8.121904255542285	-3.076103706375579	-2.82625241252451	-0.25712870250600217	-5.813912996469395	1.7561672042386884	
9.430319167106154	-3.0109061026029775	-2.8089679662125295	-0.12269325429670641	-6.023161113095279	1.784904528513279	
10.788031308112421	-2.89636836568203	-2.70900046018721	0.019265319947160256	-6.201374294707542	1.8029652633919357	
12.175287493393592	-2.7236288222982985	-2.5065531385977224	0.1685788870975545	-6.345059176397469	1.810196884317055	
13.568630124067933	-2.4826426889913433	-2.1847158974597347	0.32453635710764256	-6.450562653146575	1.8063640008404043	
14.941160611523832	-2.1631729481846453	-1.7310957070215622	0.48570373891866253	-6.5142061116000765	1.7911881497206488	
16.263290912856036	-1.7561264340959402	-1.1393247630361387	0.6497808003097699	-6.532441099410294	1.7643870511895805	
17.503977811803047	-1.2551435631917547	-0.41032955799582227	0.81352129761932	-6.502015217358317	1.725708343440503	
18.63235115107848	-0.6582612046363605	0.4467462012124154	0.972743356886905	-6.420137668918404	1.6749545532252497	
19.619564856277794	0.030633521008231954	1.4140910884945286	1.1224534990329587	-6.284640261274384	1.611998868864756	
20.44065072406919	0.8008468467047515	2.4653282198299213	1.2570898540332427	-6.094142050792412	1.536795950900144	
21.076164429548374	1.6345666600949005	3.5661577621674834	1.3708588723746444	-5.84822235863571	1.4493931065007437	
21.5136245241794	2.507236375600766	4.675590072433542	1.4581719219166684	-5.547629902568457	1.3499507511010307	
21.748219321850563	3.3885803597543167	5.747613936681762	1.5140475230833517	-5.19442373863846	1.2387608222359603	
21.783864636841603	4.244159038524107	6.733643381824059	1.5347194910686082	-4.792263965158176	1.1163005758288775	
21.63195597542722	5.037398345911477	7.584821554359813	1.517784008377818	-4.346267381617266	0.9832358894942024	
