15.866681727103412	2.978076543589131	-0.4437498875742799	-1.072468213372119	1.8581551358505413	-2.839067478362161	
15.89602600388645	2.7423283833205256	-0.6042887529873525	-0.9320232573901422	1.9279588371175278	-2.9587807398525974	
15.841363127769386	2.5381667277554474	-0.7195594160896146	-0.7796628257998243	1.9851082972227863	-3.074321319551408	
15.707073160105258	2.3698656681073547	-0.7921036189980712	-0.6211812978750956	2.0286882930608114	-3.1854445226034387	
15.500376923707135	2.2406200041586892	-0.8259182680624254	-0.46268067637710797	2.0580849517298487	-3.291700045555119	
15.23196953046545	2.152002294681804	-0.8267477184592303	-0.31051383497882623	2.07311943657952	-3.3923619526738014	
14.914681408657541	2.1039790667075247	-0.8013450064041391	-0.1709359272083516	2.0740141472198306	-3.4864906487948435	
14.562807956380052	2.0947700597335333	-0.7570856837634049	-0.049865888556492946	2.061408702246596	-3.572963893648879	
14.191113230967089	2.120877645229377	-0.7014216606547072	0.047387535927155416	2.036333000467538	-3.6505416622794975	
13.813936314171807	2.1772113929451495	-0.6414044376756948	0.1163628488398643	2.000164280846079	-3.717937952465116	
13.444417404810276	2.257290665988946	-0.5832862439562114	0.15365296535280065	1.9545725478700655	-3.773895039474249	
13.093865442300904	2.3535270644867667	-0.5322131572571782	0.1570754552915217	1.9014542850013607	-3.817257071165509	
12.77130162161422	2.4575721443750793	-0.4920300899510818	0.12579920325697339	1.8428579591823544	-3.847038385985996	
12.483186780552163	2.560723590935261	-0.4652050121558338	0.06042377996405317	1.7809022736028726	-3.862483800288764	
12.233393733604752	2.6543610564837925	-0.45290199148072574	-0.03702578535590144	1.7176915587849042	-3.863110364436391	
12.023349673754629	2.7303637399996563	-0.4551519931887385	-0.16316450447260766	1.6552356342375292	-3.8487314667281582	
11.852308884825392	2.7814977460608974	-0.4710911428475992	-0.31337036367931703	1.5953750974090495	-3.819464247599097	
11.717725821076678	2.801756935275754	-0.49923975610112586	-0.4819643320925724	1.5397143208309274	-3.7757203707597653	
11.615688752908133	2.7866498025953073	-0.5377922269782985	-0.662441306821427	1.4895627578754156	-3.7181821227021694	
11.541388007994142	2.733395234401554	-0.5848885801456983	-0.8477560116335346	1.4458905548024552	-3.647762070850795	
11.489552445312146	2.640995606584549	-0.6388264809600035	-1.030636052440637	1.409303693729253	-3.565550934491221	
11.454811894259679	2.5102120222713022	-0.6982029998168144	-1.203896288630832	1.3800334850686136	-3.4727611163713106	
11.431978475849716	2.3434408043952453	-0.7619864204744676	-1.360746264752288	1.3579411459211428	-3.370667394003249	
11.416236478466494	2.1445049043483086	-0.8295187566209578	-1.4950781651577063	1.342536155352543	-3.2605477720616935	
11.403238162063559	1.9183784576438825	-0.9004514667294659	-1.6017283263235642	1.3330067342165814	-3.1436266337805807	
11.38910351602751	1.6708614713955399	-0.9746205773661155	-1.6766743445482144	1.3282653887871387	-3.021026086252816	
11.370363166400091	1.4082671442898187	-1.05189232855959	-1.7171706924543702	1.326999430367936	-2.893728234335873	
11.34387824277498	1.1371350658800017	-1.1319985600677367	-1.7218276524780474	1.3277247018088445	-2.7625477152293043	
11.306763205395443	0.8639786613098925	-1.214379265625689	-1.6906316235160652	1.3288416069024906	-2.628114628917949	
11.256337616135712	0.5950717399772512	-1.298047555239638	-1.624913457276667	1.328692185031106	-2.4908666808939546	
11.190130412415254	0.33628035853502336	-1.3815013879311828	-1.5272522714179033	1.3256177778386231	-2.3510519583138674	
11.105950431199512	0.09294695540227113	-1.4627059532562734	-1.401319882362229	1.3180129812552066	-2.208741793782738	
11.002022645510296	-0.13019212316571635	-1.539143482933095	-1.2516961287861943	1.3043750069608628	-2.063848946534925	
10.877177489079044	-0.3290675470800235	-1.6079316838731537	-1.083654692893979	1.2833488720626405	-1.916151135660669	
10.731074711658824	-0.5003273745688616	-1.6660051930639266	-0.9029266223407907	1.253768361792315	-1.7653192042351438	
10.564438582371821	-0.6413887990696497	-1.7103523327928958	-0.7154452489926214	1.2146938117864958	-1.6109499494872543	
10.379232196909497	-0.7504782009945961	-1.738275891468423	-0.5270843354725158	1.1654407645317315	-1.4526042082402975	
10.17873762770053	-0.8266635852526181	-1.7476348255057377	-0.3434138436390476	1.105600810084237	-1.2898471815677912	
9.967526436099506	-0.8698718937134816	-1.7370446841548306	-0.16947782551138632	1.0350546090545534	-1.1222908341594438	
9.751311302299182	-0.8808787952220507	-1.7060159367222019	-0.009602544309649925	0.9539753254866228	-0.9496374600456556	
9.536687008098284	-0.8612633566827186	-1.6550177404242647	0.13276086488916464	0.8628224380092888	-0.7717236459863821	
9.33077518391578	-0.8133091625259039	-1.5854460807419812	0.25514203624041454	0.7623220517147952	-0.5885611452231592	
9.140840030203425	-0.7398518839569626	-1.4994976875191544	0.3560870659216673	0.653433216126032	-0.40036768122538774	
8.973939914122905	-0.6441008501925907	-1.3999913809268782	0.4351435366419448	0.53730756415828	-0.2075873500804743	
8.836638904330679	-0.5294476138733254	-1.290156385742532	0.49279631412224056	0.4152435901071854	-0.010897982998051527	
8.734793684783957	-0.3992808682679212	-1.1734118286684936	0.5303613426116321	0.2886387725023117	0.18879613947147447	
8.673411108300673	-0.2568263882204536	-1.0531589841768276	0.5498466020704261	0.15894247698398145	0.3903872698504277	
8.65657279185061	-0.10503907724590753	-0.9326134552052061	0.553782534175621	0.027612978353733726	0.592606293581033	
8.687378437562485	0.05344516031695735	-0.814691472258966	0.5450527805220621	-0.10391758997553198	0.7940760015612459	
8.76787266356638	0.21630861591368797	-0.701940711761261	0.5267344238161039	-0.23427163095984999	0.9933709319440968	
8.898941094732173	0.3815136995800604	-0.596505692439028	0.5019527987732375	-0.3621489890379136	1.1890798073859679	
9.080163358108067	0.547244187834755	-0.500113045121203	0.4737557312485965	-0.486346142329498	1.3798662093786194	
9.309640166567418	0.7118454582971359	-0.4140631088673024	0.445011455931354	-0.6057727398473596	1.564521553073063	
9.5838520624825	0.8737880744635049	-0.3392172019910053	0.4183370770057088	-0.7194651552225256	1.7420013675310775	
9.897570881324512	1.0316682153369334	-0.2759689411385426	0.3960501198909048	-0.8265994885237367	1.9114450037251833	
10.243863780467702	1.1842422822513499	-0.22420549994675207	0.3801376025665383	-0.9265034328411768	2.0721790663209236	
10.614214495775478	1.3304879507405705	-0.18326719525829313	0.37223761667319977	-1.018666372349406	2.223706009644713	
10.998777435881957	1.4696796733110604	-0.15191614151730937	0.3736266943566104	-1.1027474260072396	2.365680722884372	
11.386783122573744	1.6014507123551334	-0.12834376571631897	0.38521505086553415	-1.1785766755361184	2.497877119238659	
11.76702599002581	1.7258252577590338	-0.11022292918820967	0.4075426921020737	-1.2461507206716256	2.6201537706568496	
12.128393463932035	1.8432170259572918	-0.09480523791050954	0.4407744723155267	-1.3056233552396963	2.7324230127804485	
12.460405139577087	1.9543931080546428	-0.07906345771865458	0.4846963684193051	-1.3572911623480204	2.83462601583987	
12.7537346884478	2.0604071230879644	-0.05987317406530165	0.5387134033591776	-1.4015750916066343	2.9267162003845084	
13.000678165092559	2.162505815389074	-0.03422426814816124	0.6018546040287902	-1.438998060541528	3.0086527603351247	
13.195499504378457	2.262023081878061	0.0005707952123423579	0.6727927375586723	-1.4701599570121726	3.0804044464377585	
13.334664764594393	2.3602782252290355	0.04669492432018162	0.7498745912448868	-1.4957133608337356	3.1419611586043383	
13.416956991788183	2.458484288221505	0.10568425127014883	0.8311651760137514	-1.5163397872207092	3.1933506134722207	
13.44346710904889	2.5576725200629458	0.17833836758177854	0.9145063174120144	-1.5327268640353517	3.2346574448044083	
13.417464380160201	2.6586359921544966	0.2646898472339394	0.9975895270807882	-1.5455464068302267	3.2660424335618314	
13.34410938915392	2.7619001173003386	0.36405329939611497	1.078042321313299	-1.5554343933127144	3.2877569084354956	
13.230065911758016	2.86771636694477	0.4751349490270502	1.1535170586651844	-1.5629739808028975	3.3001500359564346	
13.083048126377326	2.9760727068873916	0.5961831341448013	1.2217775649981486	-1.5686814432343221	3.303668848051544	
12.911322483155601	3.086718244945843	0.7251679602999919	1.280779491216228	-1.5729955051507183	3.29885053580235	
12.723193096998546	3.1991985130502902	0.859975551491471	1.3287410476125545	-1.5762702322517776	3.2863074653092617	
12.526502095206137	3.312899872689906	0.9986033245272129	1.3641989703481725	-1.578772346904851	3.266705055630529	
12.328216380131254	3.4270991752151225	1.1393294963117169	1.3860402169546115	-1.5806842198688478	3.240734817124267	
12.134128311277296	3.541011188695188	1.2808451665714817	1.3935155502627978	-1.5821100828949497	3.2090865991626525	
11.948682191252457	3.6538323564767263	1.4223439723337192	1.3862365023169785	-1.5830848081139546	3.172421596813385	
11.774937146743376	3.7647782413288633	1.5635627028238261	1.3641584633416823	-1.583584082212714	3.1313480242520892	
11.61466702631131	3.8731122525779718	1.704767961470404	1.327554827118097	-1.5835343668277773	3.086400808140666	
11.468610180038947	3.978161295509969	1.8466733720540884	1.2769823115789656	-1.5828214697507652	3.0380288130740714	
11.33680637956443	4.079317795385414	1.9903006894845414	1.2132477289222436	-1.5812954848932466	2.986590318992664	
11.218965992124101	4.176031823954115	2.136800567698346	1.1373816174827895	-1.5787716321863625	2.9323554299677905	
11.114832168396397	4.267796984684861	2.2872456505278653	1.0506195956794482	-1.5750274675161557	2.8755148494665397	
11.024492877216687	4.354134457724941	2.442412499357697	0.9543932222332756	-1.5697970033728867	2.8161936683643125	
10.948594405090269	4.434579896374914	2.602574652608422	0.8503296751504196	-1.5627631128392911	2.754468849362909	
10.888399300506862	4.508677571736307	2.767351956438941	0.7402545022602617	-1.553551574989893	2.69038753585226	
10.845694656506213	4.575983562428965	2.935630236951301	0.6261953734403537	-1.5417284011363086	2.623981972426963	
10.822566694958278	4.636078497066857	3.1055614568491103	0.5103804317302664	-1.5268024142225334	2.555279170288165	
10.821067059931448	4.68859093331533	3.2746500674720935	0.3952256076604257	-1.5082345337390943	2.4843033858530075	
10.842800996416461	4.733234099177686	3.439925803883424	0.2833050463489658	-1.485454986214348	2.4110695350683757	
10.888506675931998	4.769856462617114	3.598197905929452	0.17729537860730105	-1.4578892166280168	2.3355669056294115	
10.957712019410174	4.798502657464301	3.746340839535489	0.07989524763915115	-1.4249892461369158	2.257736272358715	
11.048504952657582	4.819480945594539	3.881572924741803	-0.0062771019778195105	-1.3862677845193372	2.177444482678482	
11.157446335718967	4.833430353444035	4.001698983311895	-0.07880547052550935	-1.3413325735530013	2.094460821842616	
11.279638220629248	4.84138073444451	4.105292212332824	-0.1356132598721947	-1.289918607789272	2.008439124538084	
11.40895991713247	4.844795055881314	4.191790900275316	-0.17511242735303678	-1.2319152774959892	1.9189103874423088	
11.538460584950169	4.845573908933686	4.261482300187846	-0.19634061313934423	-1.1673820588425523	1.825291522574138	
11.66083180153448	4.846023121552648	4.315401642655598	-0.19908158720943367	-1.096554048910865	1.726907965782815	
11.76893066445591	4.848778872771346	4.355159686360434	-0.18396026321808792	-1.0198368181256654	1.6230293685353898	
11.856319946128446	4.85668626141916	4.382713902492483	-0.15250270117637932	-0.9377904009227735	1.5129166393881426	
11.917802956596404	4.872625715300659	4.400097819826888	-0.1071555988881596	-0.8511028906656712	1.3958786956902611	
11.94988972072771	4.899286028374267	4.409131042566166	-0.05123831090131542	-0.7605524213865089	1.2713337503868507	
11.951140388390558	4.938906969284883	4.411151769947738	0.01117141667584812	-0.6669625244774037	1.1388663895121256	
11.92238598440836	4.993008802516866	4.406789209058148	0.0754075225055974	-0.571154655498755	0.9982768428312835	
11.866808150122615	5.062130830985784	4.395792271608187	0.13644201586838864	-0.47390017826276665	0.8496183798435336	
11.789873500943013	5.145602117958387	4.376928614529059	0.18916154288385828	-0.3758746919720343	0.6932199911941943	
11.699109602876725	5.241376599974891	4.347973272388134	0.2286894249231766	-0.27761796934322663	0.5296906861838228	
11.603705570095356	5.345995879962258	4.305816724780634	0.2507167755450533	-0.1795073008545787	0.35989894950847495	
11.51401501836925	5.454667407086576	4.24666624966262	0.2518126049549257	-0.08174440693947621	0.18493531716262715	
11.440974940536817	5.561457073733343	4.1663327733336	0.22969612549134147	0.015643677389031756	0.006060323723786249	
11.395459020910813	5.659587443696985	4.060589279874129	0.1834516888741336	0.1127895080438591	-0.17535910215263809	
11.387573170883638	5.741827032723712	3.9255868587860983	0.11367663361855347	0.2099565075196767	-0.3579216150534492	
11.42593145883356	5.800949499331142	3.7582886996804206	0.022520168840888612	0.30749555224597613	-0.5402673126378233	
11.516987896690623	5.830198837734347	3.556854948832747	-0.08638940882534268	0.4057922500500826	-0.7211480027927683	
11.664448745814264	5.823731387491623	3.320952460880884	-0.20810284348661406	0.5052090156592666	-0.8994887763135451	
11.868813223295815	5.777016824234092	3.051962020632675	-0.336591592320016	0.6060239574866065	-1.0744382588103023	
12.127085024839834	5.687183523749223	2.7530651056370092	-0.46506139168373706	0.7083691659142264	-1.245405271419908	
12.432712410525241	5.5532939773958985	2.429190126235026	-0.586331909697363	0.8121710930083724	-1.4120790553625222	
12.775865326873676	5.376486573010298	2.0867838867942643	-0.6932556525155144	0.917103892324255	-1.5744247698591467	
13.143958835868995	5.160006142900606	1.7334688979851829	-0.779130559809875	1.0225577908347263	-1.7326599853858544	
13.522391507292145	4.909119042962219	1.3776064833999593	-0.8380952083013388	1.1276252313060386	-1.887212904786321	
13.89544110218735	4.630912580591905	1.0277982587356331	-0.8654844166621927	1.2311071170107921	-2.0386645507595116	
14.2472633997574	4.333985964620881	0.6923541273971987	-0.858139966812447	1.3315400449912718	-2.1876767640844754	
14.562944480833055	4.028012428060561	0.3787608243955239	-0.8146572967711598	1.4272503665425114	-2.3349053307627474	
14.829214620732055	3.7232888484943016	0.09335888490315863	-0.7354163539352515	1.5164205731706542	-2.480930374324414	
15.035620192901257	3.430094100866801	-0.15919848233753625	-0.6228724714149845	1.5971890062643197	-2.626134925388841	
15.174028082615308	3.158429646662716	-0.3755802216635216	-0.480969770369858	1.6677073919379752	-2.7707219668172205	
