15.52954104604743	2.510152429886379	-0.4957757530783272	-0.0287295221411048	1.7230964438673717	-3.474169505440109	
15.500929353329367	2.4009906389362814	-0.6374076152135258	0.13879823592188165	1.7525042104097401	-3.5779134259144936	
15.40253034500017	2.3405263004546404	-0.7445015554875396	0.293498647513382	1.766164682608503	-3.670800880396633	
15.240006938071582	2.32708141823074	-0.8197076522122149	0.4274771428404176	1.7641497862198283	-3.752135547548698	
15.020650641091734	2.3572178593677258	-0.8663909875238708	0.5333884348832002	1.7469109820598343	-3.821215761897448	
14.75372070405776	2.4252026949076324	-0.8887401356489311	0.6049225188798919	1.7154230113369355	-3.877361106017684	
14.449521002928112	2.5237523191459807	-0.8912974069423161	0.637107555456427	1.67107194895707	-3.919964033298107	
14.118999725915861	2.644346813322416	-0.8787447666816147	0.6266150940180872	1.6156257831016148	-3.9485337627184167	
13.773194474641157	2.777762128532402	-0.8556426560468186	0.5719344721149837	1.551151531820888	-3.9627391755156722	
13.422764476065867	2.9145637333896057	-0.8262336565724306	0.47343865629842924	1.4799280025674912	-3.9624437310761778	
13.077586478758464	3.0455609177648317	-0.7942955672336679	0.3333622307325984	1.4043556394806607	-3.947733194330508	
12.74640839248044	3.162218188028565	-0.7630387511508195	0.15568888445625337	1.3268635668580844	-3.9189346016485667	
12.436564548836817	3.2570092188982906	-0.7350469604138781	-0.05403875156372059	1.2498174072679251	-3.876626363035803	
12.153774702145302	3.3236897479770873	-0.7122670879365762	-0.2890008322135749	1.175431325509758	-3.8216345136967873	
11.902051760299749	3.357462203751964	-0.6960454508244883	-0.5414431509109611	1.1056939539413657	-3.7550133981431646	
11.683685660435874	3.355064699853169	-0.6871889071049057	-0.8030348707902693	1.042306927617974	-3.678016132160773	
11.499308489144303	3.314787048816866	-0.6860473229442353	-1.0652368006013218	0.9866365429982238	-3.5920539405192153	
11.348034483977512	3.2364232550975975	-0.6926098836239909	-1.3196672697710663	0.9396781132709737	-3.4986451915514047	
11.227677836899378	3.121159706590894	-0.7066097854090417	-1.5584551215055111	0.902034506779125	-3.3993536459847675	
11.135045089870147	2.971390035229738	-0.7276264372247014	-1.7745364425519077	0.8739172043159374	-3.295720649828478	
11.066239612187148	2.790509533463003	-0.7551688882793847	-1.9618901118014949	0.8551593966977407	-3.1891981066155846	
11.016967331952976	2.582692513465925	-0.7887398595843855	-2.11571385520245	0.8452409002583675	-3.0810841177871513	
10.982825713217107	2.352660273961447	-0.8278784232367078	-2.232539272613307	0.8433237568269563	-2.9724641493320947	
10.959558418235407	2.1054448375937724	-0.8721801654838908	-2.310290276410464	0.848296827692872	-2.8641592863726077	
10.94324037226722	1.8461570589809562	-0.9212931091343658	-2.34825230645172	0.8588322084969526	-2.756692953936619	
10.930377724592152	1.579785557230298	-0.9748944201049444	-2.346986145793029	0.8734430667978949	-2.6502753035549356	
10.917936220744732	1.3110304546709513	-1.0326521708450684	-2.3082025739801484	0.8905406533211606	-2.5448032678999906	
10.903310466853842	1.0441788338439597	-1.0941746650812236	-2.2346027124185577	0.9084894779320755	-2.4398766330210444	
10.884253478103044	0.7830275647862605	-1.1589484403595924	-2.1296965566797743	0.9256593459915355	-2.3348282346852325	
10.85879029390646	0.5308714165356578	-1.2262714614758259	-1.9975993330747004	0.9404720016472873	-2.228771202006231	
10.82515744324384	0.29055149651891504	-1.2951941391476907	-1.8428340704810233	0.9514387584281498	-2.120655886239974	
10.781793214008719	0.06453892997580293	-1.3644753391322189	-1.6701555706936513	0.9571911360328947	-2.009329609971606	
10.727385520357856	-0.14496155350659584	-1.4325634448737319	-1.4843941829903027	0.9565057982476395	-1.893598250249119	
10.660981905722284	-0.335908197820869	-1.497611665591983	-1.2903209451184585	0.948325769784505	-1.7722877249424012	
10.582153790175406	-0.5063423292963649	-1.55754268225464	-1.092533760940886	0.9317784959719527	-1.644303818023839	
10.491168355996908	-0.6543574348633653	-1.6101655400939716	-0.8953692287313987	0.9061885814248477	-1.5086843342268081	
10.38913540011294	-0.7781226807731697	-1.653325032912674	-0.7028303560967605	0.8710892969650567	-1.3646442426695014	
10.27809809518523	-0.8759529341018331	-1.6850694953608931	-0.5185240443175829	0.8262316510430309	-1.2116145600106971	
10.16104477058322	-0.9464159295288892	-1.7038196212295398	-0.34560428190038955	0.7715903703326258	-1.0492753902148255	
10.041821659758797	-0.9884649533603737	-1.7085190037306905	-0.18671693177034773	0.7073657059691011	-0.8775839520605448	
9.924932320590857	-1.0015597477213383	-1.6987232768560576	-0.043960409674077654	0.6339738383771484	-0.6967895206650698	
9.815286283479656	-0.9857545129745485	-1.6746234267172062	0.08114265422859322	0.5520297705654803	-0.5074393041916554	
9.7179348278074	-0.9417419550272572	-1.6370086092406697	0.18765974464012528	0.4623227707067376	-0.3103746235549572	
9.637826030331135	-0.8708461010722133	-1.5871755768139562	0.27524473849038095	0.3657848990268234	-0.10671582903533465	
9.57960545591314	-0.7749646563958852	-1.5267981196909721	0.3441162531413547	0.2634545269071676	0.10216428560721859	
9.54748861529241	-0.6564597827925894	-1.4577730716612045	0.3950059458104503	0.15643666745522827	0.31468436690503276	
9.5451886043981	-0.5180331310605502	-1.3820804436592546	0.4290888829216671	0.045867445795757744	0.529109472110338	
9.57585154363385	-0.3626096525061446	-1.3016710119968347	0.44790633916821654	-0.06711511559103375	0.7436127694293225	
9.64196681232835	-0.19323931002384118	-1.2183833997470406	0.4532831212321766	-0.1813940629931271	0.9563425290437448	
9.745217735872487	-0.013023624659703456	-1.133889182487694	0.4472447161405814	-0.29589085128663156	1.1654919307901213	
9.886263009547795	0.17493404086393696	-1.0496614581455859	0.43193681043475235	-0.409578301219834	1.3693669843369762	
10.06449540427404	0.3675650137987743	-0.9669568000496596	0.40955500732774736	-0.5214909773216931	1.5664419847133229	
10.27781679360716	0.5618761048275365	-0.8867951914926984	0.38228739558085917	-0.6307361781801948	1.7554008540085255	
10.522482835187319	0.7550060983803626	-0.809933699662831	0.3522668304195099	-0.73650616193359	1.935162905638632	
10.793058247750869	0.9443042192880536	-0.7368319826347258	0.3215309177794878	-0.838091796746749	2.104892691669939	
11.08253188706572	1.1274314170659376	-0.6676128474408438	0.29198679461537247	-0.9348967164060787	2.263993287629703	
11.382632836403708	1.302459318929794	-0.6020371327707359	0.2653818206563538	-1.026446752616574	2.4120811659348784	
11.68426503465914	1.467950111675042	-0.5394979823643857	0.24327582859836208	-1.112394678866072	2.5489539752635126	
11.978021619825691	1.6230047664573595	-0.47904188652947177	0.22701381292995854	-1.192519113014738	2.6745544779904393	
12.254735717535768	1.7672713443663652	-0.4194206558759182	0.21769899296437953	-1.2667171457362796	2.7889338954726313	
12.506030413771516	1.9009105146059282	-0.3591766962857525	0.21616510024617322	-1.3349911330647124	2.892217888836587	
12.724782410950878	2.0245114000899176	-0.29676019180767316	0.2229564043221549	-1.3974289657634766	2.9845775350848256	
12.905454392582334	2.1389847755763545	-0.2306556602491669	0.23831541163745448	-1.4541829599681662	3.0662090024538573	
13.044307328819388	2.2454494080966634	-0.15950553465422054	0.2621787765784623	-1.5054496024393111	3.1373209360712764	
13.139493177534288	2.345120521155426	-0.08222052594348572	0.2941842004611167	-1.5514511695764543	3.1981284523736613	
13.191043785579597	2.439209372960947	0.001931408141365984	0.3336885050710248	-1.592420285544361	3.2488529064217833	
13.200734859486031	2.5288438549468553	0.09327513069159175	0.3798023099031536	-1.6285880691591055	3.2897261441494634	
13.171852510623651	2.615019056303677	0.19172559524556615	0.4314372090973258	-1.660176291163384	3.3209970212711113	
13.108909792966788	2.6985730085518074	0.2968213934077886	0.4873579297641334	-1.6873924807457612	3.3429385437175485	
13.017315039526272	2.780183764668813	0.40779132901358944	0.5462379799011715	-1.7104272890247394	3.355854478834633	
12.903005593154917	2.860383957753884	0.5236481093455406	0.6067154384443755	-1.7294537518183977	3.360084686440054	
12.772056081073284	2.9395903078968777	0.6433050996834876	0.6674455727392649	-1.7446285888984303	3.3560081789587053	
12.630307763577635	3.0181431089240833	0.7657010067068623	0.7271429324735275	-1.7560957930189396	3.3440426866443835	
12.483054734916205	3.096347011714804	0.889917203443081	0.7846107032629883	-1.7639917423284155	3.32464177826945	
12.334796235778935	3.1745102103230143	1.0152826208138868	0.8387578846447186	-1.7684514232465691	3.298289668108744	
12.18906780474152	3.252978140120175	1.1414595957891343	0.8886047053918771	-1.7696151205512605	3.265493993652307	
12.048361640248691	3.332157059292741	1.2685042361175172	0.933277374991607	-1.767634754948107	3.226776748545639	
11.914170472950921	3.412519321812709	1.3968808595595013	0.9719928476558034	-1.7626780082144557	3.182663886649129	
11.787120190223774	3.494589527709209	1.5274336193692133	1.004041295158139	-1.7549291806503577	3.1336751256393263	
11.667170914160474	3.57891417608372	1.6613166309451688	1.028770413933905	-1.7445863860564175	3.0803144415963595	
11.553871094689521	3.6660181362194617	1.7998828213876543	1.0455746933867436	-1.7318547767179198	3.0230618208952285	
11.446646992130956	3.7563515398203404	1.9445320668696657	1.0538932788548139	-1.7169354532681165	2.9623666548717456	
11.345096607729213	3.8502360800258475	2.0965270579446873	1.0532188303932426	-1.700010501844867	2.898644083434975	
11.249233365692621	3.947820595626836	2.256807506532065	1.0431173951618462	-1.6812264544287394	2.8322743462372793	
11.159659107226421	4.049047471027515	2.4258199168961347	1.0232577347480003	-1.6606776090298168	2.763604136532703	
11.077650162783595	4.153631405402712	2.6033788224889474	0.9934477773685043	-1.6383907031731115	2.6929494133528666	
11.005143833189825	4.2610497752437295	2.788571779869169	0.9536770905363235	-1.6143120425442736	2.620598676124533	
10.944603904379564	4.370546442816815	2.9797328671144143	0.9041609620580415	-1.588299747211803	2.546815622576279	
10.89877833076653	4.481148829549614	3.1744998799898894	0.8453768925769168	-1.560123926583598	2.4718396259193893	
10.870395877960355	4.591691444178452	3.369928789215101	0.7780934487327111	-1.5294732173136094	2.395882535592265	
10.861827232980634	4.700847392595169	3.562656961361113	0.7033875082642579	-1.4959679338362564	2.3191214909330258	
10.874738821584373	4.807169025785737	3.7491017333663383	0.622647308539282	-1.4591794681356371	2.2416873859181683	
10.909769696331498	4.909141907891543	3.9256822477337012	0.5375568537093204	-1.418655955081211	2.163648681112852	
10.966308237439401	5.005254838350953	4.089033894789181	0.4500525328295383	-1.3739521540983948	2.08499372929228	
11.042378254622053	5.094082708640873	4.236191051292502	0.36225978890775684	-1.3246597083694787	2.005613319831026	
11.134639962281751	5.174381998492846	4.364733842080095	0.2764096076384736	-1.2704365101014718	1.925285616298244	
11.238511346796589	5.245195925650947	4.472893353518317	0.19473554870378482	-1.2110335927462856	1.8436657326036763	
11.348412006623974	5.305967345610121	4.559614742974658	0.11935010522885087	-1.146318674136769	1.7602818016069033	
11.45813990880546	5.3566365278707995	4.624558504111343	0.05210933402329459	-1.0762911490371856	1.6745431731628535	
11.561315877088367	5.397707465614238	4.66805339737125	-0.005519643295419105	-1.0010878312187443	1.5857595739114965	
11.651859706789562	5.430274037368914	4.691011974782361	-0.052582634501594956	-0.9209802853926533	1.4931697125102334	
11.724470875698438	5.45599273693188	4.6948089186426065	-0.08874470335808732	-0.8363632200192661	1.3959787558593628	
11.775092101072286	5.47699119965185	4.681124370453767	-0.11437313630227357	-0.7477343910190348	1.2934037005014432	
11.801298241470265	5.4956927350488	4.6517502283864545	-0.1305726432319478	-0.6556650692567075	1.1847239993527179	
11.802548002953998	5.51457312368596	4.608383167383517	-0.13915706859720234	-0.5607652238596516	1.0693295620081165	
11.780316197973292	5.5358794494705865	4.552424290595383	-0.1425677368537814	-0.4636479004207133	0.9467629615322701	
11.738098832321292	5.561332330029425	4.484799975427244	-0.1437344507164407	-0.364894560098998	0.8167530455992676	
11.681296507064532	5.591836008344398	4.405820805330993	-0.14588110487684186	-0.26502352943972085	0.679237996662547	
11.616965895132259	5.6272332066774	4.315105322017501	-0.15227546865816396	-0.16446423168729754	0.5343742886771897	
11.553437872215966	5.66617573476779	4.211605906421826	-0.16595215810746683	-0.06354234400001227	0.38252614559866316	
11.499872199352465	5.706107662207922	4.093720671669918	-0.1894417514390935	0.03752551521727834	0.22424251288326008	
11.465749954813496	5.743362683461341	3.9594836109443206	-0.2245216184569249	0.13862809089732503	0.06022292076407841	
11.460311212083642	5.773370353636594	3.8068195298826395	-0.2720057158588325	0.23974730463450006	-0.10872558498570747	
11.491930872114306	5.790963928901794	3.6338494325748947	-0.3315867930381091	0.3409378256557772	-0.2817385678611042	
11.567489025977585	5.790769753801016	3.4391981499506525	-0.4017807211450874	0.4422978137983814	-0.4579475442356218	
11.691789986089258	5.767613819397787	3.2222559769101187	-0.47995993315708374	0.5439345709589112	-0.6365290381373649	
11.867059878750004	5.7169258894341475	2.983379365780361	-0.5624667664464105	0.6459257697057925	-0.8167474874689735	
12.092570143835193	5.63512333697644	2.7240168011089447	-0.6448050651128711	0.7482772046671772	-0.9979896676717086	
12.364418349429293	5.519966566822392	2.446756572130897	-0.7219050468105473	0.8508774789461726	-1.1797888354132842	
12.675584418646984	5.370832775937182	2.155269767142019	-0.7884610829231385	0.9534552698275739	-1.3618320500989036	
13.016256455008742	5.1888730513809955	1.8541681645832686	-0.8392958395995777	1.0555459989050455	-1.5439493199497607	
13.374354096067693	4.9770630256035515	1.5488076914874593	-0.869727699590518	1.15646945986413	-1.7260872198761168	
13.736219361088816	4.740134611336428	1.2450481140125682	-0.875921555537873	1.2553216331247716	-1.9082682151706631	
14.087439299559923	4.4843868286751905	0.9489793165593923	-0.8552152266265772	1.3509828426257104	-2.0905358659526776	
14.413779881763118	4.217351224868924	0.6666167203452849	-0.8064055708013591	1.442148111718562	-2.272884212559853	
14.701895557780102	3.947381400592787	0.40367421443116897	-0.7298250469429437	1.5273749578290863	-2.4552021717888435	
14.940479813670281	3.6830795268535157	0.1651670304749843	-0.6276563965952463	1.605159215148133	-2.637158357182903	
15.119965807187222	3.432986148820791	-0.044489573787273	-0.5033892114145656	1.6739876179040591	-2.818234939402089	
