17.17203851313067	2.9397935918215814	-1.1211840737838663	-0.8117323760802186	1.4100853584085402	-4.306663800231626	
17.147213016934497	2.8357549765895707	-1.2074911227766307	-0.681272794437276	1.424259460674177	-4.417067500486831	
17.0510411581923	2.778014072256602	-1.2633021273839202	-0.5631803757649443	1.4259519388258455	-4.516151021969376	
16.890805866069748	2.763703769834822	-1.2922660536206947	-0.4642464066463996	1.415548164721259	-4.60304517770957	
16.675198368172587	2.7886140246516664	-1.2984652787684003	-0.3906493799183206	1.3937344099318902	-4.676803085879781	
16.414478674993454	2.8468065754420757	-1.2864343643118172	-0.3475129299762996	1.3616075666205385	-4.736400535991634	
16.11944005292818	2.931209254373844	-1.2607948364959563	-0.33873272387930853	1.3205782496002068	-4.780813458377104	
15.800849565319766	3.0338468288680502	-1.2260593977934335	-0.3667513091951429	1.2723381335529569	-4.8090777548180546	
15.468791358606895	3.1462284559300833	-1.1864100697528104	-0.4324519320733227	1.218781960534622	-4.820361993860179	
15.132170508909093	3.259704745151183	-1.145530969119958	-0.5351302892493158	1.1619246595697443	-4.814033533898402	
14.798360309029594	3.3658023997974627	-1.1064882198175976	-0.6725292291592838	1.1038156235528747	-4.78971635131182	
14.47299404260438	3.4565383412322883	-1.0716587437622038	-0.8409398805169246	1.0464516583351542	-4.747337033955592	
14.159902965182173	3.524705506459328	-1.0427099054179108	-1.0353579421389472	0.9916924215880807	-4.6871569575525776	
13.861217449400007	3.5641140790109476	-1.020640301783963	-1.2497073197757704	0.9411840923192654	-4.609782751846431	
13.577600878154929	3.569761681032867	-1.005874155900842	-1.4771084731353954	0.8963012497218584	-4.516151682113005	
13.308536552189787	3.5379524842788914	-0.9983806305423828	-1.710156075871673	0.8581043267725377	-4.4075006998520045	
13.052644578187198	3.466364737542399	-0.9978092734554981	-1.9412050593982042	0.8273130595909771	-4.28531948345997	
12.807998756650079	3.3540735043312755	-1.0036286315751513	-2.162656944064832	0.8042947002369258	-4.151290125803705	
12.572421550816316	3.2015281895662153	-1.0152559096555094	-2.367241815279047	0.7890674125977797	-4.007214433918367	
12.343727537372903	3.0104667542556007	-1.0321582001525629	-2.548266749803426	0.7813231613678584	-3.8549345673598374	
12.119902287821906	2.783806482678734	-1.0539161627289573	-2.699826467553413	0.7804585405434605	-3.696256691558661	
11.899228654264066	2.525508709062782	-1.0802527404271691	-2.816978216943785	0.7856129182608383	-3.5328790852545633	
11.680366086635164	2.2404198241082707	-1.1110283478761511	-2.895879617900465	0.795712353085556	-3.366327321787236	
11.462390122772957	1.9340917535672004	-1.1462046222839466	-2.9338940319317786	0.8095177503974693	-3.1978977148598564	
11.24478798066813	1.6125768121258064	-1.185781648370854	-2.9296318351795385	0.8256777037438134	-3.0286189054302484	
11.02742740876377	1.2822267321172136	-1.2297247421545403	-2.882948233453919	0.8427788308606642	-2.8592306423233014	
10.810509212791162	0.9494999768058875	-1.277889526761031	-2.794907422420233	0.8593930885107859	-2.6901771572490016	
10.594508927091315	0.62078008762209	-1.3299520389480581	-2.6677121745097114	0.8741217200899987	-2.5216150506648667	
10.380115634106323	0.302207358629074	-1.3853487300714171	-2.504606454539186	0.8856356486945529	-2.353433509438239	
10.16817526736292	-0.00046510838416160064	-1.4432386135988464	-2.3097370134541753	0.892709677560358	-2.185289909564403	
9.959653694911983	-0.2819800607308748	-1.5024949189466277	-2.0879907893052514	0.89424786226011	-2.0166548112828004	
9.755626987126151	-0.5376585797569939	-1.5617229252995348	-1.8448254445628467	0.8893022059527164	-1.8468599697944865	
9.557299518033197	-0.7634582343148191	-1.6193050535244171	-1.5860900535003701	0.8770849341187515	-1.6751488012463416	
9.366050912999716	-0.9560124834547588	-1.673472144994753	-1.3178392515801969	0.8569756085797257	-1.5007274423586618	
9.183507743644878	-1.1126505464648466	-1.7224007114125182	-1.0461409944536324	0.8285227101944116	-1.3228153392029447	
9.0116177634518	-1.2313936868835782	-1.7643224965071334	-0.7768940621705281	0.791438659407014	-1.1406907444593166	
8.852708682452162	-1.3109500383218813	-1.7976306066842802	-0.5156632062475217	0.7455933899233663	-0.9537302486644406	
8.70951299710454	-1.3507090747397585	-1.8209741481352417	-0.2675318057726577	0.6910063382243047	-0.7614431996228916	
8.585144437432552	-1.350739427273897	-1.8333332027304317	-0.036974050279212106	0.627837425850859	-0.5635013693464359	
8.483012272657378	-1.311792854855307	-1.8340666776913859	0.17225326255566684	0.5563772888082853	-0.35976479211508783	
8.406672007012201	-1.235295392854766	-1.8229167049878794	0.35717626162718824	0.4770340232954335	-0.15029858157647238	
8.359649490977999	-1.1233317238081741	-1.799981118826223	0.5156394425588018	0.39031947464934214	0.06461616592420537	
8.345262055399923	-0.9786164331232956	-1.7656633967618063	0.6463148786162443	0.29683500150607117	0.28447725356147724	
8.366455910872604	-0.804448139306033	-1.720608865660676	0.7486860896152062	0.19725708439012019	0.5085629042538639	
8.425671088334783	-0.6046484208490895	-1.6656385897005486	0.8230131165941559	0.0923240474302097	0.7359396320959009	
8.524750848731067	-0.3834797651850804	-1.6016917721533013	0.8702678559395771	-0.017175485515816876	0.9654815869389495	
8.664880173190262	-0.14555793691090077	-1.5297893965996745	0.8920563875180929	-0.1304102310316373	1.1958981151179613	
8.846524767919886	0.10423591102752845	-1.4510184335517586	0.8905389064433277	-0.2465101698932332	1.425766634550033	
9.069358766980804	0.36084720243862095	-1.3665317001320574	0.8683461603594834	-0.36456808650512385	1.6535705368602083	
9.332166917358672	0.6191475382144427	-1.277557824520283	0.8284961267162301	-0.4836399248494188	1.877740520403946	
9.632731089124922	0.8740499623549483	-1.1854104039680433	0.7743081165968606	-0.6027464886774059	2.0966978932259317	
9.967735610150013	1.1206386333150324	-1.0914821838932134	0.7093183457222417	-0.7208788314041519	2.308894394808037	
10.332701830166156	1.354313976166825	-0.9972179257901479	0.6372021170720112	-0.8370076676892982	2.512846396071637	
10.721979556991379	1.5709526219701038	-0.9040630501467001	0.5616980348370679	-0.9500973146481223	2.7071634505179	
11.128812564954325	1.7670793123303647	-0.8133882094098972	0.48653233337060586	-1.0591241436294372	2.890571267116341	
11.545500948499074	1.9400434600113805	-0.7263923314551167	0.41533955159965735	-1.1630994611484446	3.0619294500325362	
11.9636722236343	2.0881572363112295	-0.6440034628142093	0.35158287748920974	-1.2610935552598779	3.2202416107930225	
12.374605860403545	2.210790448793689	-0.5667906307934436	0.2984742343929412	-1.35225890882608	3.364662196823858	
12.769590713478616	2.3084110937794478	-0.4948949985997001	0.25889365359135647	-1.435851580061065	3.4945011143733686	
13.14029208023913	2.3825634548190986	-0.4279877234864322	0.23530930403712014	-1.5112498387510134	3.609226954067871	
13.479112285139896	2.4357810769772	-0.3652595563490133	0.22969686031181988	-1.5779702085111025	3.708470424598069	
13.779494590315865	2.47141664217467	-0.3054591070876952	0.243475139996408	-1.6356769769641768	3.7920248614728087	
14.036153409217183	2.493430233207952	-0.24696883361073843	0.27745860664892535	-1.684186815719505	3.859846042833717	
14.245242090858314	2.5061585388654475	-0.187910743036345	0.33182543195355013	-1.7234697041154756	3.912051659416586	
14.404456644536465	2.514078282195685	-0.12627754200753918	0.406104623999412	-1.7536457125104103	3.9489194084825883	
14.513084376161899	2.5215778366537736	-0.060083758198409914	0.4991800303039191	-1.7749783278845723	3.9708841611935464	
14.571968639577333	2.5327563517936875	0.01247483305452985	0.6093223961358887	-1.7878619366214323	3.978531247947036	
14.583391076983638	2.5512732501549213	0.09287997864846544	0.7342461060814955	-1.7928046535670994	3.9725858038035025	
14.550900257762864	2.580240525647222	0.1821778697387219	0.8711784436854383	-1.7904093650474104	3.953900222193008	
14.479081729702706	2.6221528356504225	0.2809029329029699	1.0169436333898056	-1.7813529171127591	3.9234386181569936	
14.373277433929196	2.6788479257891753	0.3890446603324119	1.1680595211085572	-1.766364495314808	3.882258517010077	
14.23925722883834	2.751495292377364	0.5060688493591826	1.3208487215437905	-1.7462038323349802	3.8314889861759704	
14.082878772203694	2.840618032550394	0.6309996728845214	1.4715580353452975	-1.7216412238147039	3.77230578126283	
13.909781341450518	2.946128267193489	0.7625366362464747	1.616475030529564	-1.6934408851024267	3.7059064209400536	
13.725127462603433	3.0673771860193186	0.8991961833171881	1.752041254995804	-1.6623470088366419	3.63348514856419	
13.53340995453987	3.203217458090452	1.0394647074442627	1.8749592719976644	-1.6290721715748484	3.556208406311355	
13.33833955921517	3.352075353278497	1.1819494959997392	1.9822927784433872	-1.5942872574226594	3.475191065573858	
13.14284615220543	3.5120351673875354	1.3254993210701558	2.071544783039562	-1.5586132937155923	3.391476292041084	
12.949165739653079	3.6809201767534354	1.4692772051960838	2.1407163846878823	-1.522613846851954	3.3060193887493425	
12.758989626141206	3.8563703842667354	1.6127829079563702	2.1883490396502014	-1.4867872291468303	3.2196751068178613	
12.573656519124578	4.035917527227965	1.7558230423685826	2.2135501448008514	-1.451558360809536	3.1331884426870786	
12.39436523699239	4.217057464239884	1.8984296740080082	2.2160061549342456	-1.4172695813966187	3.047187943146465	
12.222375870426472	4.397318980036363	2.040732011370969	2.195973218279331	-1.3841723094093703	2.962183251705761	
12.059154750935338	4.5743250555823645	2.1828125096358146	2.1542523833612757	-1.3524203474519492	2.8785652481868964	
11.906450038171027	4.74584958042689	2.3245708103846914	2.0921578791986506	-1.3220647773025072	2.7966065618854823	
11.766291548238383	4.909871073933157	2.4656121972087526	2.0114763623428398	-1.2930517723219412	2.7164625051283315	
11.640911165520759	5.064625550634725	2.6051755516366626	1.9144190934732013	-1.2652237854755166	2.638171415873873	
11.532581968630101	5.20865596772936	2.742122072917032	1.803561610142269	-1.2383262763549412	2.561655199129841	
11.443405846726643	5.340850811868871	2.87499415313802	1.6817700976119503	-1.212020901106061	2.4867212495854853	
11.37508446319567	5.460476203092578	3.002123394771765	1.5521218824141634	-1.1859024892986239	2.41306402949136	
11.32869599798649	5.567199259419889	3.1217749290618646	1.4178164429090168	-1.1595197642168773	2.3402675653416143	
11.304498302082113	5.661102251305417	3.2323125742180774	1.2820764408819074	-1.13239897393747	2.267809168710911	
11.301780524030836	5.742685571210665	3.3323680482752143	1.1480363874195931	-1.1040697945910463	2.195065067025059	
11.318811218256185	5.812848235065482	3.4209774188078637	1.018627400096179	-1.074090507759739	2.1213204014448297	
11.352867004567992	5.8728540569007865	3.4976701991689745	0.8964645301474266	-1.0420698223127471	2.045781412337159	
11.400336531876256	5.9242805733550785	3.5625075724349937	0.7837390036246231	-1.0076845915141752	1.967590478409993	
11.45689413292215	5.968948358449036	3.616066800383047	0.6821198594576335	-0.9706923850392751	1.885844364105886	
11.517736245504947	6.0088278316232	3.6593718154472805	0.592666218005704	-0.9309383088871828	1.7996161750539121	
11.577872139675648	6.04592195598219	3.6937660539184276	0.5157728524502906	-0.8883530595607937	1.7079811506797868	
11.632426261405927	6.082138906983492	3.720755534618194	0.45114987159353004	-0.8429439428382574	1.6100438191190374	
11.676940487352661	6.1191599787573265	3.7418382702869835	0.39783351108575665	-0.7947807801937332	1.5049659389143952	
11.70766914330418	6.158307196400947	3.7583296772429655	0.3542323568090407	-0.7439775672508933	1.3919945198301948	
11.721866470911412	6.200411727228823	3.771191334931649	0.3182089268713189	-0.6906711202578583	1.2704899583571947	
11.71804152731069	6.24569619077841	3.78088002583534	0.2872069266060113	-0.6349980743493029	1.139951640409457	
11.69614612950281	6.293688112559971	3.787238510046498	0.2584131525919384	-0.5770739052016735	1.0000378133017962	
11.657704286422772	6.3431622984334775	3.7894246871770747	0.22893796247081172	-0.5169757553964441	0.8505812936149848	
11.605866873188118	6.3921230047660105	3.7858851035129026	0.19601045209618434	-0.45473018831926076	0.6915999672218679	
11.545384015666615	6.437833554864528	3.7743765963959697	0.15718146039051836	-0.3903070605534283	0.5233023008228143	
11.482469979875416	6.476911190283427	3.7520495800425926	0.11052447743359967	-0.32362146176153583	0.3460867222538005	
11.424532231173723	6.505499714379876	3.715605401243549	0.0547987934089282	-0.2545453852676519	0.16053182474382124	
11.37980869764103	6.519490207056653	3.6615050384125905	-0.01043061110267812	-0.18292652129987083	-0.03261734914372662	
11.356909105272317	6.514778987464588	3.5862244624660033	-0.08472345104080697	-0.10861315033222893	-0.23246725843479185	
11.364265947036499	6.487546805675973	3.48654577754594	-0.16675075302539968	-0.03148397411107308	-0.4379975737743313	
11.4094919339292	6.434546290031552	3.3598753324576354	-0.2543421388482033	0.0485175412450895	-0.6480862378004004	
11.498716786136109	6.353352511339469	3.204537436081166	-0.3446136453611787	0.13134854270392116	-0.8615385891217541	
11.635982871394829	6.242560022220734	3.020012026917552	-0.4341451505407002	0.21683453984468376	-1.0771160184215065	
11.822741685757657	6.101928778650086	2.8071056155681795	-0.5191954090928236	0.3046406032202165	-1.2935632607661414	
12.057502492599308	5.932474516763345	2.5680394982052754	-0.595946591030711	0.39424819714060727	-1.5096333433213265	
12.335664095131689	5.736507728246911	2.306448314008385	-0.6607715538038732	0.4849388828834221	-1.7241090907017196	
12.649636229382162	5.517591234794797	2.027247740532893	-0.710503299963374	0.5757923249688274	-1.9358186417742798	
12.989224279793579	5.280423753559606	1.7363896155150211	-0.7426713984564253	0.6657001623094304	-2.143643394929386	
13.34219657457742	5.030667618493513	1.440537551872649	-0.7556999705808266	0.7533934093681791	-2.346519873969715	
13.694999827466141	4.774720323778734	1.1466790508722975	-0.7490548986389639	0.8374830964163263	-2.543436322731604	
14.033587764490463	4.5194312166092745	0.8616900661237867	-0.7233378312467249	0.9165139878653762	-2.733425409948921	
14.344343634917681	4.271753039495875	0.5918691540315697	-0.6803129052049641	0.9890333760942569	-2.915554476993587	
14.614757574270325	4.038448242215866	0.34263174091357423	-0.622804323206622	1.053648380719152	-3.0889148687850545	
14.83455425803109	3.8255731990562594	0.11799002402899167	-0.5546676354532819	1.1091350586116593	-3.2526178084230937	
14.99531461765696	3.638532116077395	-0.0791354749628873	-0.4804089674430711	1.1544204170559424	-3.405786587877198	
