19.291263597089827	-4.817924746966667	7.771813496030596	-1.245750366507282	-3.154035306405582	-2.0342434026827423	
19.055669222951014	-5.342696704580115	7.828153434910537	-1.1752083193865182	-2.640416374190309	-1.7522466777725445	
18.704884170412285	-5.776568768114854	7.679405204282597	-1.0676854772502042	-2.115248600540074	-1.457033069349262	
18.267296275197445	-6.100439503866868	7.325680024326638	-0.9255654261874531	-1.589848227188523	-1.1560991420613798	
17.77269100361062	-6.298626725282742	6.777046374781714	-0.7526600619607559	-1.075175800167825	-0.8571082575133235	
17.25131071249544	-6.360882348427219	6.056978023921109	-0.5545975479548445	-0.5813318199759756	-0.5676400464687561	
16.73140375638742	-6.282929375512302	5.2001251480668556	-0.3383363682961307	-0.11705406373099614	-0.29468676755274825	
16.237522730822025	-6.067138628088894	4.251246433433552	-0.11188598582565946	0.31068346020133086	-0.04429431335633647	
15.788768597606342	-5.722438518027474	3.262330112810889	0.11618896572471853	0.696941389403329	0.17876577924941847	
15.397478482496656	-5.263500222712008	2.2888368970301913	0.3372889298410118	1.0388778302324246	0.37118976926590214	
15.068359596327943	-4.709332119364912	1.3853390330501332	0.5432711335825411	1.3356302235767958	0.5312149775712383	
14.798226316437113	-4.081465593770405	0.6008912896391687	0.7268681469218128	1.5880274202269131	0.6585754289607388	
14.576517667793649	-3.402078624676841	-0.025331791454741806	0.8819926474263823	1.7981665644522795	0.7543541006277846	
14.386727090464857	-2.6924892889184013	-0.4676099016689138	1.0039196368779748	1.9689115644129445	0.8207626028891006	
14.208848671813545	-1.9724955881140125	-0.7156523721660764	1.0893487105841921	2.10339108800389	0.8608741555234838	
14.022397490207275	-1.2606213338071346	-0.774551618073352	1.1364001109591502	2.204610319554338	0.8783532996340304	
13.809373191125244	-0.5747466717407763	-0.6631453057297161	1.1446163236457905	2.275222956358562	0.8772018197741609	
13.55671108591326	0.0674159964441066	-0.41113010629020935	1.1149822997049517	2.317459257218511	0.8615135575206112	
13.257864050952124	0.6484121989371687	-0.05538773394701969	1.0499551645699086	2.333186376326066	0.8352402812587537	
12.913348625680905	1.15192557183804	0.36401983522242054	0.9534726084536307	2.324059550207119	0.801975607825752	
12.530149328067052	1.5643165258049114	0.807688802062836	0.8308561228312401	2.2917122747449965	0.7647892466119997	
12.12030162795998	1.8763725064911272	1.2399789832424442	0.6885694333919601	2.2379284860695354	0.7261369834183721	
11.699018343701848	2.0848827923263213	1.6312704192032137	0.5338237434862579	2.1647721734648915	0.6878431313547662	
11.282622749355795	2.1936797616339163	1.9593493827528008	0.3740406051161831	2.074663143105863	0.6511471955689887	
10.886561932264577	2.213842499659351	2.209960469815949	0.21622098348906432	1.9703939866880757	0.6167976632478749	
10.523735736131261	2.1628043287384244	2.3766116788572202	0.06629771797843906	1.8550873388697062	0.5851716821985214	
10.203439184864429	2.0622437425536813	2.4596440032069338	-0.07136594371811994	1.7320943488740392	0.556399379771121	
9.930974648237878	1.935305859459348	2.464916329110306	-0.19422422751781657	1.6048585418007488	0.5304662778765562	
9.707832041565531	1.8037062146982181	2.402306609426111	-0.3015185252714439	1.476763875366748	0.5072883778161619	
9.532305861378187	1.6852456476374165	2.284184859584891	-0.3939871726363992	1.3509847947018547	0.48675929323837686	
9.400370742448548	1.5921801049149429	2.124005956667235	-0.47338345127074727	1.2303539014883533	0.46877228803978827	
9.306636660217155	1.5307587686205177	1.9351281982429975	-0.5419068890531032	1.117260489147304	0.45322410349165887	
9.24520326922853	1.5019572651800326	1.7299604604543914	-0.6017028145040954	1.013595565429903	0.4400107454122268	
9.210301760450621	1.502847386425106	1.5194177300923457	-0.6545359224371877	0.9207340270483944	0.42902389906324506	
9.196726800666022	1.5281558609682953	1.312607203810145	-0.7016474419028932	0.8395482623405857	0.42015132915843934	
9.200070067855846	1.5716411821779963	1.1166868799082001	-0.7437728511997251	0.7704473085373778	0.41328150809796166	
9.216789688329085	1.6270255672228298	0.9368391667949038	-0.7812663434047137	0.7134337003508132	0.4083108289289707	
9.244158806419781	1.6883777833441818	0.7763434233714408	-0.8142598067010112	0.6681746630716798	0.40515049666304814	
9.280151526201209	1.7500744486621798	0.6367413703960445	-0.8427805822255767	0.6340799860910603	0.4037304913556519	
9.32331606236236	1.806622137258622	0.5180630487359242	-0.866799697540549	0.6103771447461888	0.4040006303264127	
9.37264545056782	1.8525524585476822	0.4191162681397821	-0.8862237742644992	0.596182845057113	0.40592967234213095	
9.427453602075458	1.8825165476293124	0.33782501199231013	-0.9008578225509632	0.5905681384669073	0.40950370326690505	
9.487262871178745	1.891618821478765	0.2715932027073349	-0.9103743957427833	0.5926148544192228	0.4147251066781421	
9.551708678814641	1.8758947965479074	0.21766002308157853	-0.9143247579435252	0.6014599681154994	0.4216127363875821	
9.620468901509229	1.8327379910814556	0.17339144914218005	-0.9121975313203465	0.6163247030558594	0.4302032259201555	
9.693216193939024	1.7611639528012641	0.13649150878937177	-0.9035037216515893	0.6365299071733274	0.44055287575977614	
9.769590834409586	1.6618741186379513	0.10513238134469272	-0.8878646392724556	0.6614991395713105	0.4527394000398077	
9.84919372102977	1.5371400179125705	0.07800730733749331	-0.8650815054728054	0.6907516692059418	0.46686307917640063	
9.931600427074791	1.3905712235904553	0.054316027559471965	-0.8351732386746951	0.7238885204486234	0.4830472396016835	
10.016396975006181	1.2268287058901501	0.033685728989708084	-0.7983765678890684	0.7605747668906915	0.501438056049668	
10.103231887398925	1.0513582210175256	0.016049974514607462	-0.7551227368950285	0.8005239969660216	0.5222045881584357	
10.191878412081925	0.8701524372986253	0.0014995148599597705	-0.7060044905876666	0.8434876333050109	0.5455393495339328	
10.282302140374387	0.6895340605637507	-0.009882860959644604	-0.6517417748309622	0.8892501410213396	0.5716590490225081	
10.374733014940569	0.515954364776077	-0.018188247962354666	-0.5931526281528391	0.9376302715014662	0.6008047982426458	
10.46974702556825	0.3558049316825552	-0.02383145870706818	-0.531133168363158	0.9884872484071043	0.6332404982020341	
10.568356961871736	0.21526336921216868	-0.02765649544135656	-0.4666486579704374	1.0417284431261316	0.6692477061394195	
10.672109454089549	0.10019203262866719	-0.03099370896911766	-0.40073780726700986	1.097316084467783	0.7091168459798153	
10.783166184644502	0.016089788498747867	-0.03567467734442682	-0.334529219566609	1.1552712788271373	0.7531347160663973	
10.9043386033734	-0.031916277567395894	-0.04401221787934053	-0.2692669392277738	1.2156742876627766	0.8015685906474261	
11.039047005995222	-0.03906934628262924	-0.058754004278463966	-0.20633971851945115	1.2786606023587155	0.8546471698221724	
11.191176464392338	-0.0010167990370817687	-0.0830071869417784	-0.14730250639530426	1.344411789727407	0.9125388967252275	
11.364840678844423	0.08607917841060458	-0.12012235162336504	-0.09387352790016219	1.413140448339115	0.9753298556289982	
11.564096495053207	0.22533402124874405	-0.17352868549320183	-0.04790024752180014	1.485069907913798	1.0430015538661284	
11.792626759349107	0.4188415478235275	-0.24650852298057008	-0.011291097244835718	1.560408168235665	1.1154093556939295	
12.053400302229129	0.6672971185710339	-0.34191004036670153	0.014084858110657482	1.6393159575617364	1.192262438707726	
12.348298999016237	0.9695519928234133	-0.4617986162278539	0.026526237869041475	1.7218680305499008	1.2731054077171207	
12.677717378448648	1.3221504580191297	-0.6070732002004606	0.02464491124420536	1.808008382777054	1.3573048321590773	
13.040168613641512	1.7189310202946029	-0.7770993961858814	0.007510908403182463	1.8975024611932023	1.4440431597143164	
13.431919217449645	2.1507464076130547	-0.9693850164477903	-0.02520966375340383	1.9898874279098053	1.532319412670708	
13.84670033929092	2.6053918319716964	-1.1793376830222884	-0.07313337903013904	2.084423998430907	1.6209580945205064	
14.27554061229106	3.0678160059843433	-1.4001425526196711	-0.1350661556259127	2.180053999443385	1.70862629753	
14.706757396531142	3.5206759492684387	-1.6227958170759145	-0.20894906302674016	2.275367290079973	1.7938581373471416	
15.126192112708331	3.945282522374935	-1.8363740979581236	-0.2918766545292298	2.3685904615483366	1.8750865942085084	
15.51766896192088	4.322797728555055	-2.0285307834023336	-0.3801922070776389	2.4575998421551173	1.9506779312376288	
15.863645660095393	4.635549520484794	-2.186201133328688	-0.46965583584422693	2.539958962983012	2.0189665898707863	
16.146031418846487	4.868331508949346	-2.2964966512942837	-0.5556813459555321	2.612982351591279	2.0782899011398857	
16.347123758236783	5.009546862707925	-2.3477418618921018	-0.6336269170734512	2.673824542259542	2.127022013140963	
16.450614833086885	5.052065760036829	-2.3305948856926513	-0.6991203473172307	2.719593185540221	2.1636074385715425	
16.442532893314976	4.993586065745706	-2.239058798639307	-0.7483686590360437	2.74747732575079	2.1865922603299093	
16.312036861315374	4.83654873764403	-2.071246833090189	-0.7784082367352048	2.754875090333266	2.194653124694032	
16.05204016018782	4.587693508854743	-1.8298182208332114	-0.7872756530966057	2.7395116440367326	2.1866249054267843	
15.659639333995875	4.257353367143378	-1.5220240800545615	-0.7740863651909454	2.699537809522356	2.1615278732119	
15.136347556951476	3.858618070782143	-1.1593582567142873	-0.7390238069384831	2.6336030203497667	2.118596638631891	
14.488108577243304	3.4064789215648954	-0.7568182948398136	-0.6832479597872798	2.5408962113291746	2.057312855718431	
13.725044584787625	2.9170473697423835	-0.3318505323769985	-0.6087456881828343	2.4211484253045144	1.9774386048319992	
12.861056685845547	2.4068651824119347	0.09683165312395745	-0.5181707241045842	2.2746155393560916	1.8790518318835359	
11.913315242790862	1.8922123724135442	0.5104908123740881	-0.4146798285437722	2.1020511001387066	1.7625798054539163	
10.901679250861037	1.3883571879653962	0.8915968433041597	-0.30176289438536263	1.9046790120953294	1.6288253154764403	
9.848067433472963	0.9087334989319921	1.2249962902035512	-0.18305644382393735	1.6841749095617526	1.4789803858327755	
8.775735976996925	0.46416874209171544	1.498926628765428	-0.06212847765985873	1.4426521823335297	1.3146144512444191	
7.708448632167801	0.06241432569588907	1.7057326414956886	0.05774353979936014	1.1826384268633767	1.1376288418419018	
6.669571688592295	-0.2919166626247394	1.8422589793410784	0.1737675509280431	0.9070299307796843	0.9501846414614166	
5.681138399964093	-0.5969794655259677	1.9098608600593832	0.28376990239091604	0.6190105872790252	0.7546098688079385	
4.762954437478486	-0.8529648993913866	1.9140012649656313	0.3862361421027159	0.32193140324449726	0.5532962307059521	
3.9317934592659416	-1.0611507848761752	1.8634356629395332	0.4802425160979058	0.019152463955637477	0.3485948964500122	
3.2007896398747655	-1.2229687148829473	1.7690087997567774	0.5652785132843019	-0.2861396340424541	0.1427212641933841	
2.579093891040894	-1.3393754115175454	1.6423261580907287	0.6410234136631401	-0.591109960501795	-0.0623219503559486	
2.071811795603775	-1.4106427463376698	1.4945309373661955	0.7071423658692508	-0.8934280898067272	-0.2648006789636013	
1.6802593731873945	-1.436570142938598	1.3353381762474739	0.7631459782407869	-1.191375585537183	-0.46328123697907325	
1.4025222172024039	-1.4170443625966607	1.1724371156003746	0.8083430368759891	-1.4838930909222372	-0.6566376827529108	
1.2342653417058236	-1.352801351316189	1.0113071706660464	0.8418974323689589	-1.7705594683939494	-0.8440395752468879	
1.1697013390696223	-1.2461267352007794	0.8554550772655191	0.8629726848061744	-2.0514971602052974	-1.024925938137392	
1.2025180770729416	-1.101279098201368	0.7069065849048383	0.870910258404299	-2.3272345901397533	-1.1989801894460415	
1.3266820640664934	-0.92456998799703	0.5668089132280792	0.8653953414383496	-2.5985463345273896	-1.3661089457146645	
1.5370639262096661	-0.7241089112172582	0.4360391967128092	0.8465740373573483	-2.866285538489172	-1.526421295568303	
1.8298525305538744	-0.5092896025509589	0.3157389446350274	0.8150981267701539	-3.1312201348542863	-1.6802028769721193	
2.2027366113265128	-0.2901373483308544	0.2077347560628216	0.7720856344381654	-3.393877886836229	-1.8278755769604875	
2.654823203937239	-0.07668413946961629	0.11482632926128009	0.7190051130455107	-3.6544101287055035	-1.9699357423530848	
3.186343761611203	0.1215104914451722	0.040978073332494924	0.6575250849184424	-3.9124720461363722	-2.106875230017338	
3.7981806567046434	0.295685831469132	-0.008570131822468385	0.5893541368811911	-4.167118434435077	-2.2390893721244827	
4.4912545453546455	0.4380728835955522	-0.027284019876666912	0.5160926054413602	-4.416717971292371	-2.3667782958003984	
5.265813306940423	0.5419993011765785	-0.007430777219185174	0.43911065843118474	-4.6588873498884285	-2.4898470297803916	
6.120667893915711	0.6019513189787701	0.059658901974373596	0.35946511009939586	-4.890456599188596	-2.6078125522517692	
7.052459471317077	0.6136216125367727	0.1831377183843825	0.2778642502860718	-5.1074806319110015	-2.71973098494165	
8.054983512151143	0.573968957576346	0.37201584679862093	0.19467320615539946	-5.305292168392064	-2.824145897361734	
9.118619480791942	0.48127579379698027	0.6343666486303047	0.10995830410391182	-5.4786049573085505	-2.9190650903583357	
10.229931896453905	0.3351862559138276	0.9763926400631954	0.02356951435107451	-5.621671255726731	-3.0019733855648214	
11.37150342416787	0.13670985917178013	1.4013792939229386	-0.06473850796859527	-5.7284964632510915	-3.0698883036599725	
12.522136851321958	-0.11184378967832075	1.9086645104266804	-0.15514720647033198	-5.793112132062344	-3.119472996390927	
13.657451737555416	-0.40698838288248124	2.492797205577583	-0.24759451844386685	-5.809883938705481	-3.1472018026772046	
14.75082120280607	-0.7441915182024	3.1429533282666173	-0.3415922024322547	-5.773838697901822	-3.1495670950553176	
15.774643759634875	-1.1179624840263926	3.8426990217298864	-0.4360607081745582	-5.6809968385805725	-3.123320421185397	
16.701881117469384	-1.5218444439446674	4.570145753009186	-0.5292044566288259	-5.528688109590518	-3.065731547761289	
17.507800857619905	-1.9482647570889742	5.298525134489659	-0.6184505418512879	-5.31583620241197	-2.974852913201977	
18.171815598350115	-2.3882607327455054	5.997318043590198	-0.7004941781586073	-5.043181861948861	-2.8497685321109576	
18.678609830673565	-2.8312936745748822	6.633568373751523	-0.7714307647398394	-4.713306857423259	-2.690705171698934	
19.020332135960807	-3.264935631426477	7.174110471180326	-0.8270330255415379	-4.330891734830203	-2.4993270051401546	
19.19511477392031	-3.675373354678748	7.586682512694755	-0.8629963413409153	-3.902149229315757	-2.2783975204448907	
