18.825826232510156	-4.469514325329609	7.30525740794792	-0.8021474426935689	-3.0466978212704543	-2.1178576650761207	
18.82662313143387	-4.824699262342319	7.06157246869885	-0.7374727723026407	-2.5502862368492476	-1.8377566806996377	
18.705730474430815	-5.103900526070114	6.637465144336001	-0.6451024440114755	-2.040230219422641	-1.5423496219805648	
18.480804612342297	-5.291862893496733	6.043999397996644	-0.5255744719208232	-1.5271995466193278	-1.2390221650535516	
18.171208012595788	-5.375582045140984	5.301976753606033	-0.3807674219698057	-1.0217322199893657	-0.9354271766884104	
17.79743220280657	-5.345939644780415	4.444564599496404	-0.21434774681337693	-0.5338221282005471	-0.6392728637459734	
17.379194036899772	-5.198588356206531	3.514444810613402	-0.031507156775237743	-0.07240804055839534	-0.35783328185088065	
16.934263267207076	-4.934702414482893	2.5618143624250314	0.1611985224464822	0.3550065658940649	-0.09759379486121976	
16.477282875528896	-4.561094753286007	1.6405378385287268	0.3562435323280211	0.742640519842359	0.13610168216834895	
16.018990093710087	-4.089637421246518	0.8034887669717907	0.5456161142832738	1.0865372757735627	0.33929150056739843	
15.565847278550223	-3.536185150789517	0.09755018876624723	0.7213265123028607	1.3845008703835477	0.509520873650816	
15.120184215505777	-2.9193275744598597	-0.4410611921125663	0.8758914304109635	1.6358928066912815	0.6458511411381942	
14.680948692751024	-2.259332878126	-0.7903826551942679	1.0027654574330267	1.8413343890823746	0.7487647647805469	
14.245046174828488	-1.5775584545669645	-0.9445755117418665	1.0967117189200255	2.002378857796559	0.8199917177708121	
13.809086281109801	-0.8963529480994055	-0.9137104332367031	1.1541233419260377	2.1212202945072285	0.8622834067518443	
13.371039003415817	-0.23901268814707813	-0.7214247565158591	1.173271865767616	2.2004837594845306	0.8791444661896795	
12.931313390085263	0.3707921518615434	-0.40138730812660667	1.1544740408619696	2.243104514408147	0.8745522152630706	
12.493150232122831	0.9103711762994997	0.006781303237259312	1.1001380851596256	2.2522637881812564	0.8526744792693983	
12.062390628752599	1.3600196406512735	0.4616599979220107	1.0146415027267448	2.231353746793834	0.8176048528889468	
11.64677377819987	1.7052890686456836	0.9238394314550168	0.9040130068628792	2.18395220012603	0.7731402767500628	
11.254926008194506	1.9390155271798406	1.3590857792686022	0.775415066116413	2.1137941554734323	0.7226225739147392	
10.895217431284726	2.062463766622399	1.740447474836119	0.6364695238450534	2.024728952501696	0.6688650991554037	
10.574716115398349	2.0853948073438375	2.049245834557877	0.49454984554255793	1.9206611562124327	0.6141506743923609	
10.29837291919883	2.0250762523201127	2.275114255059553	0.3561241842724623	1.8054765451821682	0.5602769211983397	
10.068523448575784	1.9043237930403012	2.4152543202189616	0.22622609508509803	1.6829574387989612	0.5086284498403082	
9.884746221024717	1.7488035556531865	2.473134006288941	0.10812005728339055	1.556693176429217	0.46025590266257205	
9.744075046144761	1.5839276581431592	2.4568687938327596	0.003210315272874858	1.4299902551267292	0.4159456267232567	
9.641557554604727	1.4319298671038148	2.3775071886915464	-0.0887609356252252	1.30579441660796	0.3762725666974959	
9.57100544962955	1.3097300970804817	2.247524904442979	-0.16930509781633732	1.1866320611217234	0.341632475098729	
9.525790263439346	1.2278191190891006	2.079619780365711	-0.24067132824492218	1.074574448362894	0.31225986019144775	
9.499562832631245	1.1902081887760234	1.8858318388917068	-0.3053207768388736	0.9712274598248974	0.2882394143408676	
9.48680056649789	1.1952972959060955	1.6769808241104478	-0.3654829825871929	0.8777456460203388	0.2695173897487503	
9.483138002609072	1.2373630943014342	1.462375679328241	-0.42285927266744083	0.7948656447933562	0.2559176517542795	
9.485464674857365	1.3082845998705506	1.2497575120848066	-0.47851121829609045	0.7229573732130067	0.24716558414283799	
9.4918496395906	1.3990359185702481	1.0453794574209672	-0.5328994683014762	0.6620802486628113	0.2429157318989604	
9.501359510101508	1.5007601988450523	0.8541403793096173	-0.5860068519381525	0.6120378370562253	0.24277891258847625	
9.51381562019794	1.6053995879932228	0.6797277271433819	-0.6374899204700711	0.57242841433003	0.24634549902991146	
9.52953219015504	1.7059564019998146	0.5247441081317465	-0.6868132312719496	0.5426892164883539	0.2532023977786887	
9.54906947932378	1.7965491777168767	0.3908135679152372	-0.733340391615462	0.5221336362149361	0.26294308891654355	
9.573032219056653	1.8724373449749174	0.2786928384755814	-0.7763845084290096	0.5099832938264085	0.2751720759590575	
9.601936045081565	1.9301182497004392	0.1883851391896459	-0.8152441107008649	0.5053957132772415	0.28950717647875146	
9.63613162633826	1.9674623765851897	0.11924490384092892	-0.8492504044794781	0.5074906198980587	0.3055829820284849	
9.675768451042108	1.9837868516076085	0.0700624590827999	-0.8778334581034963	0.5153773637646113	0.32305732849496127	
9.720782077655267	1.9797740546107405	0.039119347274123695	-0.9005978380841444	0.5281843413306913	0.3416214324283672	
9.770895764255995	1.957187076654428	0.024215760712150206	-0.9173853046062825	0.5450904601676201	0.36101353292453536	
9.8256429218479	1.9184171503177423	0.022697754892938703	-0.928291806929479	0.5653559711797829	0.38103384554236996	
9.884411920275678	1.8660192416207297	0.03151428493251897	-0.9336282114186695	0.5883493094342663	0.4015581916001806	
9.946504782744636	1.8023537319390934	0.047324753095302895	-0.9338396560703562	0.6135683610793131	0.4225485437904478	
10.011198555177245	1.729386592167318	0.06666482921453296	-0.9294055675096456	0.6406541341462086	0.44405868914694274	
10.077798441419052	1.6486526183890118	0.08616066268207521	-0.9207452647767485	0.669395360275466	0.4662338788895858	
10.14567727438334	1.561341271744478	0.10276989928468491	-0.9081498573887292	0.6997235147196078	0.4893041210968436	
10.214302593216953	1.4684387555141223	0.11400522125308155	-0.8917546948233052	0.7316966211370783	0.5135703989891464	
10.283259829985273	1.3708564458770454	0.11809411936317481	-0.8715492764389031	0.7654748572506198	0.5393862307328116	
10.352282255512636	1.269522695112714	0.114057524999522	-0.8474110629937258	0.8012916607959001	0.5671372851729516	
10.421295654989613	1.1654481452210896	0.10169821476784001	-0.8191528947088094	0.839422701531325	0.5972209495210049	
10.490483934987884	1.059788101634085	0.08150101976758248	-0.7865761745067201	0.8801556151005047	0.6300279049512211	
10.56038142348433	0.9539326687268181	0.05445468806059861	-0.7495263654335829	0.9237630065747124	0.6659272579303342	
10.631986328199051	0.8496439035604869	0.021805895301483344	-0.7079498495367538	0.9704816875780164	0.7052568192954951	
10.706878692426256	0.7492319937221962	-0.01522063931651157	-0.661950890185009	1.0205006109302874	0.7483189384005909	
10.787325229306592	0.6557463441178988	-0.05570658966471661	-0.6118485186353617	1.0739573163064797	0.7953802890866473	
10.876346657312858	0.5731405641583519	-0.09930115061918285	-0.5582296363499295	1.1309421646007582	0.8466736912366254	
10.977724601372064	0.5063599433094795	-0.14642574524278154	-0.501992149839545	1.1915086716424288	0.902399639198543	
11.095929222508168	0.46129436243445165	-0.19839197067253642	-0.44437077281326814	1.2556872829730445	0.9627249350812628	
11.235945345014628	0.444525502284659	-0.25739081691078786	-0.3869302359280004	1.3234989207667007	1.027776403124749	
11.40300555286955	0.4628600675832106	-0.32634118721128474	-0.3315161272610785	1.3949633659438305	1.097628657193921	
11.602247910834079	0.5226947006649721	-0.40861514678069494	-0.2801629256191576	1.4700990261405111	1.1722856336557446	
11.838306748122006	0.629274193546269	-0.5076527119214231	-0.23496018005641145	1.5489118345882507	1.2516565793908456	
12.114848071352345	0.7859273203861858	-0.6264904829946015	-0.19788501498040983	1.6313719018976491	1.3355276674746537	
12.434052116753984	0.9933600891888578	-0.7672290391225501	-0.1706119479356344	1.7173769518318325	1.4235300909518238	
12.796072404626967	1.249128225803187	-0.9304909854941597	-0.1543211282670437	1.8067037793863796	1.5151080490078932	
13.19853001340541	1.5473900958488729	-1.1149500465810953	-0.14953368481791357	1.8989530585316552	1.6094905993772977	
13.63607186780017	1.8789474239030965	-1.316972730999781	-0.15598619269604308	1.9934917244680816	1.7056679574909432	
14.100046490050305	2.2315984005500957	-1.5304229841993218	-0.17255880468198398	2.0893986879217645	1.8023748354848999	
14.578349831162164	2.590796019800492	-1.746673461338537	-0.19727013688694456	2.1854200411710636	1.8980830811381426	
15.05548529780284	2.9405806132757877	-1.9548561745962203	-0.22734883959089724	2.279938784154867	1.9910052641037361	
15.512926436379605	3.2647359909471825	-2.1424071840423475	-0.25939927643292615	2.370968910629811	2.0791143579744533	
15.929807128366356	3.548011547571854	-2.2958903095209777	-0.2896539744427006	2.4561802752349147	2.1601816105273035	
16.28388169387557	3.777272823551519	-2.4020336737239463	-0.31428591254605165	2.5329519252930006	2.2318303318977586	
16.552715103391822	3.942470169532943	-2.4489166210156363	-0.32975688411458604	2.5984548166948116	2.291606147326891	
16.715019783085395	4.037313813727381	-2.427197716243503	-0.333166041316515	2.64976066439573	2.3370620287073454	
16.752051082002943	4.059576645493741	-2.3312584018129905	-0.32256048850965935	2.683971386568724	2.365856298975295	
16.648929229194227	4.010934772785955	-2.160055530302097	-0.29715139720092276	2.6983588857741903	2.3758593859069497	
16.39570743418685	3.896381929831558	-1.9174668605042198	-0.25738100382676193	2.690494304647909	2.365258572078381	
15.98814505825944	3.723424594589941	-1.61212482841205	-0.20484434430587303	2.658355018753192	2.3326566962522763	
15.42812868888655	3.501213249444324	-1.2567580200196498	-0.1420796410077728	2.600401958062761	2.2771599608586413	
14.723711474108676	3.239746055543199	-0.8671302779122235	-0.07226292786109668	2.5156240337058358	2.198449365038254	
13.888789872680558	2.949210834347188	-0.46071177017877335	0.0011457523226162149	2.4035537488265697	2.0968315479507424	
12.942419523796602	2.639429566322965	-0.055232077998791186	0.07475668655193786	2.264259552391067	1.9732566723915044	
11.907843084989159	2.3193342178186342	0.3326575663708799	0.14555662548526932	2.098325968948632	1.8292903193717145	
10.81136130697	1.9964639118269634	0.6884731287304624	0.21115562097538607	1.9068364226732955	1.667044088825408	
9.681055444993671	1.6765829227710385	1.0006791991052373	0.26997440144135526	1.69135405889748	1.4890649598174577	
8.545410839806422	1.363559671117212	1.2611338587270926	0.32136439001704276	1.453890659094995	1.2981918322759838	
7.431919453207323	1.059621219119447	1.4652231707642764	0.3656479771002119	1.1968521549879365	1.0973938434982913	
6.3657966809567	0.7660242574635125	1.611721319278502	0.4040479245435299	0.9229497166719968	0.8896104075885399	
5.369001283551522	0.48398978143871974	1.702420093099774	0.43848186220633284	0.6350818109141722	0.6776204933951823	
4.459557778927478	0.21564639558667045	1.7415938814430685	0.4712451203392622	0.336202769877895	0.46394936965964406	
3.6511530758689745	-0.03523083392317069	1.7352946131632263	0.5046161025720362	0.02918325232525453	0.25080753238860276	
2.953001936110042	-0.2628791606720631	1.6905287719222784	0.540445548812633	-0.28332884569968164	0.04005547277656724	
2.369990264911009	-0.45974072895929896	1.6144250605840194	0.579802031069697	-0.5990356053196613	-0.166811568041208	
1.9031555201204398	-0.617255595878479	1.513555496347127	0.6227530476157244	-0.9160833636313702	-0.36865701121641514	
1.550496765847163	-0.7271059100185842	1.393573596801178	0.6683397292966377	-1.2330976905801831	-0.5646704124983314	
1.3079403722115823	-0.7825955389662227	1.259172964006751	0.7147156054673466	-1.5491622892455583	-0.7543206989474461	
1.1703492932984445	-0.7798876939238728	1.1142924538925154	0.7594076101858379	-1.8637510130251846	-0.9373056934117484	
1.1324577513343217	-0.7188565645475696	0.962472380263853	0.7996445734642259	-2.176627239171162	-1.1135092936498157	
1.1896396088516057	-0.6033971378111398	0.8072625283497569	0.8326935725141489	-2.4877259779006105	-1.2829742403210411	
1.3384502394496192	-0.44112423548331453	0.6526008673686918	0.8561461848749535	-2.7970294066437513	-1.4458897284357493	
1.5768973895901375	-0.24255467897299923	0.5031019350144779	0.8680997283518241	-3.104445232946832	-1.6025819438023103	
1.9044760628957613	-0.020069950175032034	0.3642540722892791	0.867229497313187	-3.4096899283851174	-1.7534951060029111	
2.3219921532819754	0.21315130311076685	0.24253628802403224	0.8527697864870907	-3.712173752713228	-1.8991529790143338	
2.8311974423449526	0.4440808412585955	0.14545663378392146	0.8244285902721105	-4.010887449412499	-2.0400969138468845	
3.434262360952005	0.660578202557957	0.08150848452813665	0.7822658346596378	-4.304290797947103	-2.1768010735679146	
4.133106885256403	0.8518893369035723	0.06002493164545224	0.7265618702440432	-4.590206866457352	-2.309568740999587	
4.928642811138792	1.0089105571080363	0.09090425940105923	0.6576994114987389	-4.865739948334417	-2.4384228487148203	
5.819965471232729	1.1242979037756697	0.18419862517593547	0.5760737833017457	-5.127221348773458	-2.562999531769792	
6.803518491065925	1.1924677627551656	0.3495353006142404	0.4820346573334673	-5.370196265815418	-2.6824524295135093	
7.872283874324589	1.2095118021590077	0.5953552645053174	0.3758647656777704	-5.5894648080150775	-2.7953767314062423	
9.015066154483202	1.1730410458008769	0.927971740470829	0.2578020797035313	-5.779186955679796	-2.899761064302886	
10.21598139568487	1.0819619729728776	1.3504837317647906	0.1281143340535985	-5.93306277892938	-2.992978467068979	
11.454345509696617	0.936191144759631	1.8617217613218309	-0.012773293824628953	-6.04458858085257	-3.0718342776341583	
12.704975446765884	0.7363627850892464	2.455346145467038	-0.1641076895369776	-6.107366950810844	-3.1326673590787784	
13.938933979767457	0.4835666702146376	3.11921417496792	-0.32460825116337527	-6.115458841046652	-3.171507770447272	
15.124728034307648	0.1791764346986452	3.8351222559061693	-0.4922585320700101	-6.063761216740023	-3.1842915148308313	
16.22991894186384	-0.17516486639892564	4.578983257830815	-0.6641134596953869	-5.94838802219532	-3.167125808721798	
17.22308571713834	-0.5773261232355115	5.321495691966765	-0.836154544276155	-5.767027837180248	-3.116595499507946	
18.076067620407947	-1.024156330929973	6.029426347020549	-1.0032481477789035	-5.519250238342884	-3.030101546461682	
18.76557943447916	-1.5109653210848133	6.667074726654989	-1.1592296403192033	-5.206601208788795	-2.906082414850547	
19.276092067570758	-2.0303505027720825	7.19876982113237	-1.2971047699141316	-4.83296149396832	-2.7444752027866683	
19.598777301512012	-2.5724579823794715	7.590117455189999	-1.409429048165035	-4.403997510259195	-2.5464725245419157	
