13.61228875861097	-1.0712518635444574	3.2496743043388707	1.199113367472661	1.6069307924896437	0.7177916153306133	
13.656663153214877	-0.99583975206189	2.969085509942401	1.20821559732973	1.8833133931584376	0.9094299011908626	
13.665945434232206	-0.9281796884222259	2.6768402649706067	1.196518930902251	2.144725476375419	1.097198414308271	
13.637270319399825	-0.8695803239407212	2.378789331908191	1.1660417512574153	2.387097414821284	1.2794924452311727	
13.568018693101498	-0.8211980704372812	2.080700876906625	1.1189491841716956	2.6064364188744484	1.4546658257903342	
13.456657246421178	-0.783520407581142	1.787977042005055	1.0580441036644965	2.7990896279020974	1.6208920961741986	
13.302708730990949	-0.7564521832240313	1.5056190110452907	0.9864985280333906	2.9617614236063026	1.7762374707175526	
13.106837468432486	-0.7393120357168834	1.2381760437927865	0.9077362561895672	3.0915604828986325	1.9186950553098723	
12.87113774503693	-0.7307401143520962	0.9896305284219746	0.8253398381911642	3.1861280347334273	2.0462197622865888	
12.59901084587613	-0.7288145561655269	0.7634199151328832	0.742875430661262	3.2436337058766624	2.1567906928353335	
12.29518138719649	-0.7310897161786407	0.5623994910845541	0.6637753059734275	3.26281930675134	2.248456778685729	
11.965709869694958	-0.7346753170581587	0.3887595916949289	0.5911386352278379	3.2430834944500178	2.3194197399788936	
11.617683601447919	-0.7364317895448276	0.24407157867989177	0.527620724256298	3.184423776492372	2.3680819244870612	
11.25909723193016	-0.7330872687197297	0.12925128223724447	0.475316060721452	3.087458843373246	2.3930996076192232	
10.8986060417309	-0.7214600469592536	0.04449356261579242	0.4355775354379997	2.9534611048685977	2.393470458045735	
10.545162797163718	-0.6986417870759998	-0.010650928846041926	0.40902486806040195	2.784263037354189	2.368539584969029	
10.207788261443497	-0.6621582773921126	-0.037295763710330616	0.39547407476954677	2.5822574009863217	2.3180427398171455	
9.895166028401542	-0.6102180028565138	-0.03722457326167107	0.3938740407404228	2.3503806415683206	2.2421599756730055	
9.615370722243377	-0.5417678474545151	-0.01276479157628696	0.40243970220015457	2.092004242187619	2.1414740170732185	
9.37558953695071	-0.4566187080127788	0.033240443553109685	0.4186656179186847	1.8109106952375482	2.0169898123342733	
9.181725115835313	-0.3555629112952727	0.09752698247396402	0.4394230944861504	1.5112277593793348	1.8701352925682437	
9.038326110477916	-0.2402589230948944	0.17657053218628593	0.46116576093117273	1.1973162350077848	1.7026856842032405	
8.948350320956655	-0.11325065845202105	0.2666805630770574	0.48003806170019064	0.8737139312307378	1.516752272236393	
8.912949410011652	0.022121066693063303	0.3641844724625036	0.49210118751582904	0.5450232364776286	1.3147302772418374	
8.93162628533116	0.16193890424691576	0.4655697940237829	0.49352500333476046	0.21581199259728828	1.0992132733373894	
9.002124909669094	0.3018095433756269	0.567625902845388	0.4807638796018943	-0.10947505144323641	0.8729531689855343	
9.120492534755249	0.4370975025995329	0.6676333097608387	0.45080624928084584	-0.42664931424398045	0.6387801521433136	
9.281410932910683	0.56313275572164	0.7634116957512519	0.40126440324543594	-0.7318376152223628	0.39953849890395887	
9.478276448988321	0.6753852119532906	0.8534416671488106	0.3305482978136439	-1.0215846826389017	0.1580353408012708	
9.703542868432832	0.7697109277686811	0.9369357644038347	0.23800629756256317	-1.292954187812449	-0.08302479351384656	
9.94910979887045	0.8424558697404225	1.0137656607946028	0.12387460385429377	-1.5435217293961752	-0.32106292758850885	
10.206592063272867	0.890628655251457	1.0844998575681952	-0.010625607591870857	-1.7714523609455253	-0.5536650639682992	
10.467781728052254	0.9120345239035377	1.1503303634819115	-0.1633183119050597	-1.975513656559978	-0.7786057323587341	
10.72492046787406	0.9052495701077501	1.2129367768677606	-0.3312234636606981	-2.1549996782420395	-0.9938350474173147	
10.971035697926524	0.8697259267382608	1.2744356988141345	-0.510567248267731	-2.3097455834584495	-1.1974955113765904	
11.200251185778873	0.8057787571127419	1.3372192477641256	-0.6969487183755069	-2.440042603368424	-1.3879103286704035	
11.407825834177197	0.7144789641128284	1.4038139413385635	-0.8855251260801517	-2.54652867138146	-1.563557349005037	
11.590381466479352	0.5976780519350918	1.476756128698672	-1.0711283576070227	-2.6301369232423966	-1.723071324926471	
11.745911150671366	0.4578991378149204	1.558406876729996	-1.2485062685944603	-2.6919692372252433	-1.8652248710326804	
11.873629525621642	0.2982081578956021	1.6508530923704894	-1.4124904553041995	-2.7332074317634967	-1.9889102872589375	
11.974023723907527	0.1221735307889529	1.7557492923530313	-1.5581997839722035	-2.755034339825126	-2.0931453743868818	
12.048657647600425	-0.0662846314929702	1.8741931698900307	-1.6812707233154622	-2.758542947324868	-2.1770709769462964	
12.09997254475637	-0.2630157159158717	2.0066986680670094	-1.7779554381143687	-2.7447000610534467	-2.239948969096988	
12.13122109454771	-0.4637385680965696	2.153059884477705	-1.845346862506015	-2.71428751712696	-2.2811873664992213	
12.146236255128288	-0.6642089347936884	2.3123292095606627	-1.8814834942041285	-2.6678839874776283	-2.300359355154969	
12.14926801046424	-0.8603226303612413	2.482858539795199	-1.885333065602286	-2.6058770113290133	-2.297211605732249	
12.144864701424288	-1.0482703452006086	2.6622279122337122	-1.8569283314120462	-2.5284489368415004	-2.271710211873402	
12.137667509481123	-1.2246717522663644	2.8473409696574024	-1.7972659484214746	-2.4356169728593153	-2.2240606263163887	
12.132281440951935	-1.386624683199908	3.0345276744999556	-1.7081777189609544	-2.3272698971678762	-2.154708545496639	
12.133098528332932	-1.5318446692785161	3.2195863463242747	-1.5922958713707822	-2.2031964776362187	-2.0643831458709627	
12.144114199030177	-1.658661592206709	3.3979774674067422	-1.4528083005071564	-2.0631493856540195	-1.954081252211457	
12.168828448309712	-1.765975682086757	3.5649566826832597	-1.2932989625881568	-1.9068865170222802	-1.82504406771127	
12.210025562528823	-1.8532759217430443	3.7157284896005183	-1.1176001938682343	-1.7342304341409158	-1.678761970574955	
12.269679104604796	-1.9204996823453173	3.845649411441356	-0.9295964236655702	-1.5451287132214038	-1.5169138381511829	
12.348917127840648	-1.9679447185443182	3.9503471365740586	-0.7331325664452851	-1.3396886668887615	-1.3413262502687142	
12.447848028294862	-1.9962031783704446	4.025935990894365	-0.5318992750896848	-1.11825324571031	-1.1539365463175246	
12.5656136268027	-2.006056417678616	4.069157187518716	-0.32938688132605287	-0.8814356301947569	-0.9567286132007569	
12.700428512913573	-1.9984361832328457	4.07746126848959	-0.12887304625183105	-0.6301392502373825	-0.7516995717104277	
12.849516559323389	-1.9744121641521972	4.049231187378687	0.0666115749773459	-0.3656282707905227	-0.5408168107078631	
13.009281160288161	-1.9351885504527078	3.983806365913044	0.25425629306261294	-0.08952010707483428	-0.3259906115322854	
13.175395770516674	-1.882111782934979	3.8815024877764097	0.43146247551357275	0.19621558525452235	-0.10906251013292964	
13.342857945055318	-1.8167078579970761	3.7437492886713275	0.5958640569332573	0.4892180402054104	0.10821461696801546	
13.506199441015974	-1.7406747427595533	3.5729460268827	0.7453189144084673	0.7867901242044233	0.32416769506339577	
13.65959695844307	-1.6558761503354413	3.372389176575553	0.87792117668013	1.0859229001914252	0.5371982475296344	
13.797014175293501	-1.564337735292197	3.146224340016918	0.9920598606239076	1.383306750324164	0.745778443983941	
13.912411749718611	-1.4681865818730715	2.8991749159764932	1.0864356351692699	1.6754150006989534	0.9484291149135728	
13.999888562236201	-1.3696119803299398	2.636400942117951	1.160093339381767	1.9585461031110518	1.1437090558762253	
14.053947532909113	-1.270794158657627	2.363297667894432	1.2125141027476298	2.2288819460062164	1.330201285747328	
14.069701907738413	-1.173820217617057	2.0852643462923974	1.2436204570169378	2.4825766151520376	1.5064981850952075	
14.043048483163675	-1.0806207190121566	1.8075733678107702	1.2538085185290881	2.7158128093179994	1.6711953195189113	
13.971007474314472	-0.992846310426401	1.535170430227044	1.2440278067164536	2.9249030260564006	1.822886216828167	
13.851788561719053	-0.9118054131367316	1.272596880451243	1.2157286562567264	3.106363968798621	1.9601672752767245	
13.684918371990763	-0.8383984726847357	1.0239197663882518	1.1708615712752939	3.2569823492792276	2.081645106646799	
13.471471213088961	-0.7730000876336037	0.792625000416334	1.1118750401376023	3.373936927392996	2.1859577095196667	
13.213931763426206	-0.7154803297245529	0.5816571416400251	1.0415857600690757	3.454829632517641	2.2717977913477214	
12.91622867566695	-0.6651822220678335	0.39339577652398705	0.9631174260263149	3.4977465554787766	2.337936775981782	
12.583774181813359	-0.6209103890582208	0.22961538663458006	0.879774618015168	3.501362427956808	2.383273161312115	
12.223185227696364	-0.581064438151792	0.0915596724874945	0.7948762260914125	3.4649163624510453	2.406855668027744	
11.842212651305793	-0.5436991872591074	-0.02006983886522023	0.7116365574163899	3.388257442180101	2.407917197884603	
11.449569086181352	-0.5066654156349338	-0.10513333711992252	0.6329557014474404	3.2719089185481716	2.3859312060145514	
11.054576985856793	-0.4677839063390353	-0.16397892015097404	0.5613044087450274	3.1169996368443456	2.340615891675668	
10.666977036390682	-0.4249698869248819	-0.19745294859233548	0.49859140185938033	2.925290051320017	2.271967938533538	
10.296553252711801	-0.37643855204672505	-0.20690229165764798	0.44598253329703746	2.699187352938568	2.180306498059822	
9.952800045320389	-0.3208011995169051	-0.1940917751271659	0.4039110576317848	2.4416457305965067	2.066252667506489	
9.644622661133367	-0.2571839536920944	-0.16119710464280257	0.37199665073934446	2.156164346287323	1.9307549420008498	
9.379869478525647	-0.18535618905863097	-0.11075677954910519	0.34900877293025945	1.8467405218676198	1.7751062752701683	
9.165149739157547	-0.10569281777202462	-0.04556281317282096	0.3330157789242987	1.5177466279131517	1.6008982244339056	
9.005509709273031	-0.019223649712642604	0.03139602163910437	0.3214147507693932	1.1738839315851908	1.4100267714896806	
8.904087963899526	0.07238279748106595	0.11706951018738417	0.31109220876872323	0.8200649784151219	1.204665689910714	
8.86219457156908	0.16694751430185908	0.20847456945020248	0.298652588322177	0.4612865591838006	0.9871986347281064	
8.879107871809204	0.2618148139459538	0.30281968084734656	0.2805762807929058	0.1025327851755678	0.7601927909549011	
8.952072581366064	0.35398260713764523	0.3976906500070177	0.2535106440567372	-0.25138469231615146	0.5263282564518773	
9.076645121475433	0.44025596800061234	0.49112065380671843	0.2144529984385428	-0.595916226554174	0.2883306087797171	
9.24674254721288	0.5173568154251886	0.5817217091675564	0.16096938884767711	-0.9268973784553712	0.0489183760656257	
9.455023671730391	0.5821176247264381	0.668775724500772	0.09142668904537245	-1.240677311122855	-0.18927331685252113	
9.693341382110015	0.6315995773060898	0.7521866289955932	0.005018006531959652	-1.5341299128728423	-0.42372724658573474	
9.953039056919692	0.6632432007984913	0.8325343816206635	-0.09808178762200427	-1.8047508952132516	-0.652094249993044	
10.225483923666864	0.6750210974250462	0.9110162055013658	-0.21669001977901495	-2.050681865622195	-0.8722282199344681	
10.502391668183426	0.6654655144587259	0.9893180431906482	-0.34874513630154713	-2.270636883225379	-1.0821771899092663	
10.77620164359635	0.633791800450833	1.0695647918677211	-0.49129064390973604	-2.4639255099057045	-1.2802060727566402	
11.040421598297444	0.5799373191733782	1.1541419498891423	-0.6406504759294103	-2.6303613058489277	-1.4647815464614933	
11.289684308294035	0.5045019492258038	1.2455424114554963	-0.7926333441558302	-2.7701460878114155	-1.6345396394246197	
11.51998922285351	0.4088008494958139	1.3462180106889698	-0.9426646983495034	-2.8838158338877444	-1.788281864995822	
11.728696070034342	0.2947840865647944	1.4583741033419078	-1.0860653208079372	-2.9721023940802787	-1.9249410184806	
11.914369606069544	0.16492277920553866	1.5838686676732445	-1.2182364883417611	-3.0358384971782435	-2.04355406371421	
12.076813014061504	0.02217194068139152	1.724036971383745	-1.33488440776636	-3.0758739016029932	-2.143254166902535	
12.216843564531647	-0.13019016238121936	1.8795735349136125	-1.4322492878585769	-3.0929813815738987	-2.223255306217063	
12.33609273703723	-0.2886878912578778	2.0505103414188404	-1.5071904154397338	-3.0878206109114728	-2.28284768258324	
12.43692301029873	-0.4497656156439011	2.23607115630129	-1.557391182074172	-3.0608832882401487	-2.321412594461876	
12.522199279879528	-0.6099620858351477	2.4346562746653433	-1.5814111666437156	-3.0124854441952356	-2.3384430826906626	
12.595140985210382	-0.7660067924003799	2.643885380885289	-1.5786438495862505	-2.9427860327532325	-2.3335598265175683	
12.65920803464743	-0.9149732129153534	2.8605172442378013	-1.5493966779596187	-2.851790773683335	-2.3065601974025376	
12.717919640346988	-1.054376062730663	3.0805646453655235	-1.4947497879941987	-2.7394106050627633	-2.257453686919594	
12.774743227823445	-1.1821924731169673	3.2994129889379678	-1.416427593412927	-2.605507457413146	-2.186475990350033	
12.832935164335646	-1.2969549900765223	3.511886552505021	-1.3167298109657466	-2.4499521994004834	-2.0941472861814314	
12.89538391699153	-1.3976935708887208	3.712496892632831	-1.1983163136703012	-2.2727029403324694	-1.9812731118517448	
12.964526271037876	-1.4838705574122752	3.8956116533058704	-1.064083589635454	-2.0738519538533895	-1.8489321347169818	
13.042157492394644	-1.5553449245712128	4.055680236912614	-0.9170416677186909	-1.853715622057302	-1.698498113199239	
13.129373642223271	-1.6122261689197912	4.187495424085528	-0.7601900400048414	-1.6128910395637726	-1.531585637502903	
13.226557068008413	-1.6547958257356328	4.286346012938614	-0.5964680109324627	-1.3522860265892223	-1.3500124359115893	
13.333262501378831	-1.6834295044142253	4.348315200473513	-0.42869549529148887	-1.0732080817955674	-1.1557709853785492	
13.448305285215275	-1.6985365771848042	4.370419086771091	-0.2595737470771414	-0.7773648531577474	-0.9509564245996515	
13.56981031435851	-1.7005522494345262	4.350693918442756	-0.09169044288030198	-0.46686506542021017	-0.7377270125359062	
13.695198968381007	-1.6899585538497874	4.2884564958314355	0.07248202003692462	-0.14426890459420075	-0.5182554184626494	
13.821354790168535	-1.6673189461536482	4.184181255690238	0.23055734641366746	0.1874888635648064	-0.29469134042836437	
13.944674786898627	-1.6333317361581416	4.039544427536957	0.38024997387074166	0.5251160118769403	-0.06913427740508088	
14.061065065897047	-1.5889550184629437	3.8576920827643826	0.5194399074993516	0.8649358095042474	0.1564159918452917	
14.16632051906102	-1.5352067961130815	3.6421054814945264	0.6460452065761162	1.2031842117962148	0.3799826982830814	
