19.79607629328982	3.4700413822262317	7.928041738689728	0.1854025397903837	-3.6129976100366927	1.1617549385383086	
19.664652757600006	3.6736088296172746	8.032857870444417	0.1504927733726168	-3.0835232624960582	1.0188913938197388	
19.401397588060775	3.8427786118645506	7.918054285453966	0.10192154187883432	-2.531738840594038	0.8706754085073387	
19.02827880919926	3.9663382883576475	7.581437302120462	0.039063796564950654	-1.9704469959910276	0.7204494261561692	
18.569533063397397	4.033812377448545	7.03338321904311	-0.037966373885292136	-1.412376260581831	0.5717293795554971	
18.051122577586575	4.0365263255845365	6.300902391570978	-0.12791933726948448	-0.8696423720313952	0.4281052918419557	
17.498450506089863	3.9686629959275477	5.42489722144043	-0.22835429863385212	-0.35303492533766706	0.29296663854036425	
16.93482222203528	3.8280347015337464	4.458205151877315	-0.3356220413868885	0.12846639071092752	0.16928708999964096	
16.379760559957504	3.6164307990192075	3.4611393502597054	-0.44504731939634146	0.5680331942804909	0.05941758734588451	
15.847738649048123	3.339366694083763	2.495831562687181	-0.5512674024409004	0.961064839510096	-0.035034414591393316	
15.347443020584171	3.0054070655549134	1.620194236266243	-0.6486740324294636	1.305047805308729	-0.11323786210367631	
14.88172062244529	2.6253097483738554	0.8824195249532266	-0.7319087774577709	1.5992560948945038	-0.17509989223526093	
14.44829547104128	2.211211147994153	0.3168484225236572	-0.7963516848221225	1.8443624532000102	-0.22118141534584354	
14.041191088618298	1.775990336996189	-0.05827074064108752	-0.8385361400795409	2.042039715018652	-0.2525942271689319	
13.652657448543545	1.3328010825880152	-0.24101985779972765	-0.8564228376079487	2.1946175071032163	-0.2708964764739517	
13.27518629395755	0.8946629390320252	-0.24416615620807908	-0.8494595020282276	2.304829737043849	-0.27798062200374263	
12.903120884939522	0.47407280704244625	-0.09245651937030443	-0.81846565468781	2.3756632027526465	-0.2759522697816861	
12.533641290364294	0.08263422336569254	0.1807078356721262	-0.765412811804675	2.4102823205084625	-0.2669984005414972	
12.167056132672567	-0.26932243308744286	0.5369195578285216	-0.693162199907755	2.412005093793076	-0.2532522752914901	
11.8064733971662	-0.5731801110883578	0.9364317959047935	-0.6052100151029772	2.3843058921790696	-0.23666758368360036	
11.457032126732301	-0.8225892340280941	1.3415634774726055	-0.5054637401253134	2.330821405870773	-0.21891459668316676	
11.124927227840267	-1.0140413228867193	1.7194200726261606	-0.3980459698178199	2.2553371935652704	-0.20131726557387838	
10.816476435284478	-1.1473207858593557	2.0436836166240875	-0.2871170066820541	2.1617477266555913	-0.18483505628751146	
10.5373263172275	-1.2257150038245652	2.2955107577460163	-0.1766973846683096	2.0539920314181024	-0.1700843412015293	
10.291850788938849	-1.255892496331437	2.4636298261874954	-0.07048275113977982	1.9359720943854568	-0.15739201007126677	
10.082770134183573	-1.2474084645962167	2.543805733634124	0.028345331629831196	1.81146396937199	-0.1468701608305239	
9.910989461508672	-1.211832170873265	2.5378804541386857	0.11730111952610826	1.6840298466760621	-0.13849944526421	
9.775661092293921	-1.1615493654807112	2.4525265128941958	0.19472962400739083	1.5569416807665735	-0.13220753323481624	
9.674404306534642	-1.1084649866898204	2.2979716073932925	0.25987038092603204	1.4331187307790485	-0.12792809849395018	
9.603631495065528	-1.0627986218334193	2.086787124732939	0.3128398164436834	1.3150782125949925	-0.12563620915781168	
9.558944625438436	-1.032143529562887	1.8327782304181228	0.3545292141465067	1.204901153082281	-0.12535988736532552	
9.535560441700248	-1.0209179944252884	1.5500075960502016	0.38642991801622234	1.1042152741303386	-0.1271707110912131	
9.528725158388095	-1.0302650553885717	1.251960471628864	0.4104080056143344	1.0141956540138108	-0.13115898617377159	
9.534066224503196	-1.0584224567844978	0.9508822773365515	0.4284614397618177	0.9355899156199216	-0.13740176602009857	
9.547834546074562	-1.1014022736961613	0.6573086356519707	0.4425058820846495	0.8687606751331948	-0.14593351974267005	
9.567029193776653	-1.1538242334734603	0.3797739132841581	0.45420912652521206	0.8137388145968322	-0.15672476650550068	
9.589409138384823	-1.2097778435328765	0.12469556115655282	0.46488334141086285	0.7702833150067764	-0.169671271818645	
9.613412193325253	-1.2635933337415095	-0.10357864627716268	0.4754360981914684	0.7379420845319029	-0.18459408549107356	
9.638014552342574	-1.3104337051943922	-0.3025880201278673	0.48637163231970904	0.7161090214665259	-0.20124854358549776	
9.662567164681663	-1.346640089031906	-0.47145849036103576	0.49783249412496267	0.7040751008492442	-0.21933953397496145	
9.68665436464845	-1.3698492191120006	-0.6105593671548658	0.5096594805482242	0.7010696221173718	-0.23853830343295038	
9.709994396162198	-1.378953776410575	-0.7211648549234826	0.5214568518416047	0.7062922542314777	-0.25849842804419737	
9.732386939661547	-1.3739584015772734	-0.805143746513374	0.5326590694800468	0.7189372638461548	-0.27887018768896366	
9.75370549589908	-1.3557769193939464	-0.864697637509744	0.5425973685990314	0.7382109802969853	-0.2993130939716128	
9.77392555135452	-1.3260028009054694	-0.9021578505581618	0.5505666674379837	0.7633439027021213	-0.3195069899523794	
9.79317123360896	-1.286663834288989	-0.9198443547296036	0.555891477749262	0.7935984103456108	-0.3391618770682357	
9.811761828187457	-1.2399828752682196	-0.9199840143297837	0.5579837351543036	0.8282735755714926	-0.35802669056257463	
9.83024787435369	-1.188159096513993	-0.9046747501742001	0.5563876322077309	0.8667088930140439	-0.3758974844165549	
9.849431634931618	-1.133187050168036	-0.8758851612169974	0.5508080005476735	0.908288156515165	-0.3926249855198854	
9.870371209593523	-1.0767331037662622	-0.8354796461171297	0.5411218194228888	0.9524445432633957	-0.40812134616604556	
9.894371356184372	-1.0200801930323427	-0.7852583398096682	0.5273770122851449	0.9986679101032427	-0.4223659807195625	
9.922962459754471	-0.9641415345768491	-0.7270008574502762	0.5097845083244062	1.0465137647359066	-0.43540891766729667	
9.957874310219802	-0.9095161947531339	-0.6625058815105209	0.48871326357028155	1.0956129702277229	-0.44737090495097764	
10.001010368196866	-0.8565594979995502	-0.5936310546952824	0.46469344649180283	1.1456814848223076	-0.45844023978616255	
10.054425450545011	-0.8054589704581782	-0.5223426560308603	0.43842694008418037	1.1965289837230917	-0.46886592203049293	
10.12031016326283	-0.7563146399059167	-0.4507831767763206	0.4108019881280026	1.248065488301399	-0.47894724104037023	
10.20098451405512	-0.7092287199133056	-0.3813617640131994	0.382907557116538	1.300305557166331	-0.48902011901131326	
10.29889790178023	-0.6644051063890827	-0.316857356194319	0.3560386748872658	1.3533679577767632	-0.4994404270264487	
10.416628527356764	-0.622243246789211	-0.2605120031943442	0.3316870421846281	1.4074703423661268	-0.5105660640192208	
10.55687400725213	-0.5834096834130381	-0.21609638537841613	0.3115149752215296	1.462919611462629	-0.5227392369355373	
10.722424373357429	-0.548869874531347	-0.18792880697576875	0.29731006353600686	1.5200978435794321	-0.5362700688558447	
10.916109571340835	-0.5198642558692987	-0.18083155533743261	0.2909198493109596	1.5794442735823289	-0.5514227050029474	
11.1407119585445	-0.49781517092168054	-0.2000091884548017	0.2941655284126076	1.6414337206826872	-0.5684045043821688	
11.398832911465606	-0.48415637315347915	-0.250828045025832	0.308734735993625	1.7065512363217674	-0.5873592873269496	
11.69270889411621	-0.48010738288921945	-0.3385002945772185	0.3360595970566546	1.775263778618714	-0.6083644903760795	
12.023971588601377	-0.48642810186115276	-0.46768328590486663	0.3771834233386685	1.8479885572791563	-0.631430808993561	
12.393353520151761	-0.503194176712614	-0.6420070233760446	0.4326216651783668	1.9250572644738575	-0.6565036047120973	
12.800348794239719	-0.5296390604259128	-0.8635530828768682	0.502225218602588	2.006675811434574	-0.6834650261116058	
13.242837430617223	-0.5641066643324684	-1.1323055161441162	0.5850531020768945	2.0928784746643045	-0.7121353866786039	
13.716712326845022	-0.6041658652048925	-1.4456379024924368	0.6792768829178145	2.183478304553867	-0.7422728153202085	
14.215559862988023	-0.6468862234395043	-1.797919979433185	0.7821401557076666	2.278017987180147	-0.773570150842512	
14.730412926000353	-0.689218206805524	-2.180277947634147	0.8899799403250314	2.375722295738337	-0.8056485275217363	
15.249620510031722	-0.7284149324959032	-2.5805683804830006	0.9983237223081525	2.475455966748336	-0.8380486846449924	
15.7588746484255	-0.7624247670897774	-2.9836135304428435	1.1020677141054787	2.5756906849113954	-0.870221450552252	
16.24142723593021	-0.7901974194605931	-3.3717336043760198	1.19573685622895	2.674483524088877	-0.9015189607209388	
16.6785509117152	-0.8118535342842872	-3.725629228032286	1.2738244677712345	2.7694745492815493	-0.9311897564406185	
17.050228837187465	-0.8287046293808554	-4.025566070596563	1.3311803233495403	2.857908567720829	-0.9583804639705867	
17.336010273154223	-0.8431515815205485	-4.252766538241652	1.3634185902325358	2.9366786525453277	-0.9821445848222228	
17.515994722730824	-0.8584583396442609	-4.390922907830836	1.3673177519998332	3.0023942979345954	-1.0014600900353021	
17.571885192327997	-0.8783902653346765	-4.427699995587265	1.3411735384770522	3.0514743837254286	-1.0152565112165062	
17.488058361738105	-0.9067049528312138	-4.356088924735297	1.285064646237396	3.0802644088967828	-1.022451318482415	
17.25256265042863	-0.9465136711201734	-4.175374486833478	1.2009609387910123	3.085176493966353	-1.0219935201245205	
16.85792748206983	-0.9996446704569826	-3.8914721965601986	1.0926191728642995	3.0628396643497617	-1.0129077561272086	
16.301794871964876	-1.0661599498959944	-3.5166514411526926	0.9652917543367413	3.0102503351466177	-0.9943346160349809	
15.587359355664766	-1.1441467698093752	-3.0686754147338924	0.8252775231094672	2.924914477614502	-0.9655659137043774	
14.7236031042954	-1.229843559698659	-2.5694675249858268	0.6793709805971884	2.8049730543939075	-0.9260752916807697	
13.725320306684045	-1.3180766511923403	-2.043449424649084	0.5342750005257351	2.6493076791884564	-0.8755463732948967	
12.612849374548794	-1.4029059308673961	-1.5156752319238689	0.3960445786124531	2.4576204836609583	-0.8138982240466675	
11.411452455477173	-1.4782916659680085	-1.009966630268962	0.26963968733305504	2.2304830125971007	-0.7413040120806885	
10.150418952329419	-1.5386576032030748	-0.5471960413281547	0.1586108551714102	1.969366437005519	-0.6582020838919725	
8.861904003052572	-1.5793224233559315	-0.1438210821861397	0.06493309494257128	1.6766492432924094	-0.5652961250257246	
7.579552898492468	-1.5967928680372325	0.18919514536113174	-0.011000291619098001	1.3555954757318394	-0.46354282535241376	
6.336963900839858	-1.5889283712839575	0.44695541591915067	-0.07022752343601157	1.0102932964705464	-0.35412711432948857	
5.166041432811082	-1.5549750667439342	0.6305106242348488	-0.11492192992255938	0.6455294887321856	-0.23842365679447086	
4.0954151144555135	-1.4954757495412812	0.7459695125297402	-0.1480066320305502	0.2665828524329981	-0.11794606232450146	
3.14908528523478	-1.412106150212885	0.8030946653635762	-0.17276833338589057	-0.12104584311644147	0.005708588605694445	
2.3454529224588834	-1.307458439800377	0.8136457612568281	-0.1925149047150076	-0.5119427265189126	0.13091397821400563	
1.696854621020102	-1.1847962024653018	0.7897685292033135	-0.2103072922913662	-0.9010885587220001	0.2560606849532108	
1.2096287291701917	-1.0478105311418313	0.7426789466880033	-0.2287729569926821	-1.2841252691587839	0.37958986171432557	
0.8846831812018578	-0.9004157084732407	0.6817975158966847	-0.24998952951490083	-1.6575439242768502	0.5000147940107177	
0.7184304111593508	-0.7466303685431146	0.6143812253970519	-0.27542005772550004	-2.018765562991578	0.6159359117329206	
0.7038275993477627	-0.5905540606104366	0.5455260755723801	-0.3058705750742419	-2.3661337444921413	0.7260580482915484	
0.8314236992195877	-0.4364109037687474	0.4784335873133019	-0.34146333451031896	-2.6988326115503845	0.8292139751921076	
1.0903300358564212	-0.28861631983879077	0.41485493260408	-0.38162852711783424	-3.0167461554358965	0.9243944668277628	
1.4690564265104487	-0.15181246392141412	0.35563948214200514	-0.42512106595550897	-3.3202758553698652	1.010782769335758	
1.9561740799819316	-0.030810689310298973	0.3013345243657037	-0.47007532625783005	-3.61012951902316	1.0877883134299673	
2.5407535675346327	0.06960301183137677	0.25276115604219684	-0.5141082600745469	-3.887102309172161	1.1550708876146976	
3.2125757897602307	0.1449966609691036	0.21150525463863434	-0.5544592440255203	-4.151872131680631	1.2125545020331154	
3.962141788820363	0.19172779060217965	0.1802953460556917	-0.5881640415516587	-4.404816685432258	1.2604292849010095	
4.780512875171284	0.2074341725493594	0.16324073673840725	-0.612255741455328	-4.645859681954976	1.2991408462061929	
5.659024800591782	0.19151507857340852	0.16591600923774152	-0.623984049601223	-4.874349292385204	1.3293674499277273	
6.588925465440093	0.14551818984966616	0.19527799686852246	-0.621042333824798	-5.088971107458491	1.3519835363931523	
7.561007587524071	0.0733143786401507	0.25940568030590944	-0.6017727870575109	-5.2877051711719	1.3680073668542378	
8.565286331391725	-0.018952982826331035	0.3671013641460408	-0.5653322453896698	-5.467817821433542	1.3785356864976748	
9.590741829119631	-0.12314354693499348	0.5273588134336923	-0.5118024498871058	-5.625890876997644	1.3846648706998652	
10.62514249518136	-0.22958955834359066	0.7487079516869901	-0.4422306219300936	-5.757892684792457	1.3874007959954664	
11.654961906972616	-0.3277014878897587	1.038447900095	-0.3585945517687608	-5.859295608816339	1.3875616031334514	
12.66541695117251	-0.4066405797267462	1.401786032084569	-0.263691005689428	-5.925248915234051	1.385680287323599	
13.640677420512606	-0.4559553691316434	1.840986525051053	-0.16095738096036719	-5.950807897894215	1.3819250585046532	
14.564245812668613	-0.4661078947101275	2.3545903610796137	-0.05427008196155351	-5.9312022068682335	1.3760475016170628	
15.419503401687301	-0.4288765646672721	2.9367657634563926	0.05225522917307522	-5.862132090571836	1.3673676961073593	
16.190399603334377	-0.3376425385352567	3.576847772054483	0.15443705463125051	-5.740077166309658	1.3548042519467627	
16.862238835925503	-0.18758570703426297	4.25910682136696	0.24815414850777506	-5.562599283758188	1.3369519431557084	
17.422511417414178	0.024166343473752582	4.962798615243271	0.3294109853649093	-5.328620382217477	1.3122076349216059	
17.8617213574209	0.29835944377765367	5.662620918565786	0.3943515997473524	-5.038659065001977	1.2789463613578966	
18.173828021195757	0.6335612738472333	6.3294952011877665	0.43923268279676064	-4.694898620141695	1.2356774065490963	
18.357309042658684	1.0255536047433629	6.931838106277048	0.4604883815789103	-4.30148217900614	1.1813171392248583	
18.41427276659353	1.467858985819776	7.437010601911226	0.4547253416621037	-3.864050627298573	1.1151945793971765	
