19.34656126264926	2.5683090729959352	8.00603037877016	0.1275382281333839	-3.44279655292624	1.0464391461858744	
19.133165134515064	2.8777457380272478	8.143607620023811	0.07828782807254094	-2.9161357658844365	0.9495596478838838	
18.80516401595409	3.1580971293371043	8.067031713894915	0.007536747831535774	-2.3731111134469174	0.846384557677256	
18.386264106850607	3.397027977336898	7.7703694235826735	-0.08369344505123609	-1.8258192295533244	0.7394577140988162	
17.901448164682286	3.5828239675170153	7.259711706876036	-0.19318510745342926	-1.2861207919451352	0.6315233524434478	
17.376149328418425	3.7053799135645966	6.556922243206677	-0.3171480349002413	-0.7651000731701646	0.5254398203235845	
16.834362157471748	3.757269090413947	5.69752779152294	-0.45044851871829267	-0.2724554708216259	0.423931648854122	
16.297322552312394	3.7345985320135213	4.7292810691545695	-0.5868093088016889	0.18394671335666432	0.3294067768896154	
15.782150649606645	3.6374744624523307	3.708557686572726	-0.719241333780388	0.598382334058072	0.24378251594563152	
15.300834344070063	3.469854780947279	2.695586816641051	-0.8405829752672975	0.9673485258493159	0.16838401402217895	
14.859665401602607	3.2388486907890806	1.748991294865377	-0.944084590488736	1.2894169437864982	0.10392213789837983	
14.459247764461066	2.9537191294218212	0.9204408144879059	-1.0239735288815697	1.5649138158436589	0.050535675681803074	
14.095172220436341	2.6248701236241123	0.25017446046034186	-1.0759453234678016	1.795487988778314	0.007873359598857918	
13.759322718863462	2.263068184150098	-0.2359939491150853	-1.0975260943928935	1.983646331406713	-0.02481382133010996	
13.441648572430326	1.8790229113169374	-0.5279101568696777	-1.088258806842918	2.1323309557035994	-0.04859294179840164	
13.132116458367229	1.483285109066888	-0.6305445712340679	-1.0496605546093547	2.2445910697506117	-0.06478546730386998	
12.822420633665132	1.0863133468876778	-0.5620228365213452	-0.9849446867235067	2.3233786729698656	-0.07490468769020732	
12.507179959014152	0.698573053650776	-0.35084916315435727	-0.8985972974973939	2.371457742851397	-0.08058027912668854	
12.184527843976088	0.33056302423995226	-0.032598895684193885	-0.7958862883666242	2.3914017822969313	-0.08346311520111868	
11.85610489334585	-0.007330879625611933	0.3536325423488736	-0.6823815966867747	2.385652981679831	-0.0851144754145474	
11.52656005323589	-0.305232971598491	0.7687306277987417	-0.5635468613860823	2.3566137026761105	-0.08689088573960978	
11.20270832979302	-0.554454380381723	1.176720481611888	-0.4444341020846577	2.30674172256594	-0.08984012169049285	
10.89249507820792	-0.7483357457153181	1.547168926685002	-0.32949500807436033	2.2386206960398423	-0.09463338719848466	
10.603947168170054	-0.8830788888915344	1.8566490704116165	-0.2224791305150337	2.15499004438393	-0.10154505635553056	
10.344220871531832	-0.9584044967174689	2.089321378481007	-0.12637765061025574	2.058733442056998	-0.11048115992105578	
10.118851825061096	-0.9778863112352553	2.2367597163711475	-0.04338240393920365	1.9528327793441904	-0.12105077145347438	
9.931284230557669	-0.9488486826644997	2.297219100886546	0.025157214671171102	1.8402994588178148	-0.132667584336633	
9.782699894900485	-0.881764492831253	2.2745621123426516	0.0787814365635762	1.7240949461211963	-0.14466566886847645	
9.67213917709189	-0.7891380803485764	2.176980836926935	0.11794122576891677	1.6070509570386977	-0.1564109813020677	
9.596826801076503	-0.6840756905403436	2.015710141680498	0.1439621123693632	1.4917973548583332	-0.16738853026524786	
9.552607738874142	-0.5788087270074848	1.8038346469037254	0.1589323441861037	1.380700206840956	-0.17725668739331882	
9.53443534621481	-0.4834146078848452	1.5552160327399494	0.16550625830305293	1.2758128288959623	-0.18586641047333574	
9.53685900479571	-0.40494806723752297	1.2835691963130484	0.1666358854581105	1.178842174833084	-0.19324834035778019	
9.554471724945982	-0.3471041923675092	1.001700050017574	0.16526120311454867	1.0911311371678254	-0.19957575782706644	
9.582286646877575	-0.3104473380924731	0.7209197837384207	0.16400493426568089	1.013658252034756	-0.20511392728313277	
9.616005297300958	-0.2931007797347702	0.45067132924436565	0.1649351411705605	0.9470554777599853	-0.2101691860017145	
9.652172132950225	-0.2916459164735916	0.19834941595211258	0.16942799953494792	0.8916363856238615	-0.21504794420647927	
9.688220571900004	-0.3020366483290021	-0.030701825385236827	0.17813887596351094	0.8474319870386998	-0.22002830544815724	
9.722424229914987	-0.3203541358969612	-0.23304005465939573	0.19107124539134548	0.8142305968116845	-0.2253440432630052	
9.753778459687984	-0.34328213341325065	-0.4068642881802402	0.20771507405021222	0.791618236206066	-0.2311781327621069	
9.781844125748803	-0.3682636487645908	-0.5516876575131793	0.22721582508452917	0.7790170752334499	-0.23766177145270925	
9.80658470251527	-0.3933922766526577	-0.6679845277107944	0.24853382320127754	0.7757216974736342	-0.24487587013024167	
9.828231453172501	-0.4171885536870434	-0.7568772703171254	0.2705634514652317	0.780930908869767	-0.2528527818075736	
9.84718713207092	-0.4383803566595383	-0.8198871137247261	0.29221210026640027	0.7937762524477042	-0.2615784669547207	
9.86396977867507	-0.45575140531348335	-0.8587587665053018	0.31244862685081654	0.8133483510620277	-0.2709962448563145	
9.87919214188012	-0.46807669689679793	-0.8753575806671305	0.3303343340821033	0.8387217875290962	-0.2810133201331367	
9.893567760251365	-0.4741277799126118	-0.871627830414313	0.34504853105304967	0.8689792442057991	-0.291510966942964	
9.907931384305536	-0.4727159129045674	-0.8495950504379537	0.3559130604731581	0.9032350625025949	-0.30235877287515683	
9.923262378721894	-0.4627518785854333	-0.8113948131278874	0.3624136733381902	0.9406575918766096	-0.3134316629103877	
9.940704556957616	-0.44332394494454475	-0.7593154257818754	0.3642160843767846	0.9804906850569933	-0.32462833769337057	
9.961577961842792	-0.413800549555627	-0.69584579308844	0.3611755871926762	1.022074351004265	-0.3358897884554692	
9.987380635777823	-0.37395658153504086	-0.6237201846543851	0.35334174364216064	1.0648641990711727	-0.3472161442844358	
10.019781261339327	-0.3241118918612583	-0.5459513912318887	0.34096145779606796	1.1084491930226252	-0.3586800277866368	
10.06060593378104	-0.26525689979769296	-0.4658413806783886	0.3244824857698884	1.1525660314857509	-0.3704339450070068	
10.11182561987643	-0.1991297188610633	-0.3869601129688267	0.3045554961105016	1.1971065992673362	-0.38270880771839516	
10.175553955400137	-0.1282354062956778	-0.3130978143925622	0.28203395717968077	1.2421183852073836	-0.3958037690422916	
10.254058926675219	-0.05579867353416518	-0.24819813384586842	0.25796774889595997	1.287796770991749	-0.4100676520697982	
10.349787050655534	0.014354923949183473	-0.19628381590966865	0.23358682020321467	1.3344691789622083	-0.42587337004198733	
10.465393024835729	0.0779899862576565	-0.1613876240694109	0.21027191671139936	1.382572167692836	-0.4435877013344992	
10.603762096944548	0.13072262980083177	-0.14749824804229475	0.18950976363601588	1.432623214316611	-0.4635392041718857	
10.768003176184829	0.16833331914385985	-0.15852403325136155	0.17283129783906098	1.4851891807398052	-0.48598889831496	
10.961396994828737	0.18708609964823403	-0.1982606277204038	0.1617372473722881	1.540855254465272	-0.5111070555222348	
11.187287748672784	0.1840154547851851	-0.27033410994481183	0.15761383311015809	1.6001952427093136	-0.5389568474906173	
11.448908559922575	0.15714738947538662	-0.3780863737077375	0.16164237501543746	1.6637430781299594	-0.5694848113868455	
11.74913247364801	0.10563664648831497	-0.524372956052352	0.17470781645989103	1.7319648043029234	-0.6025173265484969	
12.090135668613753	0.029826191102873715	-0.7112501326468629	0.19731008088987437	1.8052292386742284	-0.6377617488553163	
12.472971387911251	-0.06875833639527526	-0.9395600266475665	0.22948698311820181	1.8837763825247502	-0.6748123745017205	
12.897085686714933	-0.18745473096675805	-1.208466369338172	0.27075554498491816	1.9676834232688498	-0.7131605770538385	
13.359812245658896	-0.3225415150693933	-1.5149931283274494	0.32007108980927923	2.0568272091376048	-0.7522078961737716	
13.855905923420302	-0.4693712860652487	-1.8536313499547405	0.375809757795915	2.1508440928508485	-0.7912820984227109	
14.37718102089055	-0.6225850819522195	-2.216079683630772	0.4357821505105135	2.24908877894509	-0.8296556750771931	
14.912312791205563	-0.7764230679430982	-2.5911765779463503	0.4972878030080861	2.350593842522817	-0.8665660444592033	
15.446867760263766	-0.9251291117287886	-2.9650947985695737	0.5572253148113158	2.4540331963436786	-0.9012367777373854	
15.963627776144289	-1.0633995544632353	-3.3218657458443617	0.6122675512801307	2.5576975525181687	-0.9328982166704249	
16.44316528254415	-1.1868121743605253	-3.6442003942668255	0.6590905224155644	2.6594824418952254	-0.960805693876741	
16.86464884298735	-1.292184287388419	-3.9145835446518413	0.6946434208716864	2.75689338522097	-0.9842543643653433	
17.206832085333744	-1.3778075602383622	-4.116576427684841	0.7164369282243117	2.8470722849059866	-1.0025897640345374	
17.44916119344238	-1.4435121422774095	-4.2362275122043505	0.7228196176834777	2.9268479356736767	-1.015213739846381	
17.572939737595345	-1.490518469302506	-4.2634759878513915	0.7132087168601559	2.9928130969807665	-1.021585979020935	
17.562430310687493	-1.521041649353916	-4.193307627338088	0.6882150086678797	3.041430242386377	-1.0212207795770318	
17.40579671314796	-1.5377156203267133	-4.026481633934655	0.649630471797077	3.0691576552191298	-1.0136798338728417	
17.095842550870294	-1.5429485872220594	-3.769727699517415	0.6002698416654277	3.072589840173599	-0.998561566257957	
16.63050314888767	-1.5383465468212818	-3.4353528355527057	0.5436749277559842	3.0486048486921478	-0.9754886983929018	
16.013075337788408	-1.5243388922429688	-3.04028493716191	0.483717363736172	2.9945093273624637	-0.9440980213043718	
15.252210251290244	-1.5000957087227107	-2.604655773575111	0.4241522544245357	2.908174543468827	-0.9040385932487065	
14.361661349552461	-1.4637641961889412	-2.150066199805911	0.36819033615260727	2.7881517954343287	-0.8549856389570873	
13.359819431977087	-1.4129349277429122	-1.697795939260442	0.31816061061299833	2.633758465318476	-0.7966724963543921	
12.269084758712355	-1.3452071631901097	-1.2671542725147245	0.27528842011092297	2.4451399192911065	-0.7289361637247638	
11.115048051988788	-1.258764154948429	-0.8740904914358061	0.23960195885744442	2.2233050632430262	-0.6517686161364248	
9.92548014797006	-1.1528850659396412	-0.53016917572065	0.20997406190208576	1.970132457835842	-0.5653652957385754	
8.729151193645471	-1.0283376702132556	-0.24198039378395284	0.18429757495876953	1.6883422941837876	-0.47016367621323263	
7.554514150730939	-0.887597636339407	-0.011059481515680147	0.1597878536767002	1.3814222921227597	-0.3668662741940061	
6.428369113181696	-0.7348342360980918	0.16558576523677904	0.13337647265293898	1.0534895209837842	-0.2564419310325451	
5.374644867984809	-0.5756888868279704	0.29445985023431537	0.10212193921871679	0.7090967152287112	-0.1401087065447365	
4.413418307852006	-0.41687895359573984	0.3842334804275278	0.06358197525010034	0.3529946036520792	-0.019301046733050796	
3.5602842414642124	-0.2656733246516937	0.44429918698980353	0.016099927640856878	-0.010123981197249625	0.10437447018711392	
2.8261349787258085	-0.12930003564488038	0.4834731626126192	-0.0410235833287997	-0.3758667219064838	0.22919000317629487	
2.217336349893928	-0.014350494341474736	0.5090216411532211	-0.10747808156042299	-0.7403453155474686	0.35335102705924715	
1.7362778359619409	0.07372587103815528	0.5261185179916414	-0.18200487583481204	-1.1003144895488315	0.4750548649364937	
1.382134427635477	0.130967248630841	0.5376983588822896	-0.2625299619191523	-1.4532442757275499	0.5925534458793443	
1.151718315151294	0.15507703954217053	0.5446136942859345	-0.34633352438713044	-1.7973355596205025	0.7042217196386709	
1.0403427481003626	0.14544577753293825	0.5460339865138025	-0.4302374366752594	-2.131485274492001	0.8086298500773236	
1.0426261274174409	0.10305107419844665	0.5400272585015259	-0.5107974286574801	-2.4552088948269573	0.9046139697407509	
1.1531833672712009	0.030284066291752836	0.5242712950672526	-0.5844936729032005	-2.768528218980861	0.9913392622469568	
1.367155693637632	-0.06925784193657963	0.49683556919149247	-0.6479170002304658	-3.0718277942453476	1.0683450044037957	
1.680525083558693	-0.19096994851214785	0.456926252589114	-0.6979415127123176	-3.3656919501179985	1.1355629017399322	
2.0902080303551065	-0.3294040264288819	0.4055151259298642	-0.7318811067169712	-3.6507356374859956	1.1933104363224052	
2.593936677032986	-0.47840507208543	0.34579411201426136	-0.7476275243573155	-3.9274351991763443	1.2422590786822103	
3.189949922279599	-0.6312347510017762	0.2834117417086439	-0.7437659361019272	-4.19596672421907	1.2833795638131547	
3.8765315103008504	-0.7807006859338338	0.2264731544408704	-0.7196651001732097	-4.456057598408574	1.3178677417585163	
4.651436412944157	-0.9193143137768129	0.1852965231349539	-0.6755374820791209	-4.70685534735834	1.3470537676183523	
5.511278532096768	-1.0394908184104878	0.1719250410259522	-0.6124531209284932	-4.94682746915698	1.372299642008977	
6.450938793448845	-1.133780748602588	0.1994658230322492	-0.5323118575586445	-5.173691905610673	1.3948935354705614	
7.4630329579188945	-1.1951183166331103	0.28128841346474825	-0.43777171735115405	-5.384382637146636	1.4159449818898304	
8.53748010705532	-1.217064157904993	0.43011845846105756	-0.3321349814585449	-5.575056908539427	1.4362866911453784	
9.661208957782254	-1.1940218846741033	0.6570641662263297	-0.21919896240431117	-5.741150196921552	1.4563893930964937	
10.818032418167402	-1.1214198734246896	0.9705975880241422	-0.10308154212889858	-5.877485527986805	1.4762952023476272	
11.988770093731684	-0.9958475649757381	1.3755716299739147	0.011966635850806326	-5.978450329493823	1.4955823163105606	
13.151633131916867	-0.8151630312243238	1.8723471210621485	0.12174210155483853	-6.038233723674224	1.513365179461558	
14.2828709221202	-0.5785945329926852	2.456071807945828	0.22225106231457595	-6.0511175400438315	1.5283297775266058	
15.357676617339095	-0.28684341733094454	3.1161735897982346	0.3098480109092042	-6.011811359468049	1.5388044603589068	
16.35131995492649	0.05780963590676002	3.836120283570257	0.3813448177461296	-5.915815668804042	1.5428637351276233	
17.240455208062322	0.4513989652675068	4.5934736571180395	0.43408687090310094	-5.759794924424343	1.5384599534891406	
18.004501081917443	0.8881958108718245	5.360312948234923	0.46598785041930435	-5.541923797599284	1.5235756132036051	
18.627022927960667	1.3606508798438417	6.104141905337748	0.47552975818815124	-5.262192996298469	1.4963944001525147	
19.096544910834776	1.8594561183082743	6.789058346012568	0.4617096663148043	-4.922520604072714	1.4554285904787894	
19.408089889622314	2.373373581508112	7.377891254342605	0.4240722341826626	-4.5270860390382275	1.3997531506358183	
19.56202649166288	2.889695838408436	7.833780296353908	0.3625811755003354	-4.081835044586247	1.3289612008982066	
