19.763700649721244	4.757449538119015	8.804367229165575	-0.060265572817037	-2.9025950620199983	1.0144214850724318	
19.5982138951011	5.119291752119983	8.628505312541195	-0.2069248542810359	-2.3807408185503816	0.9148429587003138	
19.33870665092651	5.385103737070456	8.253671244161612	-0.3610620703353794	-1.8499361473823988	0.8087200908016648	
18.999607898929508	5.5412561793949955	7.6980292193287445	-0.5171853847174546	-1.3200924486667767	0.6988621299742896	
18.595138299886916	5.577201356517502	6.9895082334754655	-0.6693982070433214	-0.8007694701362201	0.5881822930073751	
18.138753959340562	5.487319965836034	6.168175146216126	-0.8114359595776827	-0.3007898093986678	0.4796041609313705	
17.642480601484742	5.271321713125441	5.281578823355538	-0.9371043370176864	0.17206219427673555	0.3758264815235969	
17.116502561457175	4.934886521723574	4.38149755897237	-1.0406685590651898	0.6112528785024747	0.2791609897297246	
16.568936315644805	4.489568261504501	3.51890596269112	-1.1173221955990045	1.0115780037544366	0.1913920458683311	
16.005936074450094	3.9521737390677116	2.7391147769451214	-1.1635923281859315	1.3691204760046585	0.11370221973685314	
15.432141557374987	3.3438234052881244	2.077751036343724	-1.1776439530767724	1.6811569381813993	0.046648114617919824	
14.851423209300567	2.688786580365659	1.558060849126877	-1.1594400856192209	1.9460517785941591	-0.009819269720175161	
14.267788240822224	2.0131987061402796	1.1898310984730518	-1.1107263768499382	2.163171904091373	-0.0562946339698747	
13.686223551478042	1.3437095849680158	0.9699082773597952	-1.0348247918052083	2.3328375795975433	-0.09381997882385111	
13.11316054662277	0.7061602974267145	0.8841932530648234	-0.936252269370302	2.4562795543845644	-0.12374436151771469	
12.556460925878477	0.12435795174271279	0.9103110413083272	-0.820298915640394	2.5355955956659857	-0.14756767880397295	
12.02499143150494	-0.3811150649478091	1.0206181620936619	-0.6926306225298807	2.57368973465508	-0.16678343023818362	
11.527902340646957	-0.794073154593071	1.1852853074017564	-0.558951931185615	2.5741842731402493	-0.1827360840628753	
11.073755626697702	-1.103882145587579	1.3752034626097376	-0.42474242735505047	2.541302870762587	-0.19650737070885174	
10.669688570162092	-1.3063879498033613	1.564402751019974	-0.2950617560612995	2.479718542325768	-0.2088510300543888	
10.320792520784558	-1.404321803426353	1.7316390427057398	-0.1744069519689437	2.3943818481268058	-0.22018788147534832	
10.0297317497851	-1.4071408170092883	1.86121698143575	-0.06658659020539884	2.2903475547399954	-0.2306482888302761	
9.796617178233554	-1.330226155103868	1.9431611080917737	0.025403699242199262	2.172605316697049	-0.24015019918450606	
9.619131759354667	-1.193448602056167	1.9728724329494858	0.09950942843155344	2.045922882514115	-0.24849703967251363	
9.492887902168556	-1.0191457300878957	1.9504221916011129	0.1547432971277114	1.9147070924927927	-0.2554781909190881	
9.411979480061493	-0.8297417648353473	1.879569926081517	0.19125133675020956	1.782899775335448	-0.26094987319474255	
9.369572931689227	-0.64550466702035	1.7667526984017965	0.21029521688263353	1.6539072445705008	-0.2648825588720774	
9.358470464095605	-0.4827114423531982	1.6201160383513014	0.2141347550724151	1.5305588205125036	-0.26737572787441605	
9.371602935658576	-0.3524376999778468	1.4486301732472837	0.20580835670972494	1.4150932220910895	-0.2686433519202371	
9.40242624196023	-0.2600958896460845	1.2613256721200956	0.18882789699358363	1.3091680484920791	-0.26897678361940097	
9.445200147451793	-0.20583516733688523	1.0666707791255385	0.16682108628218514	1.213895739495864	-0.2686947861271766	
9.495134930891213	-0.185641962497205	0.8721276198969965	0.14319947725572899	1.1299022321620602	-0.26809700102615147	
9.548437455134158	-0.1927547455304439	0.6838642182187459	0.12090122665520313	1.05739370898314	-0.267431193910163	
9.602272481133456	-0.21918047561120882	0.5066084371210824	0.10222627507908556	0.9962302408217574	-0.26687768801273437	
9.654657882779219	-0.25709615717003453	0.3436338700961295	0.08877145614495376	0.9460019322317053	-0.26655166059574387	
9.704316043374254	-0.2999482574284447	0.19686386480933377	0.08145844752977932	0.9061037675635307	-0.266520844582047	
9.750502862756992	-0.3430322966888252	0.0670911469560146	0.080640243978088	0.8758065181383511	-0.26683183299256424	
9.792861020897194	-0.38354775373356476	-0.04576139947321599	0.08622904832020993	0.8543153666194377	-0.2675339834778063	
9.831308846237627	-0.4202692137628473	-0.14237773512244586	0.09781369215642667	0.8408166905485437	-0.2686956242082873	
9.865965954820659	-0.45298288001859577	-0.22380787206882108	0.11475068296370809	0.834513406434572	-0.27041030996256615	
9.897113106721456	-0.4818577178325066	-0.2912691205109216	0.13622107175849338	0.8346494171881572	-0.27279304439811464	
9.925176091802856	-0.5069248823964547	-0.3459976107926154	0.16126056205236222	0.8405236431855566	-0.2759685889461349	
9.950719807560679	-0.5277971888468868	-0.38915156433516274	0.18878182235518368	0.8514949194204783	-0.2800572052380894	
9.974442710572974	-0.5436055539834678	-0.4217530467114433	0.2176038804672619	0.8669819945983629	-0.28516228649782943	
9.997164125442055	-0.5530843348880026	-0.4446593886473599	0.24649613961362235	0.8864610254583788	-0.2913618064835117	
10.01980179739391	-0.5547391255424268	-0.4585629902846581	0.27423632669249803	0.9094626391429577	-0.29870460762870016	
10.0433408753577	-0.5470383683734498	-0.4640239570783728	0.2996765186671181	0.9355705584023682	-0.30721169545409643	
10.068801700369358	-0.5285911458441448	-0.4615440063683136	0.3218017540647295	0.9644221906482797	-0.316882376239968	
10.097220195734476	-0.4983071243237563	-0.4516724579793475	0.3397709600832915	0.9957121117127431	-0.3277030416823095	
10.129648094872486	-0.45555484107141603	-0.43513039359049155	0.35294141118965594	1.0291980514827652	-0.33965704854437756	
10.167176224684521	-0.4003211002522672	-0.41293491006115984	0.3608801333169466	1.0647084080494873	-0.3527344089343658	
10.210981545714262	-0.3333670432864949	-0.38650418779259205	0.363368782676298	1.102150542321038	-0.3669399930453471	
10.262393350605533	-0.25635151388739885	-0.35771735061099585	0.3604073070189381	1.1415176662253954	-0.3822986083233402	
10.32296198636514	-0.17187442887106041	-0.32891254941063647	0.3522185544213105	1.1828911580798842	-0.3988555069731774	
10.39451881523637	-0.08343898540217223	-0.3028460914358296	0.3392567807899036	1.2264385427480566	-0.4166729614409857	
10.479219439559172	0.004670836140736002	-0.28263100447717165	0.3222158842568099	1.2724063982621034	-0.43582365789463184	
10.579565573324615	0.08758773295772607	-0.2716727793022921	0.3020333664812731	1.3211082607739888	-0.4563818609652706	
10.698404485532466	0.16011621364557443	-0.2736153345253761	0.2798857350202283	1.3729078400095485	-0.4784132423988408	
10.838898479827076	0.21701366332188238	-0.292292643139216	0.2571650459436757	1.4281976210361358	-0.5019648182072355	
11.004468350668828	0.25324689213533014	-0.3316731988329599	0.23543762733149864	1.4873754586926937	-0.5270561671596409	
11.198706233963977	0.26421263775932613	-0.39577683382196593	0.216386319398517	1.550819735478619	-0.5536721351228829	
11.425246030425335	0.24592169165997352	-0.48854582786657896	0.20173743513152745	1.6188632800421485	-0.5817572599522857	
11.687573866990643	0.19515868243823062	-0.6136531270135338	0.1931749931638875	1.691765812401246	-0.6112117834071269	
11.988750662855347	0.10963645302889957	-0.7742325243759349	0.19224573338739526	1.769684919483355	-0.6418893437406286	
12.331044998005368	-0.011841001533072798	-0.9725509728425457	0.2002664166539942	1.852648010593947	-0.6735966605561927	
12.715483876481995	-0.16917663647195533	-1.2096381687727404	0.2182357825714492	1.9405239740843918	-0.7060941982606074	
13.141348157248757	-0.3607527859423313	-1.48489530964478	0.24675174015379323	2.032994756446578	-0.7390979581239098	
13.605654767427614	-0.5832105968956449	-1.795710125908505	0.2859351764321521	2.129527091800706	-0.7722822678651938	
14.102666086856175	-0.8312829102873908	-2.1370985983538056	0.33536014870354397	2.2293432996960925	-0.8052830955028643	
14.62356421804402	-1.0977968906130917	-2.5014744337158166	0.39401007791864534	2.3313971310605113	-0.8377017346171951	
15.156341022395363	-1.3738691269549748	-2.8785855394557944	0.46026883001991165	2.4343552917835902	-0.8691073804997875	
15.685909990263866	-1.6492695831785416	-3.255637852295418	0.5319525536659112	2.5365850478235776	-0.8990380256918954	
16.19446337756491	-1.9129311822749369	-3.617647145257263	0.6063905230389788	2.6361510592278004	-0.9269997564990224	
16.662073350200355	-2.1535664854301744	-3.9480429388777405	0.6805571576537709	2.730822935151071	-0.9524644766879358	
17.067552370125956	-2.360353064229582	-4.229565562957025	0.751257431813605	2.8180984385003534	-0.9748665475516056	
17.38950676417151	-2.5235927079529668	-4.445395836661134	0.8153452633837881	2.895247673187735	-0.9935996727871115	
17.60746579280365	-2.63528408797493	-4.580392413265127	0.8699437053485519	2.9593734841685113	-1.0080142913736079	
17.703033756891372	-2.68956871601289	-4.622348468068521	0.9126457994076604	3.007489887479438	-1.0174162435429634	
17.660993466836874	-2.683014100257051	-4.5631507507357965	0.9416707772008667	3.0366177887450796	-1.0210669920483129	
17.4703137317417	-2.6147283496228377	-4.399736676290578	0.9559524463090678	3.043897918633646	-1.0181851413083773	
17.124884912746552	-2.4862888290334304	-4.134588005479451	0.9551224272783027	3.0267116804336935	-1.0079497621532303	
16.623932049615227	-2.301601306533275	-3.775712197975401	0.9394036654021841	2.9827941657082784	-0.9895064747118014	
15.97214998660487	-2.0667759901907194	-3.336207252380964	0.9094539403433171	2.910331988156396	-0.9619804292985933	
15.179557709774311	-1.7900194208619147	-2.833466808655155	0.8661921603279971	2.8080382893833034	-0.9245019393106385	
14.261107748149733	-1.4815094793065766	-2.2881167223924863	0.8106414473744903	2.6752023489247714	-0.8762506317651569	
13.236055655175392	-1.1531442968623107	-1.7227308708845426	0.7438166894210804	2.5117121292584157	-0.816523290508299	
12.127112101406729	-0.8180431038387302	-1.1604103464916404	0.666671929973863	2.318049252267439	-0.7448169065947439	
10.959542667482186	-0.489838751772796	-0.6233389866943152	0.5800983047621203	2.095280814481191	-0.6609145048542981	
9.76023095515509	-0.18182147451337485	-0.13134924552387703	0.4849616215914471	1.8450531115628357	-0.5649618932274652	
8.556727638738835	0.09397349298992824	0.29940520796801035	0.3821734336891545	1.5695878035204331	-0.45752478103675365	
7.376276341295135	0.32764731630205746	0.6575563288965662	0.27279256012630826	1.2716765353383188	-0.33961951829535175	
6.244808061419568	0.5121290331645658	0.9370864510371115	0.1581422842154923	0.9546449433905838	-0.21270198272715082	
5.1859464585279325	0.6435732615664543	1.1371984233312753	0.039909834926156046	0.6222667859328823	-0.07861716181384544	
4.2200695978969165	0.7214692587855894	1.2616039706980788	-0.07980045490910194	0.2786230299807132	0.06048115220359584	
3.363534927431998	0.7484652998582253	1.3173862448946871	-0.1984827322010595	-0.0720890972215168	0.2022341598660089	
2.628173635649478	0.7299560099048841	1.3136765676439652	-0.3133250887248934	-0.42577823561248707	0.3441947520041779	
2.021177321705484	0.6734907472617566	1.2604033507513555	-0.4213852512411978	-0.778682818678795	0.4839461365980717	
1.5454684512604113	0.588082080507802	1.1673509986691326	-0.5198116154473422	-1.1275481476728015	0.6192061435572082	
1.2003428885680862	0.48352229195836316	1.0435763279499664	-0.6060600180031147	-1.4697438379381143	0.7479129256352574	
0.9822762839277499	0.3697076387311351	0.89710286672041	-0.678079689734747	-1.8033227661636277	0.8682953392713451	
0.8857916990679927	0.2559853030210815	0.7348344431393956	-0.7344476825750457	-2.127024163577072	0.978929166529772	
0.9042999645008678	0.15053697827012594	0.5626324356909882	-0.7744416840618352	-2.440228473539481	1.0787816219433908	
1.0308499926972265	0.059876878724960475	0.385533866840948	-0.7980337177869367	-2.7428605309910017	1.1672347060623498	
1.2587069648081652	-0.011452980937186063	0.20805342986318692	-0.8058193355113742	-3.0352596732912684	1.2440844327581813	
1.5817547932530165	-0.06098054573885483	0.034523052871031364	-0.7989079456570481	-3.3180319298456427	1.3095191001044204	
1.9947272339457423	-0.0881849691511144	-0.13055772786262956	-0.7787870973680645	-3.5918888270712546	1.364075576695309	
2.4932689948457547	-0.09418002889562416	-0.2821896155071351	-0.7471767721141057	-3.8574795465469043	1.4085766105225996	
3.0738238604057084	-0.08123224039467572	-0.4145886834270948	-0.7058880974330839	-4.115221087074383	1.444052122261989	
3.733354855160479	-0.052196837418911214	-0.5210056355595566	-0.6567067185761694	-4.365145026251949	1.471651532411385	
4.468954235532973	-0.01000017928606404	-0.5936602974074939	-0.6013131595171619	-4.606766999238528	1.4925603246507053	
5.277372179370768	0.04278384834467238	-0.6238050533002724	-0.5412382245593687	-4.838981451150747	1.507922624868947	
6.154497364088878	0.10422756149261059	-0.6019324536923476	-0.4778509862587616	-5.059986450574838	1.518771811529733	
7.094814807538758	0.1731985738178187	-0.5181446392107538	-0.4123738477520915	-5.267239356402834	1.5259689918078414	
8.090913572763654	0.24935532174528907	-0.3627035311536129	-0.34591819152260783	-5.457460673668345	1.5301533067145379	
9.133118305708173	0.33303537650988735	-0.1267175751931469	-0.27952611662678717	-5.626686896335258	1.5317072926274595	
10.20925844699838	0.42510016697076836	0.19706605402535374	-0.2142078345513734	-5.770364327376001	1.530735747326934	
11.304613864087667	0.5267705476674478	0.6133968878407061	-0.15097070779999897	-5.883488764079663	1.5270606573951955	
12.402065251907365	0.6394812599058152	1.1236215713269102	-0.09083766439799724	-5.960792007532057	1.520233727590235	
13.482493344149344	0.7647684724663989	1.7247968676805234	-0.03485502398646618	-5.996980938522707	1.5095694080514666	
14.525459808851723	0.9041856376981866	2.409012645940403	0.015908774517490964	-5.987017003805636	1.4942016096933128	
15.510062945352246	1.0592245368772886	3.162942572492079	0.06037020599787111	-5.926413149446896	1.473153693450973	
16.415923942323044	1.2312121391895938	3.9676740674454396	0.09744123741597789	-5.811539617624381	1.4454183736810113	
17.224231509111164	1.421170817464186	4.798859575417355	0.12604011499451	-5.639918758882327	1.4100419406160236	
17.918806362964425	1.6296220068415235	5.627225039168143	0.14509845975480878	-5.410502781416738	1.3662098847410538	
18.48712147538901	1.856304877494095	6.419618937006505	0.15356144465178648	-5.123911426161479	1.3133317056780869	
18.92077060274512	2.0999698315835325	7.140303240318133	0.15037673219485312	-4.782472720780763	1.2510862546120387	
19.21663730576145	2.357743824882583	7.753375470984545	0.13452150541608537	-4.3905128751590325	1.1795365109288098	
19.375560339024165	2.625404180518567	8.223902217725012	0.1050092541029928	-3.953794394437649	1.0990468956391517	
