19.01694143581436	4.158440118962185	7.898183713370666	0.4633221078799185	-2.9645210361838195	0.8072649862846516	
18.767799395163717	4.499383310540949	7.841737865135108	0.37289706227471603	-2.440937086996668	0.703077396427708	
18.438200010636045	4.7697322951612655	7.581162981815899	0.26183991647015603	-1.9089347272671155	0.5965968228666616	
18.048425650055457	4.952837837765246	7.127762973905533	0.13370665584325278	-1.3792340862632912	0.48997172289853325	
17.618163893013584	5.035100652286979	6.5040435120959845	-0.006919281252054951	-0.8619889163217915	0.38552061205750254	
17.165420285228013	5.007685557914169	5.746261143995132	-0.15422632087099356	-0.36628676176376934	0.285635729965292	
16.705353802654077	4.867003548024883	4.900369779360595	-0.30159986796682636	0.1001756525110072	0.1925304091746455	
16.24941078250558	4.615263837396483	4.019027032711628	-0.44194649932254654	0.531312443949147	0.10806953334079078	
15.804688619251294	4.260414666010077	3.156647338200107	-0.5681987248291193	0.9226970424206955	0.033621023772876825	
15.37378788129277	3.8155643127306216	2.3641073589962285	-0.6738481504994823	1.27142950548283	-0.030016989140570167	
14.955241624017194	3.298070747304329	1.683902705309191	-0.7534528508941059	1.5758948635356382	-0.08262839031816695	
14.544554449968452	2.728459419353202	1.146478339882207	-0.8030658037144148	1.8354850136552168	-0.12454719889086427	
14.135743824651543	2.1292582938465565	0.7682061746154506	-0.8205290345918816	2.05034659041861	-0.15659351433946284	
13.72313060008843	1.5237990330357445	0.5511078163883608	-0.8055941708104715	2.22120136950578	-0.179985723014186	
13.303033633097824	0.9350049201018836	0.48411395313318817	-0.7598519767133508	2.3492583271891934	-0.19622920560090065	
12.874917876753091	0.38426520436615247	0.5455871977771795	-0.6864784371114879	2.43619948938018	-0.20698104452780614	
12.44178644553419	-0.10953775836420292	0.706436469356448	-0.5899009447666385	2.484210110747606	-0.21390831032928337	
12.009865041352239	-0.5308943696524324	0.9334886357905455	-0.47544375125398464	2.496017869693171	-0.21855316533999222	
11.587729854797441	-0.8684508281141372	1.1928328073951744	-0.3489817764499289	2.4749120346079545	-0.22221832437107136	
11.1851061715763	-1.1156946964938443	1.452841903882699	-0.2166159305009887	2.4247216312830298	-0.22588501278867923	
10.811574510678424	-1.271472815675986	1.6866275595217168	-0.08436531418812279	2.349739097927725	-0.23017229404831951	
10.475434604975462	-1.340118529402685	1.8736151213393102	0.042122991809855376	2.2545831748397016	-0.23534823048992093	
10.182898835001756	-1.3311486513106456	2.000236344790801	0.15784192687738846	2.1440258196002997	-0.24138222089112543	
9.937646259462408	-1.2585203987201907	2.05989162299968	0.25867060234973316	2.02280506744008	-0.2480252273703365	
9.740728220331759	-1.1394540583336428	2.0523167613398847	0.3415871384904673	1.8954439873377078	-0.2549050682301391	
9.590771592947682	-0.9928853297368665	1.982521501736024	0.4048307318164432	1.7660931626983276	-0.2616225612746333	
9.484394788980326	-0.8376462499355959	1.8594681019374066	0.4479917362936631	1.6384062478150512	-0.2678353441060356	
9.416756318107353	-0.6906212797216291	1.6946364967549443	0.47198025241738845	1.5154622021926982	-0.2733143996342106	
9.382111289285604	-0.5652185448566123	1.5007071355336257	0.4788738290471711	1.3997285707456408	-0.27796648230985027	
9.374324058004962	-0.47035788378009313	1.2904320239387563	0.47165913724002484	1.293057031623197	-0.2818260835166493	
9.387311620144354	-0.41010492967894435	1.0757181624742749	0.4538927843469796	1.1967069664408088	-0.28502373948385323	
9.415400672141402	-0.3839723056865304	0.8669306487724524	0.4293240681466974	1.1113918120558806	-0.287740592578003	
9.453594872232083	-0.3877967792286991	0.6723974134867942	0.4015281931907332	1.0373430185106642	-0.29016031594381003	
9.497737098514335	-0.41501810679718154	0.4981401234561753	0.37361191363692825	0.9743925106321212	-0.2924304201832786	
9.54457373247281	-0.45801368625845984	0.3478083979481272	0.3480317070093429	0.9220613996879021	-0.29464099606935956	
9.591738812556347	-0.5092796943502224	0.22278560642541886	0.32652178866451775	0.8796487968349535	-0.29682119185977074	
9.637670839025533	-0.5623311696908592	0.12244775312603591	0.3101191421800459	0.8463170279295403	-0.2989509801888992	
9.681480850260163	-0.6122388542289238	0.0445421287144949	0.2992614761259906	0.8211685190550116	-0.3009835318115095	
9.722794567154253	-0.6557803305878983	-0.014354447782727018	0.29392645255958466	0.8033109985253511	-0.302872216022156	
9.761591679317826	-0.6912217561695003	-0.058337460556890076	0.29378014394049873	0.7919074393279003	-0.30459496354295523	
9.798075911969821	-0.717884387458205	-0.09171157254760756	0.2982968325812918	0.786209343475343	-0.30617016466504343	
9.832587024642942	-0.7356631088641609	-0.11859587890472546	0.30683825202247195	0.7855764205638316	-0.3076631359052687	
9.865553302215405	-0.7446183214949641	-0.14261309264354666	0.31869527633598227	0.7894849624268833	-0.30918417937240544	
9.897477275017387	-0.7447248281993614	-0.16666999023896745	0.3331020437188076	0.7975270146207692	-0.3108806301864167	
9.928942236103635	-0.7358070671686578	-0.19282135613545676	0.349237760029694	0.8094022661499244	-0.31292602381743845	
9.960623156455272	-0.7176298332857388	-0.2222164758752967	0.3662328569591508	0.8249025362712991	-0.31550926870994284	
9.9932898384522	-0.6900568266338194	-0.2551075948636007	0.3831879760746659	0.8438913111061116	-0.31882615975875267	
10.027798374580664	-0.6532030446104358	-0.29090287010558136	0.3992056550267025	0.8662805983379027	-0.3230733719489102	
10.065071155651609	-0.6075416555260986	-0.3282646948304867	0.4134313488476929	0.8920070011636834	-0.3284442094978499	
10.106068580943752	-0.5539512869881658	-0.3652568800914178	0.4250992389794293	0.9210096916568202	-0.3351252416643309	
10.151756909041264	-0.49371171917810974	-0.39954789188827894	0.43357978370373573	0.9532129549218592	-0.3432929354687403	
10.20307844313856	-0.42846157525013023	-0.42867691815157716	0.4384247600875097	0.9885162209787736	-0.35310996931702543	
10.260932905852169	-0.36013692704449274	-0.45035715206698634	0.43940669003254085	1.0267926425621916	-0.36472141006366976	
10.326178261354041	-0.290900079986546	-0.46278817450932896	0.4365510273609065	1.0678947746384577	-0.37825091234271446	
10.399658448415776	-0.22306218245606807	-0.46494993095137616	0.4301568325523896	1.1116657171401214	-0.39379717082362425	
10.482261940509714	-0.15900738827635438	-0.45685237285763425	0.4208023859470151	1.1579538654542367	-0.4114308098351463	
10.57501097052237	-0.10112843824301383	-0.4397271117735947	0.4093342271769761	1.206629653495089	-0.431191769937143	
10.679170279243467	-0.05178178475733376	-0.4161338411761007	0.3968366695576413	1.2576021540950575	-0.4530877074513319	
10.796353834999886	-0.013254983803577564	-0.3899713467697089	0.3845858386192914	1.310833012437631	-0.4770932917954976	
10.928613048746076	0.012277423033141874	-0.36639633836011193	0.37399141939700703	1.366346361812907	-0.5031497023143968	
11.078488526914013	0.022828784183311187	-0.35163925383561245	0.36652449450904706	1.424233300959248	-0.5311640016688896	
11.249006406167242	0.016712234761237784	-0.35271638380419296	0.3636308305760626	1.4846499321722912	-0.561008148634246	
11.443598278240028	-0.007317375799062385	-0.3770428689320637	0.36662868070791577	1.547808454667279	-0.5925175118756716	
11.665915400092757	-0.049921247186052106	-0.4319571925264263	0.3765958268810696	1.6139604173720918	-0.6254894255729242	
11.919534349961006	-0.11106538961880184	-0.5241997860475628	0.39425796989672957	1.6833730327172898	-0.6596819674603714	
12.207569222636426	-0.18995090834337297	-0.6593680835057256	0.41988460892383916	1.7562992880367765	-0.6948126408229932	
12.532211273195864	-0.2850001995314873	-0.8413662541960215	0.45320032304416485	1.8329417819956584	-0.7305570558998835	
12.894227423376126	-0.39391028295717423	-1.071875895276145	0.4933202938179614	1.913410688083776	-0.7665476086133214	
13.292444406293722	-0.5137777119129245	-1.3498678553977617	0.5387182454359549	1.9976756123756325	-0.8023720369885137	
13.72328062133896	-0.6412902841823777	-1.6712245585588514	0.5872461609239008	2.0855135379513956	-0.8375723795364275	
14.18039727302061	-0.7729420495493635	-2.0285409871983355	0.6362155007537674	2.17645722079269	-0.8716447909986856	
14.654489165672365	-0.9052290460161119	-2.4111151494388863	0.6825345369848402	2.2697451032747806	-0.9040403939208462	
15.133257047027241	-1.0348088714035166	-2.805171421983635	0.7229000051360798	2.3642761991023993	-0.9341680515255584	
15.601590333213812	-1.15862229619808	-3.194342362953157	0.7540337641722817	2.458573782031438	-0.9613997858760195	
16.04197473216025	-1.273993500017531	-3.560423478182423	0.7729539074381437	2.5507610192003782	-0.9850794611204604	
16.43515363214392	-1.3787305253294322	-3.8844207202255623	0.7772609160936276	2.6385578019199047	-1.0045354722823587	
16.76099353592432	-1.4712284027168532	-4.147808223048088	0.7654024513905497	2.7193057012251685	-1.019096801572579	
16.999473856966898	-1.5505475292969186	-4.333890407295	0.7368953841242846	2.7900197021215662	-1.0281113186101014	
17.131752177225533	-1.6164117143687984	-4.429162185046675	0.6924760502607151	2.8474692035143017	-1.0309651016970975	
17.141238296368382	-1.6690775683481043	-4.424525653044948	0.634147900528986	2.8882868525510252	-1.027100727425764	
17.01462463959502	-1.7090555383997625	-4.316233186076681	0.5651007487146482	2.909102010385291	-1.0160322239057256	
16.742781124939004	-1.7367236220466187	-4.106371210376755	0.48947070558767186	2.906692108866776	-0.9973533316821714	
16.32140103038235	-1.7519716608980846	-3.802773346439036	0.41195871124928607	2.87813277572549	-0.970737676855149	
15.751412284324172	-1.7539978727467422	-3.418479964427501	0.3373703045757068	2.8209334030164244	-0.9359350475364548	
15.039136469266143	-1.7413191127184688	-2.970817599218931	0.2701286818788495	2.7331479692287584	-0.8927687176718189	
14.196195149874411	-1.7120020189471419	-2.4802025514830026	0.21381934297864164	2.613454418965966	-0.8411387971249902	
13.239183156409968	-1.664068206420655	-1.9687682678513092	0.17081367967359617	2.4612040945648315	-0.7810354264264687	
12.189080856759567	-1.5959727535358519	-1.4588815151123096	0.14202149751526677	2.2764439520276873	-0.7125617478114198	
11.070419148362031	-1.5070100106143796	-0.9716721239921771	0.12681234515988474	2.0599195766289515	-0.6359605852976269	
9.91029589609528	-1.3975780343122903	-0.5256626725288909	0.12308655461194501	1.8130767617294536	-0.5516392597554235	
8.737269226699716	-1.2692904028124028	-0.13557281073480226	0.12749065888265848	1.5380601539607883	-0.4601874159850605	
7.580172867870134	-1.1249475022638233	0.188583723780669	0.1357620065636459	1.2377017736312628	-0.36238474278715566	
6.466880891367799	-0.9683951482603337	0.44198516778927677	0.1431782252529629	0.9154863252304993	-0.25919743120893135	
5.423042893642591	-0.8042927472606093	0.6248871285883916	0.1450766632047623	0.5754658665394113	-0.15176106458021024	
4.4709162662292785	-0.6378265086356703	0.7418292221568447	0.13735905321098624	0.2221010808574249	-0.04134851340181197	
3.628417425329695	-0.4744055838223174	0.8004140941309466	0.11690851687406477	-0.13995910844498324	0.07067285223575609	
2.908530202132897	-0.31934488907084874	0.8099138222373597	0.08187615311204285	-0.5061368890337151	0.18289104091496788	
2.3191665589169905	-0.17754223222555143	0.7799728963829704	0.03181190571452893	-0.8721874393529243	0.29390113098517434	
1.8634890481867548	-0.0531630005511587	0.7196144819962792	-0.03235852085534553	-1.2344271643598304	0.4023544477257345	
1.540651692770597	0.05062926992303497	0.6366560752152288	-0.10849680121757929	-1.589895577319885	0.5070032923611977	
1.3468105531017311	0.13182683074208743	0.5375382270408917	-0.19351717748412653	-1.936425681080922	0.6067402531432045	
1.2761682469628302	0.18960184789664303	0.42744687455646313	-0.2836875865571325	-2.272637456979961	0.7006348419696214	
1.321954243497217	0.22420923748572902	0.31063544420755096	-0.37493850110708504	-2.5978648235783743	0.7879672037398658	
1.4772594446242544	0.23680135070930464	0.19087018913516046	-0.4631546319297046	-2.9120284591301457	0.8682563330072411	
1.7356736857785664	0.2292058547066521	0.07193339118950826	-0.5444329549384533	-3.2154685511995242	0.9412796008250859	
2.0916913451368946	0.20372208868895123	-0.04187338195134254	-0.6152970611422961	-3.5087481298609267	1.0070783580040727	
2.54085088352751	0.16298506563021928	-0.1453098655481777	-0.6728539491801148	-3.792445819165369	1.065943971904167	
3.0796411820880953	0.10991819874477352	-0.2319092104539476	-0.7149026528083174	-4.0669570192012765	1.1183884613093351	
3.7052093025237034	0.0477606792801181	-0.2938483639435587	-0.7400029196876023	-4.332310324433682	1.1651006698094102	
4.4149103906126825	-0.019854116465142766	-0.3219938951273785	-0.7475101247077337	-4.588007204578382	1.2068898574513425	
5.205746092517892	-0.08880032966175336	-0.30612610576599464	-0.7375836428782431	-4.832889934268818	1.244618698294416	
6.073739370666377	-0.1543812861264269	-0.2353455698943804	-0.7111701845992087	-5.065044369419651	1.2791265538365457	
7.013335211104806	-0.2113208695238619	-0.09864411482244062	-0.6699539039684459	-5.281754591092148	1.3111481585179814	
8.016877506832643	-0.2538437255542905	0.11440293621839212	-0.6162818553794127	-5.479503947985532	1.3412329817394442	
9.074197203275377	-0.27585456495558064	0.41283887561212834	-0.5530588837516883	-5.654027415898453	1.3696698880557572	
10.172345947862697	-0.27121203294312674	0.8034484624822246	-0.48360970386167135	-5.800419564636946	1.3964239842349564	
11.295499227646532	-0.23408032062748815	1.289827491429394	-0.4115102475371555	-5.91330038140044	1.4210927405728793	
12.425066201953335	-0.1593329373322204	1.8714365757840947	-0.3403934098507554	-5.987044337528206	1.4428905740814504	
13.540068082470885	-0.042949073756180886	2.542783747866708	-0.27375105347319945	-6.016065870075819	1.4606741492944328	
14.617755746767926	0.11762857165666783	3.29278066066168	-0.21475819747135952	-5.995140144594057	1.4730034573588662	
15.63447434861013	0.3231892249027034	4.104350803305969	-0.16613409000434376	-5.919745819089138	1.4782351650014103	
16.56676372197129	0.5725145946259691	4.954378013429215	-0.1300514232741735	-5.78641169753394	1.4746423611698032	
17.392645127163647	0.8622123683484213	5.814054821550702	-0.10809842069353781	-5.593045905781328	1.460551843187481	
18.09301388851675	1.1866382788940377	6.6497086479297	-0.10129363929633317	-5.339223027600508	1.4344906669147188	
18.653013039296585	1.537939735978555	7.42428669143885	-0.11014456465906297	-5.0264007638230295	1.3953366506502483	
19.06278568953326	1.9062658397386054	8.09896529306539	-0.13474247217636712	-4.657941806216115	1.3424128655906167	
19.318949071630055	2.2799375582143573	8.636192468156402	-0.17479124309693436	-4.2393251393387335	1.2756774319638107	
19.423262074262443	2.6461015053158734	9.000851453995217	-0.2297268164449041	-3.7775902030241513	1.1956170055042694	
