19.529545095911423	3.5353979567830063	8.914841923687183	-0.2885549410145785	-3.31357390225471	1.1494285650310896	
19.371192486496458	3.83154714094073	8.903374969352528	-0.33762159492827404	-2.7937218296759077	1.0235952787257208	
19.09185733229287	4.0724607727206745	8.666279101696363	-0.3950378576468257	-2.25795015571274	0.8914186942391716	
18.713270789085943	4.24548683912162	8.208726000208781	-0.45957722543017027	-1.718022876443011	0.7561090843371333	
18.258830399469378	4.340451796150198	7.548602969391742	-0.5295953271207818	-1.1854128374326491	0.6210184969815773	
17.752821910505073	4.350860995536162	6.719760155441925	-0.6028527844589371	-0.6707604960815642	0.4895344828232005	
17.218369637655808	4.274104652231396	5.768642520914959	-0.6765370174154625	-0.18331296262113772	0.3648376401339116	
16.676038802086822	4.111707302372305	4.7516633015357685	-0.7473073808189422	0.26945513221960193	0.24971535770670902	
16.142413714157556	3.869081257134662	3.7302433416221157	-0.8114594590687574	0.6820556495446018	0.1463846648613651	
15.629106753822326	3.5548860520714074	2.764919368818875	-0.8651758966184598	1.0509663206051802	0.05638131106614387	
15.142333993943872	3.1801607402945966	1.9093507593839958	-0.9048297281052259	1.3744136851068054	-0.019479527116747167	
14.683165429238825	2.7575184714541545	1.2052522072382503	-0.9273000130439325	1.6520404812488554	-0.08108610710699764	
14.248479829575317	2.3005795078476057	0.67902220091486	-0.9302599985336967	1.8845333200876235	-0.1289737287039882	
13.83249638895289	1.8236727712814729	0.3404513762893827	-0.9123958955285966	2.0732841935815105	-0.16424438136386502	
13.428627180365277	1.3416837388372747	0.1834217442679072	-0.8735238591754518	2.2201364909765564	-0.18846842015646248	
13.031296612773533	0.8698425588747185	0.18825119995983097	-0.8145852725612739	2.3272328489169447	-0.2035598075538212	
12.637307900659142	0.4233288246016206	0.32510380384449716	-0.7375422220096763	2.39695563015131	-0.21162327621918028	
12.246560846134848	0.016664440848788743	0.5578002204416213	-0.6452336792040736	2.4319335012454535	-0.2147885948146254	
11.862098912117325	-0.3371100976867256	0.8477065419987501	-0.5412162387794106	2.4350810777424936	-0.2150475379432848	
11.48956445551985	-0.6274217241004691	1.1573459323434763	-0.4295943324326277	2.409640548917052	-0.21411289462487146	
11.136224663592964	-0.8471930047682505	1.453411738199235	-0.3148300754114033	2.3591973339710943	-0.21331653367998513	
10.809769913984328	-0.9937287329618378	1.708944287849473	-0.20151456029460635	2.2876481174554453	-0.21355886665591015	
10.517146894997053	-1.069179142749275	1.9044575246543594	-0.09409508143092035	2.199111983842993	-0.21531942506366353	
10.263656905923394	-1.0804837054694862	2.028184034817696	0.003424021568189234	2.0978032751195856	-0.21871395015332445	
10.052399575722887	-1.0387626975510682	2.075657948924818	0.0877828108977799	1.9878854947199913	-0.2235820678820348	
9.884072884554303	-0.9581809078922985	2.048815756889574	0.15673170034755304	1.873323712768379	-0.22958979739997543	
9.757084846286274	-0.8543970234005023	1.9547902663864347	0.20921870032538728	1.7577498697365368	-0.23633079247018055	
9.667897931643042	-0.7427863929194786	1.8045524334697	0.2454599320469567	1.6443493305257326	-0.24341233302732904	
9.611534558426897	-0.6367466925644641	1.6115080424596058	0.26685136270710635	1.5357808850316548	-0.2505136277790849	
9.582135101501036	-0.5464467018543641	1.390202611054828	0.2757352108144936	1.4341346203682253	-0.25741098219148506	
9.57349857796489	-0.47817133785639754	1.155189363824948	0.2750706194738062	1.3409229415798352	-0.26397576363182357	
9.579571994076705	-0.4342906404083479	0.9200699305942317	0.2680607055970833	1.2571028039972907	-0.2701538853805232	
9.594858928870346	-0.4137698324463934	0.6967259860566878	0.2577962508771384	1.1831244734467967	-0.275936811263046	
9.614729016863109	-0.4130525068737113	0.4947516698235561	0.2469683688168451	1.119000143468746	-0.28133359021749105	
9.635609363095215	-0.4271226075711977	0.32111231075569807	0.2376897239284181	1.064387616689809	-0.28635128069662474	
9.655040525688015	-0.45051199042455004	0.1800616100040348	0.23144213959761462	1.0186815391154378	-0.2909875035825543	
9.671623821149295	-0.47807118347244476	0.0732635937535502	0.22912045638819664	0.9811009550682868	-0.2952331481488177	
9.684884096233608	-0.5054344499277994	8.250045312809052e-05	0.23113605497250578	0.9507700964355815	-0.29908085516476285	
9.695078482285835	-0.5291711330188834	-0.04201078386112536	0.23754038448973624	0.9267889921442564	-0.30253475394870094	
9.702984243229254	-0.5466887053635396	-0.056974421347387325	0.24813246198035158	0.9082917616488504	-0.30561778340944173	
9.709694909734724	-0.5560126525638676	-0.04972496414669012	0.26252610082186484	0.894492106635796	-0.3083747072981578	
9.716447919327088	-0.5555867600981503	-0.025696509222444524	0.28017383216275477	0.8847144896576122	-0.31087091380452225	
9.724499100511757	-0.5441882951822324	0.009540144259004808	0.30036287671716994	0.8784125377646194	-0.3131892940822174	
9.735038569539034	-0.520956088372419	0.050609186443350024	0.3222062489433053	0.8751767931620286	-0.31542714603216643	
9.749139754057873	-0.4854884449038427	0.0926203062332569	0.34464730722632547	0.8747331036985467	-0.3176942023202261	
9.767732564606048	-0.4379541962688038	0.13141827647342605	0.36648901924667543	0.8769331546977189	-0.32011216673794834	
9.791592283514564	-0.3791676796680751	0.16378668981846298	0.38645184394617044	0.8817389874341878	-0.3228155603617335	
9.821340373526498	-0.31059181591356044	0.18757728938880436	0.4032569966987183	0.8892025575885372	-0.32595317402450524	
9.857454557076185	-0.2342727992846603	0.20174108941264537	0.41572180780467305	0.8994436068505423	-0.329689494707697	
9.900286764261114	-0.15273335974525015	0.20625842995537516	0.422855960073375	0.9126288516379806	-0.3342058510579033	
9.950091128395803	-0.06884448132024265	0.20196511014074273	0.42395022734009036	0.9289541317623524	-0.3397010389134428	
10.007066195048111	0.014307891616719602	0.19028703654098555	0.41865065271784085	0.9486309706492188	-0.3463911660416313	
10.071418481123088	0.09355212656861367	0.17290824120592435	0.407013844384333	0.9718781616248308	-0.3545083164389137	
10.143457568196004	0.16575490734780446	0.15140616882261843	0.3895383578640965	0.9989179501489647	-0.36429727443798465	
10.22372368827447	0.2279372141200347	0.12690842028868857	0.3671654042742042	1.0299752223408183	-0.3760096110789618	
10.31313692961039	0.2773817176805567	0.09980601154523562	0.34125423073032846	1.0652774813577444	-0.3898952115089899	
10.413146673945912	0.31173134089148136	0.06953815592634283	0.3135328660404092	1.105053852305287	-0.4061915399986418	
10.525852983910696	0.32907565372817393	0.03446061997900775	0.2860260125978307	1.149532119032923	-0.4251112939618519	
10.654071531629128	0.3280194969215275	-0.008193790649838011	0.2609624050366815	1.1989334714358104	-0.4468292072170314	
10.801317741358774	0.30772533492730275	-0.06225314054503292	0.24066271126534128	1.2534650483409362	-0.4714685731646109	
10.971686924542011	0.2679097435642602	-0.13242082374595543	0.2274114516089506	1.313310890831043	-0.4990891373745901	
11.169640815556194	0.2087964690426673	-0.22398192101106554	0.22332287408933607	1.3786215249217155	-0.5296771564644974	
11.399708381394362	0.13104415278453094	-0.34241255542520144	0.23020660382283534	1.4495015738387855	-0.5631381265107306	
11.666107068109229	0.03567909293454037	-0.4929049232500936	0.24943861322554503	1.5259943389664945	-0.5992926069420952	
11.972295453243923	-0.0759333186236332	-0.6798278575996206	0.2818413941024985	1.6080619603830337	-0.6378750614057243	
12.320466917023484	-0.20205557733924898	-0.9061397067288591	0.32757258717135285	1.6955592162737605	-0.6785350599882324	
12.711022952730799	-0.3404961635490852	-1.1727991620716771	0.3860293680093002	1.7882007833854319	-0.7208409380614984	
13.142089910857463	-0.4885308475907839	-1.4782434907810467	0.4557786418689847	1.8855239982709426	-0.7642853875595106	
13.609115112515903	-0.6428772666596647	-1.8179727973845914	0.5345196788466199	1.9868489060680297	-0.8082921747671231	
14.10458810667002	-0.7997534271692751	-2.184295308787083	0.6190963772834189	2.0912393363437194	-0.8522240610320491	
14.617924053083364	-0.9550243657704446	-2.5662838294163195	0.7055741940861067	2.1974690015411955	-0.895391602646455	
15.135532671266901	-1.104419839906619	-2.9499824638978605	0.7893927279497628	2.303996025947292	-0.937062345925908	
15.641104111361681	-1.2437956883206964	-3.318911805769993	0.865603824730033	2.4089503674207573	-0.976470133255905	
16.11613851572621	-1.369403211097099	-3.654894604887503	0.9291873992918215	2.5101410049354347	-1.0128243902638419	
16.540664545977762	-1.478148964706234	-3.939129900627092	0.9754170297288374	2.605081577316462	-1.0453192262797932	
16.894122410470626	-1.5678334859025331	-4.153470450249934	1.0002536706631537	2.6910368420446518	-1.073143352930825	
17.156363156216067	-1.6373406137219173	-4.281824075856559	1.0007361661775354	2.765090938504824	-1.095491940806164	
17.308701158931363	-1.68673164872396	-4.311572423159552	0.9753303443017035	2.8242368178271287	-1.111581380288254	
17.334961185760328	-1.7171832584752507	-4.234887928493896	0.9241941555334592	2.8654858474685785	-1.1206674564438728	
17.222399308250694	-1.7307057555914311	-4.0496949850762665	0.8492789753266952	2.8859913190173834	-1.1220647225048879	
16.962431003439736	-1.729688227699942	-3.760120146960066	0.7542374958519128	2.883173865084916	-1.115163456458716	
16.551156210947262	-1.7163865337760418	-3.376379511845021	0.6441414072454243	2.8548390394945216	-1.0994420848677404	
15.989672493773034	-1.692492214525908	-2.9141158652942982	0.5250360306678105	2.799275520397655	-1.074475539049633	
15.28418296993906	-1.6588993871817264	-2.393291270786862	0.4033901854297446	2.7153233609152205	-1.0399427172963889	
14.445918902610286	-1.6157219887788303	-1.836790391032359	0.2855113087152374	2.602406732506899	-0.9956379480840613	
13.490835523419955	-1.5625286897766353	-1.2688664286354159	0.17700064493455359	2.460526043115211	-0.9414884770230035	
12.439078017031468	-1.4986705029630338	-0.7135793702768466	0.08231686690196074	2.2902195533815997	-0.877573922074969	
11.314269514362872	-1.423594537057143	-0.19329083662953925	0.004460311540153616	2.0925179348496887	-0.8041413890181848	
10.142628275822451	-1.3371070675569112	0.2727468992315392	-0.055213640930220555	1.8689063678174138	-0.7216100774729187	
8.951951468849602	-1.2395782912165183	0.6696253066188967	-0.09703996781971434	1.6213037238592447	-0.6305632260858647	
7.770508201409694	-1.1320906683688987	0.9877331539298834	-0.12293707025448515	1.3520588534080915	-0.5317297464761939	
6.625871116686879	-1.0165147745212484	1.223277253076419	-0.13613240373542101	1.063949683014605	-0.4259608896531404	
5.543755422804226	-0.8954730093487981	1.378151247369516	-0.14072941643968684	0.7601542812568023	-0.3142068962786403	
4.546924460139391	-0.7721931104000677	1.4591791185151755	-0.14119426893425982	0.4441739798143366	-0.19749633726911545	
3.654240238621477	-0.6502673624272101	1.4768218303163232	-0.14183204342548206	0.11969802919990596	-0.07691602376505148	
2.8799777464275254	-0.5333440790943477	1.4435499200234538	-0.14632651631015808	-0.2095820207022729	0.046409278798923294	
2.233512124966649	-0.42478344744504537	1.3721585183731118	-0.15740381463684422	-0.5401838933595666	0.1713361288525152	
1.7194362796491642	-0.32730885346211747	1.2742982543637158	-0.17665086764396726	-0.8690395880346805	0.2967181844922423	
1.3381362058732251	-0.24271074722846273	1.1594719325453533	-0.20450267025252725	-1.193650730037748	0.421416995573826	
1.0866458481637862	-0.171659636310271	1.034578564105428	-0.2403540827366727	-1.5121724101724596	0.5443103352474707	
0.9596181218422121	-0.11366049977266708	0.9039293996077157	-0.282746347291607	-1.823427250384318	0.664303189003028	
0.9502980461094007	-0.06716406878841287	0.7696424254123642	-0.3295939217400714	-2.1268562114216776	0.7803453487674885	
1.0513988213723686	-0.029821783539367947	0.6323004510754885	-0.37842190217940735	-2.4224185838556695	0.8914570204027641	
1.2558144527610016	0.0011555215828343728	0.4917545982681611	-0.42659267374876375	-2.7104562633596387	0.9967611084768413	
1.5571206681089118	0.02859918294058677	0.3479610392527729	-0.47150689283435887	-2.9915350871263193	1.0955164274445996	
1.9498339813465708	0.05504074367054446	0.2017218353799632	-0.5107630378962558	-3.2662827291267282	1.1871433199256418	
2.429459254864857	0.08249255278118547	0.05526644611003472	-0.5422749473349424	-3.535236302318614	1.2712377254003706	
2.9923593889501827	0.11237912297561037	-0.08735227368714979	-0.5643526831601442	-3.798703162529278	1.34757148901257	
3.6354816213736885	0.1456187577343175	-0.22006098075353117	-0.5757534932108118	-4.05663700071119	1.4160793494032886	
4.355973524896094	0.18282607241969637	-0.33476362983331376	-0.5757121262305545	-4.3085280167019775	1.4768350665856609	
5.1507124642122655	0.22458641528394127	-0.4215287078868979	-0.5639593246033828	-4.553304682476014	1.5300194782180334	
6.01579149301453	0.27173130903579384	-0.4689688688676171	-0.540729430273039	-4.789254551344251	1.5758828379551113	
6.946003435776923	0.3255545599386171	-0.46476970422890923	-0.5067635175946513	-5.013961819797694	1.6147045776536666	
7.934355309233758	0.38793942481001975	-0.396360451449137	-0.4633031632665991	-5.224267371565121	1.6467500516825642	
8.971652939421869	0.46138044549661694	-0.25171525308147563	-0.41206680361793985	-5.416260417665393	1.6722243497289486	
10.046197081827945	0.5488959322170174	-0.020266210683576064	-0.3552002103916044	-5.585311677075462	1.6912244598486552	
11.143628347426176	0.6538338704477406	0.3060828651286865	-0.29519335811907366	-5.726158968459022	1.7036922544918671	
12.246998759212758	0.779579388302025	0.7319186953727413	-0.23475689023369525	-5.833063585025948	1.7093766204231817	
13.337083374479274	0.9291971170735268	1.2573435250259979	-0.1766695902320704	-5.900034816306763	1.707813003052023	
14.392925828633121	1.105038687458516	1.8771253517296154	-0.1236106893881043	-5.921117981947301	1.6983260712700663	
15.392612124713526	1.3083513947322845	2.5800633948663063	-0.07799279615087015	-5.89073726602204	1.6800601955303134	
16.31424783336078	1.5389320160600923	3.348655734316477	-0.041814883988394565	-5.804076789307937	1.6520396620836921	
17.137101265873113	1.7948694182781064	4.159129841243672	-0.016554595356040733	-5.657479361759846	1.613257147904842	
17.842835224955028	2.072433192378856	4.9819360909142105	-0.003125339064774373	-5.448821872033003	1.5627848627840195	
18.41677811279902	2.366114512727937	5.7828175870439225	-0.0019165072363403327	-5.177848168455164	1.499905488551823	
18.848703296574456	2.6688269551450925	6.524155469909505	-0.01290444606268519	-4.846295948998712	1.424208910630315	
19.134287197281385	2.97201070622258	7.167364995584837	-0.03580145447954572	-4.458246894168962	1.3357762804975417	
19.27408943448103	3.266100639073958	7.674510763063323	-0.0702067727867239	-4.0196132384102885	1.2351304660325708	
