19.668637937669224	3.541067109991393	8.258652711937643	-0.1138541678403544	-3.266132790032464	1.0596577776963356	
19.517679125953876	3.896892546293125	8.215654082913892	-0.19762503370675333	-2.7472287937846005	0.9481640160132417	
19.255728174036506	4.199452613773671	7.95927134544033	-0.2979169616223262	-2.214895009567177	0.8322126251941582	
18.901225703111255	4.4324430919040365	7.498416030903256	-0.41213405543668735	-1.6801213336503587	0.7145971726127144	
18.473463839276896	4.581004466060286	6.853732274504802	-0.5367575455735595	-1.1535281940619175	0.5982628946228021	
17.992007691420376	4.633004728188645	6.060859813840095	-0.6670540731262324	-0.6448836136177225	0.48620228598834436	
17.47522162497583	4.579999207950278	5.1663192204184325	-0.7973572292500789	-0.16266912455611596	0.3811811871584244	
16.939310191489323	4.418213482893218	4.2245680996405515	-0.921297405751182	0.286214117425243	0.28554567323968555	
16.39738690149389	4.149162128640077	3.292816571727877	-1.0322512179403738	0.6965760944156953	0.20104714498203596	
15.858943992430314	3.7797647926998628	2.4254276505528676	-1.1238766660328647	1.064871114374914	0.1287476339874402	
15.329791574803716	3.3220940455879298	1.6687582347868766	-1.1906639680829627	1.3890110489759948	0.06899093201502633	
14.812527092309727	2.7928467317388144	1.0571513195520634	-1.2284346851423307	1.6681168164064748	0.021428023311404705	
14.307486930658811	2.2126042463946924	0.6106048276430773	-1.234715727768086	1.9022656624415182	-0.014914263602486117	
13.81401450309126	1.6049055955965028	0.3342236913878797	-1.2089343625053464	2.092282239318605	-0.04153142572217618	
13.331764930483935	0.9950875454380276	0.219421021277076	-1.1523744538773883	2.239589197966463	-0.0603010387952806	
12.861682518637197	0.40897545995937273	0.24634158970168932	-1.0679305656195717	2.346116503577168	-0.07331170454702765	
12.406492967263588	-0.12851272560513582	0.38687909226473877	-0.9597700934582067	2.414256554100855	-0.08267831250120611	
11.970679157686423	-0.594856143176682	0.6080380695610245	-0.8329618620116606	2.4468419452478627	-0.09035708868037819	
11.55999063471501	-0.9714796308311087	0.8753360705319447	-0.6931182595174796	2.4471262401127607	-0.09797914212517018	
11.180614991472208	-1.2453101709799337	1.1559683512316195	-0.5460746597085668	2.41874849883809	-0.10671994305402838	
10.838236653630402	-1.4100394228356274	1.4213429100810773	-0.39761275085724934	2.3656601618283304	-0.11723475169398787	
10.537249451324403	-1.4668363021328692	1.6487183443408424	-0.253226750772281	2.2920198015292677	-0.12966937699502415	
10.280230719482988	-1.4244139602268433	1.8220230368068415	-0.11790814208929105	2.20206876490836	-0.14373445658127712	
10.067714363234755	-1.2983552343820883	1.9319418053599566	0.004064750380098355	2.0999994947521796	-0.15882920002681247	
9.898251039776644	-1.109692589632904	1.9754045186733435	0.10933404584977673	1.989829445151892	-0.17419337333897508	
9.76870443416983	-0.8827874151012743	1.9546324741031407	0.19565560807945137	1.8752900901869416	-0.18906421983709057	
9.674712147233597	-0.6427281540612251	1.87587334673623	0.26201828596973215	1.7597456428153149	-0.20280784804663832	
9.611171391220003	-0.4127587686775602	1.7481312515378444	0.30866215167979116	1.6461395690825487	-0.215003604810189	
9.572687822635553	-0.21206164655572035	1.5820031368067444	0.33698108961811096	1.5369624840939868	-0.225478971249695	
9.553953593145167	-0.054170506607763236	1.3886830714328156	0.34930946625277637	1.4342373576856422	-0.23429735234668314	
9.550038546676289	0.053802930731472604	1.1791674656903681	0.34861442267813814	1.3395168269244708	-0.2417071679777467	
9.556595588974064	0.111015466787299	0.9636564535971046	0.33812975027466763	1.253891286713855	-0.2480646967055164	
9.569980245686375	0.12184827290899715	0.7511520186302184	0.32100258663582887	1.1780136418101217	-0.2537512309429411	
9.587310916334989	0.09439773035981643	0.5492013510703972	0.3000173051238908	1.112134140616417	-0.2591046774918744	
9.606480336860027	0.03877293578721356	0.363749644925908	0.27741954867453394	1.056147406849948	-0.26437341493366523	
9.626122003939237	-0.034543731487677726	0.19908524331235788	0.2548511802275117	1.0096511956810712	-0.2696963364717406	
9.645536244339047	-0.1160555908014328	0.057860957374516894	0.23338890331560277	0.9720141310583459	-0.2751083137515552	
9.664574572830821	-0.1981371881229889	-0.058798798129921476	0.21366765610113247	0.9424504752060644	-0.2805669344096336	
9.683495994286163	-0.27533551676113655	-0.15110975105357402	0.19604044703915435	0.9200937633026924	-0.28598933617900657	
9.702818598899816	-0.3442118325752961	-0.22040014351890613	0.18072257290200755	0.9040619508115894	-0.29128729920437096	
9.72317558767696	-0.4028767697655061	-0.2688563511141035	0.1678952493922633	0.8935124169616363	-0.2963946823562394	
9.745187191434693	-0.4503941614799038	-0.29926078482973945	0.15775387796198923	0.8876847988345395	-0.3012837188952802	
9.76935715210946	-0.48623653727492266	-0.31473701828720124	0.15049923335685336	0.885931419164916	-0.30596978609763803	
9.796004299365125	-0.5099554317877552	-0.3185108449144274	0.14628644242696578	0.8877337480439934	-0.31050680312403245	
9.82523480073959	-0.5211276770735829	-0.3137067389103461	0.14516381870172024	0.8927066879681833	-0.3149792033933374	
9.85695172250175	-0.5194960757518472	-0.3031845748919699	0.14702619446134294	0.9005949775206207	-0.3194955330001351	
9.890901243008047	-0.5051927452065565	-0.28942061919002204	0.15159554673364994	0.9112637394110343	-0.32418588525381686	
9.926753998432648	-0.47893677950057434	-0.27443862343639114	0.15843274874737734	0.9246854002332252	-0.32920386217732106	
9.964221141122172	-0.4421186277833873	-0.25979572318152844	0.16697635610069989	0.9409249889956937	-0.3347322357278334	
10.003196558576962	-0.3967227998303678	-0.24663437674716351	0.17659827672456008	0.9601242180765004	-0.3409889723160042	
10.043907107218217	-0.34514100882466214	-0.23578311266006105	0.18666077090929023	0.9824868173000696	-0.34823034240446893	
10.08705739393047	-0.2899422009939333	-0.2278850664180129	0.19656895471293728	1.0082650220176785	-0.3567489473308636	
10.133953798224555	-0.23365062879651427	-0.2235337923856756	0.20581661290670936	1.0377463691538338	-0.36686530925227584	
10.186594160761235	-0.17857227066461367	-0.22339642691981157	0.2140247790278368	1.0712399745196437	-0.37891265297978854	
10.247708579760287	-0.1266953976801764	-0.22831180880131444	0.22097349936152574	1.1090610788287876	-0.39321515695088793	
10.320728359162302	-0.07967920126975513	-0.23936205357886522	0.22662368603942246	1.1515138613064293	-0.41006276058351976	
10.40969703057642	-0.038908720166822376	-0.25793772770261447	0.23113145702422666	1.198873918751202	-0.4296865617101568	
10.519131850389279	-0.005594921130754688	-0.28580940320128523	0.23485483202188429	1.2513716097289052	-0.4522375433631247	
10.653847326401161	0.019100035679240054	-0.3252032013191375	0.23835165843541084	1.3091777373999056	-0.47777102104487945	
10.818752565110655	0.03393445690827987	-0.37886700598839335	0.24236791965818888	1.3723925326960436	-0.5062381372224333	
11.018626754340929	0.03748634100724652	-0.4500940584158399	0.2478129825355908	1.4410389297884656	-0.5374859252498743	
11.257877842340958	0.0281243597163626	-0.542662467315488	0.25571892167759613	1.515060356941106	-0.5712661927610992	
11.540271747683512	0.004074537699420036	-0.6606765704120815	0.26718476985555695	1.5943198408414734	-0.6072491945830085	
11.868617085305669	-0.036409312415228455	-0.8082952052227479	0.2833024611297016	1.6785983912247295	-0.6450399801129987	
12.24439951760573	-0.09478094054732947	-0.9893440980134416	0.305063183300296	1.767590502178632	-0.684195066521782	
12.667357533571101	-0.17186606900545	-1.2068121381831571	0.3332425351654909	1.8608941674057837	-0.7242374363463602	
13.135039597544608	-0.26751879320558036	-1.4622652047773774	0.36827104059799687	1.9579946023928756	-0.7646690767105782	
13.642413283499508	-0.38036255142390313	-1.755258760824896	0.4101085602897623	2.0582422813734116	-0.8049806787666077	
14.181560794182744	-0.5076636232869857	-2.08279753117535	0.45813548008390304	2.160825635728014	-0.8446589562895637	
14.74151927436579	-0.6453705691076984	-2.438905504750794	0.511077723080355	2.2647408024627205	-0.8831920041011148	
15.308310504091898	-0.7883275311249973	-2.8143694460058692	0.5669815756177069	2.368761001213717	-0.9200726362678905	
15.865192411054847	-0.9306482880041862	-3.1967156469999076	0.6232526742206197	2.471407699347294	-0.9547994460587215	
16.393195227178413	-1.066212252484411	-3.570548306068721	0.6767819375061391	2.570932542868321	-0.9868751098361761	
16.87187364464276	-1.1891853697040673	-3.918240424691793	0.7241458744892922	2.6653135384073163	-1.015802099038017	
17.280216530072753	-1.2945064422024946	-4.2209433973066846	0.7618645069538581	2.752267437459525	-1.0410763920297645	
17.59766869454295	-1.3782910018651402	-4.45987982791629	0.7866988876490316	2.8292817475929475	-1.062180101873324	
17.805204504812753	-1.4381085821119304	-4.617844346785067	0.795962316758643	2.8936678140075527	-1.0785742358055004	
17.88640049779958	-1.4730915398436748	-4.680821041334523	0.787814878741728	2.942636797981845	-1.089692946631406	
17.82835268392234	-1.4838181486149884	-4.639435987570019	0.7614735398262209	2.973396522110431	-1.0949409099234078	
17.622379683396517	-1.472028598363005	-4.490039205002031	0.7173063459207196	2.9832587857638155	-1.0936932019675936	
17.26449076543316	-1.4402541602553451	-4.2352900683091566	0.6567996527174615	2.9697508013056786	-1.085297226342353	
16.75560121115178	-1.3914510832576577	-3.8841581092886597	0.5824012782017739	2.930722383811133	-1.0690778313164386	
16.1015163765688	-1.3287294800979812	-3.45133933683373	0.4972628779253333	2.8644412524182554	-1.0443486917794524	
15.312694076573502	-1.2552375611653037	-2.956122366440494	0.40491649881722264	2.769666771375664	-1.0104362526255355	
14.403787214831947	-1.1741783059261741	-2.4208585938092306	0.30894607716556577	2.6456887177616193	-0.9667209952046535	
13.393094853969892	-1.0888562468099199	-1.8693179292543838	0.21270271210922148	2.492342829267055	-0.9126945243592558	
12.301927578728135	-1.0026709370642024	-1.3250170207837713	0.11907398947135682	2.3100119060857285	-0.8480264041234102	
11.153899741404127	-0.9190186308620882	-0.8096115515216136	0.030315800637083175	2.099622464415097	-0.7726317175966719	
9.974157333308062	-0.8411038977974257	-0.34141741275495113	-0.05205020219073186	1.8626480893143993	-0.6867307419403524	
8.788526656450092	-0.7717071220217182	0.06580079478087529	-0.12725584055908354	1.6011176189892975	-0.5908881686883365	
7.622619324435527	-0.7129743865490068	0.4035650564270862	-0.19521196746563618	1.3176143811601906	-0.48602342418864114	
6.500901222638485	-0.6662575865397999	0.6688852395585194	-0.25636193509407357	1.0152513045383684	-0.3733960993013128	
5.445729472727431	-0.6320261873936999	0.8638517218350128	-0.3114842197173945	0.697597358012146	-0.2545655378102406	
4.476418501161128	-0.6098656045948774	0.994643814413467	-0.3614790383249894	0.368540800608167	-0.13132636132521086	
3.608429203387934	-0.5985643923525626	1.0700913111072707	-0.407179261228998	0.03208574387036581	-0.005623992972707707	
2.852918539012395	-0.596278194610938	1.100072949916439	-0.4492292355239481	-0.30789381780376635	0.12054127617813704	
2.216746701564306	-0.6007100063887871	1.0941813534911742	-0.4880461707986499	-0.6478836795854396	0.24520314040610963	
1.7028570053613339	-0.6092750649365094	1.060812361620307	-0.5238401679642862	-0.9849094823580385	0.36650399443246784	
1.3109410349821995	-0.6192559171145209	1.0066892213801633	-0.5566661998401601	-1.3166509317961181	0.48275557612118153	
1.0382641651349322	-0.6279640420742648	0.9367726457631685	-0.5864822063432117	-1.6414858343503975	0.5924886184924376	
0.8805325313221676	-0.632932126947853	0.8544662181661311	-0.6131926685339635	-1.9584698708772987	0.6944977648496685	
0.8327033309864826	-0.6321309714399755	0.7620351728345245	-0.6366676541787464	-2.267253279512367	0.7878796625368658	
0.8896393980071398	-0.624174926792403	0.6611128378553691	-0.6567405380408138	-2.5679620545084867	0.8720640031999483	
1.046604331890149	-0.6084791607351576	0.5532378335206046	-0.6731942735645308	-2.861056791228313	0.9468333129207533	
1.2995941072375632	-0.5853347767678518	0.44038172776349144	-0.6857446387538073	-3.1471772695244145	1.0123256265676415	
1.645501904089068	-0.5558800967261001	0.3254292810514351	-0.6940271734821171	-3.426980997962383	1.0690165974622137	
2.0821085599724194	-0.5219553185664615	0.21257199415990952	-0.6975932654574034	-3.700981096489564	1.1176777494964973	
2.607890846650733	-0.48585175155147114	0.10754268952908726	-0.6959198999488596	-3.969397547190755	1.1593098562747894	
3.2216934986939862	-0.45001144285771005	0.01769037929043552	-0.6884314370565747	-4.232026577977856	1.1950634916125868	
3.922293607105468	-0.41670924106320156	-0.04810363572962419	-0.6745317803366724	-4.488128184754022	1.226151100731604	
4.707890338819995	-0.3877473023493368	-0.07966470774583757	-0.6536441341208656	-4.736333985287071	1.2537557093791085	
5.575549085039189	-0.36418315017761926	-0.06590952510287756	-0.6252550986948846	-4.9745748562409355	1.2789404674507252	
6.520642076212016	-0.3461134948788038	0.004619656794036217	-0.5889586139091424	-5.200036500281252	1.3025642460915867	
7.536361456975453	-0.33253646638970413	0.14310316776392493	-0.5444933618898785	-5.409155468502503	1.3252129466963691	
8.61331703473211	-0.3212744823084968	0.3597041011616211	-0.49177407099676584	-5.597649958834687	1.3471471474491474	
9.739249122486395	-0.30895591746600787	0.6627480418672829	-0.4309184078736714	-5.76059408363657	1.3682684488878187	
10.898889875512328	-0.2910563554116843	1.0578442495874067	-0.36227239879546896	-5.892541816007031	1.3881068499438776	
12.074001217196619	-0.26200270342137477	1.5469553863900363	-0.2864397969392739	-5.98770749853981	1.4058299893729285	
13.243677079049727	-0.21536940442952018	2.127516332395035	-0.20431658874224778	-6.040212995323871	1.42028093254229	
14.384919098307163	-0.14417296179458727	2.7917206078607455	-0.11713030112168252	-6.044385906947583	1.4300416171461912	
15.473445159963463	-0.041261865252249424	3.5260081154146263	-0.02648310760676916	-5.995093914513823	1.4335152724791007	
16.48472350890413	0.1001902804849517	4.310842413914169	0.06560815678456354	-5.888102491403151	1.429026612741023	
17.395177179073364	0.2861060397165773	5.120833095312397	0.15668118380957174	-5.7204323353800275	1.4149346833824974	
18.183516090517905	0.5208469153001019	5.925258170198058	0.24381207497409174	-5.490700501108084	1.3897558153063718	
18.832119919089703	0.8064861119668844	6.689186356045608	0.3236323845095651	-5.199411081453559	1.3522954582874434	
19.32784227133388	1.1423675131438873	7.374834987871912	0.3923787666353362	-4.849029501573283	1.3017316513251023	
19.66369636366802	1.5239850874108285	7.944097160553066	0.44602218341744587	-4.444315971014579	1.237801744134054	
19.83758695701809	1.943724709276116	8.35986446341574	0.4804256285997778	-3.9917261485844207	1.160705073585333	
