13.33839453733999	-1.3583752516184504	2.6908792135287283	-0.0583406771273755	-0.5224951346108719	0.07621014465326	
13.323882057556212	-1.433907247855765	2.660542309605454	-0.00038038846151374536	-0.4171843180089567	0.21335334316589544	
13.254041732854006	-1.507238960064808	2.627575288852405	0.08155296353989902	-0.3067479289075041	0.3502745654906888	
13.139892688266128	-1.5738659017241636	2.59122966297132	0.18581058132849093	-0.19221530324720987	0.4859295880245126	
12.993870185397565	-1.6297334967505734	2.550685308852029	0.3096267278373953	-0.07458371063896649	0.6193499444937038	
12.828597045464887	-1.6714704031028331	2.5051385704479414	0.44928152654208137	0.04519626150664002	0.7496361727239385	
12.655582168736451	-1.6965614760032608	2.4539011847686387	0.60039588296393	0.16622570045682789	0.875949064906261	
12.484269423117881	-1.703464021466579	2.3964863372450202	0.7582138811228327	0.2876557414104298	0.997508138276178	
12.321428737830818	-1.6916446861671133	2.3326816116060214	0.9179014696424851	0.4086822230668625	1.1135936132921405	
12.17095989121305	-1.6615354776004676	2.2626013570407664	1.0748143542824993	0.5285407033761533	1.22355288328929	
12.034048336721014	-1.6144152266156127	2.186716179805152	1.224720999434757	0.6465050079310394	1.3268100143270267	
11.909588670586688	-1.5522366416212718	2.105857423551571	1.3639631388707685	0.7618911084330493	1.4228771155853652	
11.794769473603752	-1.4774256392496137	2.0211964030579703	1.4895475284079676	0.8740662882183806	1.51136598929183	
11.685722976602868	-1.3926798888370047	1.9341995834699537	1.5991696263891608	0.9824619252400679	1.591998641363048	
11.57816098470788	-1.300787987046544	1.8465622455643755	1.6911770117663598	1.0865871519367625	1.6646155371604374	
11.467939719918803	-1.2044829632995357	1.7601240979963282	1.764485401972535	1.186040304821389	1.7291808018744848	
11.3515155957435	-1.1063369094271307	1.6767707780789065	1.8184638559869137	1.280515328588553	1.785783611932978	
11.226270410267023	-1.0086989212843698	1.5983251257964444	1.8528083780224724	1.3698009197465506	1.8346347100489493	
11.090697607485836	-0.9136757434838336	1.5264319635815815	1.8674248401613736	1.4537710358450724	1.8760564282912895	
10.944451912392907	-0.82315196481821	1.4624408791859405	1.8623425029377472	1.532366406813593	1.9104641804731937	
10.788274278439722	-0.7388429707947046	1.4072938651537958	1.8376774360736965	1.6055678389211963	1.938337556858496	
10.62381359241638	-0.6623685493230725	1.361428532419777	1.7936593333651025	1.6733633828382792	1.9601804254105002	
10.453375713576948	-0.595327483867641	1.3247130808207763	1.7307239456791	1.7357128201467122	1.976472266833639	
10.279637667990382	-0.5393424692308406	1.2964359463016408	1.6496558784546818	1.7925143423170646	1.9876171293555385	
10.10536604393716	-0.4960339309317246	1.2753749570460784	1.551745282756482	1.8435794249631015	1.9939001782706671	
9.93316948505682	-0.466888188757966	1.25995506796798	1.4389064033243808	1.888621533436537	1.9954613912146972	
9.765301129236658	-0.4530267577190255	1.2484709058373071	1.3137078417697192	1.927261368872217	1.992290305122589	
9.603522628233872	-0.45494229150236737	1.2393228265958616	1.1792876770506577	1.9590466963036368	1.9842383284653144	
9.449047433955519	-0.4722961826806733	1.2312140343193807	1.0391612891339674	1.983481036558066	1.9710409695434603	
9.302580939478581	-0.5038499976309558	1.2232770864534075	0.8969591605981057	2.000054559904991	1.9523428625683263	
9.164458457249925	-0.5475518913999375	1.2151224104528386	0.756145720580458	2.00827196234941	1.9277212793962542	
9.034856483157713	-0.6007554450643326	1.2068185077778761	0.6197684686895539	2.007674356612649	1.8967063147947754	
8.914032407103504	-0.6605238148605512	1.1988225960991723	0.4902745802675437	1.9978541172088202	1.8587974218782988	
8.802541337116866	-0.7239607009295032	1.1918835437958022	0.3694153035531983	1.9784628643928408	1.8134767843111113	
8.701386658841237	-0.7885083902283198	1.1869377257268887	0.25824068510350234	1.9492135755022695	1.7602204376193513	
8.612078208309498	-0.8521649196307494	1.185014350916375	0.15717191483198303	1.909878515110692	1.6985082677003835	
8.536591164639866	-0.9135956860184533	1.1871610842995586	0.06612874065256096	1.860285380895288	1.627834202886656	
8.47723508536518	-0.9721401751109165	1.1943943290322436	-0.015313840092586692	1.8003145501742368	1.5477181185517457	
8.436455161490107	-1.0277321930923868	1.207672190271272	-0.08776320695566094	1.7299002837510462	1.4577210117339805	
8.416597187727666	-1.080759054492422	1.2278825528581951	-0.15185963369076985	1.6490381044769533	1.3574646691666366	
8.41967246333257	-1.1318847571796768	1.2558346477644817	-0.20815284510334708	1.5577994423286607	1.2466563055306736	
8.447156772458918	-1.1818591259415538	1.2922413674536297	-0.25701319784506593	1.4563531912071377	1.1251176167298407	
8.499849352215708	-1.2313322646689406	1.3376825915293629	-0.29858255332684996	1.3449922331032198	0.9928165841869754	
8.577806415645304	-1.280691707130774	1.3925462838792524	-0.3327670194062979	1.224161590734569	0.8498994576338619	
8.680351264181988	-1.3299372235996898	1.4569518156434218	-0.35927086417387566	1.0944841165906947	0.6967199757531649	
8.806149331906202	-1.3786045010217798	1.530666605477706	-0.3776676456786405	0.9567796896824826	0.533863213395984	
8.953321948066176	-1.425743322310747	1.6130312784900105	-0.3875008055534097	0.8120747959455697	0.36216253070084947	
9.119561699111978	-1.469949394390739	1.7029101964331526	-0.38840247219192514	0.6616006361301942	0.18270930899335008	
9.302210265161056	-1.509442956022156	1.7986837792421795	-0.38021669614484	0.5067791690284168	-0.003144198412031087	
9.498271051646345	-1.5421828336015504	1.8982954857212333	-0.3631124704653066	0.34919769463690364	-0.1937887914802446	
9.704354420099998	-1.5660030531840679	1.9993582542017712	-0.33767300544541123	0.19057361004180054	-0.3873698555007871	
9.916585567746525	-1.5787606728028167	2.099312919279022	-0.30495059916026357	0.03271167543976819	-0.5818083743656892	
10.130530609344005	-1.578486361856381	2.19561764015973	-0.2664804929400454	-0.12254364172237706	-0.7748337952000856	
10.341202362183115	-1.5635308525012268	2.285937447916802	-0.2242516098318561	-0.2733583634319762	-0.9640306840344387	
10.543189631925587	-1.5327000087783191	2.3683011462076355	-0.18063641679359646	-0.4179597159812799	-1.146899796934385	
10.730920153468203	-1.4853705991566746	2.441200463183426	-0.13828586873836746	-0.5546856540557485	-1.3209323810672218	
10.899032193849964	-1.4215797900983007	2.5036205204935857	-0.09999816087503124	-0.682031689149603	-1.4836946883195254	
11.042804215853698	-1.3420836888769516	2.5550059598892285	-0.06857166156365094	-0.7986935911594824	-1.6329181018434313	
11.158577428827359	-1.2483819553157047	2.595179280651355	-0.046652939039029846	-0.903604424122155	-1.7665889644382495	
11.244098643447417	-1.1427051824468226	2.6242353871060007	-0.03659039721089148	-0.9959641260626173	-1.8830312094836295	
11.298710640981993	-1.0279604248971126	2.6424386728882707	-0.040302917935282644	-1.07525966291994	-1.980974597569822	
11.323331008620595	-0.9076307285211397	2.6501462442007147	-0.05917128296337627	-1.141273937180873	-2.059602264090768	
11.320194620318167	-0.7856289567328536	2.6477736633404	-0.09395819445054074	-1.1940822349070987	-2.118573550639314	
11.29238746388537	-0.6661140759609714	2.6358089907328868	-0.14476054142104539	-1.2340359939331769	-2.158021317101075	
11.243256585026792	-0.5532861844470867	2.6148682799207847	-0.21099522000867393	-1.2617348967624618	-2.1785262678205766	
11.175821071990516	-0.45118111669931693	2.5857729380968206	-0.2914173929500386	-1.2779894735856903	-2.1810733287675346	
11.092313568300101	-0.36348406315492304	2.5496197690040816	-0.3841681024831212	-1.2837772127221867	-2.16699605710482	
10.993945958136957	-0.29337423113273503	2.507812670033705	-0.48684682711639915	-1.2801955987309164	-2.137914597747817	
10.88093038949909	-0.24340211079388338	2.462033540582849	-0.5966045432818667	-1.2684154750764776	-2.095671030052231	
10.752723033290337	-0.21539305790259933	2.414146433217135	-0.7102539694095501	-1.2496378220776487	-2.0422638944631526	
10.608412826625518	-0.2103695338068199	2.3660475815499473	-0.8243947801068378	-1.2250565895636731	-1.9797823984929712	
10.447161345140993	-0.22848988494011638	2.3194888478604936	-0.935551943547669	-1.1958295492978632	-1.9103407054838109	
10.268611527733146	-0.2690102092693603	2.2759097442416163	-1.04032439591789	-1.163058244800733	-1.836013642939475	
10.073211593566555	-0.3302818677837568	2.236312128535919	-1.1355392663428459	-1.1277770629495527	-1.7587763800236984	
9.86243199915576	-0.4097968592994422	2.2012027237703635	-1.2184046575060934	-1.0909503083261132	-1.680451242033216	
9.638876267409708	-0.5042876414807539	2.1706142300363225	-1.2866522949538879	-1.0534750485493083	-1.602664375185158	
9.406296139394682	-0.6098809853469922	2.14419937293655	-1.338660316322989	-1.0161866665124644	-1.5268136906912324	
9.169520025293867	-0.7222992473906226	2.121377381754472	-1.3735460689460666	-0.9798638357050949	-1.4540481544347168	
8.934298000531221	-0.8370960657325388	2.1015025694338667	-1.3912194401518723	-0.9452301919211851	-1.385257706639665	
8.707063655072941	-0.9499065910693595	2.084022456295697	-1.392389559474453	-0.9129511521889526	-1.3210730434508258	
8.494616604579363	-1.0566878846543597	2.068598598273791	-1.378521730506479	-0.8836257702530348	-1.2618748576370449	
8.303738717518023	-1.1539264728763525	2.055174601704312	-1.3517463889690864	-0.8577748217232657	-1.207812447091459	
8.140768547215187	-1.238797156324608	2.043988903609023	-1.3147265489595104	-0.835827151474516	-1.1588314819716279	
8.011167974518042	-1.309266588058162	2.03554101084558	-1.270493620012966	-0.8181065711345984	-1.1147100287729002	
7.919119846685236	-1.3641431685933851	2.0305263216480487	-1.2222632895654715	-0.8048214038990296	-1.0751008061303424	
7.867194728477424	-1.4030796785178548	2.0297558381732856	-1.1732435753901613	-0.7960583381781392	-1.039576491395814	
7.856119762541046	-1.4265369061656425	2.0340747303500883	-1.1264465607025445	-0.7917816721518682	-1.0076741696984135	
7.8846753341954114	-1.4357159869740361	2.0442900545902614	-1.0845141455057536	-0.791838388131684	-0.978934979175517	
7.9497366739647966	-1.4324653039728492	2.0611141769575876	-1.04956668510708	-0.7959687899487851	-0.9529356095911421	
8.046467716042264	-1.4191654556923468	2.085126653107801	-1.023081655329681	-0.8038217326962881	-0.929309403262141	
8.168663976243389	-1.3985935697788594	2.1167533847045283	-1.0058082687073986	-0.8149729966265482	-0.9077560408033329	
8.309226693808911	-1.3737673177747378	2.156258164258785	-0.9977230735606647	-0.8289451454961225	-0.8880399389948732	
8.46073264701713	-1.3477694936617595	2.203739812067245	-0.9980307953275955	-0.8452272864238383	-0.8699784731131526	
8.616046278435553	-1.3235566821652076	2.2591291839669543	-1.0052135589013764	-0.8632933586196583	-0.8534220042994612	
8.768908658473359	-1.3037606942020683	2.3221833575821464	-1.0171295701309664	-0.8826177915198726	-0.838228449427756	
8.914435787263818	-1.2904981682183283	2.3924771311939996	-1.0311589646855006	-0.9026875941982161	-0.8242356524195198	
9.04946794896123	-1.2852098239603666	2.4693935674469727	-1.044389978315358	-0.9230102632132062	-0.8112349906420848	
9.17273135088556	-1.2885532122081451	2.5521162392569368	-1.0538335007046888	-0.9431173791593173	-0.7989494841780749	
9.284801008555759	-1.3003687960180028	2.639626987183027	-1.056649462903804	-0.9625643172396379	-0.7870192425022057	
9.387884851853219	-1.3197289652307207	2.73071432199787	-1.050365480867563	-0.9809268911760752	-0.7749964287134071	
9.485474659993084	-1.3450665889971147	2.8239978886554264	-1.0330675443205501	-0.9977957468945726	-0.7623510041924908	
9.581920946041834	-1.3743680579891806	2.9179724158456	-1.0035445243457357	-1.012768923459473	-0.7484872591399258	
9.68198343771352	-1.4054074106593661	3.011070363327428	-0.9613725320235598	-1.0254425210654616	-0.7327695974916157	
9.79039168510846	-1.4359931653864002	3.101737395544012	-0.9069310727823029	-1.0353992737789053	-0.7145545105398382	
9.911431760797102	-1.4641980106599912	3.1885105696359313	-0.8413498378243658	-1.0421952073594685	-0.6932245057868921	
10.048564234651472	-1.488544158828083	3.270087170916311	-0.7663920790864712	-1.045345310751133	-0.6682192147997111	
10.204079722013669	-1.508124208081391	3.345373288521307	-0.6842868229896344	-1.0443099203693256	-0.6390590895049382	
10.378809315224418	-1.522647823412105	3.4135053398894133	-0.5975266742621899	-1.0384840225587069	-0.605357993184904	
10.57192184126663	-1.5324155848903573	3.473843463842749	-0.5086501014378313	-1.0271917728200473	-0.5668224584544019	
10.780849965850168	-1.5382295666817112	3.5259408788470865	-0.42002728473351875	-1.009688136681961	-0.5232372234012163	
11.001385419629267	-1.5412544189743327	3.56949599499955	-0.3336672216695912	-0.9851687290368413	-0.47443867087898556	
11.227970797639825	-1.5428438864166387	3.604293329245209	-0.25106158912101856	-0.952788065266806	-0.42027966803264744	
11.454191817246436	-1.5443484722135126	3.6301366939364	-0.1730782834092498	-0.9116857761767722	-0.3605909826569909	
11.673441088360953	-1.5469204114478448	3.646776473176366	-0.09991427629239538	-0.8610199469686065	-0.29514571113085575	
11.8796846374887	-1.5513318046407563	3.653834294518127	-0.031113265313455714	-0.8000064607587513	-0.2236336649198078	
12.06822407640582	-1.5578212991856906	3.650732950264895	0.03435148548461593	-0.727962883263292	-0.1456520757985983	
12.23632477846486	-1.5659850351988525	3.636645010066056	0.09793471169302727	-0.6443549285555251	-0.0607171328214853	
12.383585148344832	-1.5747277851991595	3.610477524637359	0.16132939323883735	-0.5488429017605101	0.031702037139290595	
12.511954753679646	-1.5822876090420386	3.5709099736568253	0.2262483583674397	-0.44132488452763974	0.13212874091434812	
12.625362401488127	-1.5863402432925084	3.5164964123465485	0.2942004492866392	-0.3219731389232638	0.2410084857657851	
12.728981248099535	-1.5841794641073526	3.4458311905065337	0.3662857293407443	-0.19126053657523048	0.3586306632825291	
12.828229894290422	-1.5729596084656365	3.3577636049311304	0.4430320294934864	-0.04997470233093439	0.4850510950797568	
12.92767110816934	-1.54997938273521	3.2516357974724923	0.5242901052199516	0.10078129652137778	0.6200243301491594	
13.030009027867692	-1.5129769459023845	3.1275096707393018	0.6091979306503528	0.25960214864459324	0.7629541269007852	
13.135366060638754	-1.4604074752671778	2.986352834886236	0.6962161313693159	0.4248068711737201	0.9128670110656852	
13.24099381545647	-1.391649105023562	2.8301400269576527	0.7832292629639446	0.5944791636792781	1.068416140979319	
13.341406672277396	-1.3071443825723532	2.6618775024266195	0.867696489369499	0.766518094717884	1.227907083285326	
13.42901490865002	-1.208367513621878	2.485471410206614	0.9468371256578164	0.9387024361448588	1.3893632362218726	
