13.705427059003393	0.0090548574980841	2.7249722753902583	-0.0071822037561055	1.6893115099789078	2.0324342570558454	
13.665960268436196	0.28467592083567084	2.6775227912349013	-0.2837893708247681	1.811087529834913	2.183852046580815	
13.566331139526323	0.5520114276241106	2.619931871139428	-0.6267851054713764	1.9249544416257467	2.348355690473282	
13.403583840087283	0.7935415048233657	2.550177402154962	-1.0326017928295497	2.0283989289976114	2.5255645674606453	
13.178153910853435	0.9903534960017422	2.4662876789853505	-1.4933835446522987	2.118648647820678	2.7139782219314963	
12.893895489751513	1.1236674122792847	2.3665610819820175	-1.9967168794245247	2.1927771977352393	2.910879022145152	
12.55775283490625	1.1766893027597296	2.249840131838378	-2.52585786135744	2.247863952013022	3.112348505223296	
12.17922994116924	1.1365206089356215	2.115817336174974	-3.0603602770606804	2.281190488448149	3.3133720203903043	
11.76964371311882	0.995938454875407	1.9653346558567921	-3.5771827552760644	2.2904668843544305	3.508053017756053	
11.34124505632234	0.7547492943180293	1.8006152535580418	-4.052190631470392	2.274064560823873	3.68992089404158	
10.906281678644362	0.42045653055975496	1.6253563043645045	-4.461934558344746	2.231229047466467	3.8523131778189277	
10.476103132380324	0.008057636571438986	1.4446161104205009	-4.785515786991039	2.162242810588137	3.988799346197962	
10.060408039710202	-0.4610752166713818	1.2644594198438104	-5.006318540524788	2.0685120096901857	4.093608226882515	
9.666719571909377	-0.9611209646536594	1.0913839583510612	-5.113391002338632	1.9525593825739542	4.162018559053867	
9.300145877798514	-1.4642831553314284	0.9316220450272221	-5.102299262634399	1.8179179042399578	4.190674793470239	
8.96344584697699	-1.9434467763583445	0.7904602988433919	-4.975355576677297	1.6689343845491975	4.177797076457724	
8.657380449966272	-2.374626993596067	0.6717207491131166	-4.741218506866848	1.5105057939809179	4.123265569198201	
8.381289002562681	-2.7388867386672944	0.5774969956823748	-4.413954465568849	1.3477802349725012	4.028573458073692	
8.133794321756747	-3.023540992030998	0.5081632855217082	-4.0117154976808145	1.1858567481288742	3.8966577581607607	
7.913519153375567	-3.2226229326188096	0.46260487171764164	-3.555214867687718	1.0295136684590545	3.731629661162707	
7.719694441561413	-3.336702692693142	0.4385778034369247	-3.066172902140439	0.8829863532438406	3.5384349688606944	
7.552560283640361	-3.3721985159397905	0.4331002367293294	-2.5658738938325314	0.749804873191367	3.3224794510644053	
7.413500938465208	-3.340320302531906	0.4427974284277859	-2.0739355306389817	0.6326931148483664	3.0892540863648117	
7.304908371801515	-3.255769864517309	0.4641594073747489	-1.607354814064054	0.5335240803021672	2.843991992725851	
7.229821527128905	-3.135309155774884	0.493715727227809	-1.179862189551461	0.45332271138041846	2.5913833579001913	
7.191427264355425	-2.9962993720909488	0.5281720567669347	-0.8015885338280923	0.39230748455167075	2.335367285726479	
7.19252537746024	-2.8553081680209123	0.5645703758762399	-0.47902661968185256	0.34996466859421044	2.079010390944757	
7.235053565827187	-2.7268761231516416	0.6005174137942313	-0.21524925719405874	0.325152808277596	1.824472003026243	
7.319743770679318	-2.6225217763544046	0.6344799786963559	-0.01033174202487868	0.3162372085091405	1.5730466848892508	
7.445946839332972	-2.550045699617669	0.6660902006836619	0.13808122968841346	0.3212526508921366	1.3252683648047192	
7.6116274057155895	-2.5131747515753826	0.6963636160422781	0.23412370923932957	0.33808669828432636	1.0810579136239082	
7.813503375097868	-2.5115738425562437	0.7277290008136207	0.28302613019599615	0.3646679924162186	0.8398971445939313	
8.047287172897603	-2.54123674393059	0.7638072024788285	0.2904521201802384	0.39913825123244945	0.6010149415403626	
8.307976671449863	-2.5952317607019912	0.8089452737373136	0.2619020452388366	0.4399868257217042	0.36357320345858457	
8.590141290806368	-2.664718030842538	0.8675846401288168	0.2022275858404108	0.4861331104203895	0.12684092997379476	
8.888155613884612	-2.7400885383600677	0.9435852652273548	0.1152917115631265	0.5369521497760774	-0.10965470248503088	
9.196351142550144	-2.812071526393027	1.0396245892132223	0.0037912483877044186	0.5922486643392583	-0.34600971605643405	
9.509084808019546	-2.8726451648415194	1.1567516693605875	-0.1307598783694508	0.6521915614579971	-0.5818635765040497	
9.82075357865267	-2.915674746815733	1.2941297657034987	-0.28790379848314135	0.7172236836747927	-0.8163612067560595	
10.125806291507542	-2.9372451519188685	1.4489613726948098	-0.46799418207850624	0.787960265505499	-1.0481566025592497	
10.418805396403279	-2.9357222011717643	1.6165609389429738	-0.6718631267152674	0.8650850971255717	-1.2754556034017255	
10.69457034315545	-2.911625499925208	1.7905254046829204	-0.9004273317112133	0.9492473176892925	-1.4960934922245392	
10.948400167214468	-2.867414653570776	1.9629610528280785	-1.1542582292859995	1.0409567011424503	-1.7076410989798387	
11.176338399037729	-2.807265734871809	2.12476017546928	-1.4331395161610936	1.140473864169289	-1.907530795887353	
11.375417072344847	-2.7368548144167946	2.2659671695359433	-1.7356404713832436	1.2476950910434845	-2.0931915029493453	
11.543803803520731	-2.6631031455516005	2.376302937544387	-2.058745498472154	1.3620384724122905	-2.262180322775047	
11.680784001699019	-2.5938085739290897	2.445905069946515	-2.3975947436970797	1.4823462292778802	-2.412298544677814	
11.786543949071866	-2.5371055029887506	2.4662822824050763	-2.745398429349643	1.6068241544213302	-2.5416819429371875	
11.861774157448625	-2.5007546763768014	2.4313888330923032	-3.093579444927618	1.7330399247392954	-2.6488595436652282	
11.907169684231885	-2.4913399368426585	2.3386313382624673	-3.4321702820097366	1.8579957660840551	-2.73278102358522	
11.922945628951908	-2.513510223601135	2.1895701943624326	-3.750445327191787	1.978278218840043	-2.792819315561337	
11.90849923783763	-2.569426916630712	1.9901071623707551	-4.037718849850248	2.090272106304866	-2.8287594398876807	
11.862331253234657	-2.6585508327683613	1.7500652255631968	-4.284197265189776	2.190412673891343	-2.8407850118907727	
11.782288714806342	-2.777835036517822	1.4822269949981801	-4.481754690100423	2.275443873002963	-2.829470266967709	
11.666114757459717	-2.9222932229300125	1.2010343000136878	-4.624511103561058	2.342653184620608	-2.795779826860275	
11.512206292547043	-3.0858128382931653	0.9212069247105085	-4.709132101671117	2.3900617688771284	-2.7410730708299593	
11.320416517483414	-3.262012960788974	0.6565021061748855	-4.734829120695116	2.4165587848974863	-2.6671058441320454	
11.092719543767743	-3.444942468700594	0.41874304441869814	-4.703102505876013	2.421976710038323	-2.5760197754988337	
10.83358433447538	-3.6294814506947857	0.2171451199023919	-4.617317658819355	2.4071086401693487	-2.470309883420789	
10.549972029547797	-3.811421752241505	0.05790221324550265	-4.482222707304225	2.3736693069379533	-2.3527654419730912	
10.250954581596051	-3.987313872252641	-0.05602127120786817	-4.303502756173929	2.324201124003812	-2.226386004772788	
9.947032759066115	-4.154231764336917	-0.12492402738780299	-4.087431001779576	2.261927784993726	-2.0942805141467704	
9.649286256441718	-4.309603538927759	-0.15222495131331798	-3.8406358678987713	2.1905621777980713	-1.9595594273796977	
9.368501434340683	-4.451195714810037	-0.1441259590722448	-3.569967691347739	2.1140815030313798	-1.8252277784673314	
9.114395950492751	-4.577252367422054	-0.1090730742536855	-3.2824251915023557	2.036487880735547	-1.6940838807939784	
8.895015419183524	-4.6867140850179085	-0.05703433711749271	-2.9850947173496953	1.9615752842217309	-1.5686266558095558	
8.716335045488558	-4.779405988661325	0.0013582863644608391	-2.685063944717926	1.892722603038452	-1.450974797386604	
8.582065072152265	-4.856101983543282	0.05573120198799488	-2.3892904338400696	1.832728384657534	-1.3428019473684722	
8.493632215357831	-4.918429072212547	0.0968649643225975	-2.1044249113883224	1.7836963949539484	-1.2452925508903006	
8.450291792219893	-4.968638304160868	0.11746204229759179	-1.8366019510268812	1.7469739858488613	-1.1591224918499874	
8.449320598866858	-5.009308731802223	0.11268993083338884	-1.591214982430103	1.7231388908000944	-1.0844667820738663	
8.486250036765634	-5.043053667411812	0.08043241392369706	-1.3726914733009692	1.7120258580861976	-1.0210337345016933	
8.555119246934275	-5.072266512297065	0.021234515671321605	-1.1842835666353968	1.7127832123063125	-0.9681220885304496	
8.648750971122068	-5.0988974199355175	-0.06201589032805403	-1.0278938917928468	1.7239506240093867	-0.9246955467837185	
8.75906800474039	-5.124227208879812	-0.1645891673224897	-0.9039643113764483	1.7435517916263856	-0.889468561975384	
8.877468747613428	-5.148624650472807	-0.2805101331179181	-0.811459392785211	1.769198092070838	-0.8609976306877148	
8.995268025465617	-5.1713266742296335	-0.403177441679417	-0.7479683536783652	1.7982007607604076	-0.8377731442791166	
9.104191173964965	-5.190330300781783	-0.5259556831742562	-0.7099275849829927	1.8276895488875422	-0.81830747419454	
9.19689196335855	-5.202493290362445	-0.6427058925136685	-0.6929375359260297	1.854735140662056	-0.8012151186958774	
9.26745131347164	-5.203897700516866	-0.7482286839254437	-0.6921240096067377	1.8764712008912265	-0.7852803222876339	
9.311804751128001	-5.190457797176108	-0.8385967530901931	-0.7024837068766379	1.8902103485074944	-0.7695069322437222	
9.328043977500013	-5.1586813967495155	-0.9113524793014892	-0.7191598916110354	1.893547502421983	-0.7531452091084804	
9.31654553283811	-5.1064418460449	-0.9655473923234383	-0.7376135322677752	1.8844447260891566	-0.7356917110121823	
9.279900660934967	-5.033597046124284	-1.001610698538148	-0.7536824250967903	1.8612940313090414	-0.7168615545952833	
9.222653446213217	-4.9423081374609215	-1.021057120853329	-0.7635487137815001	1.8229578509993678	-0.6965369148636064	
9.150889648190134	-4.836963007289588	-1.0260768540437273	-0.7636570738133792	1.7687896944835213	-0.674700390107369	
9.071742053862087	-4.72369106119838	-1.0190843243210548	-0.7506358842278482	1.6986383667342242	-0.6513652439411662	
8.992879540891947	-4.609550417341425	-1.0023240647506297	-0.721268587546036	1.6128373693455873	-0.6265152831324247	
8.92202776791606	-4.501548166499568	-0.977626603276336	-0.6725436476995089	1.5121777702412575	-0.6000646508083383	
8.866540132821616	-4.405685325911128	-0.946371068090709	-0.6017866674450025	1.3978602579205837	-0.5718422206776381	
8.833011890775675	-4.326191775833503	-0.9096556801601394	-0.5068569213947376	1.2714221043129932	-0.5415978637751993	
8.826919622500826	-4.265056279042474	-0.8686191492080941	-0.3863778327766432	1.1346377853809244	-0.5090213287400793	
8.852278234191427	-4.221892140741714	-0.8248096144852454	-0.23996577799275245	0.9893974274693835	-0.47376180870204015	
8.91133404012715	-4.194125707013839	-0.7804740645226995	-0.06842117788501341	0.8375738508090653	-0.43543869660152956	
9.004340882286412	-4.177456788510386	-0.7386486849812424	0.12615098797236685	0.6808945990718323	-0.3936401653770903	
9.129480736947588	-4.166514989186736	-0.7029754967320956	0.34031691780648493	0.5208371809898996	-0.34791312608795333	
9.282983835054177	-4.155617933634338	-0.6772485085649275	0.5694005607364178	0.35856220579080056	-0.29775310598356275	
9.459478465774852	-4.139525015200004	-0.6647788218810141	0.8076823513705915	0.1948912426236543	-0.24260399789110776	
9.652561361088278	-4.114080677666374	-0.6677273144607485	1.048698650828191	0.03032714662093474	-0.18187504784495045	
9.855529337862984	-4.076662389011346	-0.6865643174177187	1.2856201963547673	-0.1348927420978604	-0.11497707549630093	
10.062162056989314	-4.0263892311341	-0.7197823573942227	1.511681086618044	-0.3007242475291048	-0.04137430729710115	
10.267414961336584	-3.9640954397263872	-0.7639293527471004	1.7206270180181176	-0.4672393201646608	0.039355591057662447	
10.467889643122076	-3.8921136365285327	-0.8139636988655288	1.9071525379222092	-0.6345563176336652	0.12746254727383	
10.661996467232564	-3.813936716795585	-0.8638710666509646	2.0673004119002356	-0.8027845663459214	0.22297629909382	
10.849792230103672	-3.7338375994345308	-0.9074329711615404	2.1987998377713955	-0.971984228774119	0.3256800040480191	
11.03254176630952	-3.6565228838840045	-0.939008923339063	2.301323855014293	-1.142137827403483	0.43511381350111356	
11.212104129689791	-3.586870932295566	-0.9541997683852294	2.376650557949726	-1.313127636008877	0.5506124426827533	
11.390275796459697	-3.529754982569487	-0.9503029590900783	2.4287169232815846	-1.484713534905308	0.671373568178593	
11.568229170923292	-3.4899020010222	-0.9265345990089624	2.4635564304968245	-1.6565081095637362	0.7965464970299521	
11.74615923976523	-3.47172396973846	-0.8840498115107294	2.489112301189754	-1.827948538964109	0.9253263021416434	
11.923199071033691	-3.4790892145346137	-0.8258202613524521	2.5149201233360103	-1.9982665987675639	1.0570391459218922	
12.097602694254729	-3.5150490279450044	-0.7564211798422992	2.5516599758826093	-2.166457954067082	1.1912086902710985	
12.267140769721552	-3.5815644720769173	-0.6817543231444	2.6105893681312327	-2.331250521371381	1.3275985486001658	
12.429620624078222	-3.6792784559049507	-0.6087106437996567	2.702882379005401	-2.491070771765125	1.4662291616198087	
12.583428204077972	-3.8073605703213484	-0.5447709643707116	2.8389144533177006	-2.6440077273798623	1.6073682944644307	
12.727992546327705	-3.963433723119037	-0.49755150962132905	3.0275434178889515	-2.787777203000158	1.7514933769578198	
12.86409065271596	-4.1435807070823945	-0.4743123134645714	3.275442921343893	-2.9196926727554646	1.899223001111279	
12.993937312961382	-4.342422880661919	-0.48145198530961675	3.5865432247035463	-3.0366525525708012	2.0512156454292274	
13.121033840440425	-4.553256239103356	-0.524011060697425	3.9616256805097625	-3.13515533319218	2.20803670023972	
13.249777362238515	-4.768220539256048	-0.605203797810932	4.398101806260663	-3.2113531878451647	2.36999986958773	
13.384856856029169	-4.978468615410655	-0.7260020047439432	4.88998723358183	-3.2611518254125897	2.536995178021739	
13.530484513558662	-5.174303254594907	-0.8848046910002443	5.428058247650396	-3.2803601364735386	2.7083217795167784	
13.689529507263074	-5.345268366245267	-1.0772362868245422	6.000159230196429	-3.264889497472407	2.882547993331514	
13.86264209965826	-5.48021755530148	-1.2961153705010406	6.591618045617709	-3.2109964085822673	3.0574223903884876	
14.047462106094912	-5.567433854389363	-1.5316263661437242	7.185728565266652	-3.115563017116706	3.229857016607482	
14.238048922380178	-5.594883287210756	-1.771711854044598	7.764270379943791	-2.976388530446103	3.3959977867638877	
14.424594617681938	-5.550724594545625	-2.002697786725686	8.308063293194962	-2.7925017794748244	3.551384242428314	
14.59364323604462	-5.424043288427749	-2.210136441881377	8.79755922522526	-2.5644020828118284	3.6911919864608658	
