12.857647526465897	-2.0514840944281105	2.188160182488561	0.4757598918541448	0.1985731360733955	1.249809932005642	
12.860467368797284	-2.0642842005911524	2.088299864426081	0.5862782719370601	0.27534246784498745	1.4051417707262788	
12.841828054130016	-2.0749267614677134	1.9885833061304525	0.7136735780464943	0.352179051941097	1.5533284192059198	
12.807798285498484	-2.083238869031165	1.8888567163618686	0.8558771791368922	0.4287350816066864	1.693281808820138	
12.764161876611151	-2.088755480791352	1.7891011155136283	1.010281626375268	0.5047037539539561	1.8240681973136277	
12.715918948349806	-2.0906665429310487	1.6895093455298162	1.1737478486862116	0.5798244325671768	1.944938831735883	
12.666881294269405	-2.087855089339287	1.590517090934704	1.3427276855200825	0.6538774615771943	2.0553324672806967	
12.619459774090737	-2.0789692719902084	1.4927965560381609	1.5133482261390252	0.7266786598071842	2.1548845856863217	
12.57461705750547	-2.0625535894548777	1.3972126493538273	1.6815287053857304	0.7980699705303165	2.243426508211998	
12.531977347783029	-2.0372168598964464	1.3047579800868336	1.8431045895710603	0.8679091161373699	2.3209800035906802	
12.490054140327883	-2.0018186964022373	1.2164828780630808	1.993967208864721	0.9360590048196299	2.387745018329871	
12.44655552385051	-1.9556446656816262	1.1334342953726615	2.130212942967194	1.0023782096477356	2.4440810097406964	
12.39872605363873	-1.8985414346522331	1.0566093207478595	2.2482957964906003	1.0667132768390537	2.4904819659032684	
12.343690139492915	-1.8309895563185834	0.9869206823177836	2.3451721454601837	1.1288932399933231	2.527545798327087	
12.278766279334068	-1.754106510063912	0.9251660916044598	2.418424604613561	1.1887261985637172	2.5559397309670557	
12.201730187434931	-1.6695901218003328	0.8719927887175157	2.46635519789732	1.2459973563601154	2.576363961774909	
12.1110122312051	-1.5796210716847787	0.8278537377607854	2.4880412533736513	1.300467842985953	2.5895158361922945	
12.00582002172682	-1.4867449688644752	0.7929592801097022	2.483352362820294	1.3518738240040176	2.5960567445579485	
11.886182487490101	-1.3937488640340587	0.7672339600784637	2.4529310561818396	1.3999257508853005	2.596583577988634	
11.752916978929635	-1.3035383160708403	0.7502895903383451	2.398142495097145	1.4443079614639087	2.5916060541184427	
11.60752609157716	-1.2190142987856811	0.7414221448925794	2.3209992397174166	1.4846791011845313	2.581530696014309	
11.452036040259543	-1.1429477075328414	0.7396341714283537	2.2240665151372605	1.5206739116550532	2.566651813629111	
11.288793395609789	-1.0778529849563274	0.7436791287777597	2.110352393474962	1.5519067730339673	2.5471495044289334	
11.120241037408514	-1.0258681919200452	0.7521211434847752	1.9831866516339813	1.5779770234761143	2.523094421173173	
10.948697900494672	-0.9886543841335809	0.763403355384388	1.8460921977244475	1.5984756420291126	2.494459015163247	
10.776168267031617	-0.9673259874467603	0.7759187459827612	1.702655349375293	1.6129924838804521	2.461134234617816	
10.604202003835042	-0.9624200928318662	0.7880803657857822	1.5564013436515847	1.6211232308879229	2.42295042818321	
10.433821559987136	-0.9739081273527278	0.7983899539312019	1.4106823275732352	1.6224753603891302	2.37970077350432	
10.265523364583313	-1.0012479999999724	0.805505076402922	1.2685855039467242	1.6166727324464074	2.3311650368784704	
10.099351604042221	-1.0434696339393181	0.8083053106135386	1.1328685595647128	1.603358819291667	2.277131190351885	
9.935032438309356	-1.0992822585595152	0.8059576938694605	1.0059278342755813	1.5821990867288476	2.2174125114089094	
9.772147912871995	-1.1671884923837361	0.7979807049909746	0.8898017082923732	1.5528835167969413	2.1518583592809573	
9.610322992655812	-1.2455885582092925	0.7843046115880319	0.7862075121964665	1.515130646222261	2.080357805490478	
9.44939828337718	-1.3328584907965382	0.7653245957503446	0.6966054120820186	1.4686946983268574	2.0028365191602373	
9.28956497962817	-1.42738941400396	0.7419412465815768	0.6222783370534822	1.413377249263907	1.9192484895778446	
9.131445862583215	-1.527581168259453	0.7155817843098344	0.5644129630041617	1.349044235800221	1.8295652354244627	
8.976117618843382	-1.631792044489546	0.6881971983803584	0.5241649745304413	1.2756483630693245	1.733765728920879	
8.825078196895262	-1.7382537890117051	0.6622297722269708	0.5026932823575817	1.1932558732049579	1.6318300542521789	
8.680170262848058	-1.8449670964570657	0.640545455636801	0.5011505320470634	1.1020755078707192	1.5237392658847548	
8.54347652411124	-1.9495970473060973	0.6263255036867815	0.5206219649354973	1.0024863863778593	1.4094830179736315	
8.417203425769715	-2.0493900784802483	0.6229129950369717	0.5620109710319335	0.8950605625730087	1.2890754439036358	
8.303566945692497	-2.141134305974488	0.6336134516612946	0.6258769874044322	0.7805753906997165	1.1625785769363202	
8.204690119108157	-2.2211833758700132	0.6614553299695873	0.7122391384917307	0.6600107502676998	1.030131387203	
8.122519033433154	-2.285559773256586	0.7089252548961799	0.8203663744722843	0.5345269510869487	0.891981309646493	
8.058763156338019	-2.330145645287522	0.777702673346968	0.9485803893351221	0.4054209961398981	0.7485140696204917	
8.014866244615106	-2.3509554908601897	0.8684305820743599	1.0941038195645498	0.27406187829411344	0.6002763192607197	
7.9920102636142385	-2.3444643822021196	0.9805621944624417	1.2529832604698954	0.141810551225412	0.44798579911346104	
7.991146672383105	-2.3079484995011437	1.112316283945262	1.4201081914090028	0.009933987008601354	0.2925252536401475	
8.013038689631482	-2.239785282126234	1.260758683361926	1.5893364378459949	-0.12047481115210679	0.13491874660970646	
8.058287721450341	-2.139665378346648	1.4220030294832773	1.7537225102019585	-0.24855878271265572	-0.023707595454307232	
8.12731479228863	-2.008686627137713	1.5915010699271332	1.905832151034766	-0.37373137623893393	-0.18217530385383424	
8.2202790321834	-1.8493232181972474	1.7643802965658475	2.038116803818976	-0.49567893573814026	-0.33930674488055723	
8.336938131788985	-1.665282945311326	1.9357871235789734	2.143316589567755	-0.6143312352113777	-0.49397448318178816	
8.476480538025456	-1.4612783528407483	2.101203384473965	2.214859646096297	-0.7298047272072702	-0.6451408045778312	
8.637374387653088	-1.2427436619072032	2.256716070690214	2.2472289009129116	-0.842325817046622	-0.7918836006582531	
8.817278969545278	-1.0155293827983556	2.3992293412950643	2.236272369904452	-0.9521427664407789	-0.9334072346335479	
9.013053465500585	-0.7856042143677876	2.52661046437747	2.179435807862176	-1.0594358783846909	-1.0690390590678367	
9.2208734191788	-0.5587884134819614	2.63776647918453	2.0759090397522213	-1.164235426991908	-1.1982145448007657	
9.436444179584532	-0.340532241237639	2.7326477009791375	1.9266818495381817	-1.2663553889060928	-1.3204546240846704	
9.655279535582574	-0.1357449488304706	2.812175396811228	1.734510123133648	-1.3653495599621426	-1.4353389881621674	
9.872998372445677	0.05132726486489806	2.8780947397564	1.503797204486099	-1.4604944947455478	-1.5424786622843163	
10.085586935491609	0.2171800366643625	2.9327600417075135	1.2403987680971602	-1.5508012316175885	-1.6414904863824629	
10.289580226666047	0.3590933661350264	2.9788669960649425	0.9513626042505461	-1.6350551218978073	-1.7319754758460735	
10.482131152738772	0.47514451136008967	3.019155271384168	0.6446177460877619	-1.7118803665965192	-1.8135025705066128	
10.660956878624964	0.5641971089540492	3.056112292859725	0.3286300539968321	-1.7798233109271249	-1.8855990104123217	
10.824175313848459	0.6258720993905323	3.0917122175524576	0.012042772823940388	-1.8374467208814234	-1.9477484384032913	
10.97006822646412	0.660504014776885	3.12722285700734	-0.2966789660129222	-1.8834262383486389	-1.9993978411871196	
11.096830334670338	0.6690853496480924	3.163103335415313	-0.5895799945256543	-1.9166401792420473	-2.039974088324192	
11.202372372877427	0.6531994910205828	3.1989979287095607	-0.8595084662296617	-1.9362461548248833	-2.0689103223335708	
11.28423878205942	0.6149402015081544	3.2338180906553955	-1.1003592961805702	-1.9417399591368856	-2.0856817950858577	
11.33967777828766	0.5568182271824663	3.2658939563193745	-1.3072598845089678	-1.9329939780540377	-2.089849494717044	
11.365866354227819	0.48165979363136746	3.293171449856023	-1.476694621832903	-1.9102738335537333	-2.0811083176575065	
11.360255038190381	0.39250463514205625	3.3134306728989937	-1.6065686147272027	-1.8742330848685316	-2.0593350653998588	
11.320967592592524	0.2925105192655562	3.3245038450055526	-1.6962139898892459	-1.8258868715298873	-2.0246307986749703	
11.24717755129974	0.18486741405924978	3.3244752823776738	-1.746343810640566	-1.7665666738608197	-1.977352458464838	
11.139390164012044	0.07271986613730295	3.3118507651822915	-1.7589595088928762	-1.6978598948335892	-1.9181301462412375	
10.999581730615391	-0.04090705443499956	3.2856881959077513	-1.737217786788412	-1.6215392580797132	-1.847868482748444	
10.8311774100384	-0.1531830738255795	3.245683258988095	-1.6852610495243707	-1.5394877515537602	-1.7677318922841558	
10.638886599261053	-0.26155271217359355	3.1922089355382974	-1.608019622394131	-1.4536254100055186	-1.6791162120138658	
10.428433467875717	-0.36381980584377943	3.126310205590499	-1.5109914865727503	-1.3658424726577754	-1.5836092573141272	
10.206226735581046	-0.458231472548096	3.0496575102757575	-1.4000057883446069	-1.2779419789498232	-1.4829429755335357	
9.979009565027937	-0.5435522150364372	2.964464956542748	-1.280977864512167	-1.1915932918864238	-1.3789396712725894	
9.753520051563658	-0.6191169354508373	2.8733808944420303	-1.1596649151614753	-1.1082966313576816	-1.273454542052199	
9.536180862043368	-0.6848528026970022	2.7793594046358585	-1.0414326480175076	-1.029357727143146	-1.1683167134412222	
9.332827577250095	-0.7412635329701531	2.685521549925277	-0.9310437431855111	-0.9558712003263306	-1.0652711427124362	
9.148481153018698	-0.7893742546380695	2.5950152138391536	-0.8324785198357578	-0.8887111854571755	-0.9659240217169376	
8.987169118485497	-0.8306395242889457	2.5108818229136087	-0.7487962302463084	-0.828527815489411	-0.8716943121032902	
8.851802401192097	-0.8668200092092446	2.435937306580008	-0.6820442848902862	-0.7757488176070194	-0.7837740962438373	
8.74411486214953	-0.8998369509187507	2.372673149206195	-0.6332201472541729	-0.7305858078675104	-0.7031000843941579	
8.664666142905538	-0.9316156913281936	2.3231794836401916	-0.6022844251720216	-0.6930445838024979	-0.6303369950243978	
8.61290520210499	-0.9639294821762825	2.2890899220789227	-0.588222869093585	-0.6629392575489289	-0.5658729330512777	
8.587284758541784	-0.9982554499413686	2.2715462050523523	-0.589152206377277	-0.6399098925284029	-0.5098259177767145	
8.585410680786763	-1.0356541201578777	2.2711800877654067	-0.602462670040931	-0.6234431636120625	-0.46206002420524533	
8.604207552834186	-1.0766823180011513	2.288110170958356	-0.6249885701979713	-0.6128954613592182	-0.42220926755022725	
8.64008373219975	-1.1213465468779085	2.3219523180028725	-0.6531972690072521	-0.6075178279671545	-0.3897073424377103	
8.689085900873222	-1.1691004376993486	2.371843473984324	-0.6833864695648945	-0.606482119710145	-0.3638215249533806	
8.747042228229276	-1.218886145443233	2.4364795380464193	-0.7118798350926304	-0.6089077800876708	-0.3436893148804234	
8.809701941137686	-1.2692163296802892	2.5141679162577857	-0.7352118263198505	-0.6138885825340278	-0.3283566397377403	
8.87288397264711	-1.3182912917554654	2.602895139218566	-0.7502925308336572	-0.6205186122044066	-0.316816623470822	
8.932646329652693	-1.364141363307249	2.700407059318772	-0.7545448624347414	-0.6279166052129059	-0.3080475661861496	
8.985482852862056	-1.4047827644971962	2.8042980388179264	-0.7460091481046517	-0.6352479792554837	-0.3010490421616287	
9.0285444730993	-1.4383730868237699	2.912103865999623	-0.7234115407491405	-0.6417439220625484	-0.2948749811128911	
9.059871126670009	-1.463351365837155	3.0213911215266243	-0.686194821564996	-0.6467169006344164	-0.28866241674959764	
9.07861088979408	-1.4785489914698002	3.129834916395717	-0.6345123730603768	-0.6495719117215673	-0.2816543694938491	
9.085196905876835	-1.4832617056147235	3.2352776514490023	-0.5691882238656868	-0.649812774312647	-0.2732151183917299	
9.081451578309725	-1.4772794818994561	3.3357633475492787	-0.49164784000670675	-0.6470429412259708	-0.26283612800305733	
9.07059152283981	-1.460878799789675	3.429544626678069	-0.40382552587370946	-0.6409608241632838	-0.25013136729338636	
9.057116095755138	-1.4347880085523463	3.515062580456805	-0.3080548530272859	-0.6313504879419816	-0.234821795870411	
9.046575219060045	-1.4001375667436422	3.590903521871506	-0.20694814359038605	-0.6180694540524083	-0.2167101042799714	
9.045231246295213	-1.3584031799234872	3.6557412471380157	-0.10327109222325258	-0.601036018391944	-0.1956483864362481	
9.05965150186875	-1.3113459825582319	3.708277574446205	0.0001813441455145474	-0.5802187045740359	-0.1715029111326224	
9.096275431409294	-1.260949827804342	3.747195042490477	0.10070363504525312	-0.5556296156815529	-0.1441205761910266	
9.161000717980981	-1.2093544580470899	3.771135226444601	0.19578960477698243	-0.5273224471736397	-0.11330188136065975	
9.258820888643442	-1.1587815799206937	3.778713466433461	0.28323118911724526	-0.49539476598188265	-0.07878487449090009	
9.393526597201205	-1.1114488043796433	3.7685765547592265	0.3612040526668861	-0.4599931418178033	-0.04024355260761463	
9.567461178502203	-1.0694658435967448	3.7395050422970972	0.4283378382635253	-0.4213190499028281	0.002697250592668238	
9.781306482795934	-1.034710242889785	3.690556803334107	0.4837680982287787	-0.37963324126732473	0.05043021950328882	
10.033873771662508	-1.0086870094863105	3.621243031535931	0.5271663735106675	-0.33525649329192686	0.10331875261068117	
10.32188789866431	-0.9923863145132578	3.5317217432545576	0.5587452490486358	-0.2885652504483767	0.16163827197058653	
10.639786029475227	-0.9861651991441933	3.4229843394118875	0.5792354089662879	-0.23998141614568105	0.22551081658341343	
10.979584558336294	-0.9896846591255352	3.2970035597247396	0.5898353824500389	-0.189956753558903	0.29483967685533946	
11.330890300919053	-1.0019290261679334	3.156809565498522	0.5921379867276759	-0.13895334189338332	0.3692513843168523	
11.68114661459337	-1.0213249069296617	3.0064598197576413	0.5880386124168158	-0.08742208856011327	0.44805316375385656	
12.016162278463923	-1.045953625938956	2.8508847364344083	0.57963351602416	-0.035782110923299776	0.5302137522570443	
12.320993397331236	-1.07384274965478	2.6955859097457044	0.5691111203324026	0.015597518531540708	0.6143744191396259	
12.580971361090882	-1.1032576394492624	2.5462563569000958	0.5586534326612597	0.06640898452799891	0.698893413123909	
12.78318949629208	-1.1330226053740602	2.408223141534934	0.5503202699858067	0.11641676786512806	0.78192519307081	
12.917349944293177	-1.1626243821950333	2.286071297545771	0.5459859899979101	0.1654520822562346	0.861526036079131	
