21.88717388324196	-0.9601304201534338	11.39519871989986	0.3937320900422469	-3.94382332797177	0.1962555043954768	
21.563599517616296	-1.017442015229922	11.643738494405822	0.48865364422580704	-3.3024591082438866	0.08393633160594957	
21.10620819497086	-1.1023853805242867	11.637674813953787	0.5800822268040204	-2.6386663183768215	-0.03115506906192371	
20.54026663811205	-1.2130736323902696	11.3829900484529	0.6656834478914911	-1.9663466785703236	-0.14630030102996142	
19.89227427758409	-1.345750975779226	10.8968664493057	0.7436778415737357	-1.2993671326021934	-0.2591376737573197	
19.189615196770607	-1.4938175244676903	10.212144999676758	0.8130797371245785	-0.6511506351991555	-0.3678567895803862	
18.458640985356208	-1.6481643252496112	9.373059512320701	0.8735093920506104	-0.03399404511795211	-0.471152742882157	
17.7234426348956	-1.797440793513094	8.432689467922694	0.9250633029584663	0.541415501635748	-0.5682031160709345	
17.004612779177112	-1.9289585610428597	7.447998133779113	0.968084363269243	1.066337319724207	-0.6585599847268129	
16.318298051399186	-2.0299077927664735	6.474522369437717	1.0029461608874022	1.5341324216466898	-0.7420149591714312	
15.675575722461566	-2.088735527719003	5.561262771887408	1.0298754462583641	1.9402779189093367	-0.8184517877955247	
15.08223223149533	-2.096522773300135	4.746322548706937	1.0488312359018603	2.2822707547410386	-0.8877005064261332	
14.539056674784282	-2.048153141132382	4.054001349081975	1.0594649610081919	2.5594626149931035	-0.9494142001885199	
14.042825667802513	-1.942861891533112	3.4943844740898715	1.0611830206137238	2.7728315336123637	-1.003006177300911	
13.587670241233802	-1.784143028777479	3.064846830589337	1.0532797645063257	2.9247642752221803	-1.0476600202247601	
13.16659903863884	-1.5791731127294983	2.75267136170539	1.0351087599510107	3.018848638178042	-1.0824009336388902	
12.772989944558468	-1.3378829193733812	2.53827846661263	1.0062688551192556	3.05966296425282	-1.1062151327169973	
12.401827563057749	-1.071842559626405	2.3985732540269837	0.9667831687326776	3.052557121637446	-1.1181999557254212	
12.05032600429611	-0.7931568753026027	2.309940486214821	0.9172193644656458	3.0034108230136005	-1.1177032400621079	
11.717904167831685	-0.5135568083521714	2.2504701512797527	0.8587250728620056	2.9184056320458582	-1.1044177760750318	
11.405755758226581	-0.24365247756277883	2.201515626780244	0.7929856038030838	2.8038170942759506	-1.0784329689418528	
11.116193945419663	0.007660917443152872	2.1486495781439836	0.7221107504064557	2.6658276668168845	-1.040248018696113	
10.851945149290849	0.23363071608432137	2.08207666310152	0.6484630158077987	2.5103610292618517	-0.9907555126761761	
10.61554607775127	0.4297638829771508	1.996428015273383	0.5744506141288526	2.342950949016061	-0.9311941729122816	
10.408928935568056	0.5936483815688958	1.8901540303658468	0.5023358466334995	2.1686489510380076	-0.863085793435973	
10.233158630997647	0.7246082390125962	1.7647267173732688	0.4340774016965869	1.9919593384988374	-0.7881654095458057	
10.088298778638952	0.8232742406477447	1.6237365647330462	0.37121543551296077	1.8167994190281302	-0.7083065659010721	
9.9733862283297	0.8911644614702023	1.4719806152927282	0.314803610481554	1.6464787637767508	-0.6254450251580257	
9.886523002687246	0.9303470159736197	1.314631625114669	0.2654016045142739	1.4837095790187	-0.5415047782475806	
9.82504309530741	0.9432338881152915	1.1566120561351132	0.2231121788344307	1.33064033823986	-0.4583346371556639	
9.785710936277235	0.9324727387680887	1.0021609791838413	0.1876384077940291	1.1889003356458607	-0.3776544411439177	
9.764937764121285	0.9008950296807103	0.8545698272481895	0.1583536141516944	1.0596560410213578	-0.30101004833606587	
9.758998507525797	0.8514872657651624	0.7160686163797084	0.1343752845653749	0.9436743610883176	-0.22973548437882246	
9.764228534551737	0.7873473291089819	0.5878696284870958	0.11464189372331496	0.8413953363057988	-0.16492712352128652	
9.777170814972612	0.7116117664404575	0.4703257169546774	0.09798593426407658	0.7530020877123373	-0.10743151490651218	
9.794677250630915	0.6273589873202682	0.36314161565746983	0.08320340238538124	0.6784788186819382	-0.057841456065667804	
9.813971631461019	0.5374951883141984	0.26561791227332915	0.06912413692318578	0.6176575672627685	-0.016500842807030326	
9.832684092517216	0.44463167980118484	0.17690531213638036	0.05468575812115069	0.570250832821936	0.016483621368228958	
9.848862977189961	0.3509801302834362	0.09624462209454289	0.03900828835981955	0.5358696453973198	0.04122088820726457	
9.860977949195057	0.25830132217239976	0.02315185253406886	0.02145581717806642	0.5140283777352541	0.05800705527752925	
9.867931141652372	0.16790530368942735	-0.04245647923184643	0.001680570760993376	0.5041402630977622	0.06729652767946122	
9.869074327059698	0.0806967903008917	-0.10019876327167497	-0.020356445613792105	0.5055091719435004	0.06967234521331614	
9.864232983371537	-0.002748666403128708	-0.1492277149318218	-0.04439141870313011	0.5173211011843845	0.0658171047134416	
9.853725647073981	-0.0820975550043204	-0.18830941571198334	-0.06989753676908161	0.5386417471078552	0.05648418814076434	
9.838364747583306	-0.15718901023354312	-0.21597498024849943	-0.0961516531092447	0.5684254192404659	0.04247132369898167	
9.81944549970413	-0.2279924193548827	-0.23071273507286566	-0.12230906423468324	0.6055335288671088	0.024597938832577052	
9.798717307378524	-0.29458157421134407	-0.23118675647288697	-0.14748071190262654	0.6487636559245522	0.0036848690872779	
9.778337206009368	-0.35711609854866566	-0.2164682955680623	-0.1708067556508146	0.6968895642842359	-0.01946419553749673	
9.760798842800618	-0.41581677770884046	-0.1862572218137693	-0.19152031456354207	0.7487130322628144	-0.044080050231042944	
9.748840530893611	-0.4709297312120364	-0.14104513174206681	-0.2089921355052092	0.8031209974137389	-0.06944303560230311	
9.74535145718591	-0.5226855090769434	-0.0822194682403208	-0.22275917902112533	0.8591431824300793	-0.09489688380389415	
9.753281434455804	-0.5712561514604502	-0.012102989886214825	-0.2325396578224461	0.9160072863856018	-0.11986160319752875	
9.775563194673238	-0.6167121789347996	0.06607220634214123	-0.23823707819660017	0.9731893408490215	-0.14384580945763648	
9.815059771674346	-0.6589808806584185	0.1482658454012998	-0.23993459452454666	1.0304534703902926	-0.16645793224809305	
9.874551459151814	-0.6978140354291751	0.229802855516859	-0.23788172229075985	1.0878685422951295	-0.1874131069182126	
9.956756062214337	-0.7327717588199072	0.3055696970332943	-0.2324837037812881	1.1458076906525183	-0.20653746550624755	
10.064370944207024	-0.7632349222164366	0.3702216819446168	-0.22429514462464992	1.2049300905151683	-0.22376903114533336	
10.200123929302155	-0.7884585337921161	0.41838614867064156	-0.21401981565970213	1.2661457221061942	-0.23915518902423613	
10.366812755093466	-0.80768243156365	0.44484652466640584	-0.20251661192326675	1.3305617013469486	-0.25284611980897076	
10.567302357461507	-0.8202885377036165	0.44467973340662537	-0.1908045865361793	1.3994119484998964	-0.2650828402781558	
10.804468186999204	-0.8259685848636291	0.41335111194905494	-0.18006563691231892	1.4739830430430163	-0.2761839002719669	
11.081083328568884	-0.8248756670582171	0.34678303723923287	-0.17164059275741328	1.5555378145544143	-0.2865305729287571	
11.399646976078243	-0.8177353606603706	0.24141439183134145	-0.16701598274340101	1.6452387858260333	-0.29655068811716206	
11.762146781248246	-0.8058876954419589	0.0942779359105558	-0.16779773776777257	1.7440725022419998	-0.30670065067177643	
12.169782338308597	-0.7912261498573838	-0.0968879865061128	-0.1756682628661012	1.8527851015212362	-0.3174456233018547	
12.622656353783919	-0.7760698954019094	-0.3334609513803292	-0.19233228975020678	1.9718272812062068	-0.3292392301411889	
13.1194342008589	-0.7629936879001681	-0.6156817191119769	-0.21945066190578447	2.101306243165378	-0.34250203049739447	
13.6569741026696	-0.7546357102953107	-0.942322822286123	-0.25856070703954137	2.2409427892837948	-0.3575982852363837	
14.22992450702922	-0.7535006262950856	-1.3102677701169383	-0.31097835533219464	2.3900297572122455	-0.37480980379783985	
14.8303997521839	-0.7617846864615996	-1.714102995664942	-0.37769114764341305	2.5474026697408285	-0.3943100896452296	
15.447750710987583	-0.7812256690536454	-2.1457686962797657	-0.4592468721918308	2.711413418725585	-0.4161391426612487	
16.068465388629768	-0.8129671644063293	-2.5943294474017717	-0.5556422817930846	2.879907766290767	-0.4401799373604077	
16.676239144069925	-0.8574349630416904	-3.0459338219098018	-0.6662185051820769	3.0502094022725554	-0.46613848297499016	
17.252257953583374	-0.9142236696332852	-3.4840504517996327	-0.7895679648886433	3.219112479272688	-0.49352953787126963	
17.775787473300213	-0.9820334498362644	-3.8901415490609006	-0.9234899902041117	3.3829044227653444	-0.5216786148715646	
18.22495449394752	-1.0586567902077366	-4.24468067532952	-1.0649917609164257	3.5374131670347424	-0.5497400940406999	
18.577675845372355	-1.1410203409598494	-4.528455913152706	-1.2103357929399354	3.6780816627758286	-0.5767325480632114	
18.812701886661223	-1.225294146968338	-4.724097163099575	-1.3551399859004598	3.800074366511279	-0.6015926814917706	
18.91075958100386	-1.307085147130178	-4.817775869117861	-1.4945363197148478	3.898421664251137	-0.6232495180266053	
18.855641434507696	-1.3817416501685724	-4.800741676250369	-1.623397246195622	3.968201913993461	-0.6407125611787863	
18.6351435496668	-1.4447304135425663	-4.670441091146201	-1.7365921553234562	4.004737562935236	-0.6531571163114107	
18.24186415568011	-1.492057317982324	-4.431143888005355	-1.8292578144405922	4.003797381483423	-0.6599983601913129	
17.673840920696147	-1.5206955765718089	-4.093979548985789	-1.8970700816123454	3.961796846511674	-0.6609462537149484	
16.93504830474037	-1.5289795020109014	-3.676323382789219	-1.9365087828735683	3.8759950769732483	-0.6560347120567687	
16.03555693230701	-1.5168317184347155	-3.200373590295425	-1.945066482319303	3.7446492300796845	-0.6456082491034939	
14.991392776575436	-1.485770097150707	-2.691294367109477	-1.9213811336283102	3.5671161794684494	-0.6302744641397567	
13.824141947983918	-1.438726589707973	-2.175198857649077	-1.865302761976488	3.343909250082314	-0.6108355425663194	
12.560260038073395	-1.3797019624357283	-1.6771278822185867	-1.7778920672859866	3.0767041470402905	-0.5882063241206853	
11.230078859774034	-1.3132939121276552	-1.2191754863821993	-1.6613602781149073	2.7682980527253633	-0.5633278029413535	
9.86644356646485	-1.244157085536261	-0.8190795409303533	-1.5189351724734583	2.422496381730362	-0.5370888618975691	
8.503207539992953	-1.1765101445870039	-0.4894445828070161	-1.3546941590883934	2.0439550712912267	-0.5102690597660232	
7.173716096274817	-1.1137300869176294	-0.23746882484879656	-1.1733905350337066	1.638001268633515	-0.4834996025454427	
5.909339502059403	-1.0580639536496816	-0.06513843299327922	-0.9802715547734133	1.2104317492924461	-0.4572393928801757	
4.738109243176121	-1.0104902656041448	0.03017143764388419	-0.780889863464734	0.7672920719642387	-0.43176167797825843	
3.6836561507828316	-0.9708083362199271	0.05465652501604115	-0.5809018555660937	0.31463766366698953	-0.4071512685974374	
2.764586201393176	-0.9379344948858249	0.016864614032246657	-0.3858691946503821	-0.14169384311636737	-0.38330830476048966	
1.9941929763685249	-0.9103168911223025	-0.07346564960952388	-0.20106763707708686	-0.5962893038265006	-0.3599541559932183	
1.3804935659287996	-0.8864123568098923	-0.2064209993492398	-0.03130583717320462	-1.04434011113811	-0.3366408014580844	
0.9265336234651084	-0.86516254770638	-0.372690273678993	0.11924416572910275	-1.4817932770905038	-0.31276393809405156	
0.6310138797064407	-0.8463643593108007	-0.5640008852750439	0.24718169326937275	-1.9054500107362724	-0.2875853012035976	
0.4891195043753162	-0.8308339155079729	-0.7731978846568108	0.3499587282885045	-2.313000096133054	-0.2602656018194815	
0.4933871942631467	-0.8203831214924668	-0.9940825483676448	0.4259262793052159	-2.703013596330624	-0.22990637016139095	
0.634593760175407	-0.8176301652942805	-1.2210792359880482	0.4743475760216225	-3.0748885642381465	-0.1956017945863553	
0.9026181673754028	-0.8256719475177251	-1.4487872765998049	0.4953888931070934	-3.4287598762003473	-0.15650090209872292	
1.287231292522652	-0.8476562003076024	-1.6714802697118047	0.49008198003038056	-3.7653591544193357	-0.11187751539845162	
1.7787064447791467	-0.8863517231976246	-1.8826632850899434	0.46026132123846225	-4.085839049959083	-0.061196439892679505	
2.368236050947942	-0.9437674979618466	-2.074726003992917	0.40849612070654495	-4.391585136019652	-0.004172868147699283	
3.0481630404839697	-1.020836268700893	-2.2387092268588185	0.33800799721957486	-4.684014455213321	0.05917799224680019	
3.8120226013672114	-1.117171428489089	-2.364199019451409	0.252573168073405	-4.964362419942302	0.12850178801649545	
4.654360153135527	-1.2309281017942788	-2.4393953834767674	0.15639754782231421	-5.233463216977473	0.2030828845160721	
5.570338347870127	-1.3587995398141983	-2.451379616379828	0.05396879578004248	-5.491552994341942	0.2818461179826414	
6.555211603715137	-1.4961028623891828	-2.3865297232748697	-0.050097469236562414	-5.738097962643235	0.3633724930145009	
7.6036974718322465	-1.6369575965539134	-2.2310894168442967	-0.15121820202644873	-5.971654095372293	0.44593034812294885	
8.709272638803656	-1.774556835159071	-1.971902038385685	-0.24500813254419304	-6.1897627119789655	0.5275213151563961	
9.863447520687306	-1.9015521692010886	-1.5973318123018359	-0.3274452347708193	-6.388903853087901	0.6059449344743573	
11.055186968250744	-2.0105292089115245	-1.0982712587448262	-0.39501297985227174	-6.564541821385359	0.6788799692818067	
12.270516724797886	-2.094518709945915	-0.4691961574307683	-0.44482154918788136	-6.7112377997996475	0.7439722130907354	
13.492364576775232	-2.147524170097249	0.2907755314020787	-0.4747069384159777	-6.822836207727786	0.7989288763210851	
14.700673923353202	-2.1650429356099834	1.1768521076801517	-0.48330887903477715	-6.892726911285202	0.8416186349786399	
15.872867405365117	-2.144539221586061	2.1776574816045393	-0.4701215688795718	-6.914194931124528	0.8701760610486854	
16.984686231726243	-2.0857489489675856	3.2747509046788066	-0.43549349886315164	-6.880827027931063	0.8830942126543968	
18.011252436157598	-1.9908321674246952	4.442521717431511	-0.3805972217580745	-6.786937988496272	0.8793053247641943	
18.92828981353243	-1.8643665727127003	5.648520914702148	-0.30736468704152375	-6.627995196517173	0.8582452498163156	
19.713494347411356	-1.7131802814918666	6.854310697857131	-0.21838581950828148	-6.401039372332366	0.8199008018869757	
20.3480538453045	-1.5460089305625342	8.016988446554132	-0.11676250055267852	-6.105095338211312	0.7648359162500622	
20.817558631105832	-1.3729995609334658	9.091056202722896	-0.005933320098601707	-5.741304775184534	0.6941514248367601	
21.11413584999026	-1.2050546545117387	10.031763278701742	0.11055325161114682	-5.313455605985035	0.6094945285261891	
21.234753867088592	-1.0533154322544076	10.796047034623475	0.2291589385898086	-4.827178241024974	0.5128575056335495	
