21.418825960282277	-0.9738900600153232	11.499429434270269	0.2672297116015668	-3.785605223070556	0.0746368553315998	
21.079395533372217	-1.1388123889206305	11.72162628917718	0.35967190039049535	-3.1502484294370285	-0.02728921734062727	
20.617729807259632	-1.3514655164266842	11.676086216529338	0.44946160452273604	-2.4976228519691803	-0.1286573301912929	
20.058740333507977	-1.602292041762073	11.368778137274871	0.536361215472089	-1.8419707360048883	-0.2282794496329095	
19.42843485205877	-1.8785135060316562	10.817879974154597	0.620295845525882	-1.1972377070320566	-0.3251586492576753	
18.753521834954576	-2.1630948077318797	10.058578987700837	0.7013538258213275	-0.5765299675473147	-0.4185788618297044	
18.059549107515487	-2.4364263420407077	9.138294344833408	0.7796057698341388	0.008523003051920677	-0.5080530580077072	
17.36968218690413	-2.6774558138727	8.113761575483338	0.854966167083484	0.5482430934285658	-0.5932841360618902	
16.703484065642908	-2.8655329105993266	7.045602509924691	0.9270433282141798	1.0351784374364987	-0.6740697181220082	
16.075996842121285	-2.9823444942259685	5.992715503051216	0.9950289075474646	1.4641843288571987	-0.7501879471493337	
15.497169015556924	-3.0137814558836435	5.007070905866845	1.0576400874838947	1.8323567076553415	-0.8212810711811193	
14.9716980490236	-2.951564273051376	4.129436345730318	1.1131273169210703	2.1388505881339386	-0.8867545518028419	
14.499370620633286	-2.794413226863578	3.38665858022785	1.1593638639228887	2.384626284369716	-0.9457152941667656	
14.07600831452687	-2.548298649406664	2.791319750197317	1.1940254781216213	2.572128988035266	-0.9969850670480144	
13.694686416182712	-2.225877706314043	2.343044212487293	1.2148161086320586	2.7049777486840636	-1.0391842473774626	
13.347051862535293	-1.8452968975622797	2.030735461725009	1.2197170276638367	2.7876668362592563	-1.070867944489458	
13.024631594817171	-1.428476075345354	1.8353699241925105	1.2072439773210626	2.825276650821542	-1.090697735325052	
12.720016921993901	-0.9990183841172156	1.7330124984199438	1.1767016234971208	2.823199473751785	-1.0976303049974119	
12.427684346640183	-0.5800274625813381	1.6977651152200546	1.1283723184029444	2.7868945855308653	-1.0910738859365896	
12.144333348568756	-0.19224202779741933	1.7041643922855365	1.063595346848921	2.7217012049397473	-1.0709778906639684	
11.868843565612085	0.14746756105332143	1.7290338407640273	0.9847272463254083	2.632702604293588	-1.0378579576021387	
11.601941567221202	0.4272020646975298	1.752821330915891	0.8949759897859682	2.5246372133580657	-0.9927601242163471	
11.345687697245484	0.6407081235478592	1.760463483047649	0.7981133193885354	2.4018518570721565	-0.9371746299858364	
11.102889005621668	0.7873573776372117	1.741664766686046	0.6980931313763095	2.268301461813552	-0.87290844029458	
10.8765760158539	0.8714791231022394	1.6907135710041665	0.5986769860881415	2.1275750390134043	-0.8019523856456334	
10.669568079591398	0.9012451267022198	1.6060161320845359	0.5031151543950738	1.9829286447677814	-0.7263585372706358	
10.48413033069318	0.8872285578868415	1.4894087003956735	0.41390962001746046	1.8373180706346721	-0.6481332101759316	
10.321727178157662	0.840807836161773	1.3453284233302747	0.33267818430885326	1.6934215983664274	-0.5691509537686891	
10.182907479506683	0.7726927926420836	1.1798847578247393	0.26015780312294884	1.5536519354715443	-0.49109947496798023	
10.067315949505007	0.6919153470460886	1.000009517852126	0.19631933995451611	1.4201556023806587	-0.41545536879958	
9.973790108681513	0.6053013351650918	0.8127488400119736	0.1405383692065776	1.2948025501239382	-0.34347809241077815	
9.900525828483342	0.5173854765640339	0.6246999696466753	0.09179511588851694	1.179173040320258	-0.27621578800546437	
9.845288615748485	0.4307068586835916	0.44160189396058647	0.048873537756478715	1.0745447040823957	-0.21451538313196844	
9.805642611436484	0.34639986659834143	0.2681116660116477	0.010528329916115325	0.9818908038179804	-0.15903419984254888	
9.779137866549867	0.2648326481075248	0.1077584824541284	-0.024408998628355577	0.9018910823039642	-0.11024868638884397	
9.763435444580288	0.18612263628901665	-0.03699302183460679	-0.05697411722441112	0.834947178068605	-0.06845837529295892	
9.756373435390229	0.1104764668742638	-0.16459958453507023	-0.08804771324923895	0.7812014196813599	-0.033788673251654154	
9.755981335172494	0.03831539779942373	-0.27424817528168804	-0.11835115619944876	0.740554145971666	-0.0061939378060598144	
9.76046042259829	-0.02981352774993242	-0.3656379348091206	-0.14844433887051103	0.7126794624083144	0.01453336633120674	
9.768164787908447	-0.09343348180397751	-0.43878035768086826	-0.17871582562200264	0.6970386593127047	0.02874596090692853	
9.777606298281029	-0.1523253580525302	-0.49384322920406015	-0.20936583833469016	0.6928904633735334	0.036921831487719645	
9.787485035094614	-0.20665434759729348	-0.5310394423433529	-0.24039041323453866	0.6993038112540753	0.03964120492869213	
9.796743147382081	-0.2570076042107438	-0.5505686231358202	-0.2715732820264339	0.7151762918538	0.03756210843339541	
9.804625228039262	-0.3043350686417126	-0.5526228262769449	-0.3024963281680527	0.7392651515519851	0.031395034246320175	
9.810719575019613	-0.34983106031011585	-0.537452643413337	-0.3325700836329443	0.7702315238715172	0.021879029359906082	
9.814982820933626	-0.39480043974778617	-0.5054719534726989	-0.3610731466279824	0.806692335203392	0.00976034812400806	
9.817751454723085	-0.44051925553899435	-0.4573846146271465	-0.38719803018337695	0.8472796709618929	-0.004227546197121691	
9.81974904006434	-0.4880958903005958	-0.394321610248996	-0.41010108115066535	0.8907069903038848	-0.0193832644748973	
9.822095439060025	-0.5383406131007653	-0.3179705187280386	-0.42895642441026705	0.9358404140394319	-0.035056232087735624	
9.826317871362209	-0.5916717352939826	-0.2306653014455742	-0.44300961518708637	0.9817641719294278	-0.05066290490548309	
9.834371614029902	-0.6480657325073839	-0.1354388587478054	-0.45162889665717326	1.0278383022161721	-0.06570135874762009	
9.848664711210281	-0.7070567828900792	-0.03603012952912325	-0.45435271843078	1.0737452729000974	-0.07976410128036746	
9.872085735323626	-0.7677875480394858	0.06315899601061276	-0.45093204800842024	1.119523318534203	-0.09254927207868048	
9.90802887845919	-0.8291143349048309	0.15717063058065725	-0.44136329801400037	1.165579471766445	-0.10386909615488524	
9.960400783466572	-0.8897514791092606	0.2406597429114298	-0.4259030294392667	1.2126712361528293	-0.11365196260716036	
10.033615226604258	-0.9484236929313304	0.30808418824196837	-0.40507121936693585	1.2618683316582677	-0.12194041715472113	
10.132564615799861	-1.004015499123494	0.3539019005659549	-0.3796434512321299	1.3144946842997616	-0.12888438764880084	
10.262558038627343	-1.0557058039562337	0.3727594018373603	-0.3506334739799528	1.3720526408120335	-0.13472984652131517	
10.429203939458423	-1.1030710675236761	0.35965416548252765	-0.3192658747314149	1.4361296763329412	-0.1398026500018773	
10.638218827748755	-1.1461252120165157	0.3100411684144144	-0.2869378279837011	1.508297186047264	-0.14448807455003856	
10.895173949934797	-1.1853018679713034	0.21990036415888814	-0.2551790416254238	1.5900141441313627	-0.1492104117036854	
11.205179980960235	-1.2213817730574104	0.08578843361600201	-0.22560932611072348	1.6825372919783839	-0.15441260685278196	
11.572510260914491	-1.2553689688255563	-0.09509888180052758	-0.19989393991034338	1.7868397191255594	-0.16053613503210043	
12.000156050835406	-1.2883198195359729	-0.32481384760589865	-0.17969537528821886	1.903538695201802	-0.1680007082841508	
12.489378729928795	-1.3211579653162542	-0.604474954927895	-0.16662292459446237	2.0328456176333085	-0.17718503682799994	
13.039260604421084	-1.3545215163091877	-0.9339910113565464	-0.16218007411020322	2.1745282123720124	-0.18840831206870653	
13.646259492782937	-1.3886630886648303	-1.3116985123096767	-0.16770614562524694	2.3278813690024194	-0.20191146621904454	
14.303777498927843	-1.423416681650247	-1.733925228868485	-0.18430894143909834	2.4917037420396877	-0.2178375468869689	
15.001753934515047	-1.458239223982186	-2.1944946399357113	-0.21278200338961073	2.664275658985348	-0.2362098678184671	
15.72644961849372	-1.4923135903717206	-2.68433336483139	-0.2535165193918787	2.84335092827034	-0.2569120383142513	
16.460415862825943	-1.5246540444493102	-3.1912374620016095	-0.3064099589341613	3.0261519698135353	-0.2796695198037105	
17.18268615762797	-1.554187156281332	-3.6998626860688852	-0.37077736354617064	3.209371789027169	-0.30403448456008236	
17.869231934748548	-1.5797942949607084	-4.192008649902363	-0.4452732654961426	3.389187950954579	-0.3293766484441109	
18.493731906765184	-1.600308610233411	-4.6472885259211205	-0.5278314767578312	3.561294344254454	-0.3548834583966271	
19.028696082832084	-1.6144811886671733	-5.044280942241089	-0.6156598250706737	3.7209724451862756	-0.37958042769992534	
19.446754539773615	-1.6209493711732923	-5.361987262993926	-0.7052849945630616	3.8631935587790367	-0.4023701420411835	
19.722041959654064	-1.6182332270507456	-5.581488633954631	-0.7926482458206329	3.9827531358385597	-0.42208987321865055	
19.831621019923702	-1.6047787084282419	-5.687691509365986	-0.8732562987872553	4.07443879942694	-0.43758716324690805	
19.756922407388238	-1.579066374911284	-5.671059767815604	-0.9423931196463907	4.133236551521505	-0.44781261122764515	
19.484955858520955	-1.5397822785864064	-5.5288844185473645	-0.9953886399784925	4.1545572605056345	-0.45191463770988294	
19.009231506447204	-1.4860053079816595	-5.265898038154976	-1.027905585679254	4.134456873078756	-0.4493168352568859	
18.33042559066728	-1.4173712977539776	-4.894226924174066	-1.0362310917994288	4.069842882070246	-0.43976999597693794	
17.456752079899047	-1.334181936491121	-4.432639330204787	-1.017560140792203	3.9586561531212854	-0.4233719449699505	
16.404041075444198	-1.2374332026001524	-3.9050952703885673	-0.970264959816407	3.8000255570363835	-0.400551248990493	
15.195257896004236	-1.1287347985647889	-3.3386218801029774	-0.8940878613292199	3.5943469976439086	-0.3720075976441099	
13.8595795657938	-1.0101676883013668	-2.761043611896489	-0.7902353232966182	3.343289647693197	-0.3386309818591867	
12.431136688837944	-0.8841223388437189	-2.1988474960537867	-0.6613803814672109	3.049744088817181	-0.3014155314039441	
10.947435911394978	-0.7531375479170328	-1.6753370767889393	-0.5115659773172563	2.7177096404442094	-0.26137510984233014	
9.447511062161896	-0.6197568456824735	-1.2091933043964087	-0.3460139709408676	2.3521278766827134	-0.219466706442809	
7.969917789740756	-0.48641770107101207	-0.8136994941721728	-0.1708269207169598	1.9586524620705228	-0.17652995942079627	
6.550901155517625	-0.3553864561539262	-0.4966091225660754	0.007354880064516966	1.5433979322168179	-0.13324712567449326	
5.222827600856842	-0.2287442524068909	-0.2604648508553046	0.18170667199237575	1.1126860812604984	-0.09011823942658849	
4.0129453060288744	-0.10843427637600388	-0.10331482791250599	0.3455746409840936	0.6727903655113538	-0.04744957402982129	
2.9425038319180126	0.0036173599930648583	-0.019741410377244754	0.4928271476179013	0.22967934307158447	-0.005352843048021659	
2.0264391117593212	0.10531388478729801	-0.002128783506556594	0.6181710927105367	-0.21122180380255304	0.03624169733878517	
1.2735870262822082	0.19420523247625318	-0.041850010456256505	0.7173962648052854	-0.6452213629100596	0.07756154459988081	
0.6872084002721962	0.267376474367471	-0.13021437424097862	0.7875566426245881	-1.068507109349421	0.1189620212895054	
0.26578265851756616	0.32145537089577525	-0.25914317173903334	0.8270813728860723	-1.4782441692291786	0.16088936162292386	
0.0039873871725867645	0.35278317743102894	-0.4215404298151252	0.835817477911005	-1.8726277660716384	0.20383673678940545	
-0.10615390069827664	0.35778121506747834	-0.6113196747798041	0.8149707265578702	-2.2508671738094392	0.24829271084942686	
-0.07414369138666763	0.33343197975026206	-0.8231491250166231	0.7669552652445057	-2.613102435510535	0.29468875624027085	
0.08997865250461162	0.2777800619560996	-1.0520442390881928	0.6951986204108984	-2.9602815263070945	0.343349613553964	
0.3764789317558488	0.1903851700683776	-1.2928734638227044	0.6039070567104058	-3.2939958662076974	0.3944491662246726	
0.7765930085566297	0.07267413077640428	-1.5398300679020558	0.49780548792380036	-3.6162783401371463	0.44797396570568837	
1.2829505765594889	-0.07190606582117698	-1.7859454140018802	0.3818594623676633	-3.9293603479916506	0.503701543608229	
1.8897017729522805	-0.23798113512528996	-2.0227446111387937	0.26101536733141156	-4.235415209787244	0.5611983791931047	
2.5924112580420093	-0.41850464070025994	-2.240040099129302	0.13997445793647298	-4.536305591858071	0.619830426749233	
3.3877418085373296	-0.6051507588261447	-2.425871222133729	0.02299931817977064	-4.833337574297646	0.6787845784192515	
4.272943601081091	-0.7888113956244042	-2.5665926283570135	-0.08624665773020646	-5.127022878021036	0.7370977834562682	
5.245154533060841	-0.9601717942091051	-2.6471529158303375	-0.18481428251426246	-5.416866354305347	0.7936922241971267	
6.300617807538482	-1.1102767531118392	-2.6515685749483215	-0.270519166907668	-5.701217939488231	0.8474112785503825	
7.433899057517514	-1.2310444635612448	-2.563542769805729	-0.341950272664743	-5.977174865438373	0.8970509111356189	
8.637147878579952	-1.3157304111617552	-2.367243032643649	-0.3984386011209494	-6.240544139915004	0.9413874998557322	
9.89944358806856	-1.3593482428567365	-2.048257594411538	-0.43999241506148457	-6.485869089875564	0.9792024678982719	
11.206324131086815	-1.3590396435938337	-1.5947492902839968	-0.46719683391891415	-6.706545826609595	1.0093050377496906	
12.539674326966697	-1.3143338364523163	-0.9986558472690331	-0.481083783857513	-6.895048677354805	1.0305535845249214	
13.877920448515534	-1.2273372671329672	-0.2568913193390466	-0.4829994070558667	-7.043223157031316	1.0418785191194264	
15.196555076105103	-1.10282878049495	0.6275234049569512	-0.47446920767452755	-7.142648810535046	1.042308881678637	
16.468997693186875	-0.9482408801126005	1.644454843373195	-0.45706528567825583	-7.18506908415347	1.0310048965310048	
17.667821704478282	-0.7734629477415782	2.7759143204756027	-0.4322795413083391	-7.162888537568247	1.0072982789371572	
18.766208373184735	-0.5903848729729801	3.9959203832784866	-0.4014196263065453	-7.069668318171374	0.9707331705895548	
19.739431042783746	-0.4122610658436671	5.270852172360543	-0.3655330485469061	-6.9005913140158786	0.9211065938139682	
20.566276930571778	-0.2529249909401986	6.56033105245649	-0.32535990129157594	-6.652870791788952	0.8585032368741415	
21.23036705263764	-0.1258659802183183	7.818715085552472	-0.2813161902308206	-6.326096586471351	0.7833220908193876	
21.721319924596862	-0.04317986613321118	8.997375084057024	-0.23351250288227252	-5.92250274029795	0.6962905405272899	
22.035021627028023	-0.014862342590883296	10.04705705192672	-0.18181326508850398	-5.446902435401965	0.5984398367594498	
22.174767289254028	-0.047311890558412936	10.92239440841239	-0.12591485248537773	-4.906948554598432	0.49110372068448893	
22.148876061378218	-0.1441464640582938	11.58209005046305	-0.0654369280043954	-4.312162314788617	0.3758043940842056	
