20.21649333625153	-1.9656009056850563	11.264152185032492	0.4080077484006556	-4.032786836211401	0.0731125433805278	
19.98448435930346	-1.9106402042557675	11.495666796989664	0.588545274682442	-3.4632675634408514	-0.021195479764613327	
19.622567769194184	-1.8942190814665287	11.46741722857866	0.7525067288317235	-2.870671055734626	-0.1135738584602811	
19.151642246573456	-1.9209012225066504	11.178334957173794	0.8971331216007703	-2.2679204801276485	-0.20282132436910158	
18.595193376573654	-1.9918553905833871	10.639144587067419	1.0206308167468958	-1.6680043091158026	-0.28802868869353093	
17.979446195540433	-2.1030706731643107	9.877187224840618	1.1225369554921605	-1.0835628882717714	-0.36869474853620643	
17.331195270535826	-2.2456530769929985	8.933208553480057	1.2034182202259167	-0.5261431894914362	-0.4446453649768938	
16.6764805378132	-2.4059504827560616	7.859673307595326	1.2647400250652143	-0.005675447721255895	-0.5160033570009304	
16.038980369014162	-2.5666494452578523	6.716456043192772	1.3085791188311229	0.4699286177646459	-0.5831015085968123	
15.438621659684172	-2.7084066262458824	5.565667117817035	1.3373267922606686	0.8949641354435731	-0.6463722405424874	
14.890430663253518	-2.8118225228563443	4.46617762543638	1.3534048252737392	1.2659481717599401	-0.7062188862266763	
14.403734035192898	-2.8595702368960385	3.4684417639895577	1.359010928784485	1.581481997593029	-0.762878592068276	
13.981829748609366	-2.838451997796654	2.6103153118536873	1.3559171752793693	1.842001417503931	-0.8162935167398311	
13.622349366607633	-2.741011135827156	1.914815103464749	1.3453489137979935	2.0494443431042804	-0.8660221832785707	
13.31828131033379	-2.5663245293952364	1.3901976750962661	1.3279599529600041	2.206902213692978	-0.9112243110731317	
13.059335462977327	-2.3200638672675034	1.0315003819136164	1.303878896915974	2.3183043770173652	-0.9507154404962728	
12.833506403382104	-2.0138698759231892	0.8230665496406164	1.2728173378059355	2.3881265547812522	-0.9830850427160939	
12.62867279557381	-1.6641378315932205	0.7415786490208273	1.234231273297191	2.421126607355537	-1.0068651707731608	
12.434077483009206	-1.290308764474089	0.7592584622339352	1.1875318856802244	2.4221099956637993	-1.020730779990913	
12.241401127162653	-0.9129278162563041	0.8468196003050452	1.1323138514666062	2.3957456524164966	-1.023684203533591	
12.04533069725318	-0.5518242485631857	0.975814379061673	1.0685544488218357	2.3464383964329145	-1.0151912255160935	
11.843646104474809	-0.2244945679987369	1.1204198861485144	0.9967526001483645	2.2782489305936235	-0.9952567469948097	
11.636881187566674	0.05523032985159015	1.2586849137861431	0.91798113681384	2.194856639562107	-0.9644338832778847	
11.427667726296677	0.27818713867934786	1.3733140578632206	0.8338321288036415	2.0995585965541492	-0.9237680279390972	
11.21991530824432	0.4403199165498231	1.451929380147555	0.7462502912398997	1.9953041627844985	-0.8746809304069513	
11.018056245349062	0.5425634669373998	1.4869597845684672	0.6573183532111	1.8847419324865562	-0.8188344935740238	
10.826408674636083	0.5902332832196096	1.4752670569137547	0.5690426049966447	1.7702662045710138	-0.7579934590333433	
10.648679039022628	0.5919794087532463	1.4175584030685278	0.4831724898786108	1.6540568168041327	-0.6938988949982002	
10.487613586277996	0.5584159910337696	1.3176582300056245	0.4010804212499513	1.5381061256383157	-0.6281629325295488	
10.344829924783106	0.5006024466014942	1.1816583388932087	0.323727671983539	1.4242335152662051	-0.5621994170436884	
10.220819146951692	0.4287249039427314	1.0170801981281705	0.2517061882842076	1.3140890869916462	-0.4971968597278021	
10.11506280024514	0.35112501408284275	0.8321294695610885	0.18532065033819556	1.209149641098254	-0.4341218768189693	
10.026238972967349	0.2737251711092398	0.6350546251304475	0.12468824320249426	1.1107119359847473	-0.3737446916292766	
9.952486158205945	0.1998676978532767	0.43363107917767435	0.06983354714550495	1.0198855520684578	-0.31667716642833244	
9.89169337575182	0.13057104755506993	0.2347876851101771	0.020757152975506118	0.9375892835636377	-0.26341460198983885	
9.841757274925456	0.06510170070524128	0.04439823296208187	-0.022537752294442225	0.8645549059569739	-0.21437100627964106	
9.800769631552425	0.0016414039594891332	-0.13281097715836726	-0.06005468075395957	0.8013327627575213	-0.1699008109717241	
9.767134097264483	-0.06204246889228469	-0.2932635415018318	-0.09183567188462903	0.7482980812217568	-0.1303081509409856	
9.739613359322671	-0.12800671544234188	-0.4344652811696015	-0.11800331973170536	0.7056558167005651	-0.09584473840821207	
9.717314565344225	-0.19769012746235445	-0.5548835369703825	-0.13879999873117238	0.6734417242493681	-0.06669824172635001	
9.699626168587049	-0.27169560258598024	-0.6537798774745145	-0.15460750672715284	0.6515230483871053	-0.04297730434043675	
9.686142880474648	-0.3497650967845256	-0.7310494941560841	-0.16594499026379292	0.6395979923936201	-0.02469740908240321	
9.676595355815348	-0.43088600915419895	-0.7870813335492324	-0.17344856910293033	0.6371974762007134	-0.011770321468753592	
9.670794436730155	-0.5134818775400692	-0.8226479072508549	-0.17783671273185112	0.6436926153029118	-0.003998981270540872	
9.66859711377814	-0.5956412103067372	-0.8388332866932419	-0.17986639589112696	0.658310614938161	-0.0010784641341334146	
9.669896774033965	-0.6753432871759083	-0.8369952785005842	-0.1802863666407217	0.6801646679279221	-0.002605616255773582	
9.674634366136743	-0.7506387112321169	-0.8187555915776101	-0.17979553047386937	0.7082944275366525	-0.008094733326820853	
9.682824748616188	-0.8197814390831233	-0.7860043968201819	-0.17900768073586432	0.7417136489984235	-0.016996791535621673	
9.69459504448953	-0.8813151458620183	-0.7409048727004528	-0.17842341495775763	0.7794632632171637	-0.028721454937164333	
9.71023490878286	-0.9341192240634981	-0.6858865611736	-0.1784097337147516	0.8206680656889915	-0.042660615964906834	
9.7302573722401	-0.9774185958391959	-0.6236108517627095	-0.17919092033088668	0.8645930070151926	-0.05821219268627892	
9.75546312326089	-1.0107713197351735	-0.5569031228973813	-0.18085353214426353	0.9106902841089405	-0.07480093354717034	
9.787007534567781	-1.0340569956339745	-0.48866249497186015	-0.1833614790929961	0.9586360659470562	-0.09189522690376835	
9.826465648268611	-1.0474718110366779	-0.4217561376523247	-0.18658015226802008	1.0083540505565287	-0.10901968233637914	
9.875892010577694	-1.051534452407883	-0.3589079632620915	-0.19030752857960337	1.060023900626225	-0.12576324929764923	
9.937869937937453	-1.0471021171995643	-0.30259458171596243	-0.1943105956689275	1.1140710778908494	-0.14178246361596364	
10.01552954153607	-1.0353832206337297	-0.25497820174810076	-0.19836321715015137	1.171132668350716	-0.15679853700076551	
10.112536715744355	-1.0179463821608974	-0.21789005753490576	-0.20228147645557917	1.2320089625127302	-0.17059114108601245	
10.233042381423099	-0.996719330694991	-0.19287374876994431	-0.20595622543048583	1.2976036874956014	-0.18299013366113204	
10.381581469106997	-0.9739722967731238	-0.18129465013834767	-0.20938200757915193	1.3688567400491904	-0.19386664992640287	
10.562907672256525	-0.952279410627106	-0.1845201667490327	-0.21268224007938138	1.4466730239911023	-0.20312542198880687	
10.781755298045981	-0.9344407673837907	-0.2041512769625026	-0.216125531286375	1.531856316198808	-0.21069994365560876	
11.042556338627845	-0.9233633324267907	-0.2422510701555271	-0.22013269660314333	1.625056168434392	-0.21655231550485163	
11.349128760250949	-0.9218961327702262	-0.3015290867485524	-0.22527470894292684	1.726727573547266	-0.22067749473852563	
11.704350212222437	-0.9326195333142	-0.38543995203315856	-0.2322605782258552	1.837103276361648	-0.223111039941374	
12.10981840963365	-0.9575905949554744	-0.4981537537308918	-0.2419151570753531	1.9561758737466093	-0.2239395502507765	
12.565525309388992	-0.9980782523446573	-0.6443322112588127	-0.25514501039510956	2.083690115353754	-0.22331090212068602	
13.069566799612117	-1.0543542073652161	-0.8287060662157746	-0.272895728818269	2.219140201607785	-0.2214408218064267	
13.617861357368453	-1.1255668067420723	-1.0554894964895318	-0.2961025656620456	2.361763117355929	-0.21861469595295255	
14.203889121747501	-1.2097198470817192	-1.3276625923760506	-0.32563268177371385	2.510525991379264	-0.21518302532604835	
14.81845523068466	-1.303760200038606	-1.6461579032036835	-0.36221663644696034	2.664103657434411	-0.21154961134664108	
15.44952429405009	-1.4037719468517156	-2.009024604397694	-0.40636650046848255	2.8208456194334315	-0.20815107739734864	
16.082237674255225	-1.5052368664940055	-2.4107773908899377	-0.4582900577004337	2.9787416585122943	-0.20542924714227687	
16.69909785439054	-1.6032911930171183	-2.841991237128376	-0.5178057397307474	3.1353871438545307	-0.2038004989838665	
17.280357212954307	-1.6929653190877234	-3.2892233264746746	-0.5842667071280853	3.287957070677426	-0.20362434815942362	
17.804624171478913	-1.769398402331956	-3.7353271425490404	-0.6565028440913275	3.4331967391942966	-0.20517405062783528	
18.249704041490734	-1.8280336822111942	-4.160234106328706	-0.7327905021406155	3.5674387907080387	-0.208612263055541	
18.593631612693564	-1.8647942560244122	-4.542257852994946	-0.8108768029103436	3.686666676226433	-0.2139796394828623	
18.815754550956992	-1.876254959973059	-4.859695493970489	-0.8880522022880896	3.7866172134365628	-0.22119665033733135	
18.897815858485302	-1.8598261803952982	-5.092601445825307	-0.9612694547798069	3.862920038850554	-0.2300768188524157	
18.824979901473586	-1.8139537417026446	-5.224600637496931	-1.0273063244640792	3.9112702401108184	-0.24034884472440765	
18.5867813842472	-1.7383435719690885	-5.244627802481762	-1.082967884726283	3.927631396858035	-0.2516832203848724	
18.177839622426315	-1.6341660368136819	-5.14824618559995	-1.1253104151605733	3.908448736177525	-0.2637170993049278	
17.59828590538315	-1.5041923288654717	-4.938304233804538	-1.1518475355894646	3.850841843771132	-0.2760691274691234	
16.853967978447503	-1.352835888228237	-4.624944652835612	-1.1607200469487873	3.7527690484883776	-0.2883427697558588	
15.956413556585419	-1.1860586823497796	-4.224925902355129	-1.1508115153984189	3.6131519737116458	-0.30012037148742693	
14.922575916150635	-1.0111193768762157	-3.760295716058035	-1.1217962582093564	3.4319561545417407	-0.3109519394297134	
13.774291750044348	-0.8361319312467254	-3.256451798912482	-1.0740950613082678	3.2102079871334	-0.3203471732938518	
12.537436970646693	-0.6694861454130686	-2.739956398660767	-1.0087395170250157	2.9499354509335864	-0.32778170705767173	
11.240916600562953	-0.5192139186878694	-2.2365005760156444	-0.9271930729469607	2.6540633086267142	-0.33272071577649814	
9.915490478114412	-0.3923364242109295	-1.7691483300330193	-0.8311570329531249	2.326266342931529	-0.3346584008797476	
8.592482854779243	-0.2942345691195266	-1.3569617922667387	-0.7223947812773402	1.9707922856815594	-0.33316843378351024	
7.302421616828689	-0.2280961046307042	-1.0140523088523938	-0.6026101031666158	1.5922649588102096	-0.3279557136313498	
6.073785397483886	-0.1946017623632199	-0.7491904871523274	-0.4734139955126525	1.1954858671392725	-0.31888706818299856	
4.931972318398394	-0.1918770554653592	-0.5658330502052454	-0.3363730054639769	0.7852585969823027	-0.30599019064192934	
3.8985168736448528	-0.21571085289977468	-0.4625387395442379	-0.19311463047875263	0.3662315401723287	-0.28942003553771584	
2.990588492429863	-0.2600186214544256	-0.43374656700248754	-0.04546426802269892	-0.05724210446623419	-0.2693973027368084	
2.220769243810245	-0.3175044753417055	-0.47085479628338656	0.10441421007081497	-0.48123052288392976	-0.24612823695396285	
1.5972028012890909	-0.38044992684573914	-0.5634840484516266	0.2539237427931785	-0.9023191429303785	-0.21972587103482527	
1.1239748610443134	-0.4414772356150693	-0.7006056893876342	0.4000105268538782	-1.3176710304040973	-0.19015315627461754	
0.8016263625355272	-0.49423022909268155	-0.8714200801532356	0.539208810877029	-1.7250556085080828	-0.15719301813043268	
0.6277716845402777	-0.5339275323761109	-1.0659379283391508	0.667750796631048	-2.1228441980642847	-0.12044818679377875	
0.5977741585300225	-0.5577514404729239	-1.2752387268933116	0.7817352946761124	-2.5099759474943664	-0.07937175389200958	
0.7054646361177114	-0.5649902732363047	-1.4913912920040846	0.8773460139036873	-2.8858877364033813	-0.03333036373733991	
0.9438087196848141	-0.5569139125281929	-1.7071239833488152	0.9510844411933328	-3.2504165709137287	0.018310851481996945	
1.3054624550841583	-0.536467001924828	-1.9153839451881371	0.9999974050358461	-3.60368853109863	0.07609355237099112	
1.783209218770423	-0.5078160667085811	-2.10886588953704	1.0218864707993163	-3.9459932389542343	0.1403683733444288	
2.3702551071496507	-0.47579947573849274	-2.279580116135517	1.0154894489689223	-4.277645222499628	0.2112001911007798	
3.0603522781237573	-0.44532736929057304	-2.4185272340451665	0.9806178912766639	-4.598830691411251	0.2882848312039302	
3.8477207006768093	-0.42083154120279	-2.515558110500306	0.9182137778287803	-4.909452537298516	0.3708963599083133	
4.726804671975275	-0.4058282675742806	-2.559399854155593	0.8303470302083475	-5.208979235016871	0.4578620757889722	
5.6918875297574365	-0.40260598640195927	-2.537841054555532	0.7201536653196053	-5.496300282132915	0.5475667707972838	
6.736586850534659	-0.4120526268201872	-2.438077163228404	0.5917180400436687	-5.769593501154123	0.6379866313306527	
7.853243143242255	-0.43363347208707603	-2.2472380775652456	0.449903383464949	-6.0262081937639005	0.7267528439622392	
9.032303226338666	-0.465559969424735	-1.9531009057141941	0.3001280259228061	-6.2626010680148125	0.8112483655581786	
10.261782321551133	-0.5050913212056309	-1.5449422321528228	0.14812765158260763	-6.474326945938073	0.8887202028577503	
11.526856591751189	-0.5489301036102165	-1.0145171535919402	-0.00028762982280496047	-6.6560901228140175	0.9564021400719835	
12.809648347325242	-0.5936784689474989	-0.3571349430532682	-0.13947591667416404	-6.801866910879127	1.011644360942933	
14.089251275348547	-0.6363185429857479	0.4271685348761501	-0.26420466036467394	-6.905108176914262	1.0520487955827578	
15.342120041532837	-0.6746461335910326	1.3325340690244758	-0.3698747797119086	-6.959038259725885	1.0755993703191573	
16.54279078542593	-0.7075795273754829	2.3464281873994945	-0.4527085965657035	-6.957017982963977	1.0807731277947026	
17.66485914820361	-0.7353391502669462	3.4490760318487146	-0.509905910868194	-6.892952385706679	1.0666323859864746	
18.682162952239384	-0.7594959584178976	4.613292912742644	-0.5397575346869525	-6.761720413571421	1.0328904926068898	
19.570150501876146	-0.7828951012429353	5.804803667587914	-0.5417143828845228	-6.559623222977155	0.9799491267603887	
20.307426273501164	-0.8094464106490638	6.983284727470063	-0.5163955772429978	-6.284841464487847	0.908896317586166	
20.87672751842757	-0.8438342198443415	8.103966224152689	-0.4654732966528138	-5.937632102483987	0.8214322788347738	
21.267135011124466	-0.8910847444428556	9.120401045709656	-0.3916292205999441	-5.520962947855752	0.7198243917569871	
21.47265340076134	-0.9562719525778678	9.986193870269757	-0.298176431509332	-5.039787615688296	0.6066862013912186	
