22.00068922547195	0.180312247752863	10.5046518176624	0.4137125363074303	-4.573012078453122	0.3698145644132909	
21.8024966619536	-0.039728601314280264	10.935081173857125	0.47058664280254614	-3.952544535328259	0.2546320981125913	
21.44169865373615	-0.3317364227457239	11.112223681480893	0.5331153222776699	-3.2996490933344957	0.13439772279387321	
20.94380188183348	-0.6856860906656502	11.029706078805601	0.6004050523867993	-2.6286229575830884	0.011677436376487344	
20.337012276429206	-1.0875780095435232	10.693511110578461	0.6715085924207788	-1.9540049964861288	-0.11117962519190872	
19.6521636785412	-1.5180989447854327	10.127114622099901	0.7453980615034529	-1.29021306636516	-0.23218975628701968	
18.92009700025407	-1.9542132024633383	9.368207826919772	0.8209553947252205	-0.6507180808947575	-0.3497652110909487	
18.170093204645863	-2.3701994606376577	8.46686353000752	0.8969198739395616	-0.047480750635755	-0.46272126126802304	
17.428116459384967	-2.7396028249003557	7.480916096872085	0.9718332783231708	0.5095130996696887	-0.5702064997931112	
16.715427723520065	-3.0374437749035716	6.470484064758254	1.04400095076019	1.012498844647349	-0.6715864874136033	
16.04758030501215	-3.2424928066518928	5.492296071989987	1.1114833832782003	1.456004264019547	-0.7663036635096507	
15.43390081035125	-3.3393807195893634	4.594469055748435	1.1721281251624842	1.8367702078019437	-0.8537345640778015	
14.877556133407037	-3.3202957574862237	3.812461021967974	1.2236472950857515	2.1535658519266545	-0.9330701167882762	
14.3763689626214	-3.185849107890658	3.1671043889201824	1.2637433653262395	2.406927497769301	-1.003256003086107	
13.924230302321902	-2.9448703443208615	2.664974966705261	1.2902615625181517	2.5988760648741818	-1.0630193605697957	
13.512740823661673	-2.6134283636154567	2.300183257046708	1.3013514697308144	2.732659607059224	-1.1109680336257959	
13.13290644118562	-2.2132166428046	2.0570993121081695	1.2956313796397332	2.8125060944254363	-1.1457442411930547	
12.776685401780059	-1.7694997776351284	1.913531028975504	1.2723510976376258	2.843385798555855	-1.1662096899908827	
12.43815955029906	-1.3088052344528274	1.8439937469436414	1.231543442449475	2.8307773377315084	-1.1716306876596938	
12.114037868775346	-0.8567073699480676	1.8226105498726635	1.1741137784978581	2.7804438075685782	-1.1618070420358786	
11.80357531568293	-0.43594430345464524	1.8253409358328583	1.1018490179214302	2.6982409599363084	-1.1371311466902274	
11.508082293926256	-0.06488405786141134	1.8316002366146342	1.0173298341278856	2.5899541840484	-1.0985799870250441	
11.230195944166814	0.2435956389720641	1.8252883474519395	0.9237446026607904	2.4611661336436086	-1.0476480699601909	
10.973088533443438	0.4827386496294498	1.7952751835464251	0.8246153883778782	2.3171535195887216	-0.986234583468923	
10.739780961954864	0.6517503214605564	1.735268652589576	0.723477050179804	2.162819614117266	-0.9164982520878947	
10.532656971635342	0.7549741966925844	1.6432941867614268	0.6235860931484131	2.002651131601541	-0.8407132178672573	
10.353151372206552	0.800610747811041	1.520947642282081	0.5276908566293177	1.8406880610590133	-0.7611372547793607	
10.20159418031759	0.799163404738583	1.3725095140937262	0.4378840584668081	1.6805022817395168	-0.679900049223768	
10.07718936339226	0.7618358416500587	1.2040144884372237	0.3555480231430195	1.5251785863061689	-0.5989175628538099	
9.97813121812948	0.6991496793967897	1.0223454475836025	0.2814060300307206	1.377305657104349	-0.5198426445162345	
9.901815409345732	0.6200405062992258	0.834483103205517	0.21564481629647927	1.2389792762493836	-0.4440510484399397	
9.84509396785562	0.5314080954862515	0.6469364436970013	0.15805864770067574	1.1118141513180628	-0.37264895202695636	
9.804553207630041	0.43805662921560584	0.4653416517510417	0.10819085311679062	0.9969691495569748	-0.30649513130304434	
9.776788200500022	0.3429441476514466	0.2942198156604112	0.06545014955926057	0.8951852801231265	-0.24622997638630062	
9.75864274100947	0.2476529444429968	0.136888798829112	0.029186148316247135	0.8068387913897155	-0.19230608642153674	
9.747368549068804	0.15293229032522443	-0.0044825204382684825	-0.001279343170982691	0.7320058431530668	-0.14501587410531933	
9.740704169448286	0.059167116639983	-0.12874774691902954	-0.02664958292090342	0.6705229082750152	-0.10451069045582703	
9.736887491271904	-0.03326429289368312	-0.2356066953500387	-0.04766112909491703	0.6220409314500118	-0.0708140523447145	
9.734618279417798	-0.12377221919723692	-0.32540106062462915	-0.0650899555135744	0.5860694478463467	-0.043830404510581025	
9.732992252001823	-0.21148926302109564	-0.3988996154793681	-0.07974389588623194	0.5620078918522644	-0.023351336539513746	
9.73142796883146	-0.2953397465181313	-0.4570942239108104	-0.09243616937582563	0.5491653418300603	-0.009063950503361515	
9.729615405482884	-0.37417099317111996	-0.5010399475760904	-0.1039479737594483	0.5467706045177603	-0.0005603755284281232	
9.72748627780394	-0.44689642468111834	-0.5317414389273429	-0.114988517122964	0.5539786299454132	0.002650863525715315	
9.725200541590231	-0.5126218799296968	-0.5500884613030236	-0.1261591969016128	0.569877624148011	0.001131326859338313	
9.723141290161673	-0.5707402753746033	-0.5568420340486134	-0.1379263165098351	0.593500442700801	-0.00450280829816501	
9.721902135768547	-0.6209821698343453	-0.5526711743757741	-0.15060778330603009	0.623844174848869	-0.013598798012995064	
9.722265901988937	-0.6634251215841674	-0.538221684454291	-0.16437079227753562	0.659896696983988	-0.025485898192262484	
9.725181638337787	-0.6984704786312868	-0.5141992249183585	-0.1792357152224487	0.7006688972097126	-0.0394937749033644	
9.731745193420522	-0.7267916172033222	-0.4814553738883197	-0.19508545971297386	0.7452317141626413	-0.05497057354112232	
9.743190288616999	-0.7492624624925004	-0.4410677206508795	-0.2116793194873234	0.7927574770889865	-0.07130040591125592	
9.760893394620823	-0.7668798986498637	-0.3944002428033816	-0.22867311159386322	0.8425625846309855	-0.08791920853971294	
9.78638987162343	-0.780703773182646	-0.34312810472009214	-0.24564448871001207	0.8941441330941553	-0.10432686676646268	
9.821399572145008	-0.7918224381114997	-0.2892287989901265	-0.2621198207761955	0.9472091357509272	-0.12009610862633137	
9.867858657024751	-0.8013363931738614	-0.23493946992562376	-0.27760280331475445	1.0016930009570175	-0.13487777154825906	
9.927956359148512	-0.8103505741234664	-0.1826847170523849	-0.2916047404398198	1.0577650638729166	-0.14840236478479135	
10.004174149307767	-0.8199619062629278	-0.13498287877734674	-0.3036778305892965	1.1158176832891655	-0.16047752153469774	
10.099311153256226	-0.8312330505686849	-0.09435533179201588	-0.31345020939796137	1.1764339905731145	-0.17098026095066302	
10.216488143106341	-0.8451540546597843	-0.06326959258767646	-0.32066228503220306	1.2403433393640528	-0.17984726700954404	
10.359118102609909	-0.8625963312965448	-0.04413169531279376	-0.3252034591201977	1.3083673410828174	-0.18706423264908756	
10.530833723614272	-0.884262873325925	-0.03933827363041827	-0.3271473062907605	1.3813602881973617	-0.19265561355011696	
10.735361341483312	-0.9106358287835691	-0.051395049339916996	-0.3267839885429438	1.4601476498382489	-0.19667652501536434	
10.976339769123934	-0.9419287109527869	-0.08308017720066663	-0.3246406502510901	1.5454707325423729	-0.19920815000609207	
11.25710743748853	-0.9780432403997487	-0.13760040834742493	-0.32148925777174786	1.637943976495568	-0.20035777565642127	
11.580468808053176	-1.0185316118712413	-0.218696711745404	-0.31834223226078795	1.738023725966088	-0.20026251040643347	
11.948446829987596	-1.0625707563502715	-0.3306579717552328	-0.3164339035174482	1.8459872668280342	-0.1990952942211264	
12.362013724293952	-1.1089558744843024	-0.47819948123218986	-0.3171868874704212	1.9619184170297213	-0.19707191191975545	
12.820807246558049	-1.1561355536534583	-0.6661490563922482	-0.3221581061146743	2.0856981459460338	-0.19445605048732434	
13.32284031791586	-1.2022992269451598	-0.8989496085498518	-0.33296747538237975	2.2169951874514293	-0.19155972456973444	
13.864187108352331	-1.2455097382275098	-1.1800167883547987	-0.35121241742252407	2.3552496805533156	-0.1887384163511321	
14.438667222578788	-1.2838724660636893	-1.5109923359815416	-0.37836731858892736	2.499648720411391	-0.18637976211834403	
15.03754522319432	-1.3157238366063433	-1.8909353936670856	-0.41566715318864933	2.649091064748945	-0.18488499770966338	
15.649305355322454	-1.339807093474975	-2.315537646155096	-0.4639762759561505	2.8021411259381703	-0.1846421380406565	
16.25962207233988	-1.3553771419170413	-2.77657671848302	-0.5236627519477068	2.9569832627198576	-0.18599380725385084	
16.851509371754737	-1.362221158386734	-3.2616508699752735	-0.5944851086956403	3.111377759577034	-0.18920342172249516	
17.405681040224948	-1.360596334965109	-3.7542750529131768	-0.6755025670420386	3.2626273058798696	-0.19442277342087205	
17.901132607419715	-1.3510949422038954	-4.234399745192566	-0.7650193025310621	3.4075617698280416	-0.20166461056493795	
18.315962055176353	-1.334454955555467	-4.679428971258067	-0.8605741310130153	3.5425506762096273	-0.2107844700831573	
18.628393268201076	-1.3113602774569637	-5.0657656534898825	-0.9590061966114549	3.663564446605586	-0.22148180723942906	
18.817863836836246	-1.2822867736113281	-5.370633093652991	-1.0565793117237832	3.766275529002706	-0.23331943250247014	
18.86612488904048	-1.247416527750982	-5.574027111619498	-1.1491575841627284	3.8461963119001505	-0.24575909694996662	
18.758295511112966	-1.2066356225674553	-5.6606378596813425	-1.2324251079053026	3.8988496525145404	-0.2582100850183138	
18.483848424077827	-1.1596257290412026	-5.621603726128659	-1.3021415617187855	3.9199685250125316	-0.27008609318988785	
18.0373667545053	-1.1060478247856838	-5.455699613580814	-1.3544099629869122	3.9057060707593085	-0.28086040317904926	
17.419016539564538	-1.0457637623459297	-5.169744632492263	-1.3859151380150148	3.852827007208379	-0.29010598090963874	
16.634796690548068	-0.9790413729923785	-4.778296826233403	-1.394121153464314	3.758873993175098	-0.29751704287217406	
15.696543386344157	-0.9067025090549884	-4.302627972729333	-1.3774159070287868	3.6222999489261007	-0.3029113582565333	
14.621707184661703	-0.8301844208061018	-3.7690511067598846	-1.335197548137388	3.442564703794119	-0.3062152088979658	
13.432825840010276	-0.7514915124380099	-3.206667666377412	-1.2678826431095729	3.2201800924522863	-0.3074351453974673	
12.156674944827301	-0.6730591033291302	-2.6449365446328645	-1.1768283617418769	2.956690300131003	-0.306627846597309	
10.823234390305164	-0.5975729884511946	-2.1114488077715943	-1.064208952742573	2.654613884307945	-0.303878191882344	
9.464463634937282	-0.5277479563145155	-1.6300439736214984	-0.9328611201751937	2.3173455660174938	-0.29928721609451586	
8.112927053034138	-0.46606738502481837	-1.2193851749581683	-0.7861199331173137	1.9490221017207194	-0.2929688837518283	
6.800312877121922	-0.4144894604942842	-0.8920765197864079	-0.6276660611961931	1.5543518979532878	-0.2850498224861368	
5.556065228338136	-0.37419978534354215	-0.6545129454854932	-0.461400893632148	1.138410089975708	-0.27566030264890745	
4.406297624871264	-0.34547715406892493	-0.5072650210254724	-0.2913571034611923	0.7064291041734508	-0.26491047958514885	
3.3730273915832276	-0.32769661915288606	-0.4459061095488177	-0.12162653404658459	0.26358995625251347	-0.2528540878560698	
2.4737521286331106	-0.3194749310359738	-0.46217435213685854	0.04370969867521273	-0.18517590979955778	-0.2394452333032509	
1.7213324793167766	-0.31894733216649834	-0.5453171489488037	0.2006663336518006	-0.6353663209548484	-0.22449562385797112	
1.1242258452518405	-0.3241382040875146	-0.6834078738103146	0.34546179918503805	-1.0830425489188318	-0.20764717883698014	
0.6869101011646198	-0.33332056417866407	-0.8643512852070424	0.47463864655934257	-1.524911386423886	-0.18836738807404044	
0.41040770083401446	-0.34529668166990984	-1.0765494379449922	0.5851858933488885	-1.9583643367317147	-0.16596860086337809	
0.29288977832394675	-0.3595542278599672	-1.309244418212555	0.6746517091885316	-2.381475029543768	-0.13965257394511174	
0.33031746055118916	-0.3762673343584339	-1.5525664822359755	0.7412411260749734	-2.792959869498071	-0.1085801501403441	
0.517106385815869	-0.39612395496943975	-1.7973228279788958	0.7838822085125078	-3.1920932593940865	-0.07196296987479814	
0.8467226346203985	-0.4200379472444336	-2.034635340051153	0.8022542710463935	-3.5785851061775027	-0.02916047341917902	
1.312149001114964	-0.4488240425594737	-2.2555368617135114	0.7967942038336887	-3.952435940631978	0.020228371798762673	
1.9062127447522164	-0.482880593255613	-2.450582377239123	0.7686794240015059	-4.313769276849541	0.07628547760493538	
2.621750021738776	-0.5219204743892981	-2.6095242223507036	0.7197905939269945	-4.662644276200498	0.13871105187547603	
3.4515774835848707	-0.5647945331307624	-2.7211070864661284	0.6526500977679917	-4.998850897102821	0.20678500790240686	
4.388269816525617	-0.6094599487658126	-2.7730579820879004	0.570329072349892	-5.321712929666801	0.2793645800172462	
5.423788725814474	-0.6530680981149075	-2.7522637252388953	0.47634230222074775	-5.629910288939589	0.3549066380478491	
6.549004684394661	-0.6921584217418634	-2.645142906216626	0.3745295299561478	-5.921328880669895	0.4315133433327066	
7.753152756455564	-0.7229458218312315	-2.438219076970154	0.26892582740066795	-6.192948443235765	0.5069988270656663	
9.023259477647345	-0.7416973173738709	-2.1189228650397665	0.163622363158564	-6.440778430422025	0.5789754889071446	
10.343692652909413	-0.7451683490299574	-1.6765708686781426	0.06262568293842678	-6.659883441420635	0.6449583711180366	
11.695901322214102	-0.731045756667696	-1.1034358644803652	-0.03027217603353746	-6.844487755169098	0.7024736854267616	
13.058385322830993	-0.6983694187827233	-0.3958642974551173	-0.11161358549804963	-6.9881573614676755	0.749168981799181	
14.40693994704872	-0.6478954489894126	0.4446241339461502	-0.17838398322916182	-7.084061848358506	0.7829222965093846	
15.715206871336022	-0.5823709250658256	1.4102814763468094	-0.2281120034493554	-7.125319306024949	0.8019502292905417	
16.955589015975374	-0.5066239368259511	2.486354411239394	-0.25894763957859024	-7.105416590397461	0.8049036126404545	
18.100405981339076	-0.42743865444644075	3.650725477067803	-0.26971194822644945	-7.018652345168463	0.7909409930067133	
19.123196610875084	-0.3532437348264508	4.87396934035332	-0.25992332564045606	-6.860582728533576	0.7597820467577732	
20.000085716584227	-0.2936285636892536	6.11990238406541	-0.2297934254038569	-6.628440057760445	0.7117349415315052	
20.711184726050938	-0.25869759933273134	7.346699327115191	-0.18019257756137436	-6.321516646326836	0.6476960358815674	
21.241976193761047	-0.2582526264768817	8.50879267327878	-0.11257821833986628	-5.941487648968939	0.5691120897691574	
21.583906981253563	-0.301144486790136	9.558954400882326	-0.028879000267043233	-5.492435047295611	0.47789128301371636	
21.736123551276492	-0.39395603762175646	10.452225289794495	0.0685893930703376	-4.981196790184185	0.37631405004212415	
21.70337585607946	-0.5412973618783907	11.146675347793524	0.1772915008316059	-4.4165119882051	0.2668649751677251	
