20.736825027354552	-0.3896714011718883	11.390846574510457	0.1254979885667101	-3.6719793960396783	0.3325872953459647	
20.385380001692162	-0.42939961980916236	11.532612872246117	0.19366971050843138	-3.045094715953137	0.21624398543685983	
19.90696359357734	-0.5530814826499559	11.39331650928818	0.2626914436722476	-2.401347848865964	0.09857207129152704	
19.326057391663884	-0.7564062455748263	10.979579544522062	0.3337932839392402	-1.7555318440964705	-0.018505979209972736	
18.668988852388512	-1.0297352501123065	10.312278291691937	0.40815303795830715	-1.1221332657398313	-0.13334661309208315	
17.963526466919465	-1.3564980140931309	9.430689609488851	0.48672586028479226	-0.514703117479987	-0.24471587682275014	
17.236924973182553	-1.714803735994116	8.38784963765566	0.5700169213582786	0.054851047210774134	-0.3517685354215492	
16.51466045373043	-2.0784590155291265	7.247411482861508	0.6578949320509774	0.5767698365234091	-0.4540261853605782	
15.818998732495427	-2.419059552864332	6.077807086651169	0.7494430896658005	1.0437756065006083	-0.5512835451808149	
15.167842472200455	-2.7085251798866876	4.945747625214211	0.8429011439520923	1.4511412852956695	-0.6434692728699783	
14.573897938733756	-2.921799992069874	3.9099904381544253	0.9357026185492965	1.7965699902544134	-0.7304853774191703	
14.044279690309565	-3.0393992207314695	3.016231259517516	1.02461343881844	2.0799350034897794	-0.8120497485015723	
13.580636630599034	-3.049446709131038	2.2938773254428937	1.1059643394354812	2.302937777694562	-0.8875705587307261	
13.179790822370936	-2.948944190914896	1.7550306601471772	1.1759566665270536	2.4687432419383057	-0.9560784889915339	
12.834853086960461	-2.743951324938325	1.395809881462368	1.2310039655345375	2.5816163468837647	-1.016245010046745	
12.536584826552577	-2.448661700390844	1.1992990537911201	1.268046856250915	2.6465855166721	-1.066488531726484	
12.27478280416317	-2.0837033519077197	1.139146516978093	1.2848176254036057	2.6691430232993247	-1.1051424263231067	
12.039577705352373	-1.6738739795280733	1.1833779120158412	1.2800456486007252	2.654974521330492	-1.1306598502212803	
11.822516192659057	-1.2455960960307353	1.2980277976610948	1.2535942212239586	2.609721875306359	-1.1418243742001823	
11.61731017694306	-0.8243734520622249	1.4503170834456296	1.2065192940433136	2.5387828099855865	-1.137935796010901	
11.420103949793285	-0.43260329899712263	1.611085147180193	1.1410069658071043	2.447161294307838	-1.1189258475438952	
11.229305444066918	-0.08800507465362822	1.7563495508281182	1.0601904778952072	2.3393767667461907	-1.0853860024556021	
11.045156831752681	0.19734567306567272	1.8681538198120151	0.9678718266519921	2.219425088888561	-1.0385208630794793	
10.86917883571208	0.4173710662046347	1.9348030465161448	0.8681754129785193	2.090785477750842	-0.9800421700511327	
10.703602263018121	0.5717435337975778	1.9505862522808541	0.7651752993746808	1.9564630467600606	-0.9120246159940704	
10.550852343749822	0.6650554576155072	1.9150753000967466	0.662540353112148	1.8190537444263324	-0.8367441625763171	
10.41312491493962	0.7054503684876801	1.8320535102400626	0.5632643087646428	1.6808213608184452	-0.7565212880058664	
10.292074325767716	0.7030652046353003	1.708335367870477	0.4695135831302047	1.5437658814073578	-0.673592667401791	
10.18860526043832	0.6685140520943466	1.5525878521366199	0.3825914044730869	1.4096770928484392	-0.5900160944688979	
10.102769465430773	0.6116022331136052	1.3742356769820296	0.3030090701430788	1.2801709904152405	-0.5076102469993949	
10.03376500306342	0.5404169518077911	1.1825244958560819	0.23064150361939229	1.156708174467596	-0.4279264634567014	
9.980036590059568	0.4608860812594872	0.9857968702883005	0.1649373260268846	1.0405970321118518	-0.35224693926767947	
9.939463190476216	0.37682512894778675	0.7910452350368418	0.10513671788507561	0.9329896763804443	-0.2816028029306397	
9.90958158432106	0.2902962688335706	0.6037078164822257	0.050449488389892994	0.8348752034329506	-0.2167973488550003	
9.887816940590987	0.2021362026208734	0.4276593640351669	0.0001800345582225073	0.7470745765811123	-0.15842919831384508	
9.871692733109933	0.11252510251187967	0.2653537644061404	-0.04620562385879407	0.670238661221519	-0.10691227006688217	
9.858999041914664	0.021484444387197984	0.11806892772897246	-0.08906505381501459	0.6048482290625534	-0.06249073456773878	
9.847902498337618	-0.07078756621053235	-0.013784621814167015	-0.1286038607015208	0.5512148507637845	-0.02525103743797893	
9.836993266428438	-0.16379193913209703	-0.1303494318237077	-0.1649167553016778	0.5094807799257298	0.004866036652568789	
9.825291277937593	-0.2567701276652227	-0.2320498886268531	-0.19802452338210366	0.4796146750277573	0.028052807767074923	
9.812227895950635	-0.34883929016694115	-0.3193775563465817	-0.22789985571337562	0.4614050602662199	0.04461956562835251	
9.797616708639673	-0.43914904483916734	-0.3927457392252064	-0.2544811395383449	0.4544541804943212	0.05497669912270514	
9.781624169847717	-0.526994692431138	-0.45241852735490296	-0.27767910309751703	0.4581754356847497	0.05961503015120408	
9.764737983477392	-0.611843626593391	-0.4985167311321233	-0.29738595555077907	0.47180194180207874	0.05908507125148653	
9.747730890414685	-0.6932867698265904	-0.5310853736085239	-0.31349325041642767	0.49440844009918744	0.053978023904068334	
9.731617995757002	-0.7709596077278466	-0.5501976988622166	-0.3259175222293965	0.524944907387845	0.04490952803188792	
9.717606556888153	-0.844469523028841	-0.5560738418387048	-0.33462888071250746	0.5622809443685943	0.03250581072912553	
9.707042915208639	-0.9133559054836677	-0.5491927256133446	-0.3396761333398367	0.6052581411030917	0.01739198429217985	
9.701364560846885	-0.9770949727949929	-0.5303794603645499	-0.34120231233441467	0.6527478032140409	0.00018189502927863188	
9.70206615809942	-1.0351421970132852	-0.5008470918815308	-0.3394451334983273	0.7037085175493307	-0.018530554127028986	
9.710684634280739	-1.086990546801141	-0.46219454005688604	-0.33472584593395244	0.757238165746392	-0.03817874882438617	
9.728799420378087	-1.132232735108802	-0.41636972808711464	-0.3274315373293296	0.8126187548434959	-0.05822969662279772	
9.758043021102468	-1.170622412471196	-0.3656045082440845	-0.3179943255519354	0.8693515984235614	-0.078189330023555	
9.800118108532098	-1.202131251856122	-0.3123294486168343	-0.30687005855127897	0.9271809130579609	-0.09760681540260785	
9.856819676811517	-1.2269965833444416	-0.25907533756834505	-0.2945176827711199	0.9861032428715827	-0.11607781636974673	
9.93006124518736	-1.2457418044969804	-0.20837447333083362	-0.2813810283200682	1.0463566409389105	-0.1332458094364054	
10.0219058565111	-1.2591625525232248	-0.16268046669782446	-0.26787540805680826	1.1083944849942586	-0.14880221674217362	
10.13459733174642	-1.2682776836305054	-0.124320316958495	-0.25438113039857774	1.1728457146820404	-0.1624856546672377	
10.270582387214096	-1.274252845612292	-0.09549406409384464	-0.2412460067609983	1.2404643859469064	-0.17408087129377242	
10.432511172525999	-1.2783121868264817	-0.07833604873498151	-0.228798046604803	1.3120727069057596	-0.18341848068675365	
10.623197925294106	-1.2816594213915002	-0.07504850780856528	-0.21736804242720187	1.3885020470526885	-0.19037667890039178	
10.84553057854806	-1.2854291285930834	-0.08808732802970431	-0.20731677335048287	1.470540118010263	-0.19488577597052278	
11.102335318406793	-1.290668078622901	-0.12035660052652039	-0.19906013078030507	1.5588886351021058	-0.19693643128502297	
11.396202305234054	-1.2983340547118258	-0.17536278429805063	-0.19308696409214973	1.6541316925382583	-0.19659073386987275	
11.729280278348272	-1.309296513150025	-0.2572755401212427	-0.18996531387540672	1.7567139586457972	-0.19399467722323924	
12.103039331002899	-1.3243220918864715	-0.37084256062864457	-0.1903340295678348	1.866925057812501	-0.18939038210845174	
12.5180039854964	-1.3440347212965749	-0.5210991484793563	-0.1948771105566516	1.9848866119783541	-0.18312393286103412	
12.97345797023956	-1.3688569960098669	-0.7128724179462292	-0.2042832741235011	2.1105361718931688	-0.17564529124869163	
13.467106813948462	-1.3989468628591166	-0.950117185824484	-0.2191943336796649	2.2436016577170284	-0.1674994047763862	
13.994710396521072	-1.4341431387809709	-1.2351315385348618	-0.24014438081862158	2.383564395289003	-0.15930681565599544	
14.549711422424267	-1.4739276426112735	-1.5677226498717116	-0.2674922313914085	2.5296098255381234	-0.15173320240392765	
15.12289209292446	-1.5174024849188252	-1.9443946750133967	-0.30134833772865943	2.680564569006826	-0.14544743848019115	
15.70217532064967	-1.5632781352858651	-2.357745547120982	-0.34150624294793536	2.8348299608269163	-0.14107026313382431	
16.2726231965926	-1.609857581412061	-2.796193380362997	-0.3873878506451059	2.9903202298405285	-0.13912013173226193	
16.816650606858868	-1.6550160673686436	-3.2440924920006284	-0.4380088646884259	3.144412713120025	-0.13996124942269525	
17.314475714378045	-1.6961917090712975	-3.682308114670996	-0.4919722731580258	3.293921362659117	-0.1437597370978105	
17.744800749105945	-1.7304082795349545	-4.089273582950752	-0.5474945264900736	3.43510285922253	-0.15045396286470517	
18.085716278337845	-1.7543588872838396	-4.442540951008595	-0.602467805848046	3.563705790203272	-0.15974544701775406	
18.31577180059916	-1.7645751937875283	-4.720701601198517	-0.6545600077914191	3.6750773793842955	-0.17111972687290303	
18.415101443534212	-1.7576677588851322	-4.905402074649707	-0.7013359731092644	3.764314935368764	-0.18389210078351567	
18.366553743033425	-1.7306195393457098	-4.983259939969369	-0.7403910372055308	3.826455183653013	-0.19727265671741195	
18.156765968453946	-1.6811069128927045	-4.947463231208568	-0.7694873941079025	3.856691578043944	-0.21044280186879222	
17.777142260641703	-1.6078190784918878	-4.798863811630517	-0.7866845728283909	3.8506083370656112	-0.22263334084498682	
17.224673728690906	-1.5107316970345068	-4.546329719256924	-0.7904547330724748	3.804417487580308	-0.23319214989202242	
16.502450867520608	-1.3912554682316043	-4.206122485936609	-0.7797656883015043	3.715165706295193	-0.24162589163482148	
15.61991311224444	-1.2522412167872996	-3.8004990504731957	-0.7541326127989036	3.580904190830347	-0.24761283174811702	
14.592798168892463	-1.0978324552464147	-3.355668870926822	-0.7136355519172796	3.400813630335776	-0.2509893148715567	
13.442762493962547	-0.9331808320880893	-2.8993255668526334	-0.6589007179447965	3.1752767422848494	-0.2517157354478809	
12.19666776721752	-0.764060853550164	-2.45801894230956	-0.5910477190806297	2.9058975793393436	-0.24983089911186054	
10.885470733101435	-0.5964299156932236	-2.0547335436633225	-0.5116036774206617	2.595451429587888	-0.2454051168332849	
9.542800778669212	-0.4360027834156189	-1.7071339198642086	-0.4224024288559789	2.247764908603261	-0.2385032947471172	
8.203393634381413	-0.2878693401927745	-1.4265797823444197	-0.3254929008487459	1.8675517758427738	-0.229160996532446	
6.901467466763442	-0.1561665630263284	-1.2179231137355573	-0.2230657905087888	1.4602090739886504	-0.21737120859744474	
5.669163578564704	-0.043827050388125545	-1.080035625606791	-0.1174034199704101	1.031584371408697	-0.20307850233984792	
4.535149901925923	0.04756819138179165	-1.006950163154851	-0.010849979563519824	0.5877229644409095	-0.1861763828205104	
3.5235757056626813	0.11776411815740907	-0.9894859652825387	0.09421027549071756	0.13460687003724214	-0.16650526702822127	
2.653470906691731	0.16762259284135586	-1.0169575956754813	0.19538174177033715	-0.3220850309005084	-0.14384990028780348	
1.938529159214954	0.19877341773466942	-1.0786681057413219	0.2903029977298569	-0.7771824079399006	-0.11793692514377187	
1.3872407303218992	0.21318249488451874	-1.1650202727748278	0.37671181415072985	-1.2261844604960745	-0.0884351614928678	
1.0033088448049208	0.2127200034900321	-1.268143542126139	0.45252648338882007	-1.6653700891711531	-0.0549619432485492	
0.786273536886155	0.19882217204861863	-1.3820273654467785	0.5159370396535918	-2.091857591190727	-0.017100341189042932	
0.732312208698648	0.17234867721250374	-1.5022197930665133	0.5654878368111301	-2.5036013176899448	0.025567659947105862	
0.8350521878304275	0.1336483725493245	-1.6252986532528808	0.600142120873218	-2.8993434526236803	0.07341310139059308	
1.0863404083819097	0.0827832368904745	-1.7482597158625708	0.6193260078231956	-3.278529117184984	0.12670069017139515	
1.476935753357424	0.019849697564136008	-1.867910141931855	0.622949355450761	-3.6411867567211917	0.18552412941919216	
1.9970858845635049	-0.05466989201914556	-1.9803248041965016	0.6114039275446052	-3.987777513868584	0.2497430261124665	
2.636957522918969	-0.13959123407544405	-2.0803930261307504	0.5855375836139123	-4.319012870401053	0.31892947886738293	
3.3868794455883107	-0.2328228010999323	-2.1614998027514263	0.5465994643914991	-4.635647655458393	0.3923376456867299	
4.237394712289625	-0.33128498871676354	-2.2153329911723536	0.49616790949371914	-4.938265474212381	0.4688950023041658	
5.179143269969996	-0.4309521145197918	-2.231826127428643	0.43606423238405034	-5.227062540787686	0.5472148155531102	
6.202596144340015	-0.5270136369751763	-2.199260194958546	0.3682582760251982	-5.501640560090162	0.6256284586353165	
7.2976654319871255	-0.6141486920504102	-2.104550698677492	0.29477364478728807	-5.760817340220381	0.7022346546448848	
8.45322954472438	-0.686917883267723	-1.93377301401991	0.2176025100231701	-6.002474941324593	0.7749651451286902	
9.656664469688103	-0.7402451686684001	-1.6729303031565839	0.13864477968283262	-6.223475422762099	0.841661963398043	
10.893443265842423	-0.7699529358585848	-1.3089247483820845	0.05967669485330637	-6.419643250664613	0.9001597849106816	
12.146868036197557	-0.7733139499353688	-0.8307070497072648	-0.017652158108013058	-6.585826131146049	0.9483721799393097	
13.397993177956003	-0.7495677129832702	-0.23055088705311239	-0.09179781110890718	-6.716041492099113	0.9843791594325544	
14.625785471239123	-0.7003519366707857	0.49458769300717637	-0.16128532959293915	-6.8037136299412335	1.0065153090150598	
15.807588208283759	-0.6299425879452686	1.341792982977646	-0.22466902718022325	-6.84201015939116	1.0134521391628473	
16.919854935026343	-0.5452373288599098	2.3011852984472716	-0.28050478721036015	-6.824247871923408	1.0042673658399666	
17.9390804520151	-0.4554933201261249	3.3552507437888868	-0.32734103269578335	-6.744340663306995	0.9785004669969336	
18.842884880892964	-0.3718081353732215	4.478635214561876	-0.3637300884423484	-6.597269979453334	0.9361892592767571	
19.611172545891137	-0.30637400859834274	5.638482341585093	-0.38825855690094	-6.379546222113428	0.8778831019711344	
20.227314417663457	-0.2715374081411057	6.795391298960804	-0.3995963723009885	-6.089640494041493	0.8046298524382594	
20.679277299425436	-0.2786898872626826	7.905231214337282	-0.3965693868321811	-5.728342896129259	0.7179274236843983	
20.960151202565136	-0.33744270230241724	8.921170163006735	-0.3782162560343634	-5.298849328054622	0.6196440857470847	
21.069531952993152	-0.45411428712904905	9.797324043046014	-0.34394836029082193	-4.80713839966378	0.5119355139248281	
21.012013834212816	-0.6321292481954925	10.490165390592402	-0.2935053481169818	-4.261229204331127	0.3971147352342306	
