20.16202422611094	-1.3119493119663803	11.690921002091212	0.2439251800317554	-3.733108644013877	0.0744257829333079	
19.85249645119985	-1.4322235593444959	11.949873684658861	0.379270939848108	-3.1429171698756595	-0.019285240628013865	
19.44655236621589	-1.5954711441475782	11.938995813282736	0.5103501087889951	-2.5336891268741817	-0.1134257129505193	
18.966508223381314	-1.7964505453825073	11.661517312272403	0.635585800263788	-1.917990473843477	-0.20678668615190557	
18.435301469504772	-2.026438225658293	11.133198805920058	0.7537246840550542	-1.3082728577845246	-0.29835107618479656	
17.875900600584504	-2.272042639066853	10.387058568380493	0.8639154983399627	-0.7164416576867496	-0.38738818721709883	
17.309734644970884	-2.5165781822159365	9.469239348684903	0.9655280466471138	-0.15325070601926521	-0.4734218613290557	
16.75557892617241	-2.7409619393170646	8.436542283814013	1.058034563273891	0.3721304588635974	-0.5561996827971224	
16.228448474804484	-2.925416238693804	7.351248731663938	1.1408545170185693	0.8524049908934848	-0.6356007134674272	
15.738766287911675	-3.0513979067615975	6.27531582133924	1.213236481989194	1.2822403481359517	-0.7115135971153479	
15.291854752620296	-3.1035644473819706	5.2646340764828485	1.2741917165641068	1.658212831927761	-0.7837041650268012	
14.887867586448397	-3.0715562833062933	4.36403385703527	1.3224906980679916	1.9786372373762453	-0.8516930597680272	
14.522255129656875	-2.95135988252564	3.6037624202353933	1.356732710874352	2.2433320647291914	-0.9146669440409252	
14.18688526291308	-2.745887384035759	2.998291014454569	1.375490906018752	2.4533563224864814	-0.9714580910816709	
13.871618767909304	-2.464602068072971	2.5474892394653206	1.3774994177840143	2.6107646686002606	-1.0206096511740148	
13.56600836541084	-2.1224726833563863	2.239095453565029	1.3618502007577185	2.718404991310707	-1.0605058249994848	
13.260943467925216	-1.7384105196957826	2.0519550211536206	1.3281824314703274	2.7797420063925355	-1.0895477764888142	
12.950041358379002	-1.3333927887064572	1.9595255452444398	1.2768497519794715	2.798703953963185	-1.1063510983843292	
12.630542122674457	-0.9284763203173446	1.9332861439169713	1.2090422033168815	2.779549050333355	-1.1099330460114798	
12.303417819657593	-0.5430277245786131	1.9455993541108412	1.1268060944164218	2.726752792636205	-1.0998362256293774	
11.97287460116274	-0.1933128147655431	1.9718147607274585	1.0329588755511985	2.6449215767021603	-1.0761821788535462	
11.645451050150896	0.10855365190570451	1.9917090438825484	0.9309005682669916	2.538722836708409	-1.0396629971754203	
11.328907528886658	0.35524293121684153	1.9903019427216966	0.8243380552062395	2.412825449873607	-0.9914816799556763	
11.031090373587237	0.5443544550338469	1.9581091019837211	0.7169493573326463	2.2718418691512343	-0.9332550204440988	
10.758971843561135	0.677862294420487	1.8907670931068181	0.612055237948488	2.120265898432577	-0.8668878293990901	
10.517986144395827	0.7611010109411886	1.7882941975394542	0.5123706602627485	1.9624039608567974	-0.7944463399349199	
10.3116357001396	0.8015378362071904	1.6541557040650803	0.4198552029768446	1.8022999467891019	-0.7180402025885791	
10.141349774487534	0.8075202963048816	1.4942303175165035	0.3356707704434657	1.643657610886572	-0.6397191460873639	
10.006560908539688	0.7871817788000273	1.3157801545021823	0.2602403390518905	1.4897628488013182	-0.561389013146005	
9.904992885529449	0.7476784590710202	1.1265095334561712	0.19339783447979877	1.3434217924786918	-0.48475422399115414	
9.833068802873946	0.6948323522613151	0.9338355959169954	0.1345715721059773	1.2069261187106688	-0.41128707743980775	
9.786352138704297	0.6330724706387014	0.7443706121369799	0.08295395987637616	1.0820416095796372	-0.34221375327568887	
9.75999004286009	0.5655842918860614	0.5635924262476937	0.037640975142650406	0.97002219953465	-0.2785126281263259	
9.749122343542323	0.4945787135390044	0.3956828685695503	-0.0022709075572728346	0.8716459977571618	-0.22091996641572886	
9.749219891402621	0.4215971737865106	0.24352373202120553	-0.03763337268543975	0.7872725172826671	-0.1699414868395233	
9.756302777599982	0.34776415606822497	0.10882923754215126	-0.06923084238393305	0.716914022971085	-0.1258702431627342	
9.767051329177068	0.2739407513766764	-0.007662870288550894	-0.09777859060260564	0.6603015541200485	-0.08880517478676954	
9.778834484715645	0.20079629668926915	-0.10596600244393503	-0.12392008733141242	0.6169435821309189	-0.058671933733582524	
9.789679659343431	0.12882069724697995	-0.1866098470299293	-0.14821543659370756	0.5861738731976532	-0.035245821865510764	
9.798212054683745	0.05831497087521545	-0.2504156876827343	-0.1711175249930553	0.5671870287806081	-0.018176560996112555	
9.803580628156036	-0.010589710248426434	-0.2983055476222986	-0.1929463043597779	0.5590653570324668	-0.007015379581351015	
9.805397763287674	-0.07787617954251701	-0.3311711662454506	-0.2138722554856975	0.5607990027833394	-0.001239329073786619	
9.803687956004762	-0.14356664510882583	-0.34980300039171625	-0.23391497538637473	0.5713049704816314	-0.0002728848033589686	
9.798838986763343	-0.20765186024429197	-0.35488061521456216	-0.25295858929886195	0.5894484909658281	-0.0035069440847989328	
9.791551352788932	-0.2700475500941568	-0.3470242680904373	-0.270781668545919	0.6140693194090231	-0.01031547954046814	
9.782779776899055	-0.3305936502950016	-0.3268970955055794	-0.28709607177556795	0.6440143776015118	-0.020070513218128312	
9.773679641564144	-0.3890808519115368	-0.2953239575636963	-0.30158293153011795	0.6781738976104366	-0.03215523972439054	
9.765566241887132	-0.44528063186178674	-0.2534036359020743	-0.3139221126089437	0.7155200925460731	-0.045976045055786265	
9.759888230109059	-0.4989655076572341	-0.202598821577579	-0.32381549962791467	0.7551473083140321	-0.06097369656746588	
9.75821675076377	-0.5499124578081284	-0.14479297302684907	-0.33100560522702066	0.7963133998923001	-0.0766339517367741	
9.76224637009085	-0.5978922824284918	-0.0822963031211766	-0.3352914647757406	0.8384785643864086	-0.09249681764738815	
9.7737998146093	-0.642658802526706	-0.01779212594347344	-0.33654235467717186	0.8813343875837358	-0.10816301998049473	
9.794833488278867	-0.6839470244493812	0.045761475749871314	-0.33471061097549454	0.9248236295591503	-0.12329831688872936	
9.827442481615252	-0.7214816106865805	0.10526768212306882	-0.3298430551984103	0.9691476219407711	-0.13763516786175017	
9.873867141138463	-0.7549940529586626	0.15765226402033683	-0.32209091671300555	1.0147597027696647	-0.15097166105947962	
9.936504980282606	-0.7842450531299379	0.20003261902003194	-0.31171809609294826	1.062341709900856	-0.16316732105908413	
10.01792590748925	-0.8090482405617619	0.22985082868987	-0.29910555037325465	1.112760064438847	-0.17413507944181578	
10.120888040704166	-0.8292992585289063	0.24494357262291885	-0.2847545567677708	1.1670116794168728	-0.18383211199750105	
10.24834467365655	-0.8450173470850024	0.24353783348695293	-0.2692882176624922	1.2261625681242734	-0.1922504417225602	
10.403432451968435	-0.8564046962827259	0.22416728766328958	-0.25345008390851137	1.2912829516169282	-0.19940848074483392	
10.589428523088774	-0.8639286479458366	0.18551039192994997	-0.2380983800271817	1.3633821465459182	-0.20534500077369755	
10.80966244375339	-0.8684092285101239	0.12617616938831105	-0.22419051180216118	1.4433515567273478	-0.21011677938046877	
11.067387685171846	-0.8710843947939022	0.044502080452254913	-0.21275893413695257	1.5319212658183379	-0.21380060050158683	
11.365615002431184	-0.873629407533152	-0.06159255888361204	-0.20487935611429814	1.6296288431984989	-0.2164987065676239	
11.706906721335141	-0.8781108040242244	-0.1946601848673591	-0.20163216959603183	1.7367996069574076	-0.21834644162427222	
12.093119743522164	-0.88686216232464	-0.35764795185164494	-0.204058074758583	1.853535005518018	-0.21952088725658062	
12.525094306938527	-0.9022788551286396	-0.5536421569932582	-0.2131104801139837	1.9797085879659386	-0.2202475549421539	
13.00230279937277	-0.9265776165026974	-0.7854454365705469	-0.22960900668403894	2.114963737798457	-0.2208022192123189	
13.522457104560392	-0.9615590058065414	-1.0550245537805567	-0.25419218824494955	2.258704540898068	-0.22150712812287843	
14.081101334080438	-1.0083922863403623	-1.362866431069674	-0.28726849562233076	2.4100776216455153	-0.2227203923678053	
14.671212266894823	-1.0674343032462559	-1.7072827390915515	-0.32896394313767924	2.5679409319374824	-0.22481776975401535	
15.282869541706086	-1.1380957152868274	-2.0837442375231157	-0.3790678151120892	2.730818193905347	-0.2281658090467066	
15.903124813965814	-1.2187827808037168	-2.484439208559393	-0.4369894196676454	2.8968492032806807	-0.23308921824965526	
16.516051338709804	-1.3068980939935997	-2.8981004038416067	-0.5017263558000764	3.0637380518659216	-0.23983630037396336	
17.103003485486788	-1.3989071683037633	-3.31017005123949	-0.5718509248769448	3.2287089810540883	-0.2485455650173827	
17.6430965809603	-1.4904753847275405	-3.7033528975397862	-0.6455196412068336	3.3884785728840527	-0.25921719464529874	
18.11392380429172	-1.5766842082460288	-4.058618088907208	-0.7205114626701863	3.539254490001862	-0.27169366812447443	
18.49250432094432	-1.6523328109855728	-4.3566406502230315	-0.7943064622889203	3.67678512934169	-0.2856596246302785	
18.756334946021386	-1.712284381490595	-4.57944782650735	-0.8641916261727048	3.796452861871723	-0.30066000830601314	
18.88450702176725	-1.7518431598091422	-4.712130915381532	-0.9273885150413865	3.8934090587953807	-0.31613448115977494	
18.85884596769616	-1.7671449755635962	-4.74446654879159	-0.9811963353948632	3.962748269608469	-0.33146526095083173	
18.665063252461778	-1.7555497513298493	-4.672309604654155	-1.0231439755309943	3.999719455883831	-0.3460340248048417	
18.293777150042082	-1.715968863259739	-4.498380819180214	-1.051130170971326	3.999957891881173	-0.3592782754014674	
17.741310874328516	-1.649064037961245	-4.232283067400559	-1.0635301797409753	3.959706093980686	-0.37073325430350407	
17.01029147903448	-1.557299618005472	-3.889839475153552	-1.059268047849126	3.876014577271639	-0.38005506841006115	
16.109986956686708	-1.444818923300165	-3.4917860928727285	-1.0378510618526549	3.746910936231166	-0.38702364889193186	
15.056357388716648	-1.3171358528221917	-3.061925453706985	-0.9993682948772046	3.571532787214751	-0.39152685566402323	
13.87167274795605	-1.1806316732107982	-2.6248831596347912	-0.9444492191451133	3.3502025717736377	-0.3935293070714437	
12.583631235251701	-1.041941720569238	-2.203915992008133	-0.874191432328155	3.084422651670731	-0.3930372299761925	
11.22417554509392	-0.9073412602150889	-1.8190878535068022	-0.790086639845983	2.7768190654798195	-0.39006936745438175	
9.828039750111472	-0.7821827646198355	-1.4859287657848246	-0.6939545355491896	2.431034190696421	-0.3846358547809859	
8.431109870923187	-0.6704382166501653	-1.214662188734524	-0.5878951650673246	2.051576579878702	-0.37672529040001435	
7.068671796372816	-0.5744025888998736	-1.0100580076582668	-0.47426594027209257	1.643632457707235	-0.36629781032377945	
5.77377878688241	-0.4946548438652764	-0.8719848267909387	-0.35567326043673725	1.212843683193713	-0.3532809261176688	
4.575904504124643	-0.43024123550208687	-0.7963478333465908	-0.23496676375781875	0.7650849849230951	-0.3375644425549224	
3.4999146362279463	-0.37905422767080754	-0.7762520092055065	-0.11521937556045697	0.30624229963082317	-0.3189935389454344	
2.565396181247473	-0.3383681207649196	-0.803240038526913	0.00031891851650068387	-0.15800123468291946	-0.29736045669172584	
1.7863380044127757	-0.3054763457190652	-0.8684517896600316	0.10830425195686208	-0.6223675895153518	-0.27239602470651497	
1.1712810725613674	-0.2783018914680916	-0.96352335244877	0.2054222067397699	-1.0821507439851161	-0.2437663407412301	
0.7237816999134496	-0.25582862212631974	-1.0811155717765861	0.28853146910826183	-1.533339024460807	-0.21107854470479412	
0.44306821780181116	-0.2383151448765962	-1.2151298121463163	0.3548148186114718	-1.9726991050674638	-0.17389787475404117	
0.3248505178018348	-0.22728080415482094	-1.3606574903534527	0.4019273038838126	-2.3978190281326195	-0.13177738941485534	
0.3622139462281019	-0.22527890782510954	-1.5137099305051311	0.4281374526033482	-2.807112318958562	-0.08430106391630308	
0.5465612920834855	-0.23548656496010897	-1.6707636121891942	0.4324453961983832	-3.199767056453379	-0.031137980692721036	
0.8684696592161265	-0.26121889692338623	-1.8282192038944447	0.4146632931337945	-3.575642259385449	0.02790180955536788	
1.3183888717188759	-0.3054468451413411	-1.9818519579494962	0.3754672310333685	-3.935131395948763	0.09281430131697382	
1.8871728498208418	-0.3703461063436203	-2.126295267120274	0.31641366675634375	-4.278992819723572	0.16335516496803681	
2.5664188042009006	-0.45689792018393505	-2.2545973006755307	0.23991834358608594	-4.608151653061727	0.23900211140989325	
3.3485787124915993	-0.5645652691744106	-2.357906163830635	0.1491866975890434	-4.923473993770984	0.3189297084793594	
4.226812521569766	-0.6911089482042706	-2.4253796796602485	0.0480840162146464	-5.225535509891272	0.40200494125014236	
5.194641783637808	-0.8325259903252925	-2.4442946541390493	-0.059026615154602315	-5.514400699847448	0.4867964892188601	
6.245438985095974	-0.9831227939212456	-2.400366890647693	-0.16747535164998886	-5.789419172586865	0.5715982252245576	
7.371788297442479	-1.1357348602823545	-2.2782927234597645	-0.27249756485103543	-6.049048787607952	0.6544667402506263	
8.564745060593099	-1.2821125780463738	-2.062544469248934	-0.3694609725850457	-6.290713709972259	0.7332734792967533	
9.81312840360276	-1.4134895005020132	-1.7384087273812567	-0.4540838989934569	-6.510743863121437	0.8057741835608678	
11.102950316759665	-1.5212482494331607	-1.293171254885304	-0.5226239415315945	-6.7043925197315914	0.8696873649556331	
12.41704077922001	-1.5976400184906772	-0.7174078230935895	-0.5720356783990107	-6.865933398815019	0.9227810114872685	
13.734938762360411	-1.6365101616765245	-0.0063208555446481185	-0.6000929899656707	-6.988844898347686	0.9629666072495827	
15.033103358087951	-1.633992913418854	0.8389025076356498	-0.6054785962473674	-7.06608763192586	0.9884015504676488	
16.28556475021413	-1.589052195696849	1.8099474307474392	-0.587819963957406	-7.090486140745147	0.9975917068944552	
17.464934532123902	-1.5037831075806427	2.890628786413571	-0.5476731642230503	-7.055170369315018	0.9894821161706013	
18.543669116283763	-1.3834912213982693	4.056563571543318	-0.48646818111077594	-6.954052889606417	0.9635339196450525	
19.495503105380813	-1.236536149709002	5.275360776189377	-0.4064119090921565	-6.78231345647252	0.9197791525162115	
20.29701357338323	-1.0739381975641944	6.507411468961083	-0.310350026229893	-6.536882924398447	0.8588497316662135	
20.929270946469238	-0.9086993681135275	7.707518423221085	-0.20157933262684444	-6.216906062045484	0.7819689972209822	
21.378741402952254	-0.7550199281762444	8.826951362050298	-0.08365140347950938	-5.823900112156499	0.6908806626049679	
21.63942694753767	-0.6270212950506486	9.817087863124026	0.03988776895833047	-5.362331302547104	0.5877894298736608	
21.710981193688784	-0.5382700735364789	10.630837756457662	0.1655934578685213	-4.838779222846736	0.4751719028321659	
