21.36392272998189	-1.5293878025768413	11.121738877313495	0.4897279667410223	-4.306268512621611	0.1147803695916547	
21.0793894225153	-1.5950611564548607	11.402838150375441	0.6926138144689351	-3.6930683675986273	0.00019676252721529883	
20.648208546274166	-1.6962665496245377	11.420107792842144	0.888312642223987	-3.0526559588210667	-0.11482805767779075	
20.09728164920997	-1.8306402216509807	11.176290191237731	1.0726311079394957	-2.3991367812229947	-0.2281568711550008	
19.45557513334966	-1.9929331498724798	10.686517787030787	1.2419388505451663	-1.746688528358151	-0.3379828360967142	
18.75384754978543	-2.17375090823451	9.982947508173558	1.3934201152522243	-1.1091365648330633	-0.4429876425393825	
18.022279616726074	-2.3602507804480695	9.110623305302738	1.524958544574572	-0.49918714419850374	-0.5422881194425886	
17.288995103024384	-2.5366319616270925	8.125042947832615	1.6350983705152329	0.07210161498543888	-0.6354120024849453	
16.57844083572862	-2.685471768078038	7.087078867473225	1.72291904740896	0.5957199035281245	-0.7221976441571787	
15.910095534644855	-2.7894673204093516	6.057279558058427	1.7879144894615153	1.0648886435827951	-0.8026604511274522	
15.297529136531956	-2.833371063687469	5.09020180799813	1.8298954890079153	1.475074763731533	-0.8768402912846985	
14.74792641930481	-2.8058824634589685	4.229453115822282	1.848922127472089	1.823868746764785	-0.9446461981590575	
14.262178985739851	-2.7012315211774545	3.5041814050096898	1.845276435669543	2.1107734632893775	-1.0057216690548088	
13.835721737246896	-2.5200410002089257	2.927920258540591	1.8194730098871963	2.336934323847441	-1.0593683564335006	
13.459985424978212	-2.2692130394035033	2.49986250501171	1.7722943437627108	2.5048587858939917	-1.1045602366563843	
13.124115844713646	-1.9610884233574886	2.2074619788044574	1.7048423376564346	2.618160032762817	-1.1400369985003627	
12.816785940773846	-1.6120477118711394	2.0297801475109654	1.6186004421032762	2.681306857318414	-1.164459961681358	
12.52788370722482	-1.2407784291367498	1.9410269714910073	1.5155037788487842	2.699378213876142	-1.176606059373387	
12.24981380040541	-0.8664416717806385	1.9138930962799987	1.3980060481097765	2.677820297391666	-1.1755647569401457	
11.978069527422624	-0.5070570060669042	1.9222438063418719	1.2690971324794555	2.622222845983836	-1.1608782265765942	
11.711171369491296	-0.1782161927904046	1.9430401751881643	1.132249424219232	2.5381370773978698	-1.1326106813144803	
11.450169350264824	0.1079198935211996	1.9576104647387294	0.9912829587177207	2.4309314561785533	-1.0913549598851064	
11.19789285393815	0.34332295422681786	1.9523260839516134	0.8501552587756793	2.3056849168888296	-1.0381878735475236	
10.958124807573325	0.5244432034405139	1.9187464106976169	0.7126918200675955	2.167113293837576	-0.9745896442014833	
10.7348450987533	0.6519621188921607	1.853180416197805	0.5823095890078963	2.0195334575405464	-0.9023361566326622	
10.531648999379621	0.7300625393209299	1.7559237463001307	0.46179104896643053	1.8668502333684143	-0.8233887438586425	
10.351328808716106	0.7653946098445337	1.6303302428188235	0.3531300534841005	1.7125544867137958	-0.7397893357689708	
10.195612959782256	0.7658965411363458	1.4818093204106833	0.25746478380404225	1.5597275081529363	-0.6535659970372654	
10.065052343433173	0.7396478531784929	1.3168443162911385	0.17510155227396032	1.411044823694688	-0.5666533431135486	
9.95906559686298	0.6939540500523399	1.142115662220117	0.10563768245310447	1.2687839450196363	-0.4808343450568912	
9.876101749492367	0.6348127511064836	0.9638421800236772	0.04814070791306737	1.134836553818126	-0.39770559341820466	
9.81386013480935	0.5667079801986583	0.7873366318837219	0.0013365844522791536	1.0107229268270999	-0.31865801625189827	
9.769543408611517	0.49266911876210917	0.616755377421488	-0.03621320415581334	0.8976130025036828	-0.24486895276766515	
9.740116257651856	0.4145232817925938	0.4550235058261865	-0.06596517399634055	0.7963539026200015	-0.1773008116778235	
9.72254476930763	0.33326829000810304	0.30392369355313964	-0.08929264722978546	0.7075059807021908	-0.11670398193207349	
9.713978475393532	0.24945778467851001	0.16430992061358388	-0.10743756690758861	0.6313857487289296	-0.06362384725192423	
9.711867795934584	0.16350845011702006	0.03635831835207047	-0.1214987453675736	0.5681044173323287	-0.01840670892220014	
9.714026622309971	0.07591285263308013	-0.08017513590814399	-0.1324404498960959	0.5176010753026246	0.01879347456659636	
9.718649691525652	-0.012652972904018255	-0.1857177512999151	-0.14110851569146235	0.4796679845933139	0.04800673187171381	
9.72429863126586	-0.10132570643719815	-0.28068451019791774	-0.14824218805089473	0.45396606027841485	0.06943596176163008	
9.729868715037803	-0.18912987192180067	-0.36534689884206767	-0.15447642276444135	0.4400334529339377	0.08343853758675031	
9.73456245127048	-0.2750730676328709	-0.43976928876897065	-0.16033471717346148	0.4372886357495706	0.09050507809174954	
9.737875434731025	-0.35822630446296494	-0.5038007598048035	-0.16621889361491393	0.44503299589380435	0.09123590121711034	
9.739593332135849	-0.43777209030421366	-0.5571147822118209	-0.17240158871151473	0.4624568865648725	0.08631583604640157	
9.739796868692403	-0.5130153863381935	-0.5992897356326832	-0.1790257432790679	0.4886521873997943	0.07648852523994643	
9.738859264739157	-0.583366981405468	-0.6299200122108891	-0.1861162028163377	0.5226357668400065	0.06253052259195573	
9.737433124339553	-0.648322256588199	-0.6487322376975743	-0.1935986324220164	0.5633811516701193	0.04522775398361537	
9.736432228951461	-0.7074459841071695	-0.6556915114301444	-0.20132040535990384	0.6098558548417665	0.025354318923555174	
9.737011992825037	-0.7603643861758991	-0.6510873420167759	-0.20907153894530187	0.6610630850141083	0.00365336230440838	
9.740555937080185	-0.8067639623579203	-0.6355929355193853	-0.21660404930455973	0.716086723204888	-0.019180130840930433	
9.748672509741436	-0.8463949336446269	-0.6102874042231632	-0.2236499267757707	0.7741364817321081	-0.04251368046834844	
9.763203820423856	-0.8790783535321849	-0.5766376320493262	-0.2299375475590257	0.8345860213918227	-0.06578700516149101	
9.786247949336381	-0.904718317850711	-0.5364541208820758	-0.23520697641694233	0.8970030686804634	-0.0885181217321202	
9.820189683442006	-0.9233193690815171	-0.49182458172054916	-0.23922521963091292	0.9611691183469484	-0.11030565120372075	
9.867735964951825	-0.9350097594986133	-0.44503247073342	-0.24180225339016312	1.0270872555513282	-0.13082754478001285	
9.93194940433815	-0.940071018916393	-0.3984692994988472	-0.24280905979207654	1.094975566868783	-0.14983616665821212	
10.016260268585384	-0.9389679643197372	-0.3545600652936907	-0.24219658348760464	1.1652417229596814	-0.16714919113508894	
10.124451861147062	-0.9323793953543988	-0.3157234789144371	-0.24001653230882036	1.2384470788882171	-0.1826395677620887	
10.260607163698358	-0.921228720599826	-0.284375681115371	-0.23644369220531003	1.315262605024298	-0.1962254162063589	
10.429006061419162	-0.9067138049726027	-0.26298298815202664	-0.23179870342664277	1.396419554665974	-0.20786094156284748	
10.633959471776004	-0.8903359001570414	-0.25416631203778406	-0.22657045947812512	1.4826575080034838	-0.21752972010684737	
10.879579259121021	-0.8739115775408474	-0.2608331466542522	-0.22142996280373833	1.5746746684938484	-0.22524111118700824	
11.169511682235152	-0.8595545083144884	-0.2862900949044859	-0.21723343270561093	1.6730853107465333	-0.23103042443652916	
11.506647571773433	-0.8496146973128814	-0.33429779259252557	-0.21501412571027093	1.778383035485638	-0.2349619542747593	
11.892817916412763	-0.8465673457679388	-0.4090342559765786	-0.21596154004913684	1.8909086624970803	-0.23713373721482825	
12.328465653521581	-0.8528493687423591	-0.5149332628848323	-0.2213877869210424	2.0108195949567085	-0.23768307458140098	
12.812308709934689	-0.8706593019726028	-0.6563620473155743	-0.23267829187305958	2.138060580157935	-0.2367904455639279	
13.341015982112843	-0.9017662507228361	-0.8371623170858974	-0.2512294699435117	2.2723348122187392	-0.2346796451769624	
13.908886624922406	-0.9473455777086759	-1.0600871654182322	-0.2783744037109235	2.4130705639808356	-0.23161363386020528	
14.507566981013916	-1.007846015144071	-1.3261657144298347	-0.3152956738162576	2.559383857349842	-0.22788518006331965	
15.12583149914412	-1.0828835602107498	-1.6340271051502846	-0.36292487959093456	2.7100359637982345	-0.2238018526396554	
15.749501008941845	-1.1711598685388023	-1.9792569998492726	-0.42183140165762023	2.8633885929042266	-0.21966497598286064	
16.361612371951267	-1.2704235631746745	-2.353976845871096	-0.49211992334548804	3.0173704651845705	-0.21574562376368334	
16.9427954623002	-1.377466192113959	-2.7466845569404423	-0.5733407225825121	3.169454578782637	-0.21226165501769048	
17.47187223354933	-1.4881719777336682	-3.142424630177462	-0.6644203649481681	3.3166542885010872	-0.20935906103610785	
17.92667004899664	-1.5976380252010065	-3.5233312783337065	-0.7636194123955163	3.4555446259893063	-0.20710103383224993	
18.28505150597261	-1.7003877417708317	-3.8695929851279773	-0.8685239687857365	3.582317025409365	-0.20546852837746138	
18.526075820629842	-1.7906921295747262	-4.160825864970861	-0.9760958958604422	3.692881082159984	-0.20437689382980326	
18.631151404577842	-1.862947139275503	-4.377631236717624	-1.082768892776329	3.7829989618244126	-0.20370421595456384	
18.58512191487619	-1.9120749618713369	-4.503222694191487	-1.1845884373908273	3.848446660190211	-0.20332707566034391	
18.377216992821513	-1.933917377047274	-4.524999057407893	-1.2773943242641237	3.885195182643039	-0.2031590631010872	
18.001836281604245	-1.92559892701592	-4.435965943489944	-1.3570445357571246	3.8896068319714603	-0.20318678064788162	
17.45898812684567	-1.8857955930764658	-4.235693572129459	-1.4196672566407447	3.8586229503450538	-0.2034929968146311	
16.754374049769766	-1.814878084960723	-3.930650244312989	-1.4619030150827883	3.789918160991026	-0.20425922640642935	
15.899219601645258	-1.7149423638597163	-3.533967270353687	-1.481118141250341	3.682018962293656	-0.2057478388141521	
14.909855546314787	-1.5897176428317725	-3.064620287082125	-1.475570394848134	3.5343785776773675	-0.20826482877308566	
13.807092733904561	-1.4443567446639514	-2.546078763066205	-1.4445137724457904	3.3474077557874757	-0.21210618331370976	
12.615361973154256	-1.2851001233374701	-2.0044625268947196	-1.3882162636233952	3.1224487614249195	-0.21749427308821612	
11.361673570866094	-1.1188548641078662	-1.4665153870267484	-1.3078840648232506	2.861691488822442	-0.22451995930650348	
10.074529230810175	-0.9527463174574298	-0.9576975708689607	-1.2055392207574676	2.5680644030698194	-0.2330985219693638	
8.78279423858216	-0.7936470220745602	-0.5004888819814548	-1.083868904225722	2.2451048424978115	-0.2429433858666099	
7.514568743033779	-0.6476959060051982	-0.1129898385718851	-0.9460688590676741	1.89681826321572	-0.25355945401640745	
6.29608940165738	-0.5198246517581352	0.1921086266312842	-0.7957001067680134	1.5275317440866576	-0.26425652842937636	
5.15081292598134	-0.41339654539164294	0.40795666521199286	-0.6365710152646951	1.141745774910533	-0.2741818937323748	
4.098726001457853	-0.33001679938001155	0.5334665944183856	-0.4726501555325326	0.7439942583394693	-0.2823591137240135	
3.1558982876603108	-0.2695532759314971	0.5727506108814435	-0.30799117319535485	0.338705769171395	-0.28772898747972303	
2.334300151953838	-0.2303853545507714	0.534124449647533	-0.14665433761612845	-0.0699350459007664	-0.2891901611701525	
1.6418766538808054	-0.2098723461759397	0.42877374992219336	0.007392945923385196	-0.47812751855425817	-0.2856386524622977	
1.082938479509053	-0.20497832888400017	0.269255756041187	0.15040398907301522	-0.8825765162398578	-0.2760059814848545	
0.6587204065788911	-0.21287451293154647	0.06819176758517875	0.2789973882052141	-1.28058336806717	-0.25929532432623253	
0.36802065444905524	-0.23142631019148344	-0.1627340032408392	0.39030626248300404	-1.6701057578977971	-0.23461772896695457	
0.20789212812577104	-0.259509877951952	-0.41341636825358963	0.48211789937132754	-2.049781459310275	-0.20122891538135845	
0.17434360746391753	-0.29712183049252716	-0.6755824347683297	0.5529955396323215	-2.418916118360519	-0.15856809059857277	
0.2630148557655435	-0.3452448812562069	-0.9426205743126053	0.6023584494556241	-2.7774222899880936	-0.1062956512034829	
0.46972932825582137	-0.4055159987912345	-1.2090832171138002	0.6305086368645025	-3.12571497035499	-0.044325555853071824	
0.7908875513602022	-0.47978606339681745	-1.4700354731201053	0.6386227995820721	-3.464581105343406	0.027144851613109304	
1.2236895017253735	-0.5696160966790518	-1.7203451419661493	0.6287086594484042	-3.7950235634063154	0.10760912026716751	
1.7661673601693473	-0.6757523810124398	-1.9540049606155936	0.6035301696181802	-4.118083151742632	0.19622976551096136	
2.416996925085588	-0.7976265743562904	-2.163583179045378	0.5664974836091773	-4.434639318051071	0.2918227728287692	
3.1750870366238613	-0.9329816460684187	-2.339936178398856	0.5215172196606953	-4.745209510436987	0.39285795039453786	
4.039015437825011	-1.0776339177221625	-2.4721743598443617	0.47282366304869833	-5.049757260482815	0.49746996425060047	
5.006347542999344	-1.2253841913844123	-2.5478700557793545	0.42478769345658723	-5.347513359772256	0.6034833718210133	
6.0728773292297396	-1.368091523816421	-2.5534973543753066	0.38170509753321025	-5.636816880279	0.7084533284534379	
7.231815727372897	-1.4959292059513594	-2.4751069288726786	0.34756226439904064	-5.914980008866449	0.8097241909007771	
8.473083019641036	-1.5978749518853896	-2.299207250303107	0.32580199023003054	-6.178218201038894	0.904509919449272	
9.782775099246287	-1.6623762799544015	-2.0137571400744374	0.3191093509709667	-6.421642119931252	0.989986273143235	
11.14284663633053	-1.6781772447262717	-1.6092420805037624	0.32922526793472834	-6.639314845337951	1.063392813104346	
12.531075039970384	-1.6352896971154434	-1.0797967309208099	0.35680119378416647	-6.824384815818137	1.122142658579099	
13.921349961382557	-1.5261055766938658	-0.42436946714994617	0.4013018847855797	-6.969302803898787	1.1639403333819391	
15.284422721097613	-1.3465331033195889	0.3522441705636101	0.4609978462394043	-7.066144304795872	1.186897506712571	
16.589032944828165	-1.096976219071353	1.2386508165017913	0.533053029731627	-7.107005465816592	1.1896340919275108	
17.803304139940536	-0.7830888120860959	2.216411885973068	0.6136935447414699	-7.084453584444639	1.171364649548997	
18.89632710041043	-0.41619784004161836	3.2600001646467276	0.698457552182727	-6.992009785848778	1.131961927932551	
19.839889788964744	-0.013314356966989023	4.337244902152692	0.7825278759735872	-6.824661406342976	1.0719946510052734	
20.610309992219864	0.4034491224127657	5.41049917362072	0.8611601357704763	-6.579395317194612	0.9927267961117927	
21.189471948763103	0.8080062505903187	6.438301209989106	0.9300419872543925	-6.255446058172141	0.8960439281459149	
21.56723110464933	1.1721410553529812	7.378320259690238	0.9859343183075049	-5.85504742714344	0.7843990554430291	
21.739477947934823	1.4670243875836044	8.188862932219688	1.0265320410191507	-5.382649943527327	0.6605869812654671	
