21.782192894742188	-1.5083520786969389	12.741074899242069	0.2426662919672112	-3.651394097231523	0.0161541260336946	
21.408648492368712	-1.8271484158503155	12.879088344992699	0.3660953050065295	-3.017032146899399	-0.07690691823690288	
20.917356971611092	-2.1621186256487936	12.738746374371187	0.4912410495473035	-2.3710285206502513	-0.16926804933774608	
20.33405271524632	-2.4994384766570112	12.332853502757374	0.6156751582475712	-1.7268994234853097	-0.2599301464604153	
19.685015109849147	-2.8236972128247677	11.685403276291973	0.7370564882997778	-1.0976867927198126	-0.34801689243838246	
18.996577366348152	-3.1174824373782637	10.83667955126453	0.8532012641599976	-0.4953979978627105	-0.43285356788764506	
18.293342409334088	-3.3628427320243173	9.83772864741436	0.9620973402957032	0.06947282254757334	-0.5139484196704934	
17.59698225808362	-3.542448798814143	8.746928418950803	1.0618966230756535	0.5883185796382877	-0.590962497763851	
16.92519499512229	-3.6411022546274414	7.624563514967009	1.1508820389632999	1.0545759492845588	-0.6636283942573391	
16.29096049146258	-3.6472296916852374	6.527559242783085	1.2274353025702738	1.4637500528228649	-0.7316508558122405	
15.702158986494076	-3.5542355997699144	5.504797051108338	1.2900154240303356	1.8133285994774475	-0.7946044986383742	
15.161589631182437	-3.36164304012129	4.593269557213693	1.3371612529821935	2.102619532866397	-0.8518430471261121	
14.667658888562851	-3.0755426937353723	3.8163137252748003	1.3675345932656082	2.3325011161357385	-0.9024607361841837	
14.215514567571615	-2.708249890266252	3.183926522588586	1.3800029083763523	2.5051595929303696	-0.9453253830759022	
13.79833770389253	-2.2774215664967263	2.6942047938989013	1.373752207582772	2.6238483500604572	-0.9791669466359622	
13.408714141701257	-1.8046780655722048	2.3355941253251595	1.348423222749329	2.692652082681619	-1.0027126538903928	
13.0399727779169	-1.3137767118019767	2.0896343106135085	1.3042693553237052	2.71625323648184	-1.0148606751061877	
12.687164049187508	-0.828579942248081	1.9339008979385366	1.2422808688125069	2.6996997416656328	-1.0148433349640609	
12.347518206682782	-0.3712689126901964	1.8444658319511762	1.1642463571188484	2.6482155437368404	-1.0023394583673813	
12.02048618008465	0.039184435235592646	1.7979165182540724	1.0727371009778546	2.567046250110619	-0.9775337796103184	
11.707427249027655	0.38828671883785654	1.7729707231146858	0.9709997032299724	2.4613355737627014	-0.9411223612063863	
11.411014584903413	0.6669336590277459	1.7516489974674179	0.8627311522948448	2.3360344259200403	-0.8942580053683507	
11.13455678138076	0.8716392067647847	1.7198432731231705	0.7517711509924733	2.1958512695552037	-0.8384455280027264	
10.881416084342932	1.0042593014331176	1.6674944516686554	0.6417952331511331	2.045224846834886	-0.7754289734376915	
10.654520852594406	1.0712419579199155	1.5884676507783646	0.5360320631213539	1.888308651228459	-0.7070759759490144	
10.455976468422577	1.0824390931495917	1.4801913398169486	0.4370249241150033	1.7289573320621892	-0.6352647699532425	
10.286820690855933	1.0495275333745118	1.3430396346292826	0.3464964039455099	1.5707136319196944	-0.5617850707272324	
10.146947687926177	0.9844922493142227	1.179623468666598	0.2653440123253993	1.4167936806261403	-0.48827112939416883	
10.035138471891159	0.8984068006154651	0.9941374113638508	0.19371673471031145	1.2700650401959959	-0.4161616013920993	
9.949183620985902	0.8005342277835232	0.7917532887692923	0.13115548899264973	1.1330220959896113	-0.3466815455501529	
9.886087889825466	0.6978036920941886	0.5780829637696371	0.07677854453930169	1.0077579615912962	-0.28084257328300316	
9.842356116851473	0.594798965110043	0.3587498213347418	0.029482732991484187	0.8959530845187638	-0.2194624701578798	
9.814279805608987	0.49407578112941525	0.1391089112330129	-0.011899479993691911	0.7988763491138596	-0.16318866971081106	
9.798197762411931	0.39663146346854317	-0.07592698703960865	-0.048490685335520554	0.7173944835844592	-0.1125191453827764	
9.790719767226019	0.3024507959816493	-0.2819795415531572	-0.08130369734901503	0.6519897894309346	-0.06781916792139532	
9.788890545593201	0.2110427689498146	-0.47523029546946177	-0.11121957011361085	0.6027852982714689	-0.02933192944817031	
9.79025417307359	0.12184261181027006	-0.6523893643853568	-0.13899654013103913	0.5695813637167932	0.002813893665899346	
9.792855349467763	0.034432506678318035	-0.8106581451664614	-0.16528095065674323	0.5518852150197794	0.028601010038187245	
9.795205132309349	-0.05136657390693673	-0.9476955463753528	-0.1906103925632564	0.5489359748101081	0.048121445070232936	
9.79623123728703	-0.13550199685077602	-1.0615971929929064	-0.21540320565327742	0.5597247918817838	0.06157443894423102	
9.79522857989753	-0.2177571454475549	-1.1508878276694159	-0.23993605276593585	0.5830168848261867	0.0692608252774099	
9.791825907365238	-0.29781856271193113	-1.2145259595863303	-0.2643250141000963	0.6173814840591203	0.07157289435853607	
9.785974931939608	-0.3753160453424159	-1.2519316620919296	-0.28851656762976935	0.6612266708566809	0.06898352526549498	
9.7779503725988	-0.4498407525064802	-1.2630324476038721	-0.3122925134903239	0.7128436002017685	0.0620337643987587	
9.768357015356704	-0.5209470718728025	-1.2483338238272783	-0.33529059075006024	0.770463122602562	0.051318988207027634	
9.75812562242141	-0.5881532159000897	-1.2089889663178848	-0.3570426436794633	0.8323259267617658	0.03747214569299164	
9.748502192105166	-0.6509476643814657	-1.1468521381553924	-0.3770164339955607	0.8967546266466574	0.021146546120699126	
9.741038990238016	-0.7088005265663733	-1.0645140376824922	-0.3946553929486849	0.9622253365740394	0.002998655973400161	
9.737588233461347	-0.7611812168155189	-0.9653087692932112	-0.40941642349303453	1.02743845742211	-0.01632963303321695	
9.740302802294316	-0.807587730017298	-0.8532810028490022	-0.4208063701216106	1.0913889501296505	-0.03622978689436083	
9.751635083227972	-0.8475955331901776	-0.7330781963577726	-0.42841364659919995	1.153416745059146	-0.05614362787332306	
9.774341001057632	-0.8809278443317158	-0.6098001851984651	-0.4319349197984064	1.2132396913955574	-0.07557783585900063	
9.811485381887781	-0.9075424498675637	-0.48881114917608004	-0.4311977713854557	1.2709691761128317	-0.09411609771184269	
9.866446118241425	-0.927730726554502	-0.37551474912218963	-0.4261797955539874	1.3271073793110548	-0.11142894254257205	
9.9429063816486	-0.9422097527158129	-0.27509980989258626	-0.417021313591021	1.3825163626709127	-0.12727931678971036	
10.044817110937894	-0.9521643683754024	-0.19231838621611413	-0.40402678841220846	1.4383541195142464	-0.1415208597247175	
10.17633201302572	-0.9592418846643659	-0.13132650349140393	-0.387661716611144	1.4959978465434067	-0.15409286541961795	
10.341706579556286	-0.9654963251586319	-0.09559730937233141	-0.36854474774201285	1.5569548219262455	-0.165012132518449	
10.545148905597381	-0.973276961546543	-0.087917673843333	-0.34743625488993846	1.6227621773517733	-0.17436273573824793	
10.790616105261577	-0.9850491859037476	-0.11049918403779921	-0.3252200485918324	1.6948820145396652	-0.18228336381248306	
11.081587303953032	-1.0031799341050687	-0.16515495498174598	-0.30288218518038257	1.774610961234492	-0.18895535340783887	
11.42082293269748	-1.0297094678550034	-0.2534799060342444	-0.28149057755877127	1.8630047264248226	-0.19459276827661748	
11.810112635339358	-1.0661182986401345	-0.3770075186912087	-0.26217443700230936	1.9608167330352997	-0.19943371666273893	
12.249997868116678	-1.1130977813240566	-0.537300084251523	-0.2461032742904931	2.068448907419829	-0.20373258325167118	
12.739522718637083	-1.1704000899973135	-0.7359055292530967	-0.234463937228459	2.185929143755938	-0.20775234929079853	
13.275993617956475	-1.2367841715557613	-0.9741627967457975	-0.2284359842457221	2.312902523943229	-0.21175718028424187	
13.854734180163081	-1.3100493828775672	-1.252870115453034	-0.22916214844797414	2.4486285444786065	-0.21600442041998952	
14.468831634385513	-1.3871590392226014	-1.5718141521437679	-0.23771008376624242	2.5919808078977655	-0.22073514423059037	
15.108894230610694	-1.4644664580961175	-1.9291605572274135	-0.25501936399115016	2.7414468679453163	-0.2261621046211573	
15.762949366833103	-1.5380155583817596	-2.3208720665200713	-0.2818382362330466	2.8951352130958767	-0.23245625685826937	
16.416439798788506	-1.6038391087762953	-2.7402237101699347	-0.3186512599400403	3.0507762406819827	-0.2397320409036482	
17.05235391770296	-1.65824272704925	-3.1774769633556144	-0.3656007414061207	3.2057225667968026	-0.24803211607271874	
17.65151544651189	-1.6980644672476148	-3.619765709831636	-0.42240053521062676	3.3569492706518402	-0.25731163223707004	
18.193133719639178	-1.720869716741002	-4.051391356265154	-0.4882589613351168	3.50106896901817	-0.26742640271539736	
18.655561172308392	-1.725042725351999	-4.454561571337429	-0.5618339793189056	3.634370727177114	-0.27813040956924884	
19.017153853865057	-1.7098093894481596	-4.810417590495261	-0.6412152893520443	3.752877303338593	-0.28908185146755483	
19.257233238539214	-1.6752028626433217	-5.100330973882682	-0.7239416833557061	3.852427561091784	-0.29985930175743847	
19.357170747485505	-1.6219879957518135	-5.307480272217171	-0.8070610554710765	3.9287922177494106	-0.3099898018531426	
19.30144128584613	-1.5515463222272454	-5.418467719177783	-0.8872576295813258	3.977825180736233	-0.3189890476010691	
19.078524880318845	-1.4657717893300628	-5.424665775737685	-0.9610179408497168	3.9956268891237077	-0.3264028166447877	
18.681679548641316	-1.366988087188152	-5.323241751442257	-1.0248196963578684	3.9787130742523287	-0.33184447237891807	
18.109573036522036	-1.2578823945282744	-5.117786677197602	-1.0753397531702014	3.9241864743634065	-0.3350256109879479	
17.36674031863655	-1.1414481660387008	-4.8183953436646965	-1.1096750888957472	3.829907890884694	-0.3357749506228524	
16.46359259281767	-1.0209121548521767	-4.440878377900287	-1.125523095854866	3.694615618124871	-0.33403660664670703	
15.416185027007119	-0.8996445758710828	-4.005505740740105	-1.121306799736627	3.518004067344324	-0.32985586237084064	
14.245746567966789	-0.7810450271213433	-3.5354043170760074	-1.0962451444176464	3.300761547419935	-0.3233575923753884	
12.977973441031404	-0.668397316865668	-3.054686366924596	-1.0503683099091687	3.0445684819383283	-0.3147210915767148	
11.64198796935019	-0.5646910708481214	-2.586451386292281	-0.9844602796338694	2.7520331404343183	-0.3041558126420583	
10.269064145423796	-0.4724402474261925	-2.1511231161035584	-0.8999423716541475	2.4265626899302006	-0.291883880825628	
8.891339052689169	-0.393505881370641	-1.7652230985540558	-0.7987540131197588	2.072216940821535	-0.2781286697544224	
7.540500627985013	-0.3289345411738903	-1.440560307501932	-0.6832386313511217	1.6935435028143062	-0.2631054752753969	
6.246454668963345	-0.2788226056771085	-1.1838349956487904	-0.5560496522879538	1.2953991272814396	-0.24701028363741967	
5.036144272148806	-0.24228510997650524	-0.9968823535246795	-0.4200825990172302	0.8827591381387664	-0.23000225740168556	
3.9327051164635747	-0.21755500170839218	-0.8774073433902756	-0.27843660444122514	0.46054151474781296	-0.2121808316383845	
2.9548953140448213	-0.20218280978093245	-0.8199612522946612	-0.13438947881960356	0.03344498571801967	-0.1935607285948826	
2.1167952092022313	-0.19333213451617542	-0.817082832461683	0.008629872312295457	-0.39420257396454517	-0.17404802031524627	
1.4277734896118446	-0.18816830999984024	-0.8604844371502888	0.14708964545833564	-0.8185867225769482	-0.1534208780442361	
0.892863735120769	-0.18426933773066093	-0.9420250633002205	0.2774414284403427	-1.2365033171120245	-0.13132607260821422	
0.5132908033885153	-0.17995829578567502	-1.0542849963279461	0.39623247163195996	-1.645415028424961	-0.107288839597897	
0.2870866379699208	-0.1745305239425787	-1.1908131074272343	0.5002358143410613	-2.0434744682882906	-0.08073484666381978	
0.20977059376120874	-0.1683530118176463	-1.3460804529844481	0.5865949629278753	-2.429516047912026	-0.05102497441111744	
0.27508709842278795	-0.1627850662205861	-1.5151580414532602	0.6529715305657596	-2.8030070925124955	-0.017505548305992193	
0.4757160476784992	-0.15991813456488913	-1.6932448755992113	0.697655366136165	-3.163950453198156	0.02043261451816917	
0.8038428289585061	-0.1622456956613002	-1.8752006695317658	0.7196447579702602	-3.5127707074516534	0.06329414606169713	
1.2516153355315172	-0.1722963908115081	-2.0551189520318704	0.7186957959098643	-3.8501801341089488	0.11141979213921757	
1.8114806570189228	-0.19225480860648833	-2.2259613743536377	0.6953453254747759	-4.1770220508008915	0.16492781484179733	
2.4763589449482843	-0.22362944813979377	-2.379322807448196	0.6508847259118131	-4.494089257701291	0.2236672512756684	
3.2396392804557532	-0.2670352913546143	-2.50535432842612	0.5872930739993282	-4.80194316378286	0.2871914946044389	
4.095045299536314	-0.32206996861828097	-2.592792483326193	0.5071552527482178	-5.100738468838759	0.3547452442532517	
5.03638343542754	-0.3872789351230431	-2.629102389992582	0.41356160165458056	-5.390053257408759	0.42526570744691167	
6.057161743439808	-0.46021009342872904	-2.6007582067777713	0.3099903861558275	-5.668720485380767	0.4973974679937565	
7.150116156255399	-0.5375952065856429	-2.4937233424712564	0.2001685654820446	-5.934705874406664	0.5695311055143112	
8.306721101553642	-0.6156048508368337	-2.2940734248500254	0.08793838932056323	-6.185034215686202	0.6398523945857949	
9.516712050086472	-0.6901597978291877	-1.9887574784107933	-0.022869212560936134	-6.415759079464437	0.7063988545623485	
10.767643332916537	-0.7573012508538048	-1.5665215316374101	-0.12855689188999905	-6.621982503889532	0.7671248693320288	
12.04454010257358	-0.813623440267509	-1.0190326374889447	-0.22567908787127558	-6.797945648143045	0.81997794497809	
13.3298298933726	-0.8566834585264987	-0.34198799965450116	-0.31113754338394983	-6.937220621740619	0.862979424715991	
14.60350053189118	-0.8853416807349745	0.46383392832842163	-0.38226049920321936	-7.032956729220338	0.8943036504517029	
15.843494947862403	-0.9000128038068983	1.3916333702673076	-0.43686999517329916	-7.0781830322158	0.9123570380383403	
17.026365808110135	-0.9028091228633479	2.4277714651115736	-0.47334333734653755	-7.066175797288955	0.915860005286916	
18.12824510845628	-0.897489018057925	3.5513426707487996	-0.4906576574836945	-6.990885764888893	0.9039231676672269	
19.12597739281644	-0.8891881613580779	4.734373419369225	-0.488405758622062	-6.847356224218654	0.8761010760465854	
19.99826311202726	-0.884042477312995	5.942416074884979	-0.4667973072311402	-6.6321101070158095	0.832429032435545	
20.72684011729175	-0.8887006384288405	7.135671173371743	-0.4266396991293846	-6.34351656142671	0.7734401706025478	
21.2976908584362	-0.909744109498741	8.270699866036322	-0.36929656797045957	-5.9821365558814605	0.7001609600551977	
21.701629217187264	-0.9532019587918491	9.302451909029493	-0.29659268301919256	-5.550791320212461	0.6140512273138091	
21.935919161109585	-1.023639475388018	10.188136077065051	-0.21072670540473332	-5.055021601823475	0.5169600920351746	
22.00211655375624	-1.124490390475622	10.887441373749484	-0.1140944971803744	-4.502115471193046	0.4109549529836729	
