21.7454990335924	-0.8166072528563685	11.308192006614354	0.3662583280642731	-4.375389245772008	0.2227040099456166	
21.50708803631823	-0.9244187948372783	11.682610834067217	0.4766666946955227	-3.7570528859349053	0.12146798007140626	
21.123703515504715	-1.0907532825702093	11.79585778059849	0.5869452480109368	-3.1105865923491907	0.01564708001917508	
20.62008732902563	-1.3094772803012604	11.645841437147368	0.695868594213407	-2.449951456195103	-0.09276304015552976	
20.022900940034955	-1.5706768613641269	11.242365749027822	0.8023336585764332	-1.7892050823759598	-0.2019157313887571	
19.360578958492365	-1.8591789712813676	10.612291114561078	0.9053709336471211	-1.142128940771676	-0.31022173703435807	
18.661046892252017	-2.1560385724384457	9.795778864752068	1.0040265822441483	-0.5214708963837967	-0.41637171971239284	
17.95033878159626	-2.4394431221891266	8.844224408849179	1.097269764065985	0.061578732616440285	-0.5193358023899368	
17.251135405675367	-2.686491118350417	7.8155468415174605	1.1838982117978285	0.5977810464768781	-0.6182998764776806	
16.581619266273623	-2.875204148587995	6.768904841645716	1.2624821074006607	1.0800492531651147	-0.7125661005976656	
15.954670753959997	-2.9866230793149473	5.759355735436877	1.331353480804851	1.503490421418785	-0.8014348978881174	
15.377481861900192	-3.0068122604415097	4.832980416061391	1.3886468396933191	1.8653143180724734	-0.8840862926419496	
14.851709964888212	-2.928535003394762	4.023173196977097	1.4323993588278714	2.164647102175472	-0.9594844346776366	
14.374377375024427	-2.7520503436699606	3.3492348968983956	1.4607058259605492	2.402261117403439	-1.0263476151622783	
13.939198662808215	-2.4850293636250935	2.8169384848106405	1.4718939159299789	2.580313087314951	-1.083194068552505	
13.538114805180971	-2.1417590107682107	2.420359106209524	1.4647016049552617	2.7020989109253137	-1.1284512090838095	
13.162876748022411	-1.7417373580447828	2.1445327475504476	1.4384448357818034	2.7718176094642004	-1.1606143133695284	
12.806503260357326	-1.3077984821284008	1.9685025212284302	1.393170965245585	2.794342554845075	-1.1784379265471747	
12.464275459120138	-0.8639731179897134	1.8683852344331116	1.3297602440556033	2.774990553709509	-1.1811109647233262	
12.134093526150588	-0.4335178081607227	1.819910533777877	1.2499577434139126	2.719318627749563	-1.1683735361355125	
11.816320040950684	-0.03718659648926246	1.8004208756357836	1.1563271338634482	2.63294948212997	-1.1405719759397404	
11.513234278536299	0.3082163565485199	1.7903554112001987	1.05211557906393	2.52142399408881	-1.0986518663067795	
11.228254349587631	0.5909766540791171	1.774241378847374	0.941026609238725	2.3900800936255004	-1.0440962856533436	
10.965122744670632	0.8050178495088064	1.7410703229977778	0.8269143612545972	2.243965753623175	-0.9788109072936736	
10.727257073746772	0.9497849590430145	1.6841734683539136	0.7134736538218515	2.0877832916127486	-0.9049894605538885	
10.517277432889095	1.0295940828361878	1.6007909001434373	0.6039640220142868	1.9258518375290585	-0.8249770125156277	
10.336698625881338	1.052527539729712	1.49141099483606	0.5009913430745753	1.762083013646795	-0.7411373224276566	
10.185772656694578	1.029015859149118	1.3589737609585588	0.4063660618108976	1.5999617705535711	-0.6557314664833929	
10.063504285415444	0.9703190731601447	1.2079947532226032	0.32107938627883126	1.4425373996204733	-0.5708225753103627	
9.967797640531277	0.8872787039222705	1.0437792573891378	0.2453828514068417	1.2924214215360086	-0.4882171874349215	
9.895674004207113	0.7894255312638053	0.871780144235383	0.17892536339343823	1.1517878118259794	-0.4094346701458708	
9.84354144196957	0.6844391051815024	0.6970992918749549	0.12092579250382518	1.0223799349629352	-0.33570012440293706	
9.807493936120753	0.5779405765034189	0.5241410806728567	0.0703557353892292	0.9055234206148052	-0.2679542092379504	
9.783615937777457	0.4736176046002816	0.35644463758150885	0.026106705082981654	0.8021543002043836	-0.206878857258574	
9.76823839562061	0.3735541381107916	0.19667805614775044	-0.012890233909665216	0.7128584727505263	-0.1529291000602482	
9.75813247673097	0.27861877612807595	0.04672587574797145	-0.047591480285925344	0.6379126387726728	-0.1063622017327297	
9.750639275236683	0.188862227355391	-0.09216273921134828	-0.07880571871424398	0.5773266539768145	-0.06726445050746514	
9.743737256652807	0.1038735311272893	-0.2191975648003697	-0.10718794861693169	0.5308828896096037	-0.03557398080930402	
9.736041031642657	0.023055300418439215	-0.333868583533706	-0.13325353561738776	0.4981718176932083	-0.011101860078417534	
9.726750025140907	-0.05421567006777792	-0.435802748190087	-0.15739748632062994	0.47861972945106457	0.006448381650627559	
9.71558404344802	-0.12851595111901634	-0.5246688342385692	-0.17990846409883726	0.47150677152410886	0.017463835942661952	
9.702714271931983	-0.20035354322382015	-0.6001269224072445	-0.20097762321422036	0.47597997579941465	0.022406097939113932	
9.688700088137665	-0.2701645826613351	-0.6618234789151147	-0.22070313888773124	0.49106386622403975	0.02179602282328251	
9.674430928750775	-0.33829559380011887	-0.7094331724256782	-0.2390962701500476	0.5156749156692214	0.016198958198495463	
9.661069705356505	-0.40496132659419265	-0.7427349455047475	-0.25609459080800073	0.5486443181550518	0.006211561823041579	
9.649997509259688	-0.4701921807351341	-0.7617051478898139	-0.27158084091522866	0.5887477730971556	-0.007549038805592158	
9.642752576200577	-0.5337876909333108	-0.7666144626285856	-0.285406029643407	0.6347430595838186	-0.024454868123761915	
9.640962606746063	-0.5952886015737857	-0.7581176126182291	-0.2974140171464853	0.685415198804747	-0.043876144768184036	
9.646272539397525	-0.6539815977337379	-0.7373154264314055	-0.3074636112971835	0.7396280598019256	-0.06519059578195831	
9.660281964029947	-0.7089390294688881	-0.7057641872459308	-0.31544340120124564	0.7963742477686568	-0.0877928471296465	
9.684501655802748	-0.7590771584458335	-0.6654427454944661	-0.3212801844289571	0.8548205183156355	-0.11110394458423857	
9.720333038981417	-0.8032286708755609	-0.6186801061608094	-0.324942974159757	0.9143463477561028	-0.13458090134832512	
9.769075479637102	-0.8402255979886484	-0.5680491412034759	-0.3264444482563121	0.9745739315886159	-0.15772615055335268	
9.831969421088607	-0.8689897816379736	-0.5162310734950986	-0.3258416405525156	1.0353845102190402	-0.1800961379644626	
9.910273456788824	-0.8886174828678199	-0.4658723196689981	-0.32323718097805976	1.0969121570511335	-0.2013066359100579	
10.005358687904142	-0.8984552812226109	-0.4194571580137723	-0.31878376768370403	1.1595226492379707	-0.22103559358524524	
10.118806091593186	-0.898170226266872	-0.3792086952552042	-0.3126925323970628	1.2237780628751396	-0.23902342212742506	
10.252491523015323	-0.8878189477522138	-0.34703510125173087	-0.30524601629882014	1.2903892601981817	-0.2550711894992534	
10.40863500682496	-0.8679211994842393	-0.3245499043189662	-0.29681561957537067	1.3601578132635068	-0.2690373718969825	
10.58978207056766	-0.8395232944124463	-0.31319164421320694	-0.28787725515249424	1.4339145174519543	-0.2808339570259954	
10.798726455338558	-0.8042476900953477	-0.31441336366440914	-0.27902214487467053	1.5124645600995963	-0.2904251720583208	
11.038382601159418	-0.7643096706741417	-0.3299109360460909	-0.27095993146228337	1.5965405874992362	-0.29782912614400237	
11.311615554241914	-0.7224832885913317	-0.3618553602640637	-0.26451279062893485	1.686765174230973	-0.30312263000820516	
11.621031817730561	-0.6819916203688378	-0.413079555085751	-0.2605997788480513	1.7836236645321077	-0.3064490391203838	
11.968753258601181	-0.6463103625468689	-0.48712885353731367	-0.26021213532593285	1.8874511177342015	-0.30802528112822086	
12.356173881450305	-0.6189330816139231	-0.5881573954471906	-0.26438584940960635	1.9984256736883395	-0.3081468124020108	
12.783688156955638	-0.6031239387351127	-0.7206648841457606	-0.2741709875051816	2.1165633210698447	-0.3071884674400074	
13.250382343780258	-0.601679046510184	-0.8890681732865593	-0.29059634183575467	2.2417094633245847	-0.30559945456127174	
13.753671947826268	-0.6167119980711483	-1.0970902647520926	-0.31462553797603066	2.3735206515031293	-0.30389015386097057	
14.288958379282235	-0.6495021260636115	-1.347043110518798	-0.3471054206593666	2.5114367358936516	-0.3026080039375148	
14.849320505469967	-0.700391839539446	-1.6391047263888994	-0.3887084777140437	2.6546402566062692	-0.3023060516007195	
15.425273345401951	-0.7687244623825659	-1.9706559053344284	-0.4398703733557346	2.8020056959898585	-0.30350573944568604	
16.004632762404718	-0.8528233956968448	-2.3357489674099283	-0.5007242144948679	2.9520419810084406	-0.3066557993080451	
16.572526376144616	-0.9500145343478397	-2.724787019096895	-0.5710308054993509	3.1028301627775003	-0.3120889765763042	
17.111674900814894	-1.0567249252801254	-3.1246389545762328	-0.6501212830589883	3.2519791199601498	-0.3199866838896246	
17.602876996486135	-1.1686296097224957	-3.5191437931256537	-0.7368531704945187	3.3966031047168723	-0.3303566886672958	
18.025674422505503	-1.280842651267603	-3.8899666746988855	-0.8295830505650602	3.5333260143103358	-0.343025844882181	
18.359187929495697	-1.3881547268488024	-4.217785465776878	-0.9261623882136996	3.6583193111978183	-0.3576503533702954	
18.583126266558047	-1.4853238375598568	-4.483795782310831	-1.0239624673323935	3.7673803436912183	-0.3737456498363094	
18.678877242360862	-1.5674075406363663	-4.671368538468152	-1.1199490223714699	3.8560635125556253	-0.390738196543117	
18.63054643482161	-1.6300968465666419	-4.7675875885764	-1.210793089918846	3.9198428155316214	-0.4080263390930224	
18.425914939412394	-1.670037604836667	-4.764562995820852	-1.293010729810553	3.954295820515667	-0.42504219251055436	
18.05727542316999	-1.685117959913138	-4.660403608997763	-1.3631281955853884	3.955302357459181	-0.44130822366115396	
17.5221451486781	-1.6747029195865561	-4.459756286052262	-1.41787076478077	3.9192554157123167	-0.45648194279155846	
16.823659235162328	-1.6397251311642052	-4.173585951149259	-1.4543549684497667	3.8432535169949213	-0.4703749751786728	
15.970667958889942	-1.5826171458253355	-3.8183009684157234	-1.4702579861180662	3.725254906816167	-0.4829444175581805	
14.977601328490191	-1.5071116517637613	-3.414406109405171	-1.4639586038982382	3.5641957046029225	-0.49426290758567615	
13.864074328781154	-1.4179208247368962	-2.9847740716359437	-1.4346405517158245	3.3600649655518042	-0.5044721552836687	
12.654239954437816	-1.3203158106023274	-2.5526568813942303	-1.3823557185558755	3.113938156842481	-0.5137258238516895	
11.375786987207869	-1.2196408636955973	-2.139699223751169	-1.3080199668016959	2.8279377739031593	-0.5221325926657953	
10.058747375240088	-1.12085497474597	-1.7643538674949097	-1.2133588702568	2.505138045939129	-0.5297128507822144	
8.734225499186778	-1.0281339443207933	-1.4407650821126845	-1.1008310255961946	2.1494373293800555	-0.5363702226521294	
7.433082350302731	-0.9445560856091247	-1.178155075026175	-0.9735350566923872	1.7653993427215027	-0.541877323298956	
6.184615459715959	-0.8718945678587366	-0.98071509344998	-0.8351109842319342	1.3580701305908727	-0.5458736025855897	
5.015375271636162	-0.8105938535128275	-0.8481136219751086	-0.6896287367057973	0.932768106117653	-0.5478752014969046	
3.9482949460853973	-0.7599479703698506	-0.7764436152985871	-0.5414685109309474	0.49487216132453277	-0.5472916379075676	
3.0021101617597794	-0.718427287229301	-0.7593443816447354	-0.3951916336068516	0.04961834902404709	-0.5434452975551015	
2.1910775469005204	-0.6841189625795394	-0.7891761292764263	-0.25539377689137555	-0.39809173350496047	-0.535594411882506	
1.5249634396085177	-0.6552318969216598	-0.8580984124291317	-0.12653541172960509	-0.8438671695078968	-0.5229602723483101	
1.0093658925653644	-0.6305701863538077	-0.9588672708244153	-0.01275490107136032	-1.2839663642618018	-0.5047609857866634	
0.6462813023955762	-0.6098391021426444	-1.0852027191913807	0.08230697909637277	-1.7153778721644182	-0.4802500777225919	
0.43475204788776706	-0.5937618205175581	-1.231798585950917	0.15566368266389297	-2.1358567213894113	-0.4487593050191207	
0.3715718717293388	-0.5840094677781303	-1.3940495526160535	0.20511321100448104	-2.5439144977567874	-0.4097453248322589	
0.45199436292407397	-0.5829576293703254	-1.567560484058341	0.22934208987100269	-2.9387664346240934	-0.3628406934575716	
0.6704046465544838	-0.593293065919558	-1.7475245107388193	0.2279855001195372	-3.3202238794691414	-0.307904787892741	
1.0208532766005227	-0.6175747710768942	-1.9281381902370713	0.2016340309371333	-3.688542119907625	-0.24506539751896766	
1.497412636156221	-0.6578282276029846	-2.1021312565344568	0.1518134376390337	-4.044247862554984	-0.17475225664951632	
2.094363512858131	-0.7152022591545939	-2.2604464104059554	0.08093480935310451	-4.387947036107711	-0.09771948094423018	
2.806200201040247	-0.7897097632975282	-2.3920928337896	-0.007779641451765901	-4.72011587621808	-0.015056554217674805	
3.6274318619742787	-0.8800897793759522	-2.484231257375437	-0.11040452484698735	-5.040881015704248	0.07181847735128996	
4.552211585965907	-0.9838171038427467	-2.522507541062502	-0.22245077186254342	-5.3498190283826075	0.16118759754443726	
5.573852880660516	-1.097206125459182	-2.491552986149135	-0.33901382957213	-5.645780437942304	0.25107307728383904	
6.684272372965103	-1.2156015432837628	-2.375649002252136	-0.4549349596568606	-5.9267454496629055	0.33929053722945973	
7.873386195372909	-1.3336487125217706	-2.159559695519916	-0.5649748161382194	-6.1897166532869194	0.4235139930435758	
9.128523143402491	-1.4456554098271788	-1.8295508475001838	-0.6640008166461459	-6.430671387090604	0.5013548037130663	
10.434018448288345	-1.5460204757624594	-1.3744847839230363	-0.7471701902538674	-6.644608551575265	0.5704485715225036	
11.770999658398017	-1.62968688008314	-0.7869503161702789	-0.8101033795576388	-6.825665709620232	0.6285436723480728	
13.117415268269083	-1.6926006027070135	-0.06438683465356695	-0.8490482464846008	-6.9673126107155205	0.6735914176085629	
14.448342767276781	-1.7321507039670534	0.7898270474106823	-0.8610359454834251	-7.062623156624914	0.7038376126275214	
15.736656391680393	-1.7475415257328535	1.765413611668972	-0.8440234517234471	-7.104636801637253	0.71791348686093	
16.954060238024994	-1.7399786960571186	2.844683067352405	-0.7969882056395106	-7.0867750347595955	0.7149083691343666	
18.072329545624026	-1.7126818035750542	4.002405529241758	-0.7199900454998955	-7.003275541880887	0.6944278341451376	
19.064682925236244	-1.6707224606059308	5.206132279596668	-0.6141920726965273	-6.849621096919613	0.6566325249829087	
19.90726623969593	-1.620689140067661	6.417051299713068	-0.4818372913727854	-6.622961381307719	0.6022554047844979	
20.580729184434457	-1.570178921783715	7.591543400442204	-0.3261696919920767	-6.322522622114201	0.5325906276644788	
21.071056320239176	-1.527263241143266	8.683119915563818	-0.15126112108258769	-5.949731258720028	0.44942251021542606	
21.371698248135438	-1.4997280886653255	9.645894500641838	0.03815446150140654	-5.508758747160656	0.35496669861075797	
21.48152702359049	-1.4949170396682392	10.43562761547582	0.2369871721879417	-5.005687549809183	0.2516871351687203	
