21.742293184637397	-0.821921687778049	11.694116966577685	0.0881434205454388	-3.718987681159706	0.3724842248933224	
21.41963030030801	-0.8726240262396266	11.815124398468415	0.20598762421964734	-3.097221283527259	0.24614291162275384	
20.965053428187893	-0.9647579537678597	11.681644422280634	0.3234440568112136	-2.4591219403070808	0.11792329248255445	
20.402786375399607	-1.0952516608366922	11.30595765725057	0.4384558173413543	-1.817722115318463	-0.009702275156449221	
19.758297398120543	-1.2582945864194848	10.710707317244246	0.54923594331853	-1.1858220621287874	-0.1345397540220759	
19.05812591190159	-1.4440662804330948	9.933126389236572	0.654379426463689	-0.575546079042179	-0.2548410604478685	
18.328034816974522	-1.6397398389076312	9.020225517084954	0.7527396234708712	0.0022119621757136637	-0.36927499487176274	
17.591826940687262	-1.8301484729609445	8.025902238096416	0.8433503165875043	0.5381981024011024	-0.4769127644618788	
16.870138563874846	-1.9991484324909394	7.006055218674677	0.9253167061348457	1.0250331525788374	-0.5771397910717484	
16.17948637772015	-2.1311539740534937	6.013688118506273	0.997733364737814	1.4572999870862582	-0.6695449504773668	
15.531627934989112	-2.2127075469972985	5.094418100604985	1.0596373903151977	1.831511610074943	-0.7537999770647381	
14.933285492133958	-2.23396858018726	4.282731975813871	1.1100031945959785	2.1459931365008456	-0.8295412041933357	
14.386425594442436	-2.189835718042063	3.5998350541836306	1.1477912973797813	2.4006955275400226	-0.896277820840345	
13.889152924607592	-2.0803128816399705	3.053784403270407	1.1720391438359627	2.5969670525586586	-0.9533595617711146	
13.436863925442868	-1.910289529164182	2.6409648439753584	1.1819695434298518	2.7373497364785346	-1.0000020139489567	
13.023543019115815	-1.6888400881538688	2.348449562529558	1.1771059779676545	2.825381115400663	-1.035359897649213	
12.643066586008509	-1.4281584590387917	2.156839672344462	1.1573899489940358	2.8653986999826495	-1.0586402122173562	
12.290300461834729	-1.1422444643297744	2.0432606101133	1.1232845492853487	2.8623307959108018	-1.0692364739904268	
11.961685631557332	-0.8456365683733413	1.9839747367330143	1.075829155638658	2.8214876284211003	-1.0668388463504697	
11.655366049796125	-0.5523238201557439	1.956421977431281	1.016640302845975	2.748375649145683	-1.051505907626481	
11.370978214141344	-0.2747984714842454	1.9407843753363092	0.9478485332680959	2.648528809540835	-1.0236962966298615	
11.109213686891751	-0.023234545839626555	1.921103724868429	0.8719663368211273	2.5273574187353205	-0.9842626092986179	
10.871289325514054	0.19509268683127312	1.8858359027176457	0.7916856511921091	2.3900224201809332	-0.9344049755149479	
10.658491646356245	0.375984005206974	1.827836255140437	0.7096580060891937	2.2413467010731702	-0.8755998158474388	
10.471829709350535	0.5181634509241869	1.7440227477320842	0.6282966718231333	2.085750828646431	-0.809522378704221	
10.311780443710129	0.6228328234166252	1.6347825275709538	0.5496149929393165	1.9272083380088882	-0.7379651909529736	
10.17811732227185	0.693002637357606	1.5032036882327426	0.4751132884895753	1.7692129920710766	-0.6627565265221821	
10.06984535604503	0.7327035131412871	1.3541709158628965	0.4057450341816746	1.614766751546988	-0.5856859292959047	
9.985235985024987	0.7463203016939939	1.1935224656726595	0.3419553504143699	1.4663838414608812	-0.5084473137883405	
9.921926986277624	0.7381212695682394	1.0273399924500672	0.2837582160859697	1.3261009677008198	-0.43259639562629654	
9.877077457510007	0.7119742434496636	0.8613663854726114	0.2308388938484444	1.195497039919287	-0.35951970274929584	
9.847565353179913	0.6712438958070837	0.7005609661077834	0.18266515731800959	1.0757206605275298	-0.2904116596757748	
9.830204739268938	0.6188460667293315	0.5488417980638002	0.13858993762937988	0.9675374913156827	-0.2262634249822657	
9.821930676482719	0.5573614086969062	0.4089977416450531	0.09792350144787601	0.8713852693081325	-0.16785901112367793	
9.819940856862939	0.4891408895541443	0.2827085111062766	0.059979761000459084	0.7874290995068848	-0.11577463010795463	
9.821791466714068	0.4163746312985231	0.17065034638399612	0.024104204116750464	0.7156166368525447	-0.07038192555736007	
9.825446064534844	0.3410960755048375	0.07266621350274796	-0.010308562484087961	0.6557291519615788	-0.03185440123428516	
9.829268566220858	0.2651154704039644	-0.01200481402847054	-0.04379845602817984	0.6074264050660293	-0.00018373859434283192	
9.831990672953417	0.18991326753953408	-0.08450026385577634	-0.076817211628749	0.570277201785884	0.024799285831931955	
9.832674400408182	0.1165301559393185	-0.1461241689225631	-0.1096990449373618	0.5437784770217459	0.04340078728561934	
9.83067876208253	0.045482409791035044	-0.1981605355326055	-0.14262766314645375	0.5273659484149066	0.05603656266762598	
9.825641007432877	-0.02326634223752233	-0.24172094786766443	-0.1756044351641028	0.5204189762827727	0.06320239349815368	
9.817469541944932	-0.0902357199022725	-0.2776544757715858	-0.20843530370030058	0.5222658433518835	0.0654430217045825	
9.80635103616371	-0.1562988913910553	-0.3065200410086549	-0.2407375207265475	0.5321918655351165	0.06332566590103202	
9.79276517648602	-0.22252018098968387	-0.3286079899107323	-0.2719638621470966	0.5494520354889703	0.05741785643703311	
9.777503247273303	-0.2899769498308345	-0.34400404787890027	-0.30144249455577216	0.5732891936339394	0.048269638698172836	
9.761687902022192	-0.3595813457582193	-0.3526907930881392	-0.32843034001283633	0.6029589117413809	0.03640056422363855	
9.746780691419668	-0.43193266988310247	-0.35466905447557084	-0.35217204822639026	0.6377582921323729	0.022293300893430863	
9.73458379549602	-0.50720593132385	-0.35007415861850305	-0.37195400798271544	0.6770553931155833	0.006392001322305516	
9.727232010165617	-0.5850747440591159	-0.3392802512372506	-0.38715330448319263	0.720318342005078	-0.010896041617782348	
9.727171930654748	-0.6646726522848819	-0.32298598771281173	-0.3972815773076448	0.7671435262190657	-0.029196438543747923	
9.73712076614722	-0.744610579110928	-0.30226819500488517	-0.4020227257699246	0.8172809080155315	-0.04816230386920282	
9.76000036451858	-0.823073928724434	-0.27858026746061576	-0.40125648289657107	0.8706484079383633	-0.06746868879247875	
9.798865540048151	-0.8979710633338454	-0.253712560136735	-0.3950721186066453	0.9273378715824981	-0.08680896561640908	
9.856833256634914	-0.9671228791380515	-0.22972513006724712	-0.3837723190892694	0.987611410780809	-0.10589328192185707	
9.937020838050138	-1.0284828697834565	-0.20886523981868022	-0.36786813581966554	1.0518875821610998	-0.12444950546017765	
10.042504710536123	-1.0803665816969488	-0.19348841987627075	-0.3480628928414954	1.1207138748261816	-0.14222688864599392	
10.176307253709279	-1.1216326796589093	-0.18601585725458653	-0.32522587488467597	1.1947266314116602	-0.15900142737574988	
10.341397201341419	-1.1518045756312054	-0.18894412426396104	-0.3003657985966295	1.274606958741214	-0.1745825910309818	
10.540686963048985	-1.1711317066282665	-0.20490399516602456	-0.2746042594780575	1.3610339670866285	-0.1888209854369303	
10.77700828800285	-1.1805931373540375	-0.23676678145660776	-0.24915066912737277	1.4546369911716475	-0.20161723778159793	
11.053040738188065	-1.1818327069133754	-0.28777673061607545	-0.22527767611129695	1.5559507994280442	-0.21293129355878843	
11.37118624702212	-1.1770380197684702	-0.36164762364956526	-0.20429660543234687	1.6653810203411457	-0.22279006592007455	
11.733395283975051	-1.168793898029899	-0.4625868932836882	-0.18753167931115747	1.7831766595253977	-0.23129362916874285	
12.14094928902677	-1.1599076205449517	-0.5952157376245092	-0.17629007890538836	1.9094076366605002	-0.238618523257208	
12.594186771968534	-1.1532050034351102	-0.764346973953584	-0.17182507165132133	2.0439431256338456	-0.24501729480770898	
13.092184097935386	-1.1513056060362077	-0.9745724610173524	-0.17529210067412232	2.1864309697999946	-0.250810501398312	
13.632419656790683	-1.1564241694314692	-1.2297060097332633	-0.18770288399603116	2.3362764613877642	-0.25637074891316314	
14.21041350696824	-1.1702156171273839	-1.53213324113539	-0.20987641218168368	2.492614811202186	-0.2621006246748794	
14.819369475563459	-1.1936695183954293	-1.882108136073799	-0.24238655036392645	2.654278355223325	-0.26840415980638693	
15.449825618655487	-1.2270515829764272	-2.2770122338693635	-0.285501966087054	2.819754785787423	-0.2756510160838263	
16.08945103330099	-1.2699019960172744	-2.7107530948538114	-0.3391272632716544	2.98714710460497	-0.28413595833628463	
16.723048806940852	-1.321061102262531	-3.173436301064751	-0.40275293716791377	3.1541412803368307	-0.2940405713250641	
17.3327417912448	-1.3786994489044546	-3.651311445170031	-0.4754141566908604	3.317981565407109	-0.3053994856135631	
17.898372602151568	-1.4403570793816438	-4.1270560959707066	-0.5556648043180715	3.4754608846343373	-0.3180742043144721	
18.398144012737692	-1.5029961765838682	-4.580465971932967	-0.6415696465116335	3.6229312149393653	-0.33173738764451716	
18.80953540991829	-1.5631004186348219	-4.989677643981316	-0.7307368135248918	3.75635740991529	-0.3458800484633051	
19.1103335759735	-1.6168190684498929	-5.332696587984201	-0.8203813308444295	3.8714072014620666	-0.35984062425846197	
19.279716845818932	-1.6601561252272312	-5.589088223263853	-0.9074121272395647	3.963571473484803	-0.3728517785676152	
19.29936603262244	-1.6892092384661386	-5.741744055798021	-0.9885432226935218	4.028315530328249	-0.3841034452711082	
19.15460188247973	-1.7004666860568338	-5.778643989832632	-1.0604306257308214	4.061264688505663	-0.3928203275427721	
18.835328401596815	-1.6911202241089125	-5.694158862996457	-1.1198267933492916	4.0584034110372995	-0.3983398284240513	
18.336756841399716	-1.6593400412783026	-5.489755846621233	-1.1637329760714363	4.016262601205264	-0.400173158855138	
17.659941461763548	-1.6044870039417685	-5.174137100996459	-1.1895487600431605	3.932090927614271	-0.3980450344439407	
16.812109815999708	-1.5272370247552833	-4.762784760447055	-1.1952173255608827	3.80400501985683	-0.3919081124574367	
15.806769143564113	-1.429587923282781	-4.276866958047796	-1.1793659703439985	3.6311155498781758	-0.3819277872998004	
14.663351744036039	-1.3146994958783573	-3.7414668144457903	-1.1414013535738683	3.4135846938049323	-0.36843453390615927	
13.406600226229015	-1.1866543099620352	-3.183630141911837	-1.081560968515705	3.1526401250032023	-0.35186648743008414	
12.06570447413158	-1.050167899429027	-2.6303839099381268	-1.0009197625836355	2.850550441424231	-0.3327131925905736	
10.673184577895455	-0.9102563279101963	-2.1068395418774357	-0.9013512350796796	2.510562706218819	-0.31146807296700474	
9.263482557546608	-0.771852097758442	-1.6345219984950963	-0.7854415825326074	2.136796660947169	-0.2885975577518249	
7.871357436417706	-0.6394017782144512	-1.2302714079913477	-0.6563593480728825	1.7340816982705944	-0.26453070906087284	
6.530329774914092	-0.5165108455317291	-0.9056392649707965	-0.5177277453705081	1.3077786283802568	-0.2396575830610667	
5.271232942459204	-0.4056856957740117	-0.6667112837708415	-0.3735014088708607	0.8635837211584649	-0.21432555519634286	
4.120940900685427	-0.30822248893328325	-0.5143281188046165	-0.22784886264074913	0.40731541405216554	-0.1888262034905714	
3.1014251470593863	-0.22432073957624088	-0.44475815921847806	-0.0850346970111452	-0.05531697116896574	-0.16336704765888702	
2.2293924437100396	-0.15342587959712845	-0.45077368742520973	0.05070234764791254	-0.518929620263164	-0.13803653961750315	
1.5162769450552578	-0.09465437531249252	-0.5227576824905195	0.175277636136176	-0.9786487340154368	-0.11277164224808947	
0.9685143858372323	-0.04723208024784087	-0.6497595497534623	0.28489994916791445	-1.4302611715061802	-0.0873350005001984	
0.5880233980012355	-0.010885073314731635	-0.820408875718009	0.3762241929929975	-1.870330304464222	-0.061306805280257774	
0.3729017033723412	0.013904815968887655	-1.023594726627713	0.44650537288395376	-2.296259670145886	-0.03410109850405681	
0.318260724452755	0.02586186126670368	-1.2488217760663802	0.4937166814622063	-2.7062851111841346	-0.0050094301122157155	
0.4170128106566401	0.023047214956034696	-1.486307428286963	0.5166385499795988	-3.0994267019576762	0.02673965540101368	
0.6606210744691099	0.003123596459332856	-1.7268829908544392	0.5149159688644565	-3.475399795957806	0.06190904574512053	
1.0397815070253533	-0.036272624203212596	-1.96173613415949	0.48908948641789096	-3.834488959170342	0.10117258192870437	
1.5450003785374986	-0.0970957767757765	-2.1820384853783725	0.4405832613333388	-4.177375324188547	0.14503418775901772	
2.166982297438398	-0.18049409903874447	-2.378576187362798	0.3716478891834657	-4.50493867689625	0.19376289243048045	
2.896831880345941	-0.2864837854907478	-2.541453506741435	0.28528233820807325	-4.818055709459919	0.2473432897402144	
3.726087677409816	-0.4137107361908885	-2.6599024130153204	0.18512754249248603	-5.117394261159207	0.3054424174223225	
4.646584047697186	-0.5593113066050635	-2.722233803233269	0.07533144482725916	-5.4032029096472485	0.3673917262530673	
5.650130623459004	-0.7189401231434387	-2.7160067809206834	-0.039625735979786095	-5.675116821325141	0.4321934594539539	
6.728079175764901	-0.8869600051377364	-2.628408296056033	-0.15511973224873532	-5.93200792494286	0.4985479129994639	
7.87083726335596	-1.0567370728523264	-2.446795793794354	-0.2665671675062183	-6.171872979388169	0.564891412653907	
9.067366756346301	-1.2210347983030319	-2.1593941994295855	-0.369605590471916	-6.39176706866575	0.6294457649329497	
10.304692373628276	-1.3725020615597507	-1.7561709122558191	-0.46026785522925273	-6.58778559320703	0.6902783590293716	
11.56756104387377	-1.504224531135574	-1.2298091741105264	-0.5351283270573766	-6.755137301205789	0.7453751091883397	
12.838329040029338	-1.610247578779097	-0.5766593210160279	-0.5914095000720861	-6.888296188055356	0.7927162013083408	
14.0970629563117	-1.6860493685872957	0.2023433067557236	-0.627060815282016	-6.981213950906567	0.8303529601108864	
15.321882190312992	-1.728944349515518	1.100843755149203	-0.6408093646286444	-7.027596612845503	0.8564869197850352	
16.48957967690071	-1.7384046483308493	2.1063258733703156	-0.6321873375426883	-7.021253567668718	0.869554263237032	
17.57655449344135	-1.7161793384268889	3.1997802568071236	-0.6015094820587129	-6.956496430679079	0.8683044976087023	
18.5599048338004	-1.6662253180672042	4.355786056812652	-0.5498193441848257	-6.828537537791733	0.8518686434235974	
19.418586822837536	-1.5944938135652658	5.542954119112983	-0.4788142555595702	-6.633868679403744	0.8198161169052584	
20.134637903484393	-1.508569716810689	6.724826771368192	-0.39074678869179896	-6.370622380242699	0.7721988448849288	
20.69444949929582	-1.4171698510863249	7.861326182835476	-0.28830318702721597	-6.038914818337224	0.709580562908903	
21.089369200746813	-1.32960131312718	8.91048653086113	-0.17446212407703546	-5.640921474726055	0.6330056349695954	
21.31733389199607	-1.2549506020114478	9.83161388901556	-0.05233873768463867	-5.181319021470435	0.5440117927020742	
21.38081530270239	-1.2019104227110222	10.58582988768856	0.0749166450590318	-4.666451282133299	0.4444413401545177	
