12.636400139400724	-2.4452660889230806	0.3831047363561754	1.448554931964772	-1.4183190613120182	1.9897638035422636	
12.632573341856538	-2.3217827651874927	0.43219612041078126	1.632685762264058	-1.455597266998983	2.096946928820049	
12.59715194897115	-2.204476116516166	0.48363462894549836	1.8121072611026252	-1.486788412655388	2.1968211403935056	
12.529762256915076	-2.0931779634709216	0.5357284495330076	1.9860329928820342	-1.5112602872452559	2.2890421384571162	
12.431044891816976	-1.9870813968321548	0.5868837454154168	2.153454278704543	-1.5284662040623023	2.3734006492284205	
12.303172949332755	-1.8845536886017067	0.6356897221893063	2.3129860073721042	-1.538002162378923	2.4498912815127953	
12.149597110869115	-1.7835645065533043	0.6809617842824509	2.4628538831137754	-1.5396128820476682	2.5186788161410147	
11.974984892006656	-1.6819263051962312	0.7217895421847031	2.6008904811531326	-1.533213741888819	2.5800916477436453	
11.784967889919626	-1.5775865754691125	0.7575597605073541	2.724608397701588	-1.518896652774806	2.634588346714345	
11.5858490692755	-1.4688626911258535	0.7879617691846121	2.8313104465510293	-1.4969298792220274	2.6827164708190367	
11.38427351263964	-1.3546281620597693	0.812971502405492	2.9182288766839677	-1.4677508037430393	2.7250645262020905	
11.186861061901757	-1.2344633017125215	0.8328118838043324	2.9826902548605543	-1.4319511681393204	2.76220775201105	
10.999816363062585	-1.108761438851476	0.8478865451011178	3.0223006627816438	-1.3902535430979133	2.794651986466708	
10.828580122585873	-0.9787545044797489	0.8587004688926768	3.035119674768412	-1.343480245887133	2.8227869714736857	
10.67754039212314	-0.8464635847546941	0.8657907355445917	3.01981214606808	-1.292521339633739	2.8468513113972613	
10.549808534099787	-0.7145676264242665	0.869672607240922	2.9757695817905723	-1.2383003821809944	2.8669094459911677	
10.447060793789168	-0.5861941309625275	0.8708060681315525	2.903196297670133	-1.1817372661931382	2.8828410118963386	
10.369481306025671	-0.46464937080341434	0.8695876745490337	2.8031353915420585	-1.1237081466147871	2.8943480371744004	
10.315832553236872	-0.3531672994545974	0.8663625023086279	2.67742121116139	-1.0650099936214634	2.9009816011977927	
10.283599686197242	-0.25472028917922485	0.8614417395361327	2.528596925348948	-1.0063335822040402	2.9021787496503397	
10.269212183843084	-0.17189238746924448	0.8551191898880557	2.359804104767741	-0.9482469045264329	2.8973078201278035	
10.268337991087025	-0.10681187902670831	0.8476817379649266	2.1746578574441253	-0.8911900192323315	2.885719604346076	
10.27625530111815	-0.0611380714871089	0.8394112354002368	1.9771141316958172	-0.8354842996474561	2.86679976219993	
10.288234734424304	-0.03606471256176973	0.8305813177651568	1.771349794482345	-0.781350560746265	2.8400120668385473	
10.299886963205706	-0.032298308385341826	0.8214542675817522	1.561658818087525	-0.7289274665668337	2.8049307501964535	
10.30746529825419	-0.05000478507261086	0.8122803146158113	1.3523525305403383	-0.6782884970223866	2.761261440367797	
10.30811452833367	-0.08871492701731717	0.8033005571803629	1.1476531006665431	-0.6294551875814801	2.7088503246334317	
10.300022410454055	-0.14722000918447833	0.7947523819159034	0.9515730916464678	-0.5824065195607994	2.647676319543527	
10.282469023397725	-0.22350052362984996	0.7868729057921939	0.7677884924039803	-0.5370840768106546	2.5778295583373336	
10.255810820858601	-0.314702988912273	0.7798983718061031	0.5995064514902715	-0.4933937955045799	2.4994825611544904	
10.221402226214673	-0.4171848449016435	0.7740593494758131	0.4493336349557685	-0.451205677763136	2.41285586576616	
10.181460916669167	-0.5266425514869073	0.7695719008149544	0.31914598318674703	-0.4103521006932306	2.3181803903443376	
10.138857971058496	-0.6383475336571008	0.7666275911047604	0.20999864471533042	-0.3706274936449113	2.2156615905455253	
10.096875855198435	-0.7474374146326075	0.7653862090388412	0.12208590231439867	-0.33179075579241046	2.1054525436701796	
10.058955430731341	-0.8492271980389564	0.7659727578007588	0.05474236388551752	-0.29357068070559195	1.987636515310823	
10.028437620118748	-0.9395223332201488	0.7684800472655986	0.006489797828067403	-0.25567479688870165	1.8622196919326952	
10.008306654233598	-1.0149175230528527	0.77297855760044	-0.02487056564111627	-0.21780189533153801	1.729135355881448	
10.000976217076639	-1.0730115533733828	0.7795345842158034	-0.042105066889649906	-0.17965719072876227	1.588262680679603	
10.008137945351622	-1.1125230204284888	0.7882324429974226	-0.04837452215168191	-0.1409670330364733	1.4394552319968659	
10.030660223269626	-1.1333237589513228	0.7991983470847792	-0.04705360261165368	-0.10149226309622936	1.2825764504466572	
10.068532677786395	-1.1363933363323369	0.8126246991806853	-0.041546105523059484	-0.061039603071293164	1.1175410933909977	
10.120847987397346	-1.1236996245833524	0.8287942788205975	-0.035099004245659954	-0.019470657461996152	0.9443627116056195	
10.185839762082844	-1.0979977591053167	0.8480988565481402	-0.03063825549946296	0.023293949373423294	0.7631991828873257	
10.260942611126168	-1.062614446788892	0.8710513666450745	-0.03063636578910033	0.06727309647176577	0.5743929634495256	
10.342877587576718	-1.0212317104124415	0.8982893159666173	-0.037006088101098934	0.11242486179565685	0.3785055396053278	
10.42777534766903	-0.9776768487686323	0.9305654742274619	-0.05101879545878124	0.158646421980224	0.17634496068116798	
10.5113645861026	-0.9357235286554119	0.9687178824576943	-0.07324826379962561	0.20577301163914105	-0.03101558709162533	
10.589252469191047	-0.8989211438374132	1.0136110830749576	-0.10356496525284609	0.25357724363758155	-0.24223941328851378	
10.65726851564765	-0.8704501070225474	1.066054985125392	-0.14115885457217597	0.3017680766230274	-0.4557402263033156	
10.71185675864359	-0.8529870905169692	1.1267051924223732	-0.18459129531185486	0.34999126687639615	-0.6697081755231851	
10.750495848059622	-0.8485677045416017	1.195948335782472	-0.23187755447306718	0.3978329776837704	-0.8821480152805092	
10.77209603044001	-0.8584362054924172	1.2737813459349339	-0.28060982825715763	0.4448298181182557	-1.090931885987327	
10.777220413839535	-0.8829105670020732	1.3597222950716257	-0.3281231215995684	0.49048805360956915	-1.2938646904128959	
10.76810846535402	-0.9212598938477576	1.4527607139624497	-0.3716781539288674	0.5343088154721747	-1.4887521490561084	
10.74848732457124	-0.9716163342652311	1.5513542918100303	-0.40866074375193495	0.5758176295009065	-1.673471247376836	
10.723164119582375	-1.0309406013250122	1.6534760498033634	-0.43679623132114465	0.6145963047020192	-1.84604265622695	
10.69739161564738	-1.095095761649627	1.756722692832624	-0.45436876916104374	0.6503123231717524	-2.0047018026546124	
10.676150348441453	-1.1590736195064701	1.8584682738130673	-0.46040025442954163	0.6827360225505877	-2.1479553862634844	
10.663501934402966	-1.2173227763965078	1.9560258350437987	-0.45478614521565675	0.7117460240596012	-2.274626273181354	
10.662067935397229	-1.2641629321750738	2.0468094543136766	-0.4383798117152445	0.7373239071836492	-2.3838859423834404	
10.672679462546714	-1.2942663528045424	2.128490705927928	-0.4130218901275886	0.7595399876775437	-2.4752760761822383	
10.69428830167227	-1.3031535538266077	2.1991361584311755	-0.38148525112051135	0.7785320821609116	-2.5487120836122967	
10.724152173993065	-1.2875865683363665	2.257303639166324	-0.3473345468806648	0.7944841676288135	-2.6044658395090208	
10.758167470468685	-1.2458499596700188	2.3021047894169846	-0.3147438027412108	0.8076103863800771	-2.643140252993593	
10.791311990771847	-1.1779175303274292	2.333230464887302	-0.2882751391356333	0.8181446278045706	-2.6656343590202067	
10.818161473049514	-1.0855147642440146	2.3509367899458526	-0.27262433122345514	0.8263365467309511	-2.673101234328156	
10.833436562232139	-0.9720426566384669	2.355970065013231	-0.2723420306602262	0.832453669347185	-2.666895008734859	
10.832479922383465	-0.8423963361322231	2.3494399385052507	-0.29157016267318014	0.836786840227941	-2.648514529514904	
10.811645697429402	-0.7027415012593236	2.332667340246472	-0.33379756762002	0.8396562852761995	-2.6195499729630924	
10.768598294437837	-0.5602441923074821	2.3070163053051402	-0.4016347697622236	0.8414163180891719	-2.581631291563175	
10.702520186171546	-0.4227551986261547	2.2737224099973985	-0.49660005466836743	0.8424571720146949	-2.5363791236669866	
10.614166507040919	-0.2984318120589258	2.233751802546968	-0.6189566466118983	0.8432010678230654	-2.48536160742185	
10.505778865110527	-0.19533830156085355	2.187725873717675	-0.7676150118762891	0.8440928568794309	-2.4300622747374034	
10.38090746347503	-0.12103700227809079	2.1359087809553143	-0.9400835374589894	0.8455867028493146	-2.3718572527915733	
10.244146645938429	-0.082173403895039	2.078256091652661	-1.132479109919145	0.8481290991898847	-2.312001071914747	
10.100793965250581	-0.08405269236392796	2.0145232377346076	-1.3396006653127146	0.8521379054908507	-2.251619746335724	
9.956445670949858	-0.1302881620734977	1.9444228990369121	-1.555114593381319	0.8579792538474177	-2.19171347734024	
9.816609415802635	-0.22255439361751309	1.867785869036774	-1.771811714722935	0.8659446361411847	-2.1331629759609294	
9.686354824781597	-0.3604314942678738	1.784703606046255	-1.9819150950617082	0.8762282690215211	-2.076735237745569	
9.570010377847902	-0.5413527625551683	1.6956392430099525	-2.1774392095090316	0.8889056133328053	-2.0230876094996324	
9.470912755782676	-0.7606612630889497	1.6014935658001435	-2.350603570508091	0.9039133324669251	-1.9727676946760078	
9.39126144865624	-1.011846865794323	1.503597779601581	-2.4942582673974343	0.921038259002328	-1.926211207292164	
9.332057412288975	-1.2868774464482933	1.403653504557	-2.6022681523755984	0.9399141512252122	-1.8837362489693787	
9.29310595337405	-1.5765940273362076	1.303637926503932	-2.66985151937555	0.9600247004833632	-1.8455350244671922	
9.27308470947988	-1.8711626081179378	1.2056825994020761	-2.6938649093726483	0.9807126080285753	-1.811664122308964	
9.269685496860985	-2.1605792067609664	1.1119332450092188	-2.673027098227194	1.0011944333416156	-1.782033636471595	
9.279858552648417	-2.435184748386544	1.0244125819756873	-2.6079965270724763	1.020583961322712	-1.7564013487592578	
9.300099734130512	-2.6861371014153193	0.9449058352028072	-2.501348061783776	1.0379189716599566	-1.7343692854111998	
9.32676320924389	-2.9058444711466813	0.8748692201567747	-2.357456260057468	1.0521918255063945	-1.7153832205417716	
9.356385203099288	-3.0883547522428243	0.8153635038947603	-2.182283736391133	1.0623842016557332	-1.6987358604485694	
9.385999919736967	-3.2296782691359813	0.7670188062571682	-1.9830606416149195	1.0675065245140112	-1.6835756577077534	
9.413382993066733	-3.327926727535002	0.7300487485844043	-1.76785613436455	1.0666369138501002	-1.6689267716411946	
9.43721291647231	-3.383305614602758	0.7042933145590734	-1.5451368513156918	1.0589569018714222	-1.6537158399185239	
9.457153176611333	-3.397968234443793	0.6892818166889365	-1.3233262016479141	1.0437843748172628	-1.636806205480784	
9.473853343763121	-3.37574673015533	0.6843067676454376	-1.110380492621599	1.0206045849705623	-1.6170395557485413	
9.488850242480261	-3.321770285214503	0.6884973875885936	-0.9134079369376128	0.9890987108997665	-1.5932847388183136	
9.504362087192604	-3.242036145393023	0.7008745598950531	-0.7383996974048185	0.9491629432110745	-1.5644860097747235	
9.523037249318007	-3.1430394186395776	0.72037626735876	-0.590048875584086	0.900921845339902	-1.5297069533744867	
9.547673227490355	-3.0314603694358673	0.7458590644615914	-0.4716419749406563	0.8447337669815654	-1.4881697310276247	
9.58092285191736	-2.9139128719286544	0.7760784481429955	-0.38500585847617536	0.7811876529017485	-1.4392898831281578	
9.625016971859058	-2.796750356811865	0.8096562236077468	-0.3305192792945652	0.711085735304326	-1.3827027467211077	
9.681563764489484	-2.6859230140812924	0.8450534305490551	-0.3071964542613488	0.6354102936001936	-1.3182744153992385	
9.751424118856427	-2.586852041204711	0.8805566677494586	-0.31279072701142074	0.5552837625984153	-1.2461031973795602	
9.834658835877875	-2.504305219223988	0.9142836530968486	-0.34392743845685414	0.47192212339210765	-1.1665104553110504	
9.930541509576592	-2.4422579270550746	0.9442127953219358	-0.3962621414698925	0.38658273156622996	-1.0800214748376482	
10.03764643459406	-2.403749459049024	0.9682457194241242	-0.4646838329685089	0.3005080620536118	-0.9873320045611812	
10.153985943699942	-2.3907616036790302	0.9842967904187117	-0.543546422722972	0.21487389446046473	-0.8892642316921368	
10.277155876061371	-2.4041109948825152	0.9903992656807298	-0.6269021489198459	0.13074383585362928	-0.7867199557019264	
10.404486080011267	-2.44337088391532	0.9848237460455951	-0.7087427173059974	0.049030065745694094	-0.6806313007691357	
10.533191904829446	-2.506825142487743	0.9662076668309211	-0.7832493279211126	-0.029540740489880424	-0.5719103994425072	
10.660529318197483	-2.591504212707604	0.9336758239486512	-0.8450369170676083	-0.10445067229048999	-0.4614027411238459	
10.783949186818063	-2.693307360587238	0.886928713441771	-0.8893596940681471	-0.17540122183687995	-0.34985198263102585	
10.901258418292372	-2.807183349918202	0.8263019234931055	-0.9122819681329821	-0.24231588190256992	-0.2378753456621273	
11.01078773293952	-2.927376336514876	0.7527910276377738	-0.9108110854142564	-0.30533304715545756	-0.1259493719520138	
11.11156439943597	-3.047738351832746	0.668041399822817	-0.8829959551750509	-0.36478884869651584	-0.014405144844612049	
11.203434203590708	-3.1621015418085077	0.5742810782364938	-0.8279532832978692	-0.4211825998351729	0.09656329476140556	
11.287085202407559	-3.26464250022614	0.47421532788771453	-0.7458328712616347	-0.47513072052842475	0.2068820194720945	
11.363965878274819	-3.3502154171607783	0.3708996289269796	-0.6377458754387824	-0.5273142600463657	0.3165759510929863	
11.436086228332154	-3.414640483071015	0.26759196258310725	-0.505655026718752	-0.5784214239520182	0.42574348463273576	
11.505691383117423	-3.4549372677993784	0.1675856619468234	-0.3522321664753574	-0.6290872295374516	0.5345275718946365	
11.574840877328123	-3.4694338239766696	0.07403517379366574	-0.18067393379994287	-0.6798404395547277	0.6430842995658191	
11.645008161791537	-3.4577632893679895	-0.010201693400352508	0.005485192231944761	-0.7310662136559097	0.7515541928575543	
11.716754340199673	-3.4207775208951188	-0.08270057977564092	0.20255100212367436	-0.7829837366156043	0.8600374332236571	
11.789511585716571	-3.360381849683025	-0.14158666743796097	0.4068398401588815	-0.8356381866979196	0.9685734393729641	
11.861514644103421	-3.2792983235767705	-0.18562805347870512	0.6148376870060857	-0.8889061238703376	1.0771258955764897	
11.929952209209485	-3.180780092022759	-0.21423613567924474	0.8232969327198839	-0.9425210605904989	1.1855816048036425	
11.991209588854003	-3.0682832095234374	-0.2275504026938837	1.029387846139434	-0.9960878097080719	1.2937462838295248	
12.041266835100188	-2.9452862088867278	-0.226180948056171	1.2305815078099165	-1.0491368734068534	1.401375317741859	
