11.414705375008868	-3.12620760812116	0.4193604888390854	0.9548694304912948	-0.9589348464751372	1.5154633061661174	
11.42215148566669	-3.0668676232018917	0.3864233675042561	1.1903970462954534	-0.9850984053350162	1.5799354057395283	
11.409442583136267	-2.9850599613020106	0.3611551691212239	1.4275842387945186	-1.0063147552812544	1.638594324798169	
11.374100678476355	-2.879899977977565	0.34343268758081047	1.6616014267063206	-1.0225827761185287	1.692409361236726	
11.314648310552403	-2.7511003643414895	0.3329935481305705	1.8876038296589308	-1.0339849815845996	1.7423872007792574	
11.231048164258425	-2.5992699096536667	0.3294123129905956	2.100815139864392	-1.0407140841630063	1.7895480401302502	
11.124499688285717	-2.425864158530954	0.332184061338549	2.2966853293848497	-1.043040127938619	1.8348497108260164	
10.997405928008218	-2.233247588411951	0.34075059929210116	2.4710184624073	-1.0412989719475412	1.8791331395787618	
10.85318669176606	-2.0246568378556025	0.3545266073553489	2.6201010129403692	-1.0358713626129743	1.92306941992799	
10.69606265951338	-1.8041214160117647	0.37290504998802687	2.7408128947160315	-1.0271642106825807	1.9671219300819025	
10.530820081294666	-1.576343873164236	0.3952486875214489	2.830725461661606	-1.0155936644398142	2.0115219702750875	
10.362557430767229	-1.346534927437192	0.4208748141817908	2.888182816451469	-1.001569491531923	2.0562584343696804	
10.196426194728897	-1.1202071705118404	0.4490395384211588	2.9123678273546356	-0.985480906814272	2.1010803358308943	
10.037376607998743	-0.9029249161774028	0.4789319143496265	2.903337963314497	-0.9676837621941909	2.1455139921767152	
9.889941367956874	-0.7000387554482522	0.5096845103586417	2.86202036006737	-0.9484898292566807	2.188891859888391	
9.758062444293365	-0.5164249520425284	0.5403984228778262	2.790180302476349	-0.9281573742335197	2.230385748432413	
9.644962373189276	-0.35624212719996207	0.5701800115817863	2.69035700226139	-0.9068830619053314	2.2690440867949175	
9.553059052920473	-0.2227182665128039	0.5981855095106552	2.5657674216778625	-0.8847951351308355	2.303831568097025	
9.483924853962106	-0.11798758258751775	0.6236683602389617	2.4201737399138845	-0.8619483808085558	2.333670536363369	
9.43830075442862	-0.04302348637647199	0.6460180298453343	2.257715752825062	-0.8383232682643145	2.3574812071207423	
9.416134841380412	0.002351502218382021	0.6647871098617606	2.0827358146127692	-0.8138284576708715	2.3742176323972246	
9.416641178607623	0.019381252860594333	0.6797063681634631	1.8996014864427861	-0.7883075764936701	2.3828998811772975	
9.438375738814885	0.010223868690867628	0.6906885048474123	1.7125349344685448	-0.7615508195478512	2.382642151349562	
9.479327470570835	-0.02225664673864652	0.6978234323388287	1.5254563187285175	-0.7333119493402145	2.372677350823747	
9.537035888512277	-0.07474043321958761	0.7013656368212347	1.3418641948443424	-0.7033306994468105	2.3523747214601736	
9.608719857457023	-0.14368643186694552	0.7017220044944608	1.164758396436334	-0.6713570132075267	2.3212523220834846	
9.691415717648182	-0.2255307818308659	0.6994426485457663	0.9965985691100553	-0.6371753288976808	2.2789861384820247	
9.782122456134024	-0.3168355589812807	0.6952141856310317	0.8392948575269962	-0.6006270734970408	2.2254159913533242	
9.877949196371395	-0.4143775323263787	0.6898546317599438	0.6942217187789862	-0.5616298017868198	2.1605495753331714	
9.976249371441702	-0.5151681676097343	0.6843036344636306	0.562254256620028	-0.5201889326745996	2.0845616643958285	
10.074717504853986	-0.6164237836868212	0.6796041415613674	0.4438123291343684	-0.47640028804822704	1.9977884130261725	
10.171444617263015	-0.7155218890441518	0.6768753710754956	0.33890005948720653	-0.4304458447008229	1.90071860666502	
10.264929380144528	-0.8099675446780396	0.6772770046045784	0.2471435772878337	-0.38258374983565624	1.7939804158150268	
10.354046725064869	-0.8973907517136058	0.6819666931517434	0.16782785543476755	-0.33313432196002185	1.6783235976180007	
10.43797587166463	-0.9755896839350027	0.6920548459535716	0.09994058789246248	-0.28246311684860753	1.554595570804542	
10.516103942240932	-1.042610481608253	0.7085647851727007	0.04223022760413495	-0.23096307987392276	1.423711946089417	
10.587932495049854	-1.0968447133209285	0.7323982319564211	-0.0067278104071175	-0.17903809655756692	1.2866257426684158	
10.652996181636958	-1.1371266102570075	0.7643034327653272	-0.04845597695282937	-0.1270878657999767	1.144295924751891	
10.71080139777691	-1.162816211223339	0.8048437658622554	-0.08449323554371549	-0.07549431404377668	0.9976567897076148	
10.760789227680348	-1.1738567383992762	0.8543652200603649	-0.11631042913706593	-0.024609435969278483	0.8475896034377453	
10.802323227344415	-1.170780950133077	0.9129731067629044	-0.14523361342458604	0.02525430167795468	0.6949011049323791	
10.834691450725717	-1.1546784859593815	0.9805219527160203	-0.17238224160692878	0.07383125387478166	0.5403100681828255	
10.85711579154138	-1.127130015093971	1.056622830980748	-0.1986225997405404	0.12090753671528266	0.3844418123265324	
10.868768422661656	-1.090112787881802	1.140670551265723	-0.22453762694736182	0.16632294955773916	0.22783094717434743	
10.86880208486383	-1.045884357469853	1.2318900993479867	-0.25041187738275095	0.20996913254774133	0.07093220536381953	
10.856412854904582	-0.9968504175588543	1.3293994866494845	-0.2762376369229779	0.2517816296499504	-0.08585948432945031	
10.830951709077532	-0.9454394524706959	1.4322716703738396	-0.30173678257054337	0.2917269236046696	-0.2421833412162398	
10.79208979018877	-0.8939921159231738	1.539584182621589	-0.32639288777339953	0.3297867623442543	-0.3976839582380971	
10.740026888727476	-0.8446673811564128	1.6504499906279089	-0.3494934202383718	0.36594203635173117	-0.5519806466152725	
10.675724048269432	-0.7993646596886367	1.7640241644785797	-0.37018044177581083	0.40015909525810806	-0.704636127573928	
10.601100155071569	-0.7596612536917469	1.8794829711243124	-0.38751067783874865	0.43238245718371604	-0.8551274268889585	
10.519101909249734	-0.7267627873331097	1.9959830625039496	-0.400519755951316	0.4625364192707163	-1.002824374991412	
10.43362445506778	-0.701453700473696	2.1126138028802246	-0.4082865394664878	0.49053339064094215	-1.146976440712205	
10.349269673167921	-0.68404675197129	2.228352133719609	-0.4099979795717927	0.516286338880569	-1.2867096550620651	
10.270950051933324	-0.6743311071135158	2.342028128174919	-0.40501465279912985	0.5397224657803137	-1.4210348410858302	
10.203360407999185	-0.6715240388164303	2.4523098286996574	-0.39293822774297066	0.5607946678710891	-1.5488692678573044	
10.150425629212673	-0.6742518790280277	2.557716624716769	-0.3736733393129436	0.5794864173048098	-1.6690723610983922	
10.114829583616203	-0.6805621033018175	2.6566549081256063	-0.34748692551663374	0.5958099149414097	-1.7804889080725221	
10.097675152626362	-0.6879783383436151	2.7474721640578896	-0.31506434781549303	0.6097990406608257	-1.881996986541531	
10.098314298570187	-0.6936065455475618	2.8285259233575872	-0.27756017357865054	0.621499252235832	-1.9725575337514165	
10.11436963558648	-0.6943004441103354	2.8982657475783835	-0.23664309114790888	0.6309574328053777	-2.051263588966759	
10.141984257417691	-0.6868867293025134	2.9553196654441627	-0.1945157431168883	0.6382160456383069	-2.1173815857632237	
10.176206225560717	-0.6684196643035099	2.998574499991847	-0.15390875476510815	0.6433142092906529	-2.1703823097793795	
10.211442445606389	-0.6364532410565298	3.0272441088058306	-0.11804647571523683	0.6462950286980093	-2.209962493585635	
10.241944820068069	-0.5893199667197079	3.0409170430887533	-0.09057692391766012	0.6472178083400465	-2.2360562732806972	
10.26229740391067	-0.5264120132893477	3.039576879028527	-0.07545938501407046	0.6461736257368498	-2.2488377527356818	
10.267862066436598	-0.44842711537893243	3.0235792595884905	-0.07679545850545172	0.6433012879932842	-2.2487113414589803	
10.255124803662575	-0.3575339163000233	2.9935876771934375	-0.0986135979084577	0.6388003100049301	-2.236292723165353	
10.221941267198364	-0.25745320632944785	2.9504853978472534	-0.14461831090681715	0.6329403766074386	-2.212386846667659	
10.167669731303535	-0.15343040940844946	2.8952733539252775	-0.21791172617700205	0.6260662050269173	-2.1779634168916107	
10.093185574839499	-0.05208578296878181	2.828967023532069	-0.32069570124389113	0.6185969850323846	-2.1341318642780016	
10.000756827113785	0.038886673169234096	2.7525078572948005	-0.4539741627919835	0.6110182863658268	-2.082115942331558	
9.893779879990571	0.11116406593229729	2.6667109972541585	-0.6173187053777772	0.60386477763085	-2.0232278954983904	
9.776452454654995	0.1563129414378788	2.5722531773957256	-0.8087009951847338	0.5976963317477421	-1.9588443570676213	
9.653410611509054	0.1663581964918714	2.4696974006142565	-1.0244100738413928	0.5930683680175316	-1.8903818462057287	
9.52936133274624	0.1343729859480181	2.359549379955773	-1.2590675132302487	0.5904979684375424	-1.8192708123192436	
9.408737629415272	0.055068751294734694	2.2423387694076826	-1.5057537191369474	0.5904270901082738	-1.746926645551048	
9.295425953632314	-0.07471942681661083	2.118706261405113	-1.7562826088935752	0.5931890444008298	-1.6747186939479242	
9.19258412281578	-0.2556866335247565	1.9894750579961464	-2.0015643410102495	0.5989813923252777	-1.60393952595683	
9.102538045630904	-0.48586764628629797	1.8556976339749507	-2.2320337533952785	0.6078464461262767	-1.5357751184736472	
9.026749652449029	-0.7606276374889618	1.7186729719282239	-2.43812479774055	0.6196607726922374	-1.47127720595659	
8.965841255893562	-1.0728405137783772	1.5799352142919372	-2.610775292803053	0.6341332806504612	-1.41133788341462	
8.919679571969798	-1.4133011301099865	1.4412179552747988	-2.7419167366192476	0.650813724767645	-1.3566715068321875	
8.887499387764127	-1.7712766321178326	1.3044133512322147	-2.824894960941587	0.6691060949039439	-1.307804888908128	
8.868057531449795	-2.13511006954944	1.1715354610675552	-2.8548223625558373	0.6882830176892577	-1.2650728468693575	
8.85982064049969	-2.492844249136434	1.0446854466370705	-2.828849270847389	0.7075024907168267	-1.2286184593994833	
8.861182864632722	-2.8328345295244253	0.9260131923923917	-2.746354795692293	0.725828508644583	-1.1983952854366913	
8.870699935841476	-3.1443232837502277	0.8176647173816108	-2.609021658479073	0.7422601972272661	-1.1741710215106222	
8.887292269905775	-3.41791539359962	0.7217143689389587	-2.420763366066339	0.7557697833063758	-1.1555326163304205	
8.910393161556737	-3.6459582826353216	0.6400887086047079	-2.1875577950987184	0.765345121294735	-1.1418898861477564	
8.94003218165891	-3.822818544382219	0.5744885358660263	-1.9171809717952777	0.7700343231965497	-1.1324806449474651	
8.976847875337281	-3.945048519582919	0.5263142830001075	-1.6188512893392724	0.7689895986016858	-1.1263792940168798	
9.02202428871835	-4.011432332342784	0.4965977293150231	-1.3027886033680403	0.7615078354452057	-1.1225121188117997	
9.077147220181049	-4.022869625095976	0.4859503919365067	-0.9797162798334822	0.7470608578598533	-1.119683983403896	
9.144012450219016	-3.982181738082859	0.4945184058582055	-0.6603817369031166	0.7253171005274331	-1.116611686696235	
9.224397372669102	-3.89386418506233	0.5219411271848483	-0.3551065055410086	0.6961551338110864	-1.1119631394976204	
9.31980974892049	-3.7638063430601134	0.5673137778056578	-0.07338005156562867	0.6596687006361728	-1.1044009977013094	
9.431225449070778	-3.599001196498058	0.6291534387736908	0.17650066752593627	0.6161637575079386	-1.0926300952287362	
9.558861118142511	-3.407244755540104	0.7053899149618994	0.3877025938045335	0.5661425445369	-1.0754449608565835	
9.702016701576724	-3.196859782310371	0.7933855403704889	0.5550409932780115	0.510279403005901	-1.0517734611058487	
9.858995079806956	-2.9764366487974767	0.8899874759978497	0.6750986691379828	0.44939120911237235	-1.0207165773525508	
10.027109320081102	-2.75457811555519	0.9916191966528958	0.7462798756403571	0.38440313998414544	-0.981583021095058	
10.202778224941929	-2.5396359834309137	1.094413035330846	0.7688117451755009	0.316311587505042	-0.9339188619011161	
10.381719415865057	-2.3394366986350836	1.1943856300167737	0.7446682936635435	0.24614545980450425	-0.8775266764892937	
10.559201443909492	-2.161019957605747	1.2876305244438448	0.6774230207319724	0.1749305736117279	-0.8124704311165912	
10.730307291384623	-2.010393970597675	1.3705073468564855	0.5720682274737641	0.10365842233552926	-0.7390699822588581	
10.890192305705636	-1.8923192728671643	1.4398165210873906	0.4347956028043558	0.03325843986614123	-0.6578839987803727	
11.034321674651562	-1.8101283727381987	1.4929496373950122	0.2727458946089335	-0.035427214376495736	-0.5696824827390895	
11.158680402523924	-1.7656004670176566	1.528002397959635	0.09372578138246485	-0.10166740984560098	-0.4754088638126136	
11.25994420734024	-1.7589381685492875	1.543825317354214	-0.0940946408716568	-0.16486201188842886	-0.37613408542661636	
11.335639702173	-1.788815239404006	1.5400310353110904	-0.2824709524531128	-0.22455959698859684	-0.27301166741435556	
11.384309785448686	-1.8524979061480626	1.516964011991417	-0.4633608277992479	-0.2804713454610253	-0.16723488331967637	
11.40568987974353	-1.9460339165718497	1.4756400910499157	-0.6291818830105497	-0.3324790664938409	-0.059997900364303296	
11.400894975561476	-2.0644998638613	1.4176652110113526	-0.7730502479767647	-0.38063469140727885	0.047538178523685824	
11.372541367533122	-2.202299358485609	1.345133157770191	-0.8889699917888717	-0.42514342427722596	0.15427200880002415	
11.324763445136007	-2.3534523243588903	1.2605264577497084	-0.9719765345809945	-0.4663333904649862	0.25918227801369437	
11.263088050298057	-2.511860385101475	1.1666222345503483	-1.0182433908091253	-0.5046139155049079	0.36134425203243836	
11.194135530017302	-2.671538207623676	1.0664010839752804	-1.0251530090254988	-0.5404250639466398	0.4599439210751611	
11.12512876556092	-2.8268037582658994	0.9629564425546784	-0.9913419575701752	-0.5741821263584229	0.5542917631052491	
11.063218184024338	-2.9724129274639326	0.8593988106112416	-0.9166998751820579	-0.6062231452091309	0.6438343856211454	
11.0147525017391	-3.1036369397901047	0.7587584213063058	-0.8023311941607045	-0.6367704408621839	0.7281634507294409	
10.984591742427808	-3.216305434624636	0.6638856453751647	-0.6504982917978309	-0.6659089899677851	0.8070231186094926	
10.975541083889404	-3.3068251341646726	0.5773524329768289	-0.46453961045656467	-0.6935831583379636	0.8803144991472367	
10.987967008327583	-3.3721930887181584	0.5013554037347285	-0.24876687451096388	-0.7196122019209436	0.948097830213181	
11.019685148212439	-3.410023922954164	0.4376253986569414	-0.008331962811729739	-0.7437255542080714	1.0105919770165375	
11.066226788953397	-3.418536735263219	0.3874012136568156	0.25094792171057806	-0.7656049878427651	1.0681610527436882	
11.121174719368913	-3.3967283840998905	0.3513213367631647	0.522750192250764	-0.7849459507566958	1.1213237522877093	
11.177006333229164	-3.344170866735072	0.3295975413996657	0.8004866928248402	-0.8014759888283323	1.1707025147257817	
