11.415186694582571	-2.9817094584469386	0.9110874478826854	-0.8193075644910177	-0.5720566912372188	0.1629278184796332	
11.368627459389664	-3.053173491329853	0.8694676731042127	-0.7106238095899499	-0.626357804394726	0.2879860445922849	
11.298484032708046	-3.101641803662499	0.8241639007854119	-0.5797013600849473	-0.6779159265097419	0.413823343941764	
11.212571401607871	-3.1263707011953037	0.775820840465255	-0.42847822118796075	-0.7271628270853505	0.5395899529594202	
11.120048386090147	-3.1279077539321647	0.725181349543908	-0.2591367552747263	-0.7744701117571227	0.6643760245067649	
11.030776199705244	-3.1081004464449298	0.6730888038618067	-0.07402557950982448	-0.8200879790653479	0.7872292808933112	
10.954098965204823	-3.069666755177806	0.6204647812954609	0.12446648058546567	-0.8641015629728915	0.9072029303257872	
10.897869499965914	-3.0158210665636935	0.5682934569793534	0.333952372273946	-0.9064117685323141	1.0234049668700995	
10.867577627816205	-2.9498151436220437	0.5175931197082243	0.5520620341692474	-0.9467423464281598	1.1350543631385415	
10.865807938922499	-2.874527549146371	0.4693843015723031	0.7764168387370576	-0.9846706348965376	1.2415338539815635	
10.892050021513414	-2.7921287052354113	0.42465936164897905	1.0045809858416677	-1.0196757450302374	1.3424345845735228	
10.942867441562274	-2.703864497117582	0.3843601522289639	1.2340010007107607	-1.0511963620510212	1.437587204863474	
11.012373944109314	-2.6099821805040815	0.3493651441078134	1.4619481136545929	-1.0786900059611313	1.5270750089445038	
11.092913505047433	-2.5098009797581744	0.3204817079638587	1.6854760279177614	-1.101686823640804	1.611228114332087	
11.17584614843198	-2.4019149054659277	0.2984364179476455	1.9014043733098012	-1.1198338785305095	1.690598594113532	
11.252353181102874	-2.2845009703828443	0.28385656370734746	2.1063356750474327	-1.132927575048929	1.7659172110872756	
11.314191328273997	-2.155691628464412	0.2772392224434623	2.2967099932260613	-1.140932939027464	1.8380334973741848	
11.354342687700722	-2.0139601193269976	0.27890948134837035	2.468896566539242	-1.1439889454889987	1.907842031361212	
11.367521544318812	-1.8584648463400426	0.2889740662548545	2.619316011199708	-1.1423992046265192	1.9761990170822454	
11.350510265206758	-1.6893091143676155	0.3072777573188619	2.7445814762957266	-1.1366077042411389	2.0438347559125263	
11.302306650044233	-1.5076973507973914	0.3333669612266772	2.8416458219173166	-1.1271605378312801	2.1112691460521242	
11.22406894027	-1.3159930352285827	0.36646307313017384	2.9079436943829653	-1.1146570342422821	2.1787400015332543	
11.118879753325437	-1.117701765766851	0.40544800733647895	2.941526758958365	-1.099697093783758	2.246152001060437	
10.991367081133365	-0.9173860700433132	0.44886912752746233	2.941195284073203	-1.0828315487666758	2.313050996441018	
10.847233921478752	-0.7204976073900285	0.4949731571568332	2.9066250263852726	-1.0645213782188003	2.378626098838123	
10.692756750941257	-0.5331088507631544	0.5417755480573991	2.838479695381849	-1.0451097072736366	2.4417397889175283	
10.534310286119158	-0.3615399782517823	0.5871653584998627	2.73849052309785	-1.0248079932843128	2.500984492555795	
10.377963339410888	-0.21190128083813753	0.6290381849124972	2.6094803111872102	-1.003695328512101	2.5547620070212895	
10.22917114634031	-0.0895977267448434	0.6654429972058928	2.455312418363525	-0.981728184368531	2.601379698664857	
10.092569268600526	0.001139157284903737	0.6947247223716306	2.2807550920021695	-0.9587577932651067	2.6391551978907914	
9.971865161476394	0.057616395184787894	0.7156426163445141	2.091263912386442	-0.9345534027622371	2.66651888122747	
9.869812582000613	0.07889424609090237	0.7274522487939882	1.8927062466436433	-0.9088289679325068	2.6821029559127303	
9.788249904235034	0.06584139229634436	0.729949075794515	1.6910560094498785	-0.8812703476852993	2.6848089562594843	
9.728180974531139	0.021044964882473302	0.7234775700545968	1.492086501060485	-0.8515600552701562	2.673848387045365	
9.689875780857061	-0.051398512138274906	0.708912503888563	1.3010860930771566	-0.8193978440165707	2.6487549604395055	
9.672972695912247	-0.14618382824798884	0.6876176359362969	1.122616143514862	-0.7845170885586369	2.6093703193156985	
9.676571477974605	-0.25716241586967875	0.6613841139522891	0.9603248111372179	-0.7466977953844461	2.5558077269918638	
9.699312470779368	-0.37774300617512757	0.6323490037467088	0.8168247253472652	-0.7057769222594494	2.488399883642911	
9.739440651485259	-0.5012962574588153	0.6028946262247702	0.6936364498166194	-0.6616562549446169	2.4076379014054363	
9.794856502010692	-0.6215315878181501	0.575531379527658	0.5911991115342315	-0.6143076583532745	2.314108484272863	
9.863156691378784	-0.7328200196562604	0.5527722778157874	0.5089396873260172	-0.5637758358526814	2.2084367917473453	
9.941670461173008	-0.8304494683755469	0.5370095670513216	0.44538983057566	-0.5101785672163064	2.0912402363035527	
10.027498176044505	-0.9108037868686033	0.5304049257865064	0.39833905790745605	-0.4537040096298469	1.9630967786798792	
10.117557252858067	-0.9714623683634046	0.5348022811553838	0.36501113903606147	-0.3946048798701739	1.824529918461636	
10.208639865652737	-1.0112231097758095	0.5516654783451487	0.34225086892721224	-0.3331900998627259	1.6760110879001462	
10.297486404570256	-1.0300556409256574	0.5820352069853099	0.3267102625658333	-0.2698153718741928	1.517978640445187	
10.380878014007504	-1.0289928258266305	0.6264952010596495	0.3150258326718303	-0.20487451702691395	1.3508710664108217	
10.45575034561546	-1.0099682816859232	0.6851398678239141	0.303981459545227	-0.13879295236942618	1.1751706619587758	
10.51932703968087	-0.975606420008077	0.7575467436935698	0.2906519715872575	-0.07202354174793628	0.9914520179930998	
10.569267055000841	-0.9289807364544636	0.8427664142625055	0.27252358373355595	-0.0050440461369403635	0.8004282382340053	
10.603816841460443	-0.8733591700545543	0.9393464478076642	0.2475896044123628	0.061645440296995944	0.6029882604018095	
10.621953624147302	-0.8119590026988406	1.0454023718669996	0.21441903866726214	0.12752706775899675	0.40021993053060617	
10.623504015375865	-0.7477390073476871	1.1587369215406764	0.17219582586431836	0.19207347106155825	0.1934161234269041	
10.609224992094434	-0.6832568311768465	1.2769948303760092	0.12072750517136677	0.2547601151104656	-0.01593591721980942	
10.58084220930884	-0.6206123767161761	1.3978293073961388	0.06042438723178093	0.31508050683439204	-0.22617976630475084	
10.541049244781895	-0.5614813627595261	1.5190523333104404	-0.007746576016447473	0.37256190861853633	-0.43552644765290544	
10.493472996164826	-0.5072190511503878	1.6387457776816836	-0.08232621280002864	0.42677964813705216	-0.6420996610177792	
10.442594264794506	-0.458989336879093	1.7553201037310422	-0.1614398747985869	0.47736973629535495	-0.8439875188482007	
10.393594533428795	-0.4178594168705048	1.8675216069302356	-0.24288142282420708	0.5240411409126413	-1.0392983339879989	
10.352089606462197	-0.3848140285260722	1.974400268866166	-0.32420470906147597	0.5665890018641894	-1.2262182179954717	
10.323721133481193	-0.36067635519404456	2.075253048216685	-0.40282792828922237	0.6049081968299311	-1.403067707932747	
10.313612930279707	-0.3459607477017798	2.169556496323171	-0.4761563630758012	0.6390047997962722	-1.5683537270059624	
10.325744450535188	-0.34071167025598137	2.2568984776803274	-0.5417255947201943	0.6690018865610502	-1.720812893157162	
10.36233372034551	-0.3443913787749045	2.3369145209345157	-0.5973606001956605	0.6951362768787653	-1.8594429301055153	
10.423342629591673	-0.3558620478080121	2.4092324592674745	-0.6413386079815945	0.7177441588075012	-1.983520843657045	
10.506209058697937	-0.37347309391896155	2.4734300862431566	-0.6725388234071793	0.7372358296955166	-2.092609229955465	
10.605884448233965	-0.3952279104384738	2.5290131971668472	-0.6905591700977882	0.7540624343279715	-2.186553077886295	
10.715187838027138	-0.41897808906789463	2.575421131790908	-0.6957859566010816	0.7686805719635623	-2.265470111914643	
10.82541813817843	-0.44259770353561023	2.6120612175541145	-0.6894143013215538	0.7815210893934699	-2.3297365552796814	
10.927135730861945	-0.46411512012875417	2.638365161548008	-0.6734225749512428	0.7929666289777664	-2.379967373312815	
11.011009199742867	-0.4818065501948057	2.6538522712762873	-0.6505076323263194	0.8033397671357744	-2.4169892751412023	
11.068631525355578	-0.4942746496414598	2.6581813538494803	-0.6239861654130714	0.8129006809703689	-2.441805018630925	
11.093230859171994	-0.5005387645504387	2.6511775101537123	-0.59766317090253	0.8218513991074693	-2.455548963520048	
11.080223811890473	-0.5001506066663867	2.6328302167819926	-0.575664347582143	0.8303433006079124	-2.4594358981926474	
11.027579914078894	-0.4933276039996606	2.603270520776203	-0.5622276587299381	0.8384853524560294	-2.454707170977303	
10.935971562227257	-0.4810730777494733	2.5627424803930983	-0.5614523113703306	0.8463519838718203	-2.4425795448811387	
10.808700134113236	-0.4652428358671133	2.5115853024658477	-0.5770140277618651	0.8539903066730096	-2.4242027132393154	
10.65141627274273	-0.448528176597395	2.450237312120094	-0.611862653507815	0.8614264201869282	-2.400629313377949	
10.471660957604765	-0.4343379183605588	2.3792652029721895	-0.6679256269575412	0.8686700740172011	-2.3727989127289106	
10.278274598407386	-0.426578200890217	2.2994153809315607	-0.7458473297101582	0.8757164147522394	-2.3415351133459312	
10.080735944603056	-0.4293422014726129	2.211678574587088	-0.8447977241479523	0.8825437688614011	-2.3075529047942736	
9.888497486977203	-0.4465325150276753	2.1173551179883927	-0.9623835570316153	0.8891074632032473	-2.271472147161101	
9.710377626208166	-0.4814490277474472	2.018106746516698	-1.0946908433342286	0.8953310825542645	-2.2338327646354785	
9.554053094954671	-0.5363860778077032	1.9159808819494433	-1.236477073342861	0.9010975953032392	-2.195107859716137	
9.425678714051601	-0.6122996986810489	1.8133920725994424	-1.38151862891459	0.9062432707552149	-2.1557125168896376	
9.32964379431653	-0.7086154066578968	1.7130467926976698	-1.5230886556339105	0.9105570818990723	-2.1160077961665107	
9.268448334481583	-0.8232246136296855	1.6178073660862464	-1.6545091371125904	0.9137870244400567	-2.0763006095437238	
9.24268067962037	-0.9526891867563816	1.5305049895083325	-1.7697054309206357	0.915652954444357	-2.0368406225887528	
9.251081850661667	-1.0926288508873137	1.4537290019586815	-1.8636856236526338	0.9158628633784307	-1.9978151392552346	
9.290690546475172	-1.2382211932079445	1.3896276070566578	-1.9328826705982867	0.9141277266907321	-1.9593430871357602	
9.357069504068916	-1.3847173468300324	1.3397506236234467	-1.9753271351018051	0.9101705924592912	-1.9214694397487053	
9.444612571376632	-1.5278803207188454	1.3049514881479534	-1.9906512848108124	0.9037282892570055	-1.8841610939550892	
9.546922103601934	-1.6642856389164273	1.2853508772899165	-1.9799519300345974	0.8945473567615738	-1.8473041734794824	
9.657234648016356	-1.7914650625913668	1.2803558716316288	-1.9455510803613334	0.8823776439338191	-1.8107019551190244	
9.76885816729042	-1.9079095351443016	1.2887243593553661	-1.8906995874693284	0.8669670833338183	-1.774072773937096	
9.875582579634603	-2.0129718409324964	1.3086622675731097	-1.819267964358491	0.8480598814788424	-1.7370478223743615	
9.972034369971144	-2.1067060367443147	1.3379475327977914	-1.7354526746814731	0.8253988264610066	-1.6991699058653507	
10.053954402964873	-2.1896762106216556	1.3740745221284834	-1.64351763408099	0.7987314023622466	-1.6598945361034156	
10.118387745322961	-2.262763141669629	1.4144093273712541	-1.5475811297674535	0.7678191659896004	-1.6185947354252208	
10.163780785401938	-2.3269930956214697	1.456342574121417	-1.4514495627287118	0.732450142974504	-1.5745707860051725	
10.189984656103668	-2.3834057334017924	1.4974252551361882	-1.3584927033189351	0.6924541850625637	-1.5270659751780955	
10.198169002856979	-2.432967927170684	1.5354757264429764	-1.2715514809772381	0.6477208878832279	-1.4752890855134742	
10.190656010477552	-2.476532100845802	1.568649455146427	-1.1928706438675118	0.598218795356386	-1.4184438618358242	
10.170694528708543	-2.5148352290214775	1.5954657381331434	-1.1240531896124208	0.5440136098566171	-1.3557643533648045	
10.142204398804733	-2.5485331519489027	1.6147923025657724	-1.0660328956404643	0.4852833213010018	-1.2865539777006214	
10.109513592968918	-2.578262320429244	1.6257929756436655	-1.01906434290771	0.4223279789606778	-1.2102255999082576	
10.077106919168525	-2.6047142754457373	1.6278495736674734	-0.982729649043245	0.35557215970085415	-1.1263393704846325	
10.049397947577333	-2.628700444260242	1.6204738075355973	-0.9559614717290057	0.28555898755595904	-1.0346349550351186	
10.030526639922805	-2.6511808369331495	1.6032264465756985	-0.9370833959216924	0.21293557737172156	-0.935055140985146	
10.024176663796476	-2.673233667980697	1.5756589930515579	-0.9238709350898825	0.13843061036078627	-0.8277586233312413	
10.03340274880073	-2.6959544681275935	1.5372889076311838	-0.9136376592515728	0.06282511274228317	-0.7131210300874575	
10.060465619204034	-2.7202899060760464	1.4876149474603078	-0.9033512533417092	-0.01308261549501111	-0.5917242952973696	
10.10669242344332	-2.746832531484972	1.4261736458039056	-0.8897809935670858	-0.08851651670354221	-0.46433544021020623	
10.172392287531089	-2.7756169686674848	1.3526305887215817	-0.869671302866779	-0.16276457780329887	-0.33187794489574207	
10.256861058992827	-2.805962949512031	1.2668938492954647	-0.839932832145602	-0.2352199003020357	-0.1953983177704036	
10.358493630806576	-2.8364050025002254	1.1692326187616073	-0.7978373323441084	-0.30541670794915526	-0.056030468999061535	
10.47499347209462	-2.864731915550179	1.0603837258830244	-0.7411998192792629	-0.3730563329829848	0.08503996517799667	
10.60363868117618	-2.8881372773885365	0.9416317235963455	-0.6685317727739468	-0.4380186871209243	0.22661003764151577	
10.741543458545058	-2.903462336339485	0.8148524004047206	-0.5791520391807778	-0.500356440710355	0.36749228061498856	
10.885851216513117	-2.9074989192263274	0.682513155688693	-0.4732470291869312	-0.5602718655786558	0.5065462611741914	
11.033811571607197	-2.897314107130389	0.5476252218470427	-0.3518760850394599	-0.618079145353154	0.6427094683821923	
11.182725401198658	-2.870553182290448	0.4136443547832202	-0.21692023315865966	-0.6741577344348376	0.7750270175028198	
11.329783831982292	-2.825685211518079	0.284323161125144	-0.07098175946576518	-0.7289044681558887	0.9026795696376583	
11.471857576856804	-2.762163710040925	0.1635255123948756	0.08275642065775815	-0.782691519875225	1.0250071623974075	
11.605305354756979	-2.6804990628126517	0.055000868363278374	0.2407076312219247	-0.8358348476709772	1.141530414900257	
11.725874370343123	-2.5822155343790825	-0.03781988085034288	0.39906518021255327	-0.8885787013201498	1.2519583339805165	
11.828727643245852	-2.469785638253834	-0.11210666037467232	0.5540300421157192	-0.941089327461034	1.3562077680313696	
11.908652598498316	-2.346387209100632	-0.1657020659639924	0.7019628202663288	-0.993471208990421	1.4543764630482854	
