11.759194027346332	-3.2234731930470715	0.3028247707826408	-0.5763150503572378	-0.2943252161473047	-0.2170098462532167	
11.719323822243378	-3.2928405503676244	0.23989789898405325	-0.47916088790801625	-0.35533547139530197	-0.08884533909344319	
11.658690222281262	-3.350818032333153	0.17711138430652554	-0.35310314058893616	-0.4167512013620256	0.04335389605496891	
11.584740684090685	-3.3930571787590282	0.11620722537738523	-0.19880890478484073	-0.47877089006906703	0.17828766367412163	
11.505047919218388	-3.416111864696213	0.05901946576645969	-0.01805088546189862	-0.5414242355699256	0.31463102449729746	
11.426433167073709	-3.417670276485626	0.007456461116944423	0.18624875777842734	-0.6045120456872715	0.451067472533272	
11.353964732982213	-3.3965176046918204	-0.036559959827318966	0.4102798680901997	-0.6676033042000226	0.5863349022190936	
11.290336836558238	-3.352477908583683	-0.07116551095866953	0.6495059571099236	-0.7300536677877301	0.7192624367428005	
11.235602962996635	-3.286252940401846	-0.0946515460682145	0.898887037167798	-0.7910565868634317	0.848806083907658	
11.187355340650134	-3.19922871266123	-0.1055785500653122	1.1530843472081194	-0.8497109778302528	0.9740790291669356	
11.141280620697618	-3.093271917387612	-0.10289666315390246	1.4066559154723914	-0.9050956125145628	1.0943768439223005	
11.09197510308008	-2.9705523374817204	-0.08605915824744993	1.654230194663765	-0.9563388495296217	1.2091962100113223	
11.033856371149295	-2.8334165597757046	-0.05511201317591001	1.890656564473478	-1.0026753088602516	1.318244599307746	
10.962009212652532	-2.68432748604023	-0.010747702564110019	2.111135869497871	-1.0434855504018141	1.4214389008001147	
10.872859122780387	-2.525864402081206	0.04568595445850938	2.3113387163912313	-1.0783189216374864	1.5188905804073207	
10.76461712636871	-2.3607602127060514	0.1122289346713341	2.487517921007147	-1.1069014943292257	1.6108755783657291	
10.63748355574244	-2.191937349653581	0.18640774496860055	2.6366165664773975	-1.1291314798069996	1.6977886590186757	
10.493628571192223	-2.022500342000324	0.2653873046558166	2.756365286363204	-1.1450640466797484	1.7800840193472351	
10.336982790519992	-1.8556576561621336	0.34616348589887674	2.8453547007790836	-1.154886828571749	1.8582067492475762	
10.172876876711605	-1.694575920899115	0.42577236200872504	2.903065822889164	-1.1588872631048357	1.9325227321824734	
10.007568457817882	-1.5422029883113728	0.5014861862607634	2.9298457052419313	-1.1574135707872422	2.0032564741948624	
9.847696940635897	-1.401117068770259	0.5709689250944602	2.926825043570238	-1.1508332099415848	2.0704467639476682	
9.699722340641827	-1.2734462298929807	0.6323799081928505	2.8957958263261787	-1.1394955000530524	2.1339253614158062	
9.569405941711514	-1.1608643340792966	0.684427425441758	2.8390739525515323	-1.1237050069501078	2.1933188486777513	
9.461391232560747	-1.0646326247459377	0.7263787576197742	2.7593694430357782	-1.1037098872030868	2.248070766163735	
9.378929826725711	-0.9856384528386536	0.7580353333056745	2.6596769261402846	-1.07970535614653	2.297479671790298	
9.32377129393836	-0.9243921651683544	0.7796823058570013	2.543185609677302	-1.0518488440763651	2.3407485002783215	
9.29620819081022	-0.8809728069377576	0.7920210235029073	2.4131980224985323	-1.0202816893201487	2.3770405593603994	
9.295247126105188	-0.8549470910274359	0.7960906657845579	2.273044662499375	-0.985152429342474	2.4055371558371554	
9.31886798515183	-0.8453076392694001	0.7931824711577811	2.1259873131413314	-0.9466379343385081	2.4254914285205533	
9.364335178574455	-0.8504779739899337	0.7847477861605904	1.97511525724923	-0.9049594337281534	2.4362721961265814	
9.428520678130798	-0.8684020351273471	0.7723033828415415	1.8232479133969375	-0.860391502027492	2.437393052702513	
9.508206809930936	-0.8967023720588886	0.7573386471279157	1.6728582192393444	-0.8132631025790742	2.428524598194051	
9.600340437493623	-0.9328701497379294	0.7412316647134722	1.526026165372255	-0.7639503941289052	2.409489609873906	
9.702212910199373	-0.9744458078422872	0.7251821836532514	1.3844234992114601	-0.7128616246448061	2.3802426497686	
9.811546239360014	-1.0191601893221975	0.7101676996082351	1.249323244972696	-0.6604152365300261	2.340837025646447	
9.926476339704129	-1.0650238573972657	0.6969255314445777	1.121624217689571	-0.6070134339983179	2.2913834434287255	
10.045439096011224	-1.1103685125554505	0.6859603677497583	1.0018816360194067	-0.5530146681154775	2.2320058901352615	
10.16698184164974	-1.1538532371962302	0.6775746673512082	0.890338564070899	-0.498709181025224	2.162800607416764	
10.289539567929642	-1.194447465578541	0.6719188020810861	0.7869579902955227	-0.4443020156742421	2.0838036814136554	
10.411226726950026	-1.2313998554020675	0.6690551076520557	0.6914564571038274	-0.38990637795643884	1.9949713096159305	
10.529690745857083	-1.2641962996005942	0.6690288015882145	0.603341301731124	-0.33554812807743273	1.8961749235559573	
10.642061612724648	-1.2925049982472996	0.6719373346704023	0.5219530422907116	-0.281180480654243	1.7872122552057272	
10.745013835639	-1.316104039693058	0.6779889585241288	0.4465121852085795	-0.22670646198379746	1.6678341692710728	
10.834936775137919	-1.3347878601122494	0.6875426276332528	0.3761672159712542	-0.17200582776211082	1.5377857330527585	
10.908191574672333	-1.3482548034928958	0.7011244327578339	0.3100384363399104	-0.11696301127685658	1.396858635467302	
10.961420514864718	-1.3559884539436797	0.7194194634328447	0.2472517622189494	-0.06149309363559877	1.2449508422363555	
10.991868955823204	-1.357157254269778	0.7432410210770871	0.18695858726362954	-0.00556354310817907	1.082128645725259	
10.997674068664965	-1.3505664528909218	0.7734809373146772	0.12834235972651237	0.05079010174974349	0.908684738322866	
10.978078877695603	-1.3346896616839092	0.8110476818852317	0.07061851112046967	0.10745551273497599	0.7251861947469033	
10.933547580535093	-1.307787681082916	0.856799366800242	0.013037604770523018	0.16424155838295598	0.532508011296534	
10.865779174490948	-1.2681035792435786	0.9114771197157676	-0.04509965494844712	0.22088177230583841	0.33184887269681157	
10.777644147821157	-1.2141096033853842	0.9756413025204476	-0.10441079225534228	0.2770410963080173	0.12472744942019118	
10.673088545990257	-1.1447749647089005	1.0496101785941139	-0.16538326541880682	0.33232381386924015	-0.08704091252061437	
10.557047260249089	-1.0598197813953938	1.1334003246231423	-0.22831360858624017	0.38628228071570936	-0.3013856882163083	
10.435378354481765	-0.9599166378830133	1.226671322595858	-0.29324120761363937	0.4384286948250614	-0.5160380724843415	
10.314782013816373	-0.8467995124289274	1.328682560459207	-0.35988583293307297	0.48825416142865413	-0.7285998466001012	
10.202621152156537	-0.7232408085927119	1.4382762062096834	-0.42760099240332483	0.5352588969290065	-0.9366211809394867	
10.106559008750207	-0.5928828283893711	1.5538980799581905	-0.4953546757531005	0.578993422841559	-1.137683832882467	
10.033973554767183	-0.45994607435491097	1.673658601625548	-0.5617456885095945	0.6191058172414236	-1.3294868683110843	
9.991180015434118	-0.3288660163987204	1.795425441342775	-0.625060349942356	0.6553861960963266	-1.5099311779649336	
9.982570633503553	-0.203929109938915	1.9169299230646657	-0.6833682253143281	0.6877979354289019	-1.6771973334395198	
10.009835573906862	-0.08897342640956218	2.035866503531814	-0.7346492054378239	0.7164865249324699	-1.8298106621176964	
10.0714420002689	0.012810102690076434	2.149969997805416	-0.7769391403722262	0.7417612635520063	-1.9666885629854896	
10.162511822822035	0.09898170401806249	2.2570668896193546	-0.808479198157882	0.7640513784257011	-2.0871678710200037	
10.275158859731537	0.16790342062504737	2.355110443505698	-0.8278567694843226	0.7838447276816632	-2.191013429084621	
10.399254422398903	0.21878398876578065	2.4422172221620517	-0.8341301220132944	0.8016219119278841	-2.278409192548064	
10.523481988688967	0.2517418246556532	2.516720256789926	-0.8269351034641923	0.8177997599962757	-2.349933447887589	
10.636498157359064	0.26787077720947755	2.5772430531611557	-0.8065770751986254	0.8326932760589718	-2.406518903804432	
10.728035254800172	0.2692609017011955	2.622785015347799	-0.7741071797446172	0.8464992613582278	-2.4493966278031754	
10.78981497805783	0.2589204337617389	2.652799786679779	-0.7313755898544995	0.8593000439810364	-2.480024557152247	
10.816191625961162	0.2405617990139076	2.667245984551382	-0.6810473223325214	0.8710827298806136	-2.5000039129868092	
10.80449112382611	0.21824640620091523	2.6665950085913908	-0.6265620255707282	0.8817683203152489	-2.510989434024643	
10.755050235718617	0.1959185297529039	2.6517903374720735	-0.5720202317449525	0.8912453232213242	-2.514600883331746	
10.670987942654778	0.17688583158156973	2.6241630095716277	-0.5219851199591609	0.8994033849989667	-2.5123431066391513	
10.557750339434811	0.16332259118109327	2.5853145978761427	-0.48119870357505534	0.9061631769371824	-2.505541189979946	
10.422492403226936	0.15587697820063562	2.5369849145614856	-0.4542295854641282	0.9114989623672901	-2.4952956838311695	
10.273373214604602	0.1534429139292115	2.480922318901264	-0.44508202810291964	0.9154509928090149	-2.4824592276547977	
10.118835564861582	0.153140342092142	2.4187717517480563	-0.4568046345818743	0.9181254954579351	-2.467634036807681	
9.966941791582867	0.1505242252206369	2.3519933575709824	-0.49114431956803	0.9196814305408123	-2.451187579818955	
9.824826037551473	0.1400143551462301	2.28182030517868	-0.5482926060504321	0.9203053070617268	-2.433282202581909	
9.698302002091161	0.11550756722756282	2.2092587749298223	-0.6267659736490674	0.9201775425648324	-2.413913749952133	
9.591639439552436	0.07110466932458301	2.1351265481507062	-0.723449448300736	0.9194355699384209	-2.3929543899619348	
9.507497692646295	0.0018619123878920781	2.0601199507852357	-0.8338131100962407	0.9181396581398181	-2.3701955411959026	
9.446991653927878	-0.09554277475917662	1.9848929190795208	-0.9522905635311476	0.9162474333389545	-2.34538752047456	
9.409856211673338	-0.22234686633473613	1.9101267290337636	-1.0727755303757633	0.9136015635224883	-2.3182721487475577	
9.394672986837008	-0.37752412568031507	1.8365697784254305	-1.1891680619450635	0.9099310189870888	-2.2886048574806193	
9.399140432257123	-0.5579217780841287	1.7650335836501057	-1.2958983810930993	0.9048629189285284	-2.2561643358307704	
9.42037566504431	-0.758677632141446	1.696343353611107	-1.3883600862431835	0.8979397942719107	-2.2207500901531954	
9.45523603298297	-0.9738168191583534	1.631256644301454	-1.4632043993068147	0.8886378178351775	-2.1821708502112473	
9.50063943139438	-1.196896117686627	1.5703745624434367	-1.518476310256426	0.8763845513539349	-2.1402282102816956	
9.553851562646749	-1.4215774969818016	1.514071241541219	-1.5536024956381116	0.8605778685496803	-2.0946998043688296	
9.612705098759392	-1.64206356955103	1.4624583249349838	-1.5692613803351667	0.8406089220838454	-2.0453252078006856	
9.675721756937579	-1.8533862629090987	1.4153882758111835	-1.5671699155411007	0.8158909284035039	-1.991796894824526	
9.742123793539673	-2.0515767003025625	1.372489529986071	-1.549819589570974	0.7858928471194019	-1.9337583880540887	
9.811746118900565	-2.2337523234901546	1.3332217167614802	-1.5201900529351766	0.750175010752548	-1.8708111212954606	
9.884873961284685	-2.398135352046316	1.2969407183378148	-1.4814592659420904	0.7084226979772503	-1.802530708613805	
9.962040273983929	-2.5440058401042287	1.2629623115313298	-1.4367302277196514	0.6604738614975966	-1.728491616398174	
10.043816390816312	-2.6715973289336508	1.2306127181961481	-1.3887938036380183	0.6063385089981354	-1.648297451686075	
10.13062115165464	-2.7819522247267305	1.1992576188328758	-1.3399429498901663	0.5462085825327236	-1.5616128545580712	
10.22256407867346	-2.8767555918156043	1.168308181406751	-1.2918463826338262	0.4804579180741516	-1.468192608291758	
10.319331851398221	-2.9581573824827823	1.1372102197827714	-1.2454818956799798	0.40963212464799936	-1.367904068140373	
10.420125600315634	-3.0285811149487816	1.1054268579903044	-1.2011257034568874	0.33442813928203113	-1.2607397922160104	
10.52365448656188	-3.0905151789545533	1.0724248386087976	-1.1583929308187353	0.25566389049438315	-1.1468185290352786	
10.628181815190896	-3.1462908086824433	1.0376704297853132	-1.1163196998191212	0.17424013396272464	-1.0263755427473977	
10.731616064924513	-3.1978599067580973	1.0006362302983003	-1.0734796341873643	0.09109641646183142	-0.8997446197377678	
10.831636801007853	-3.2465953610174583	0.9608178618022966	-1.0281257402561896	0.007163615802555854	-0.7673354040762013	
10.925848528481566	-3.2931394325366723	0.9177591786402751	-0.9783466298832636	-0.07668436464790704	-0.6296102854795487	
11.011963607469685	-3.3373223425717096	0.8710849613473057	-0.9222247788271003	-0.15967718241136813	-0.48706481129586987	
11.08802367219153	-3.3781657567629026	0.8205399037822999	-0.857984520093423	-0.24119024956105417	-0.3402145452948836	
11.152670386910808	-3.413977538521811	0.7660319041688092	-0.7841191635090242	-0.32077946096842846	-0.18958963003928408	
11.205461240238556	-3.4425380500294382	0.7076764746194092	-0.6994889729151702	-0.3982040753426003	-0.035736412716705544	
11.247184763105954	-3.461367776248716	0.6458373944288983	-0.6033832695037374	-0.47343137204369934	0.12077618747875558	
11.280092160972819	-3.4680494419529175	0.581159279398514	-0.49554580992581754	-0.5466181373725604	0.279348452962196	
11.30793888066812	-3.460568812654416	0.5145855889118301	-0.3761637802042022	-0.6180660804991569	0.43934214668341853	
11.335745933121919	-3.437629034291096	0.4473536056338678	-0.24582204782947686	-0.688153533860733	0.600074694743285	
11.369249176472035	-3.3988906406121204	0.38095815402148486	-0.10542610841916583	-0.7572519834919459	0.7608158777376149	
11.414088822558538	-3.345094014303238	0.3170796846463112	0.04389997388711367	-0.8256406777595265	0.920787353219506	
11.474873570762293	-3.2780337471966368	0.25747936338091754	0.20093010603331024	-0.8934338535405493	1.0791655564377758	
11.5543033568699	-3.2003749914274247	0.2038716079903749	0.3644519397819795	-0.9605321797223494	1.2350889794714797	
11.652535886524475	-3.115326754175732	0.1577904479638626	0.5333630130119923	-1.0266041763903635	1.3876711951783087	
11.766938852198486	-3.0262176167242925	0.12047014971425782	0.7067272125030502	-1.0910969706014593	1.5360206253378752	
11.892257591618822	-2.9360426854526858	0.09275603921722045	0.8837776819314671	-1.1532689001389973	1.6792671687058773	
12.02113560186153	-2.8470538882772582	0.07505607660982139	1.0638648703895932	-1.2122352108397723	1.8165937637298892	
12.144905494511688	-2.760440668543872	0.06733349482876294	1.2463476326195935	-1.2670217386269014	1.9472738650968193	
12.254427169833662	-2.6761838446235275	0.06914588953984134	1.4304689454419386	-1.3166161513754007	2.070701977182845	
12.341089706889322	-2.592996810115207	0.07969769666837055	1.6151665832623905	-1.3600301073310848	2.18643973085432	
12.397342309473157	-2.5086009074412967	0.0979484688964812	1.7990021257501954	-1.3963363281375878	2.294213934968261	
