12.225738573833276	-2.436649984854019	0.053638387661788	1.1799312400411306	-1.1616511213753662	1.872163925721104	
12.232237963420241	-2.322276120822933	0.06908501377942806	1.3038782659939296	-1.1996761725733087	1.9581425903659526	
12.211723046042724	-2.2062332273836383	0.09419484787712253	1.4216572620852204	-1.2366499933157098	2.0418504224493823	
12.163035921958903	-2.0889827991580443	0.12791029026009804	1.5324013166242538	-1.272267867513529	2.1232638117977625	
12.085687572753075	-1.970943416836394	0.16906878129015163	1.6352610560957748	-1.3062176491224788	2.2023453983149412	
11.980589495002842	-1.852459317101956	0.21629993143678405	1.7294245949331117	-1.3381727624884603	2.2790243684411293	
11.849710512859577	-1.7338945282439657	0.2681354629589781	1.8141130984834986	-1.3678012205888492	2.3531812217038657	
11.695932449220235	-1.615670763493937	0.32306471691661737	1.8885968638445847	-1.3947686483453394	2.424630974376577	
11.522910594995357	-1.4982871370295996	0.3795836504357067	1.9522158675125483	-1.4187400722197354	2.493106548561094	
11.33487756010447	-1.3823328365901144	0.43625599364834455	2.004407972467988	-1.4393815757829767	2.5582381755890093	
11.136400772493394	-1.2684734425791948	0.49176491022676194	2.0447390477886964	-1.4563603801762663	2.6195372677636417	
10.932153470532727	-1.1574305213294238	0.5449418228939615	2.0729224214362287	-1.4693446419119374	2.676392071897146	
10.726718558481664	-1.0499650857461604	0.5947873831981502	2.0888376347615725	-1.4780039106014617	2.72806570544364	
10.524376065687337	-0.9468617807084209	0.6404885834916819	2.092552157809679	-1.4820110973545497	2.7736984639388926	
10.328940622744472	-0.8489125900432839	0.681413229500695	2.0843239180268807	-1.4810474170080568	2.8123295743757017	
10.143670802721491	-0.7568999335490787	0.7170996216297838	2.0645941324680708	-1.4748089641667863	2.842924460751957	
9.971198819763792	-0.6715777592536931	0.7472494439373081	2.0339787360351127	-1.4630150696538935	2.864405038689523	
9.813493655721661	-0.593646762373399	0.7717199547988327	1.9932489969069915	-1.4454203929473093	2.8756935796501533	
9.671922915673305	-0.523740807446755	0.7905062745426333	1.9432920809819467	-1.4218257804948449	2.8757627823298573	
9.547322633347846	-0.4624250562520183	0.8037296130565145	1.8850780326366452	-1.3920888547226282	2.8636809420419276	
9.440074012327196	-0.4102005022958718	0.8116294387082003	1.8196286832528568	-1.356137327268776	2.838662978326499	
9.350219713710679	-0.36751977103975936	0.8145536253158803	1.7479890785149403	-1.3139831969777358	2.800123718992158	
9.277590441027115	-0.33479453621171845	0.8129460768250837	1.6712144647220362	-1.2657300362831536	2.747707645166446	
9.221902519129427	-0.3123812888794692	0.8073407132612647	1.5903687700551752	-1.2115798394751982	2.6813124743398666	
9.182853246526967	-0.300536652927283	0.7983600916694595	1.5065319472141372	-1.1518412267812415	2.6011138142940267	
9.160200071345326	-0.29932539394523394	0.786713538035934	1.420812557682282	-1.0869280077468075	2.507562973270628	
9.1537943877904	-0.3085171310582794	0.7731954913374011	1.3343514487801815	-1.0173496266863955	2.401364786340223	
9.163589318903638	-0.3274791733632129	0.7586863326319614	1.2483169232732205	-0.943701298024112	2.283456527916349	
9.189614207967873	-0.35505028851071957	0.7441537918359075	1.1638839966419856	-0.8666495441701633	2.1549791573298016	
9.231899024846008	-0.38949927808101137	0.7306417657338097	1.0821904371835622	-0.7869079619259429	2.017225602445743	
9.29038822339832	-0.42855364699205906	0.7192530839959438	1.0042878307173948	-0.7052159120878273	1.8715950606361855	
9.36484370306	-0.4694630221049896	0.7111278530360097	0.9310855645788764	-0.6223184098225037	1.7195503026934995	
9.454727939795696	-0.5091509452226666	0.7074082674820951	0.863282783049643	-0.5389443456433469	1.562568817748118	
9.55913499177767	-0.5444444900813981	0.7091972384138864	0.8013280936422498	-0.45579062958848665	1.402099123609113	
9.676754123521185	-0.5722833765401371	0.7175206115238444	0.745394624837253	-0.37351130041744857	1.2395277959862943	
9.805847218305265	-0.5899516150276861	0.7332834687548379	0.6953589410777128	-0.2927070585458642	1.076146461756944	
9.944281445406654	-0.5953114701538816	0.7572245780516769	0.6508087576697955	-0.21391768345479417	0.9131235636535184	
10.089612252286356	-0.5869362656381546	0.7898873377825716	0.6110845527479017	-0.13761960938119827	0.7514916128748277	
10.23916183919287	-0.5642024519170906	0.8315931409432225	0.5753209395117739	-0.06422279200368168	0.5921367542652572	
10.390112596345217	-0.5273663127248869	0.8824095945671391	0.5424992496778855	0.005934147498537497	0.4357871808729132	
10.539617412422563	-0.47752414464478116	0.942139438300189	0.5115236268362096	0.07258393547833003	0.2830150095582415	
10.684886115305941	-0.41650741650431006	1.010326824495595	0.481290041053334	0.13552757892602077	0.1342450250425348	
10.823259448035573	-0.34677541704462933	1.0862645121495331	0.45074913008750994	0.19463224193097542	-0.010238760988007162	
10.952285893959894	-0.2712661705411009	1.1690105567150113	0.41897709501638175	0.2498284908981043	-0.15028486347916964	
11.069768079411602	-0.1931885576236108	1.2574396811301438	0.38522827603248333	0.3011016446860646	-0.2858525052095258	
11.173792377254873	-0.11584971345511119	1.3502969405516079	0.34896918228780704	0.34848430562085814	-0.4169910457696567	
11.262761707193896	-0.04248943957184405	1.4462552132017084	0.3099098852403841	0.39204979682541236	-0.5438196766742243	
11.335431097031888	0.023895795339553768	1.5439898921848907	0.2680254688880015	0.4319037379115559	-0.6665003945169876	
11.390929484489037	0.08067479419414388	1.6422464837612463	0.22354442231753488	0.4681731616880828	-0.7852081342158058	
11.428800150567469	0.12567219214375167	1.739890864460705	0.1769350695907748	0.5009974075823891	-0.9001061834219599	
11.44907097210358	0.15726322918995403	1.8359573802183062	0.1288898359759437	0.5305185757275607	-1.0113201441516928	
11.452334250831358	0.17444135862863538	1.9296774594294486	0.08028839107282842	0.556871794899268	-1.1189131916454498	
11.43978486495142	0.17683878488798097	2.0204771631326817	0.032147341568666554	0.5801801895632862	-1.222872050667337	
11.413244135768757	0.16475283259824375	2.1079684887018355	-0.014427141228453507	0.6005533537080661	-1.3230968877419502	
11.375160390146382	0.1391831648186778	2.1919316329267806	-0.058299350595845206	0.6180895668030005	-1.4193928389795119	
11.328479614806128	0.10180436535297528	2.272272470105402	-0.09838034615574422	0.6328848183919282	-1.5114748288897304	
11.276446857905476	0.05490183171413103	2.348978075147262	-0.13369719491798318	0.6450434895647922	-1.5989792724539527	
11.222378319142129	0.001301910703018696	2.4220739592056266	-0.1634629035004589	0.6546893642075446	-1.6814770473179492	
11.169336783422018	-0.05574377564791602	2.4915718012924355	-0.18716076760011016	0.6619782623853113	-1.7584932532196424	
11.119814960982984	-0.11275158153141515	2.5574198309212672	-0.20459906030302172	0.6671039659939249	-1.8295351872935735	
11.075508034643448	-0.16618830436555668	2.6194661540527195	-0.215945663930706	0.6702985514518552	-1.8941177849366952	
11.037110759740939	-0.21266870430324436	2.6774246216821824	-0.2217601739687367	0.6718296136054926	-1.95179116566304	
11.00420805248173	-0.24918774274958003	2.7308503797244392	-0.22300193325961987	0.6719900676253672	-2.0021731080100404	
10.975381252990655	-0.27328952884201807	2.7791463682942776	-0.22098538956155955	0.6710828246342572	-2.0449733448579868	
10.948361553075689	-0.2831935760883368	2.8215803285504597	-0.21733313006541344	0.6694075561501773	-2.0800134461655717	
10.920248541497891	-0.27791987391180184	2.857314472051911	-0.2139178341416578	0.6672468227612839	-2.107248467927453	
10.887851420545394	-0.25733671528870905	2.8854634487949293	-0.2127697104575314	0.6648556340004004	-2.126778328314294	
10.848003508274902	-0.22212161441729691	2.905157956309761	-0.21598268358298722	0.6624587725935648	-2.138844633626401	
10.797823732692223	-0.17372051889177603	2.915604390599715	-0.22563098540642523	0.6602508135232455	-2.143826425443025	
10.734987278493096	-0.11429100472961232	2.9161550804680196	-0.24367243391527935	0.6583988735688414	-2.142232485786082	
10.657900263481224	-0.046573271158585575	2.9063610794735273	-0.2718586879093884	0.6570495334021601	-2.134677923628038	
10.565779768309516	0.02622790475208423	2.885998880905705	-0.3116663657856837	0.6563346386882168	-2.121860147677719	
10.458712924481826	0.10054369639767824	2.8550898900586215	-0.36422631619475787	0.656375755086277	-2.104536476498734	
10.337680502803227	0.17255234214074194	2.813907023531915	-0.4302403838386399	0.6572876086861049	-2.0834971864648955	
10.204462844291909	0.23830481164292389	2.7629461519776877	-0.5099354109887652	0.6591795532938058	-2.059537428430154	
10.061540338314739	0.29383371755061677	2.7028990408918325	-0.6030245384320031	0.6621549152645106	-2.0334356831353837	
9.911986367713837	0.33527510459643034	2.63462828287378	-0.7086590647281183	0.6663086203568784	-2.005932740869476	
9.75930409996896	0.3590286227247205	2.5591370068860306	-0.8253982971862607	0.6717222736852936	-1.9777118409249268	
9.60723873445757	0.36191151175116065	2.4775394093040704	-0.9512403558406084	0.6784585654988722	-1.9493881253338754	
9.459621345796354	0.34130998661143896	2.3910423223376105	-1.083657213735206	0.6865552227925522	-1.9215008446674293	
9.320199420695841	0.2953697887692828	2.3009308586118555	-1.2196439766578753	0.6960169421737907	-1.894505270648601	
9.192465504568121	0.2231562551640514	2.20854973051948	-1.3558376109548382	0.706808098227125	-1.868771290022565	
9.079532698839072	0.12472213791991801	2.1152803464311827	-1.4886628573730558	0.7188486205387753	-1.8445869825954087	
8.98402396591842	0.0011537704447946613	2.0225156978795495	-1.6144753199233464	0.7320100012369621	-1.8221606724113617	
8.907949090124383	-0.14541453752172936	1.931623244411894	-1.7297434999475652	0.7461109178866477	-1.8016223422737694	
8.852646749559353	-0.3119456850733022	1.8438996705575639	-1.831232964113547	0.7609183899542115	-1.7830306963377613	
8.818763229750113	-0.4946778942589055	1.7605325229396382	-1.9161458567459202	0.7761505232615178	-1.766378704155252	
8.80623122659913	-0.6893074465860165	1.6825623477845402	-1.982253969775876	0.7914789768237893	-1.7515965225378802	
8.81426960993148	-0.8912272266055038	1.6108459834962945	-2.0280276425845156	0.8065332155756438	-1.7385531754402745	
8.841461987573608	-1.0957743280572465	1.5460491267376846	-2.052670044613485	0.8209087793400844	-1.7270606004784974	
8.885831219712465	-1.29841912123728	1.4886466969674503	-2.056128503502705	0.8341740213878104	-1.716874772118297	
8.944919259774721	-1.4949522123448145	1.4389242167799001	-2.039103159455133	0.8458766791801351	-1.7076942312201637	
9.015917225846819	-1.681661501094933	1.3969883564876624	-2.003002645502135	0.8555520389966093	-1.699158626934246	
9.095822584236393	-1.85543971678128	1.3627818231550852	-1.9498383607935825	0.8627311069550891	-1.6908504706439624	
9.181579911486306	-2.013873634917954	1.3360874740137183	-1.8821311246689725	0.8669477891768177	-1.6822960637931912	
9.27024562956479	-2.1553422473867587	1.3165228136918274	-1.802803277243616	0.8677474129106294	-1.6729663197903908	
9.359159477559132	-2.279041116372018	1.303537098983382	-1.7150209405557035	0.8646960184800522	-1.6622838082326685	
9.446068391621575	-2.3849428008743834	1.29641273313703	-1.622046764412248	0.8573885746603188	-1.649633257986223	
9.529234219451823	-2.473753760845054	1.29426431159842	-1.527107527701691	0.8454581287885348	-1.634372528649095	
9.60754114045499	-2.546842236558189	1.296039270569957	-1.4332433231116082	0.8285887368890703	-1.6158481375351852	
9.680512826224833	-2.606082318860977	1.3005411245736693	-1.3431832803642556	0.806527128241007	-1.5934153403051488	
9.748286581106786	-2.6537103429413813	1.3064587633060376	-1.259259502546155	0.7790937135009244	-1.5664566744836113	
9.81157354419966	-2.6921854787336925	1.312400708081102	-1.1833254113517109	0.7461959082044028	-1.5344021185996848	
9.87156559759234	-2.724023788758164	1.3169485334313347	-1.1166855708358259	0.7078430984430077	-1.496753366129902	
9.929780203055392	-2.751645672448604	1.3187205200840637	-1.0600941862366267	0.6641506296366312	-1.4531007952750603	
9.987926522577036	-2.7772582410369364	1.316429716234662	-1.0137626791753334	0.6153413833251768	-1.403137178481579	
10.047764197674764	-2.8027362970984084	1.3089508650677073	-0.9773693803406373	0.5617467454954298	-1.3466728230243619	
10.110952729286947	-2.82952513315953	1.2953884019334359	-0.9501123691811149	0.5037979062245925	-1.2836437543502022	
10.178944157400986	-2.8586058420439073	1.2751171469184515	-0.9307973444653339	0.44200872201229574	-1.2141074131635752	
10.252898797566628	-2.890476040914127	1.2478160195344887	-0.9179136953450482	0.37696063509197364	-1.1382381494856795	
10.333597260664627	-2.925141513041322	1.2135032563833046	-0.9097211411614735	0.3092853569333893	-1.056320978693106	
10.421384694124965	-2.962171049750769	1.1725349314524853	-0.9043613159748849	0.23964210212526216	-0.9687332759203607	
10.51614090810168	-3.000772322788509	1.1255801640603316	-0.8999510524729024	0.16869774413441313	-0.8759250928834171	
10.617247856737063	-3.0398635821862365	1.0735940875595134	-0.8946633951006258	0.09710854906224752	-0.778401912669894	
10.723556975826215	-3.0781631596502397	1.0177734238828597	-0.8868126712306912	0.02549870827090883	-0.6767051887913281	
10.833425463463293	-3.114294427223767	0.959476167295855	-0.874910785490054	-0.04555851500984886	-0.5713921798630437	
10.944778785540933	-3.146864699656294	0.9001473158248575	-0.8576994436028919	-0.11555611607063739	-0.46302204568291255	
11.055194871570205	-3.174536350313695	0.8412420371447256	-0.8341769809712458	-0.18406985201072681	-0.3521442893642508	
11.162063227953972	-3.1960925854218925	0.7841353256010725	-0.8036095890363487	-0.2507747126261712	-0.2392896955446462	
11.262800210535682	-3.210474288376273	0.7300518403411103	-0.7655100942504163	-0.31544981552044	-0.12496737921016222	
11.355052929160696	-3.216806974676573	0.6800146996600738	-0.7196184055433148	-0.37798043435949413	-0.00966421369935579	
11.436937752002265	-3.214430332060801	0.6347964749592523	-0.6658816002966219	-0.4383585454937493	0.10615450384722809	
11.507265592728565	-3.2029196965355484	0.594897133679478	-0.604419280156379	-0.4966708866045214	0.22204164325624764	
11.565642856423466	-3.1820980864220045	0.5605554977099358	-0.5354857895009871	-0.5530752199849093	0.33756449916973913	
11.612509620460102	-3.1520443460891	0.531767676316649	-0.4594408220384647	-0.6077783019516665	0.45230195244368204	
11.6491090517096	-3.1131015103927275	0.508316797419457	-0.37671999077402424	-0.6610073625098947	0.5658423145359233	
11.677299257150153	-3.0659060460232697	0.4898099057641851	-0.2878046721169917	-0.7129587786752111	0.6777853567807441	
11.699198754611382	-3.0112304253354774	0.4757776732992193	-0.1931941576893712	-0.7638099644860994	0.7877362640495007	
