12.012691171206658	-3.230063116680949	0.4193008747324875	0.043300670834603	-0.6538259341635311	0.7328793587013385	
12.013830158561271	-3.197057745570284	0.3524227645800113	0.1705091534634431	-0.7022982719335157	0.8612206126214488	
12.012277999416078	-3.150335008118592	0.289185672702163	0.3068886891948364	-0.7500004872762288	0.9872823853952015	
12.009396564704144	-3.090061660822885	0.23193285461407695	0.45064792862416925	-0.7970142236307123	1.1106439997823734	
12.00504983225275	-3.0167199088258903	0.18296848740490756	0.5998284231759794	-0.8433297663488825	1.230947658838751	
11.997275612567506	-2.931093491283737	0.14443166967373344	0.752308667726944	-0.8888368740210829	1.3479244770698078	
11.982790598837427	-2.834083801627686	0.1181358296930653	0.9058956185495678	-0.9333641238225869	1.4613944858652084	
11.957405514329885	-2.7266353233273777	0.10543382989208458	1.058360803798422	-0.9766984356159637	1.5712711898005487	
11.916634398689423	-2.60967045396234	0.10709938079594047	1.2074811062663768	-1.0186084444728503	1.6775561028314308	
11.856294468976696	-2.484076213474042	0.12324920986164993	1.3510665452856527	-1.058861159216642	1.7803256417997417	
11.773036346465156	-2.3507321197758944	0.15331150855637424	1.4869824887451941	-1.097233278238915	1.879709895446819	
11.664766892410496	-2.210572398308884	0.1960391892831068	1.613169998632513	-1.133517738133855	1.9758648322452759	
11.530945658335032	-2.0646739888417915	0.24956901097667283	1.7276680766872505	-1.16752620611822	2.0689396909714053	
11.37274561946969	-1.9143584546839576	0.3115232536270204	1.828641808891636	-1.1990880956256582	2.159042241467012	
11.193077640529662	-1.761293573825818	0.37914765066950634	1.9144206322982573	-1.2280463755302053	2.246204602193313	
10.996467417251008	-1.6075712213646516	0.4494791787390538	1.9835495731725314	-1.2542501728082502	2.330352559351881	
10.788784688864398	-1.4557313256106295	0.5195261940509706	2.0348507262891937	-1.2775447318758022	2.4112818207884397	
10.576862702059334	-1.3087219205303438	0.5864409531554233	2.0674924918681543	-1.297760118892607	2.4886413189100236	
10.368029224557125	-1.1697946993846187	0.6476710032535842	2.081060786179513	-1.3147006708118845	2.561924838238049	
10.169586095001547	-1.042344611200753	0.7010769579060404	2.07562549067994	-1.3281376700937246	2.6304726053118537	
9.988281787310166	-0.9297051792912698	0.7450107622680322	2.0517946809556924	-1.3378073764196492	2.6934842769011915	
9.829821934214753	-0.8349071538316342	0.7783572517934167	2.0107468442811958	-1.3434155924872013	2.750044498778146	
9.698489222825783	-0.7604214229059308	0.800542991555243	1.9542203513954706	-1.3446484833170147	2.799160986534487	
9.59690484689526	-0.7079151546533325	0.8115296861066084	1.884456313879034	-1.341187416579663	2.8398098309537567	
9.525942069112272	-0.6780539023928127	0.8117971763918693	1.804093553804425	-1.3327263148227833	2.8709845606249096	
9.484792339266	-0.6703848677661931	0.8023142001546286	1.7160217062476173	-1.3189900174585854	2.891745394033394	
9.471165876948797	-0.6833280325155854	0.7844930305003489	1.623206760385321	-1.2997520400885507	2.901264981538002	
9.481593347570316	-0.714286720351248	0.7601238702967781	1.5285073591966416	-1.274850497888358	2.898867751766149	
9.511794958430652	-0.7598801621151383	0.7312827742896899	1.4345077722501074	-1.2442004939301077	2.8840578517166153	
9.557057363473776	-0.8162518321468524	0.7002192581495935	1.3433937001627714	-1.2078028238093856	2.8565333054819626	
9.612584421201655	-0.8793983658030265	0.6692319082526446	1.2568791371028374	-1.1657501479971053	2.816187588563069	
9.673808766634162	-0.9454739503931902	0.6405398386159921	1.1761856081215165	-1.1182306643324418	2.763099092578203	
9.73665340276127	-1.0110291385094705	0.6161608941173812	1.1020672359307697	-1.06552869982089	2.697510048549077	
9.797737884126835	-1.0731585189326116	0.5978068671544763	1.0348677421694847	-1.008021121560352	2.6197972522512707	
9.854518460876658	-1.1295474265739116	0.586806848336583	0.9745932810743207	-0.9461675374378358	2.5304365558164723	
9.90534531993797	-1.1784328233640857	0.584069087380235	0.9209829152976586	-0.8804934540420982	2.429964752220492	
9.949448115873425	-1.2185252436870688	0.5900758720844955	0.8735616965962159	-0.811568862225821	2.318943714072293	
9.986858585694323	-1.2489263518135838	0.6049075222748321	0.8316759225748576	-0.7399842490369405	2.197929399811678	
10.018285032530043	-1.2690663446766897	0.6282904164670182	0.7945145163168282	-0.666326678554844	2.067448615429206	
10.044956936886598	-1.278671510565064	0.6596629125970341	0.7611239281060803	-0.5911585854652883	1.9279857847866537	
10.068456062776288	-1.2777570469435229	0.6982530049836729	0.7304254867599274	-0.5150015237303832	1.7799811334798081	
10.090546657960047	-1.2666242162929433	0.7431608941016847	0.7012436362985671	-0.43832735972317816	1.6238408443903098	
10.113019449162877	-1.2458470183170063	0.7934346232256094	0.6723453080980062	-0.3615568320338871	1.4599564022347975	
10.137551011667519	-1.2162426289256794	0.8481338076260903	0.6424883388854765	-0.2850642307039294	1.2887301746731517	
10.165580610618676	-1.1788298805635093	0.9063785104991472	0.6104752601819926	-0.20918665449748353	1.110604308533938	
10.198207336181326	-1.1347870669627544	0.967382760464147	0.5752083636518093	-0.1342358626631518	0.9260900079689501	
10.236108762456812	-1.085422819478386	1.030475757076748	0.5357437358821572	-0.06051063431338361	0.7357949869575673	
10.279488527560266	-1.032169339680288	1.0951152146408767	0.4913413876691956	0.011692333700452969	0.5404457989988197	
10.32805847457091	-0.97659780011773	1.160898544780657	0.4415101756632618	0.08207055804268405	0.34090272847511394	
10.381059906908959	-0.9204457316962621	1.2275748849181112	0.38604942358116734	0.15031086389537232	0.1381672987560338	
10.43733749831528	-0.8656407943961559	1.2950549809693108	0.3250863575020015	0.21608681389163037	-0.06661825502882146	
10.495477755804135	-0.8143038785177069	1.363412674004126	0.259107227859439	0.2790580349468513	-0.27217963897361197	
10.554017658244167	-0.768714980304948	1.4328699758677885	0.1889791356967162	0.3388716327656662	-0.4771267865963586	
10.611713937980896	-0.7312257244384328	1.5037566710657941	0.115955667473277	0.39516722513835895	-0.6799774527944025	
10.667817930896328	-0.7041136191361137	1.5764415827603833	0.04165587801571004	0.4475879299361877	-0.8791864419140865	
10.722282354675206	-0.6893878644343922	1.651243369950624	-0.031984378898999015	0.49579853027286414	-1.0731768866435925	
10.775831539813401	-0.6885618971371485	1.7283310316093965	-0.10279270215785266	0.539510307910295	-1.2603725617245294	
10.829845166976051	-0.7024164899735084	1.8076271627343945	-0.168472155208833	0.5785098451223669	-1.439230720638755	
10.886040372450399	-0.7307827054951663	1.8887266630169541	-0.2267418433848714	0.6126873829178775	-1.6082758261132135	
10.94597696067575	-0.772376532048926	1.9708405508536513	-0.27550174570349173	0.6420593508947509	-1.7661357322672284	
11.010484831651658	-0.8247380960403257	2.0527768284226187	-0.3130071513360553	0.6667772612373589	-1.911579513454503	
11.0791599608857	-0.8842912953238469	2.132956489452822	-0.3380360160381016	0.6871207032100174	-2.043556393573251	
11.150041252575546	-0.9465252993968236	2.2094622875666237	-0.3500374277615581	0.7034757182275915	-2.1612345425314454	
11.219546076198688	-1.0062892416662277	2.2801197220216465	-0.34924779540564477	0.7163023313488516	-2.264036974610167	
11.282690934184545	-1.0581751235087602	2.342608667685505	-0.33676291654504453	0.7260975627925814	-2.351671350861355	
11.333568352771445	-1.0969564208391829	2.3946043249532827	-0.314558581357931	0.7333611971243192	-2.4241511267410654	
11.366000858245577	-1.118036532980777	2.4339422505833492	-0.28544531024692	0.7385713690463958	-2.4818019447655404	
11.374224481234302	-1.1178484006315759	2.4587884250564556	-0.2529587102185696	0.7421737754130082	-2.525250826516977	
11.353495002748717	-1.0941810280184672	2.467795791852014	-0.2211988761638188	0.7445821205859354	-2.5554008130379766	
11.30056157939369	-1.0464165527298186	2.4602272596675583	-0.19462422662159362	0.7461853729787238	-2.5733916582882235	
11.213980678960247	-0.975668092141397	2.436026832864448	-0.17780969822048787	0.7473570200506995	-2.58054902966047	
11.094272679702286	-0.8848178374604279	2.3958275287878013	-0.17517931084830815	0.7484622049850866	-2.5783252826609955	
10.943928171730136	-0.7784502309468502	2.3408902456749625	-0.19072257980823384	0.7498602259076105	-2.5682341792427335	
10.767258944407825	-0.6626676607450418	2.2729798756126205	-0.22771974679493073	0.7519018985286312	-2.5517840589911263	
10.570130393435669	-0.5448140250110839	2.1942105597022263	-0.28848979227713323	0.7549225784999781	-2.530414596797802	
10.359583629710043	-0.43310465729258507	2.106882772722563	-0.3741743885478157	0.7592315258662663	-2.5054401006510627	
10.143368210793794	-0.3361689585176676	2.0133348799420876	-0.4845737826332714	0.7650980007465646	-2.478003346091229	
9.92942025298426	-0.26252121242404647	1.9158279663178275	-0.6180493078940584	0.7727344394669539	-2.449043574004003	
9.725326976898529	-0.21997864773900433	1.8164755467084155	-0.7715046398794984	0.7822770212369703	-2.419280937984904	
9.537842958008572	-0.21508309166134504	1.7172230165175357	-0.9404760357045908	0.7937661796477186	-2.389220868966496	
9.372512093359681	-0.2525885781678462	1.6198637819697153	-1.119321072107134	0.8071293034486368	-2.3591737067372027	
9.233411113289836	-0.3350554426003885	1.52607119687155	-1.301495847017833	0.8221675751953926	-2.329284247906133	
9.12302274371468	-0.4625928553429207	1.4374262801688125	-1.4799097112497306	0.8385491086983762	-2.299566592869447	
9.042234416339642	-0.6327813999089715	1.3554232996076578	-1.6473356227064417	0.8558099411894071	-2.2699392721815483	
8.990445675380386	-0.8407901281823341	1.2814398617170277	-1.7968511976192922	0.8733634887291493	-2.240256160594598	
8.965775042010547	-1.0797106007046309	1.2166679116424188	-1.9222731630742187	0.8905191167006647	-2.2103299282909985	
8.965336097930116	-1.3410653990095	1.162020540636395	-2.018531190630107	0.9065068778257565	-2.179945639979409	
8.985549036400265	-1.6154024805260727	1.118038964936567	-2.081958491846684	0.9205037438811638	-2.148864779623217	
9.022475512868676	-1.892914445657833	1.0848253357842697	-2.110483705916203	0.9316590662823464	-2.116821429762727	
9.072157538509634	-2.164025354851476	1.0620203988309433	-2.1037174236336114	0.939118176706044	-2.0835127604774057	
9.130938855756627	-2.419909690007971	1.048834007059099	-2.0629373052933415	0.9420447483185078	-2.04858662369444	
9.195743823444714	-2.652929108117822	1.044126520374574	-1.9909744274696792	0.9396438023851701	-2.0116300285679083	
9.264275129235111	-2.8569594112376846	1.04652751309893	-1.8919981529864762	0.9311857955766246	-1.9721639242062174	
9.33511990606997	-3.0276126941518298	1.05456521980836	-1.7712369258551512	0.9160319602037922	-1.9296469203038586	
9.407760913362646	-3.1623492205011066	1.0667902837410095	-1.6346506008640043	0.8936605034932265	-1.8834887974831103	
9.482491896690169	-3.260472991801768	1.0818791157860435	-1.488576453446918	0.8636928081233606	-1.83307273256204	
9.560242258364124	-3.3230165919314674	1.0987049473897115	-1.3393743642126295	0.8259185246396824	-1.7777837281967124	
9.642320923564817	-3.352535894825476	1.1163683204901522	-1.1930923024895264	0.7803184055097995	-1.7170404853559804	
9.730103074118977	-3.3528343352650802	1.1341800762905663	-1.0551792550716972	0.7270795764333791	-1.6503270632981581	
9.82471572115847	-3.328672224995219	1.151605636769233	-0.9302600134025908	0.6666007370988323	-1.577221458140307	
9.92676921427481	-3.285485867412925	1.1681863774747554	-0.8219662252423021	0.5994859676043638	-1.497420124122813	
10.03617443097808	-3.229120194764355	1.1834550445960323	-0.7328206104702993	0.5265261631202773	-1.4107572673384206	
10.152072192205644	-3.165572260479826	1.196862760706718	-0.6641708667915034	0.4486692069855356	-1.3172179088600589	
10.272880268549425	-3.1007343096915347	1.2077318608597365	-0.6161680712042696	0.36698153944760964	-1.2169442682909457	
10.39644667865258	-3.0401252620033534	1.2152448006505503	-0.587798362333672	0.28260391866752643	-1.110233627122672	
10.52026426019222	-2.988617964667681	1.2184688180380583	-0.5769724344725782	0.19670642708512592	-0.9975269949921334	
10.64169363852748	-2.9501719324642037	1.2164049955650698	-0.5806613480516031	0.1104459813169105	-0.8793907107586066	
10.758165562479006	-2.9275925430208347	1.2080510467717362	-0.5950794036717948	0.024926605549913973	-0.7564917424259006	
10.86734682016099	-2.9223435699090508	1.1924678391298094	-0.6159070360360941	-0.0588375825677957	-0.6295685530117063	
10.967271326618084	-2.9344376614200502	1.1688425281561334	-0.6385425622496319	-0.13995735057114292	-0.499399889671879	
11.056453863664185	-2.9624286520256295	1.1365451973939096	-0.6583707657886362	-0.2177018216590133	-0.3667738155349344	
11.134003838969056	-3.003533682464157	1.0951762287988134	-0.6710243444941034	-0.2915270570835438	-0.23246010725099403	
11.199756617906388	-3.053860391239678	1.04460804069372	-0.672616099952609	-0.3610984659295841	-0.09718811566428844	
11.254413081489526	-3.1087238408116398	0.9850231680022968	-0.6599309376746221	-0.426303672267368	0.03836979358500394	
11.299653182437499	-3.1630285243125935	0.9169483546839803	-0.6305668737421898	-0.48725194657896803	0.17360940216572474	
11.338171988780386	-3.211681367024965	0.841282429840936	-0.5830181022573901	-0.544257198174139	0.308001012071509	
11.373576960025156	-3.250000027819783	0.7593140735740679	-0.5166991239272752	-0.5978030642583061	0.4410919884446967	
11.410083300503258	-3.2740641875606933	0.6727170014161358	-0.4319008292442072	-0.6484901019408033	0.5725052598518166	
11.45202238422147	-3.2809654423166714	0.5835167585864831	-0.329693198486045	-0.6969739605310055	0.7019346805085989	
11.503228019481393	-3.2689429924887494	0.49402663920502043	-0.2117910746355828	-0.7439033285893132	0.8291379444606399	
11.566394217893126	-3.237399873642451	0.406752243421603	-0.08039467508261151	-0.789865000686498	0.9539273952768115	
11.642517055479413	-3.1868076960258698	0.32426965702383725	0.061980084312927036	-0.8353420188299897	1.0761596056845304	
11.73052174905797	-3.118521356506529	0.24908648133820074	0.2126664597763458	-0.8806877167927376	1.1957249225524063	
11.827170030577898	-3.034529288210193	0.1835006680137997	0.3689929226481551	-0.9261165725689268	1.3125381030045395	
11.92728935723691	-2.9371770264224066	0.12946801461065077	0.5283987496177688	-0.9717078924947896	1.4265314339237338	
12.02421617294024	-2.828931257117831	0.08852733133515285	0.6884993696328547	-1.0174213367470906	1.537650062598084	
12.11048752426117	-2.712126950936895	0.06166450390145109	0.8471513113168634	-1.0631035839436884	1.6458512792291184	
12.178442462849493	-2.588895370083528	0.0494078209934117	1.002406645640597	-1.1085232750171052	1.7511013845921526	
