11.90812334116082	-2.787791102500021	0.853117508459471	-0.2260181148982843	-1.008250211755682	1.0328268838930377	
11.902322474911752	-2.7660953783442155	0.8010326388230633	-0.09147280747028945	-1.0423996574155123	1.1353774339789293	
11.879629391158112	-2.733858440539106	0.7517746965055698	0.05234050676519629	-1.0743638901379808	1.233255922548457	
11.846547460415035	-2.6932177695330592	0.7062235291752427	0.20420808271561794	-1.104701646041107	1.3264563208885625	
11.808744990783829	-2.646274925410711	0.6651349828797329	0.3630906131579701	-1.1337865143364523	1.4149795983291085	
11.770399780469727	-2.594872425291169	0.6290874205196569	0.5281285151338433	-1.1617684244332216	1.4988468064109648	
11.73387213864259	-2.5403506840277603	0.5984669544190524	0.6985570480707628	-1.1886092408121522	1.5781176438644897	
11.699661252124697	-2.48340540828358	0.573454452009397	0.8736194994527797	-1.2141106871433751	1.652912077907329	
11.666648257113806	-2.4240213748828627	0.5540345105775819	1.0524524934516695	-1.2379611584950476	1.7234318922458447	
11.632543298392015	-2.3615017614254397	0.5400188336708837	1.2339676997320703	-1.2597832500343151	1.7899790572670686	
11.594448050066546	-2.294586102589909	0.53108305365795	1.416742205344208	-1.2791802050092893	1.8529665581468957	
11.549422851067146	-2.221637754358979	0.5268102593506259	1.5989353902438055	-1.295775955440007	1.9129175969437286	
11.494980995915057	-2.14087518537202	0.5267345590097224	1.7782434361067088	-1.3092469735443228	1.9704505679013737	
11.429467226170386	-2.050625178574163	0.5303791351366935	1.9519013386034971	-1.319345298596443	2.026247864526776	
11.352298402046015	-1.9495735829049972	0.537283755859586	2.116738294226181	-1.3259124562929436	2.0810085237288116	
11.264062628484856	-1.836987924892736	0.5470182696134912	2.269286953665932	-1.328884286038888	2.135386956387025	
11.166485378393215	-1.7128877205254265	0.5591806723949827	2.4059407719174604	-1.3282868027841677	2.189922329847257	
11.062274577993747	-1.5781428255699157	0.573380846896483	2.5231480383085723	-1.3242231697024636	2.2449656282015553	
10.954859385610758	-1.4344852823220413	0.5892158164677618	2.6176212250171895	-1.3168525085270524	2.3006160397502184	
10.848058109504464	-1.2844426458763696	0.6062472228805486	2.6865393348199906	-1.3063637786289257	2.3566750195606603	
10.745706911060868	-1.1311971806336774	0.6239909404775834	2.727725632551935	-1.2929478548984283	2.4126231168125902	
10.651286926689751	-0.9783779562295449	0.6419240370601398	2.739783873969439	-1.2767707613285708	2.467621594434459	
10.567587877163897	-0.8298046408989282	0.6595084354199459	2.7221792693205273	-1.2579505220228155	2.5205384991816033	
10.496440285627253	-0.68921803569832	0.6762260161087561	2.675256728760721	-1.2365399143335236	2.569997560816034	
10.438537707463903	-0.5600438778424975	0.6916178359627431	2.600199332834945	-1.2125177539805159	2.614447463556914	
10.393371839827964	-0.44523681813735894	0.7053189963040335	2.4989361150589544	-1.1857923012361922	2.652248006364722	
10.359287083565924	-0.3472208441188197	0.7170827003661869	2.3740239633615237	-1.1562180155751	2.681764342078339	
10.333646088199485	-0.2679008434026304	0.7267924813248502	2.228526982727796	-1.1236234693097253	2.7014606189909958	
10.31309503220523	-0.20870432134607958	0.734464409166824	2.0659049166669416	-1.08784618020897	2.709985162235993	
10.29390621375736	-0.17061158815886954	0.740242132818931	1.8899147904353852	-1.0487686246545767	2.7062398480012355	
10.272367062607506	-0.15414601669778902	0.7443870256276404	1.7045223139104047	-1.0063494207269335	2.689427986899352	
10.245179155107701	-0.15931622276718835	0.7472646808495729	1.5138150301584903	-0.9606444514142184	2.6590774193452176	
10.209826119293194	-0.18552350404494017	0.7493284083389758	1.3219079830487963	-0.9118138603652999	2.6150370195801305	
10.164857575300783	-0.23146827346283083	0.7511009509734227	1.1328375371041925	-0.8601127788991925	2.557445999555444	
10.11005883948298	-0.2950855795934267	0.7531565391239039	0.9504442188963426	-0.8058684895189316	2.4866823355265684	
10.04649182636126	-0.37353642262248227	0.7561029337872388	0.778247728556426	-0.749448115193066	2.403296050691922	
9.976407653328696	-0.4632721646171057	0.7605615254782838	0.6193201178636203	-0.6912218581399828	2.3079349181160205	
9.90304552863426	-0.5601777135394752	0.7671428713629516	0.4761645455265654	-0.6315268434713609	2.2012710701248026	
9.830342104425632	-0.6597871536989729	0.7764158154579743	0.3506075887239944	-0.570636025323326	2.083936585537298	
9.762580104590912	-0.7575556124657018	0.7888702868981373	0.24371199514177266	-0.5087357197673938	1.9564743959686386	
9.70401074886961	-0.8491596942150367	0.8048781618045224	0.155723005787651	-0.4459154289776116	1.819309634954397	
9.65849715972568	-0.9307880153662744	0.8246599861390935	0.08605478950636415	-0.3821714304505442	1.6727426256707145	
9.629216379247909	-0.99939295867813	0.8482659274974291	0.03331934281237595	-0.31742315762545187	1.516960815578004	
9.618450644842724	-1.0528814988478774	0.8755791872150765	-0.0045984492433780565	-0.25154001522309916	1.3520659256471912	
9.627486429556233	-1.0902314833063316	0.9063470758898362	-0.03041974846166868	-0.18437452163312476	1.178111753477851	
9.656621370636968	-1.1115295949900719	0.9402397999725784	-0.04730822901602288	-0.1157966696933865	0.9951483501027893	
9.705259053823964	-1.117936839411971	0.9769309772251074	-0.0586709603011867	-0.045724444164360126	0.8032695649171467	
9.772058024245291	-1.111589970486484	1.0161882667801183	-0.06793288027712642	0.025853698045614028	0.6026624890867306	
9.855093396639276	-1.0954471343718328	1.057956208071011	-0.07830267816750738	0.09886708856202632	0.39365695268797557	
9.951990863419764	-1.0730934958680889	1.1024153373380896	-0.09254950847482214	0.17316064756209157	0.1767743996075016	
10.060019296131172	-1.0485106310313497	1.1500057445495135	-0.11280753188464901	0.24849940980983845	-0.04722558570732327	
10.176146779406755	-1.0258155599791638	1.2014081263043304	-0.14042545688459193	0.32457612135596214	-0.27730423597574155	
10.297082682409874	-1.008978467703578	1.2574817080716525	-0.17587518005970895	0.4010183835329835	-0.5121122148771647	
10.419339997099254	-1.001531662273239	1.3191645748632295	-0.21872863375255153	0.47739294810494	-0.7499724834858778	
10.539354483785504	-1.0062839801571237	1.387346138110961	-0.26770590724351984	0.5532065123223938	-0.9888813794446653	
10.653683336092248	-1.0250672432408685	1.4627264575467263	-0.3207977898090581	0.6279049706389095	-1.2265328906868593	
10.759269090490728	-1.0585392642469218	1.5456799887033568	-0.375449098602336	0.7008742870525141	-1.4603647635571297	
10.85372250007617	-1.1060591092229788	1.6361373834455932	-0.42878719716421326	0.7714463418914522	-1.6876230647609531	
10.935555760370265	-1.1656485492223776	1.7334982847649667	-0.477880208655143	0.8389123114017875	-1.90544162199896	
11.004292773391317	-1.2340468932882624	1.8365861674365414	-0.5200060779042573	0.9025444874953144	-2.1109317314921014	
11.060399725736302	-1.3068608514755164	1.943652699930871	-0.5529128892843989	0.9616256290792307	-2.3012775697238395	
11.105014894866526	-1.3788068465845251	2.0524333732837343	-0.5750527143496018	1.0154833260247182	-2.473833591266421	
11.13950397390403	-1.4440450967720238	2.160251185851128	-0.5857704332489662	1.0635252372589894	-2.626220345184157	
11.164937163162351	-1.4965960028200618	2.2641559398707196	-0.585425214508335	1.1052690411378159	-2.7564128249524495	
11.181619493495377	-1.5308184474975672	2.3610792162434815	-0.575437249514312	1.1403626378415022	-2.8628192807575306	
11.1887896688284	-1.5419236274595194	2.4479916592977466	-0.5582506168809382	1.16859218013746	-2.9443473496335604	
11.184565738889617	-1.5264759161669832	2.52205236504258	-0.5372087740746287	1.1898785827628264	-3.000453854212878	
11.16615667462877	-1.4828171772032543	2.580744534657039	-0.5163474051906995	1.2042660978521347	-3.0311745083077333	
11.130296087684995	-1.4113497484210216	2.621995004438851	-0.5001183466289928	1.2119081733771047	-3.0371302874320714	
11.0738082722405	-1.3146295383129485	2.6442771223474115	-0.49306479322226665	1.2130556018586014	-3.01950877350672	
10.994186371475479	-1.197233853411919	2.6466888558191175	-0.4994769775783005	1.208049271228263	-2.9800167664798254	
10.89007263640509	-1.065436598281329	2.6289993518758936	-0.5230627692250954	1.1973176424839862	-2.9208094819883943	
10.761584086141212	-0.9267463130478211	2.5916572612133693	-0.5666544165037117	1.1813764860617268	-2.844401324582415	
10.610460670706562	-0.7893639182542673	2.5357566213021725	-0.6319670371714345	1.1608275109880877	-2.753562912474748	
10.440040007794225	-0.6616147492224111	2.4629646194227304	-0.7194192616351259	1.1363528445521873	-2.651211001454008	
10.255080683153938	-0.5513959456365028	2.3754234665500795	-0.8280231175175635	1.108703163167407	-2.540298922125666	
10.061465388677123	-0.4656626861397317	2.275643414480375	-0.9553483654459956	1.0786785057653978	-2.42371512148053	
9.86581339400001	-0.4099713684203837	2.1664019170810875	-1.0975752692462346	1.0471019930136531	-2.3041969584822417	
9.675042204006651	-0.3881108580566088	2.050658445942943	-1.2496511461763564	1.0147887989577566	-2.1842660764857427	
9.495921624400186	-0.4018433861717507	1.9314834808400516	-1.405548799599229	0.9825136182267125	-2.066184812030168	
9.334652752259277	-0.45078911860299636	1.8119872587243322	-1.5586265426221704	0.950979636747291	-1.9519304158037047	
9.196503532404211	-0.5324822352770423	1.6952304026623901	-1.7020710921346311	0.9207921204413607	-1.8431823950761919	
9.085524056271602	-0.642607785164057	1.5841034637187799	-1.829385412617419	0.8924390044820022	-1.7413181986950794	
9.004352644648339	-0.7754031230738835	1.4811757826106335	-1.9348690685603345	0.8662791941671244	-1.6474137407022496	
8.954112009199134	-0.924183666813357	1.3885304396433895	-2.0140361510873914	0.8425369719470369	-1.5622470771940944	
8.93440177939119	-1.081928787959279	1.3076204440552341	-2.0639110763025723	0.8213004490582081	-1.486307226743326	
8.94337322728837	-1.2418406547652896	1.239174859837576	-2.083180671909923	0.8025213749489236	-1.4198067615721794	
8.977875138107269	-1.3978203916997058	1.1831714094163923	-2.072206683245892	0.7860160852041422	-1.3626970568239727	
9.033663919545761	-1.5448269679053452	1.138884082795573	-2.0329109051632854	0.7714685720504639	-1.3146853964328102	
9.105671912525594	-1.6791012398206615	1.1050034221385396	-1.96855482377649	0.7584364437048355	-1.2752533421522823	
9.18832983576106	-1.7982531470276852	1.0798156187199308	-1.8834416250575599	0.7463603089696991	-1.2436765400238443	
9.27593790859	-1.9012253799506238	1.0614158288496804	-1.782571839760212	0.734577176958225	-1.2190464457881054	
9.363070206917921	-1.9881542920189765	1.0479233959585643	-1.6712821070959767	0.7223393997653954	-1.2002952849189763	
9.444971538063314	-2.0601635621015277	1.0376616884967587	-1.5549016722945082	0.7088400057368166	-1.1862248329267282	
9.517904917753844	-2.119132695098671	1.0292801070682436	-1.4384507959166803	0.6932437435376833	-1.1755384357537277	
9.579410940455192	-2.1674639742223194	1.0218115442589928	-1.3263926963884476	0.6747228956764403	-1.166876243352378	
9.628447900299191	-2.207865908676822	1.0146700740086099	-1.2224464528163126	0.6524958079093475	-1.158852314964245	
9.665396758644198	-2.2431630290332936	1.0076026843305261	-1.12946259486352	0.6258653263140708	-1.1500916624814859	
9.691934264492433	-2.2761334856187183	1.0006133513731061	-1.0493581826106904	0.5942540236120785	-1.1392654318314608	
9.710795014135714	-2.3093688772514174	0.9938772184381518	-0.983105168169081	0.5572335108717261	-1.1251232603436698	
9.725453655789824	-2.3451532368520276	0.9876585541813917	-0.9307715405733323	0.5145447198568434	-1.106521512594161	
9.739777216379414	-2.3853617446611954	0.9822414833204538	-0.8916020156048479	0.4661094629780643	-1.0824472597406465	
9.757679353578208	-2.4313838149837066	0.9778741858815386	-0.8641295482862356	0.41203429490036697	-1.0520380698853398	
9.782800216712813	-2.484077217044292	0.9747245148710638	-0.846309750226433	0.35260730354892894	-1.0145972879764804	
9.818231491766612	-2.543756846344344	0.9728441647796976	-0.8356687771685208	0.2882881306852471	-0.9696044119378828	
9.866302488404116	-2.610216403724395	0.9721391853640045	-0.8294552590197696	0.21969108389379072	-0.9167200593832706	
9.928438184181692	-2.6827745402626038	0.9723463569366947	-0.8247880408283741	0.1475611770369864	-0.8557852076507257	
10.005100221972295	-2.7603335114749705	0.97301861920123	-0.8187937570991906	0.07274266155998105	-0.7868135422059539	
10.095810132162002	-2.841434291124909	0.9735243489288524	-0.8087287052368667	-0.003858537479732261	-0.7099766340925461	
10.19923434984034	-2.924296386548428	0.9730633241134328	-0.7920851044321783	-0.08131596855937666	-0.6255831611908422	
10.313311426749845	-3.006843484889261	0.9707022297779835	-0.7666832928546924	-0.15872535176888714	-0.5340527176282599	
10.435401364853313	-3.0867241603867255	0.9654307609997022	-0.7307498581585382	-0.2352464871591294	-0.4358859725532923	
10.562444939137054	-3.161342844446205	0.9562370355789814	-0.6829797694018479	-0.310142301296414	-0.33163402944216913	
10.691133985654467	-3.2279180070978573	0.9421980533490484	-0.6225787859990617	-0.38281336109767944	-0.22187068300005966	
10.818107918997587	-3.283582804841063	0.9225779216785324	-0.5492809462820468	-0.45282623721199844	-0.10717149203534689	
10.940191964762288	-3.325534864457529	0.8969206131228812	-0.46333213606684026	-0.5199316906056921	0.011896890812346442	
11.054671827156252	-3.3512265162597816	0.8651257673667776	-0.36544063968560137	-0.5840697948820035	0.13477595821996757	
11.159572833946363	-3.3585775341153243	0.8274988881009081	-0.2566968612800588	-0.6453585322124744	0.2609043365944667	
11.253885834362823	-3.346183288561222	0.7847690584923747	-0.13846804869909177	-0.7040635505666789	0.389699055384723	
11.337674290132389	-3.313486185265635	0.7380701993587261	-0.012277821878008374	-0.7605496854876771	0.5205326164097329	
11.412011270601996	-3.2608786194348274	0.6888853722927926	0.12031731455042866	-0.8152182902593531	0.6527098184855955	
11.478727434706288	-3.1897119677674444	0.6389574051559993	0.25784155987233703	-0.8684371872706704	0.7854480964782304	
11.539991502212649	-3.1021903260748007	0.5901720017247221	0.39898923078651943	-0.9204724897295855	0.9178654581385643	
11.59780983367899	-3.001157431712044	0.544429423895431	0.5426769856087748	-0.9714333410132551	1.0489789073762776	
11.653522084092897	-2.8897928103437556	0.503512583891967	0.6880510045240721	-1.0212331456266834	1.1777155025073947	
11.70745392325818	-2.771303421643833	0.4689890349552059	0.834453651472123	-1.0695793740766601	1.302933297121687	
11.758577845150647	-2.648520708894594	0.4420848434925858	0.9813356097157118	-1.1159676678763086	1.4234613764906525	
11.804702643396142	-2.5237680602685546	0.4236997251784379	1.128164846340585	-1.159735103973108	1.5381345389324277	
