28.059588028665143	0.9947076472410128	-1.717283576158368	0.4909933092122864	-5.821788805181289	-7.258424297816077	
28.04918458297853	0.8527510742138448	-1.3767975482240589	0.4442558669909431	-5.680505237758148	-7.028853263268388	
27.83989202638729	0.7272304494726933	-1.0240912867947656	0.39376542001089504	-5.512841986139606	-6.74844349520205	
27.44665851252756	0.623681988394761	-0.6707011368022433	0.34166873164464123	-5.3215901378050114	-6.4206305624643125	
26.887596205299506	0.5469662280303276	-0.3270227237616843	0.2895822344727622	-5.109626539194497	-6.049517284894613	
26.186368068677506	0.5003393098269829	-0.0009623857735670815	0.23807955817420412	-4.879973763669019	-5.640462916787772	
25.369428417177026	0.484539343081093	0.30279605615890387	0.18675870466428132	-4.635710618854955	-5.199812958034953	
24.464603499314542	0.49718776465397896	0.5830720510776889	0.13432843893849028	-4.37994934693607	-4.7348291585653115	
23.499690633119286	0.5325248028817888	0.8420744561662478	0.07880014653345475	-4.115821329006074	-4.253577216658549	
22.501000701312098	0.5813799308712476	1.0850319206978014	0.01776089263243224	-3.8464668307091467	-3.764775520432012	
21.492022254341943	0.6315462243531667	1.3194612205799148	-0.051249361297280055	-3.5750356366830665	-3.2776036439965135	
20.492642299768598	0.6687343037296629	1.554123943102018	-0.13033846973963112	-3.3046894299562397	-2.8014354825764554	
19.51880550520761	0.6775866282677091	1.7981133922516914	-0.22093945225017436	-3.0385993756586767	-2.3455736060017083	
18.582430404747974	0.6427803925855988	2.0599795352827135	-0.32351961476618724	-2.779935320983409	-1.9189547484898846	
17.69170097322091	0.5502804919589778	2.346869803658694	-0.43733398263854145	-2.531834391261702	-1.5297880911579225	
16.85185110236609	0.3883413065489945	2.663966463742141	-0.5603607247689365	-2.2973433175880844	-1.1852393402845915	
16.065921345123307	0.14824042450851777	3.0141299485332373	-0.6893154286820686	-2.079341636230634	-0.8911611460134946	
15.335527293980569	-0.17509156257324715	3.3976367741194102	-0.8197202384289651	-1.8804399292878224	-0.6518286390025734	
14.661673939303455	-0.5825862478710709	3.8120564939642185	-0.9460769316308808	-1.7028366495423504	-0.4696948982893979	
14.045407583410464	-1.0710282083516993	4.252439733488961	-1.0621735560391454	-1.5481825916935692	-0.34532984200977035	
13.488203161848663	-1.6331628545363044	4.7115524527209205	-1.161390235873186	-1.417452189044437	-0.2774076921957178	
12.99219175497252	-2.2578881849822574	5.180160455059367	-1.23703545793196	-1.3108077976043546	-0.26272526057858425	
12.560160773849999	-2.9306525402593104	5.647441585180449	-1.2827472165249527	-1.227469441139691	-0.2963057974487499	
12.195287833963388	-3.634158620467008	6.101525448919238	-1.2928523123941653	-1.1656818570088057	-0.37166561217469446	
11.900787547012667	-4.349015694554398	6.529977773584941	-1.2626646247264288	-1.1227150592031208	-0.4810716997187332	
11.679472019343558	-5.054427530256431	6.92030384369163	-1.188774205523384	-1.0948921979783037	-0.6158215645019218	
11.53321186590787	-5.72901150313537	7.26052034313993	-1.0693104872555907	-1.0776860576037566	-0.7665966424432002	
11.462508130732077	-6.351611880700866	7.539660274493308	-0.9040472169784567	-1.0659118334417943	-0.9238463767087187	
11.466174123676748	-6.901999687141152	7.748207956080838	-0.6944677992222399	-1.0539213717458922	-1.0781198008575277	
11.541073861938596	-7.361588341654953	7.878541730001945	-0.4438138554682991	-1.0358222554448642	-1.2204005411340215	
11.682004894078236	-7.714190378412895	7.925364300577995	-0.1570694243070664	-1.0057491283478723	-1.3424551260632014	
11.881878338539142	-7.946576841348692	7.88591499568479	0.159194066055899	-0.9581237475324652	-1.43708337552241	
12.131987719005437	-8.04897941209668	7.760113571524786	0.4969708725498201	-0.8878774705240229	-1.498314808695502	
12.422381173663519	-8.015622738986092	7.550663848452405	0.8469983864211909	-0.7906732912203771	-1.521591138013612	
12.7424269217494	-7.845199008212133	7.263002274235549	1.1990308624812516	-0.6631119846029563	-1.5038949822833365	
13.081456474805481	-7.540968848020679	6.904968058772512	1.542213209507459	-0.5028355520213666	-1.4437331229672175	
13.42935076289047	-7.110788517720312	6.486445367072983	1.8654505295815145	-0.3085979864705481	-1.3410997185972022	
13.777159150619473	-6.567067406424735	6.0189351762872185	2.1578310920511212	-0.08032168026555657	-1.1974200775266428	
14.11773788081898	-5.926436031812176	5.514966471280037	2.4091374808718964	0.18090241451508965	-1.0154175973271111	
14.446177210918966	-5.209005309806296	4.98746687851014	2.610297832576833	0.4729136134566833	-0.7988869027544541	
14.760105219489592	-4.437603240797779	4.4492290077693575	2.753778539309568	0.7925827671296473	-0.5524857042390302	
15.059913046814554	-3.636875601868722	3.912382850066293	2.8339810350851176	1.1359300139940842	-0.28151111833583287	
15.34871815569039	-2.832101843090784	3.387898815595406	2.847566672370825	1.4982991961890308	0.00837542570469593	
15.631925786031625	-2.047996386475537	2.8852757548667287	2.793544673692457	1.8745631104150577	0.3114193220444134	
15.916672233861792	-1.3076478060997867	2.412317651764795	2.673292776852959	2.259294531541583	0.6219994288275741	
16.21108844653146	-0.6314231603437883	1.9749453784794253	2.4905230395825804	2.64693139036002	0.9348509086829022	
16.52328956846277	-0.0359511028020515	1.5771230417204942	2.25107363702584	3.0319352692718002	1.2452680804377871	
16.860407873956028	0.46643434493616265	1.2209599297450455	1.9625278618029347	3.408903098904073	1.5492215037986903	
17.227786516002894	0.868055237956076	0.9068284012659995	1.6338526609156554	3.7726456525094565	1.8434354794093517	
17.628216439066776	1.1661364686958613	0.6335117835124546	1.275002124807659	4.118255163438865	2.125445253566665	
18.061408347010907	1.362671719300343	0.39846041122193043	0.8964389740754176	4.441158517463218	2.393593824158431	
18.523935333411913	1.463856042066555	0.19811539125559346	0.5086902620367415	4.737154249617462	2.646959017556372	
19.009355822296733	1.4794974457974677	0.02819265180664484	0.12197999969473192	5.002461196506351	2.8852796240039105	
19.50850899117125	1.4223242727026761	-0.11602412275923273	-0.2541311124155094	5.233790081438421	3.108871042517028	
20.010152579325037	1.307036822470499	-0.2393664115745839	-0.6110642868635245	5.428429560331294	3.318503854131494	
20.501768606444216	1.1493292943094973	-0.3465233792524335	-0.9414136739305223	5.584313915592694	3.515270620786354	
20.97031371172151	0.9650424587059432	-0.44184707848489047	-1.2390904373278877	5.700094069478668	3.700472358978519	
21.403029480268366	0.7692963489014021	-0.5291828977472284	-1.4994524354026308	5.775220116227592	3.8755036010510246	
21.78827505076092	0.5756584198440243	-0.611765692097491	-1.7193445512697612	5.80999022376111	4.041732667719682	
22.116133198900243	0.3955840961474058	-0.6922079280868259	-1.8970281233491553	5.805538130592624	4.200406459531448	
22.37886675728169	0.23801147535940367	-0.7725162674004366	-2.032102543571017	5.763813532253681	4.352574304492975	
22.571305439798767	0.1090363461719285	-0.8541313628040501	-2.1254065143962992	5.687551685711378	4.499015805406092	
22.690968828317335	0.011876486710022248	-0.9380145168402603	-2.178828778695328	5.580186000823357	4.640189810605839	
22.7378856608151	-0.052853588222714055	-1.0247464332605685	-2.1950759081021083	5.445722161854157	4.776217241185887	
22.714342650155135	-0.08679905495689647	-1.114607319940875	-2.177467520075574	5.288619124268464	4.906873358343817	
22.624536383556613	-0.09340547701786575	-1.2076533502889768	-2.1297252048057977	5.1136553644394525	5.031587137641113	
22.474035844078376	-0.0772458540010809	-1.3038027446437541	-2.0557471429790173	4.925761642116015	5.1494692236592705	
22.269239644205545	-0.043351363629831635	-1.4029181644962492	-1.9594323529323643	4.729864191898115	5.259360213606784	
22.016917329171516	0.003367007469894651	-1.5048790763629962	-1.8445519399816621	4.530746524030563	5.359878702302034	
21.723759350091115	0.058696737297247524	-1.6096546390037167	-1.7146438004678974	4.332904975096818	5.44947777622054	
21.395975552352184	0.11960419110703246	-1.7173562720814533	-1.5729575715714987	4.140420082874125	5.526520405730907	
21.0390357711948	0.1844899998163663	-1.828240899426149	-1.4224524395168379	3.956871764751599	5.589353332489167	
20.657489849032793	0.2533299014375722	-1.9426801535034954	-1.2658124029337139	3.7852680190425145	5.636374224840062	
20.254833096697254	0.3277256939929687	-2.0610878245522404	-1.105476737699082	3.6279722488076955	5.666103551100337	
19.833504635695423	0.4107328845744929	-2.1837960121731843	-0.943693771675429	3.486668744416116	5.677248883873109	
19.394991483221087	0.5065488324444533	-2.3109332956312247	-0.7825726772747955	3.3623646876039954	5.668744992160146	
18.9399519768558	0.6201745749441031	-2.4423172080487943	-0.6241235771373081	3.255392832549907	5.639782601653014	
18.468371360736295	0.756994768521075	-2.5773502670663877	-0.4702910722584997	3.165415055175338	5.589830204505721	
17.979770369872163	0.9222635325953358	-2.714967194878261	-0.32297800162733614	3.091469551904963	5.518626720965515	
17.473392660038616	1.1206394884276643	-2.85363719945786	-0.18405177343827908	3.0320380407698533	5.426154065641372	
16.948366623268807	1.3557570951403028	-2.9913842435426834	-0.0553360617147733	2.985104821844849	5.312607064981828	
16.40387692692449	1.6297613668473518	-3.1258275676653344	0.06141641659097865	2.9482172052551334	5.178356536202653	
15.839355914945182	1.9429399894911368	-3.2542687052890544	0.16457460282296277	2.9185704661637	5.023897773777446	
15.25467243045507	2.2935255395211955	-3.373792579648968	0.2526931612955129	2.893089573049434	4.8498038094220055	
14.650329998106619	2.677572262339356	-3.4813694681377165	0.32458817101688014	2.868500907406996	4.656687227912738	
14.027710296326799	3.0889063271928063	-3.573977816025865	0.3794379485199983	2.841408660992761	4.445165735004949	
13.389278672964002	3.5193626363866084	-3.6487463063672085	0.4168777536837777	2.808384849231082	4.215838610372663	
12.738696483191415	3.959190989152467	-3.703081460197309	0.4370639023287666	2.7660541581858014	3.9692805172106946	
12.08088551198017	4.3975147406018085	-3.7347892451969957	0.4407230836207938	2.711177464190762	3.7060468003385822	
11.422038319353065	4.822921428916124	-3.7422103839095993	0.4291877731962124	2.6407507135666486	3.4266929275113993	
10.769451013662731	5.224172120408673	-3.72431778065235	0.40435533748624086	2.5520998883717705	3.1318107175073733	
10.131272946699047	5.590800680205096	-3.680766193026538	0.36859764476708695	2.442956906490593	2.8220688018391638	
9.516238036848929	5.913629626556085	-3.611925124149697	0.32465128686543676	2.3115314193673955	2.498254690334129	
8.933338766479165	6.185263954389962	-3.518897452339691	0.2754672636636692	2.1565897567070187	2.1613235445517627	
8.391470531113228	6.400344648391505	-3.4034670571678456	0.2240161536927102	1.9774927170746879	1.812432184387162	
7.899155564076834	6.55558558677826	-3.268022536303359	0.17311531305132105	1.774202616237623	1.452951720016097	
7.46431772376402	6.649728475933606	-3.1154825694637647	0.12527530995608815	1.5472825566446284	1.0844684282847143	
7.094081914464443	6.683409570769882	-2.9492124783123534	0.08254894625395241	1.2978850070800794	0.7087689040968573	
6.794691521636786	6.658839431497105	-2.772910918270036	0.046446714139684014	1.0276837124120501	0.3277897013259954	
6.571515164867255	6.57949945914857	-2.590508985628608	0.017915174896361328	0.7387898485044623	-0.05644552308054929	
6.42908868779452	6.449891948592433	-2.4060803473575634	-0.0026580889016599796	0.4336669221710308	-0.44189412000001216	
6.37120062560864	6.275322080262792	-2.223747419405774	-0.015410577892535707	0.11503019094440503	-0.8265787880068369	
6.401058766975192	6.061690985824187	-2.0475873993535285	-0.0209121020367459	-0.21427551221609897	-1.2086729309260498	
6.521441435823558	5.815336662305154	-1.8815524311851886	-0.02007189366908401	-0.5513785706778812	-1.5865680406570344	
6.734817849436994	5.542888167000953	-1.7293891839767164	-0.014055378749557444	-0.8934699640987576	-1.9589328313529644	
7.043435099192068	5.25108832964157	-1.5945373023591616	-0.0042024452125301705	-1.2378894109143195	-2.324770293759332	
7.449334603375406	4.946561759107107	-1.4800212767142655	0.008050206861048901	-1.58218158619886	-2.6834370208329283	
7.954278972951312	4.635586301824251	-1.3883353034029622	0.021224129496949982	-1.9241217037536007	-3.034637741813616	
8.55960625829667	4.32386462198248	-1.321308901208551	0.033843276340955485	-2.2617260585384953	-3.378407477386477	
9.265964672803923	4.016272860840304	-1.2799269904633923	0.04447555886359011	-2.5932461249825143	-3.7150728480438	
10.072976146709998	3.716707068469306	-1.264186001889729	0.051768987989550104	-2.9171283677785107	-4.045167747988782	
10.978876219551484	3.4280220670393455	-1.2729855947714839	0.054483832973085525	-3.2319666693905864	-4.369337228077132	
11.980106946440577	3.1520166115346413	-1.3040333053724464	0.05152748413452575	-3.536452174919745	-4.688230605245345	
13.070796170723268	2.889477850771409	-1.3537650939228811	0.04200046899009908	-3.8293138620547986	-5.002363159425335	
14.242361785789189	2.640356886319554	-1.417411239217848	0.025239404625173992	-4.10925800567689	-5.3119693615003545	
15.483221089227206	2.403964131006576	-1.489128934439129	0.0008603921775490681	-4.374922498753812	-5.616872105186223	
16.778542328346134	2.179176960127703	-1.5621794172282655	-0.03119111777110579	-4.624839502148866	-5.916353081032127	
18.11005604613521	1.9646955169222435	-1.6291999984784218	-0.07057579543744033	-4.857405143677191	-6.209009722810204	
19.456275345963558	1.7593321245048177	-1.6825978491051863	-0.11651933695250073	-5.070875152027999	-6.492674425624196	
20.7928851432229	1.5622688622388214	-1.7149356034336518	-0.16778585573014526	-5.263377007942565	-6.764373092642236	
22.093257934050023	1.3733090502311847	-1.7193307369954218	-0.2226610367479705	-5.4329338469732535	-7.020304044017012	
23.32924072204294	1.1931479164004475	-1.68992077796306	-0.2789565669151349	-5.5775090682610475	-7.255850764231547	
24.47222720136203	1.0235388853722946	-1.6222340921944354	-0.3340853411467995	-5.695072346924636	-7.465697445261835	
25.49429926700593	0.8673761185157353	-1.5134906008421336	-0.3851877093792299	-5.783679463744048	-7.643986017977071	
26.369308036010835	0.7287197339501124	-1.3628269705054255	-0.42927698348138466	-5.841551687455025	-7.784488602625707	
27.073967864342837	0.6127217530573799	-1.1714158958756102	-0.4634345536056667	-5.867161748290615	-7.880826594440454	
27.59028941914642	0.5253678239742601	-0.9427782480323279	-0.4853038015208609	-5.859450509739965	-7.926925352332152	
27.903276242691767	0.4730234694923422	-0.6816537123554802	-0.4928793554462987	-5.817623745617597	-7.916926355210039	
