22.744102569313945	1.874638752493737	2.48622138979209	-1.6604754195287863	-5.106384898619365	-6.068201828476103	
22.748058742106082	1.7588592151302755	2.6226598744025424	-1.9002476769566112	-5.013244562390787	-5.942518812957974	
22.662930404921852	1.6116149607883605	2.7305238705345793	-2.126994894648667	-4.888383823663267	-5.779432050217858	
22.490154808076774	1.4333173456807842	2.80818028777632	-2.3365070735132014	-4.733316040128033	-5.579958556481394	
22.231752747037653	1.224344778457451	2.854508193379168	-2.5248751188939784	-4.549834349473642	-5.345479207138144	
21.89166031197531	0.9849297960722303	2.870080183633538	-2.689181562694255	-4.340644981112612	-5.078572293781827	
21.475264546666157	0.7147013321294107	2.856915615730523	-2.827312467659072	-4.109077981770042	-4.782764673449976	
20.989225744344527	0.4125060878846336	2.8183608044813684	-2.9378670777073665	-3.8589650343247244	-4.462452958060176	
20.441488125752684	0.07622140592996007	2.7591095569608073	-3.020149097222633	-3.5945958745088187	-4.1229607444583865	
19.84091959541245	-0.297114392645572	2.684802735596709	-3.073953172944376	-3.320522583480976	-3.770371032998429	
19.19700999332131	-0.7109858926546497	2.6016482629292845	-3.0993852731302334	-3.0414137691498873	-3.4113491901318085	
18.519629429814756	-1.169030445381789	2.516065702006454	-3.0967098775569544	-2.761916559690071	-3.0530037141031907	
17.818711000275112	-1.6743356927974762	2.4341825942766793	-3.066148943561552	-2.486477684835422	-2.7025971410789964	
17.10408784465867	-2.2289017257217223	2.361541428795946	-3.007778999485094	-2.21923709770397	-2.3672782864608846	
16.385373792952656	-2.8330503484359566	2.302816953978168	-2.9214498609121415	-1.9639066848301423	-2.053815638115127	
15.671895159905903	-3.4847350685558296	2.261577653874003	-2.806752838809976	-1.723634443567878	-1.7682143409759	
14.97271146077051	-4.179381411552267	2.24033498218171	-2.6630938377526614	-1.5009719020309082	-1.5154950515991414	
14.296613779256747	-4.909629876952714	2.2405421773234955	-2.4897649445604526	-1.2978066791947362	-1.2994542357046213	
13.652116222416396	-5.665100535134647	2.26267132601574	-2.2861051893865665	-1.1152728083147483	-1.1223444677149006	
13.047449165477397	-6.432797687748383	2.3064778400306416	-2.051694433519781	-0.9537903327310059	-0.9848677809966326	
12.49051385508546	-7.197354396862084	2.3711550076843646	-1.7865200705897268	-0.813063596060578	-0.8861269041330504	
11.988757882083059	-7.941387560986963	2.4555183060502426	-1.491256172433127	-0.6920500821893215	-0.823524244824216	
11.549049779595824	-8.646369213303355	2.55819921793127	-1.1674397952983815	-0.5890623802222404	-0.7930072003124459	
11.177550495996435	-9.293277864074362	2.67773092287526	-0.8175862768739222	-0.5018357992413425	-0.7892465262274512	
10.87944883666878	-9.863485684406879	2.8126057897328165	-0.4454023052039562	-0.42757610169571303	-0.805794050431933	
10.658765893980963	-10.339784607602631	2.9612573318064146	-0.055767565118893504	-0.36311382626559713	-0.8354850585831293	
10.518242349609388	-10.707052743625654	3.1220123356826726	0.3453619716980731	-0.3050275391915319	-0.8707450499771419	
10.459073784662165	-10.95323808795186	3.2930025012020328	0.7509956138832672	-0.2497667609667008	-0.903911464309766	
10.480818168145198	-11.070096773267496	3.472057652615709	1.1533979606740221	-0.19383251663755707	-0.9276478325730567	
10.58147971206553	-11.05337693360594	3.6566540039700626	1.5444003268723092	-0.13390313779485216	-0.9352027585337843	
10.757455983322274	-10.903363030847032	3.8438304555838303	1.9156930894364492	-0.06697743014834869	-0.9207198701477471	
11.003693487984952	-10.62500296801854	4.030138362342542	2.2592829499860114	0.009472518594548573	-0.879532791085934	
11.314003237274854	-10.227372033691195	4.211674964757249	2.5678205363456	0.09744913498221877	-0.8082282820834832	
11.681243187012994	-9.723516578128088	4.384082896137579	2.834937585244588	0.19834566800987685	-0.70479445712896	
12.097641342703547	-9.129892871938711	4.542600819765945	3.055662304876235	0.3128780382787752	-0.5687192358859691	
12.555144670302427	-8.465303192187916	4.68219985768388	3.226536286138688	0.4411436348006459	-0.4008214652067364	
13.045653987395202	-7.750207113465036	4.797688938136473	3.3457792098409747	0.5826343021983674	-0.20319289204433708	
13.561337647014145	-7.0056843096766945	4.883904025316788	3.413494374203725	0.7362660949724376	0.02090546697673292	
14.094842206946057	-6.252360593740446	4.935925209714419	3.4314914351314663	0.9005147409001507	0.26735373912104665	
14.639433477400498	-5.509675689680188	4.949250775950856	3.4031924980067525	1.0734982631430152	0.5313624896220807	
15.189195983053478	-4.794847978166238	4.920080707839644	3.3335509171704927	1.2530761601753087	0.8077008913337071	
15.739042990994431	-4.122306639644623	4.845499718507503	3.2286490082250965	1.4369967161767478	1.0909974531652407	
16.284688303427718	-3.503401575992911	4.723591311747263	3.095405427735626	1.6229917940116618	1.3759288001780248	
16.822649494302745	-2.9458471284047705	4.553661567507261	2.9412602739622615	1.8088908219354676	1.657450213279713	
17.35006445932264	-2.4538325238316707	4.336272272034534	2.7737132095792205	1.9927210598319691	1.9309855787883596	
17.8645176122418	-2.028333173306008	4.0731914557688365	2.600014951666057	2.1727549227598137	2.192517939144203	
18.363881474288664	-1.6671807552463578	3.767449603945992	2.426808065187207	2.3475789493047095	2.438735374359645	
18.84607146226333	-1.3656673257178724	3.4232178687157435	2.2597910833624617	2.5161173628359355	2.6670965121575563	
19.30888558567214	-1.1172161702942958	3.045616854139632	2.1035943284419276	2.6776065771562187	2.875800789349211	
19.749855686069342	-0.9138411235752226	2.6406245928193	1.9615772550635224	2.8315949240698277	3.0638278022861467	
20.16612237137661	-0.7468805037503685	2.2148707792710414	1.8357229602911875	2.9778991337056993	3.230910660862244	
20.554446496791115	-0.6075948747000401	1.7753996659841986	1.7267659092897305	3.1165303970753615	3.377421468622748	
20.911218093395156	-0.4876219660666418	1.3295080421931529	1.634213608743243	3.247647473851035	3.5043284447979297	
21.232553107033592	-0.3795331146440007	0.8845039366770054	1.556458677089165	3.3714826736422943	3.613114063926702	
21.51448384214258	-0.2770825093656452	0.44749220305245946	1.4910696633880482	3.4882718366734515	3.705630784936254	
21.753116239239503	-0.1754153872256785	0.025203055396056114	1.4349660734251792	3.5982076950475603	3.784017936875792	
21.944892029832268	-0.07132514952780707	-0.3762670201208799	1.3846662968101064	3.7013812090432414	3.8505927967174354	
22.086801911955327	0.03686364615914994	-0.7516022004384835	1.3365949984034202	3.7977585464890664	3.907722321854218	
22.17653833769208	0.149376004832232	-1.096386158669525	1.2872855603697655	3.887171153070698	3.9577401750782517	
22.21273828786868	0.2650460726780414	-1.407322071745012	1.2336547859691218	3.969304343345218	4.002835830090767	
22.19503857535955	0.38168126418472376	-1.6822717037380552	1.1732083091095338	4.043727652079052	4.044967433300551	
22.124066897197423	0.4963433178197484	-1.9202616206880843	1.1041522560416066	4.109924553173338	4.085810379027034	
22.00149546433388	0.6056399733689676	-2.1215956323665917	1.0255794161379423	4.167326887892083	4.126671024228365	
21.8298832038797	0.706159020042335	-2.287779242980114	0.9375132244586447	4.2153727516107145	4.168448119856308	
21.612492251582296	0.7947636969113663	-2.4213925222903327	0.8408608967911727	4.253547955630342	4.2116323547695425	
21.353152288147793	0.8689300116165689	-2.5260576656539957	0.7374377370284851	4.281435295541072	4.256266419031651	
21.056000322428126	0.9270836408521039	-2.6062476159095387	0.6298466594418595	4.298763304999416	4.301954065447851	
20.72526962605065	0.9687307606567201	-2.667049734094517	0.5212882828416554	4.305421717435274	4.347911998714599	
20.365113585586766	0.994666241663806	-2.7140011055892543	0.4154312279894205	4.301486742313793	4.392982504256546	
19.979393360699735	1.0071292185129288	-2.7528119409959175	0.3161673525987153	4.287230080434286	4.4356835472721965	
19.571572912210215	1.0097066926379268	-2.789120077160672	0.22736662484301268	4.26308856018899	4.47429365631002	
19.144617311214294	1.0073400408255488	-2.8282943916804424	0.15267406929081254	4.229646856378952	4.506902332950478	
18.700879743811235	1.0062692539427103	-2.875169827889132	0.0952103417835422	4.187598250456763	4.531487373733357	
18.242120245036105	1.013723788647188	-2.9339225807609055	0.0573856418316926	4.137682319243566	4.546000612321876	
17.76950246834038	1.0377151386833634	-3.007965361281536	0.040738115756944956	4.080639522303789	4.548426916772229	
17.283586635622868	1.086713725680625	-3.0997970845837277	0.045683624709714224	4.017142594587272	4.536867111520673	
16.784457855385625	1.1691560427733427	-3.211044194455692	0.0714902022298555	3.9477397289301726	4.509595572454137	
16.27182597376511	1.2930626112294537	-3.3424873182409978	0.1162688606134042	3.872817349136331	4.465098331923448	
15.745152640273496	1.4654462916582696	-3.494042240574281	0.17690297228304605	3.792542466935242	4.402135955032061	
15.203878393562203	1.6917469410892008	-3.6648810447762545	0.24924220771064096	3.706848076408214	4.319759632964068	
14.647598769757835	1.9754706694959487	-3.853516427948121	0.3283004238378143	3.615438131553038	4.217310980998728	
14.076303342075999	2.3175686269207	-4.057822829890633	0.4084393589222864	3.5177779959855346	4.094447646886414	
13.49063424419474	2.716096408843144	-4.275117512959125	0.4837578084218077	3.4131341263367307	3.951123579454456	
12.892026230166973	3.1662446415684666	-4.502234726513486	0.5484136926185584	3.3006242486149775	3.787555338824318	
12.282927152578237	3.6601332456573674	-4.735545652742942	0.5969721072301312	3.179258328400678	3.604215060999054	
11.666955760968179	4.187048215860016	-4.971033034106153	0.6248383489060195	3.048015907740636	3.4017967802334894	
11.048857552707705	4.734058518158405	-5.204402062764241	0.6284783878468027	2.905913804596856	3.1811745177284734	
10.434542218591181	5.286417282058773	-5.431161021915681	0.6056912702016425	2.752070926010062	2.9433856486205827	
9.830996124491493	5.828367667882413	-5.646768813653912	0.5558598725435019	2.5857968380458587	2.689608349930273	
9.245987116905779	6.344010519016206	-5.84677469763538	0.47986576132481545	2.406635207587062	2.421134299451552	
8.687862658355627	6.817964310525221	-6.026931510375259	0.38008865645577156	2.214408431860884	2.1393594518135415	
8.165206619943387	7.236304368436581	-6.183354745651181	0.2603282585403005	2.00927022227785	1.8457781328589515	
7.686463722016044	7.587114729240775	-6.312598746062211	0.12542499727451686	1.7916798794250253	1.541966505919224	
7.259679948292579	7.860900134701496	-6.411724320430526	-0.01898956946099168	1.5623857101841858	1.2295744279291414	
6.892137591943231	8.051203204042556	-6.4784159737916465	-0.16683404950700548	1.3224010616760025	0.910317425729525	
6.590171032413859	8.154585776610892	-6.511002588896646	-0.31201135356880744	1.0729166026852583	0.5859535953730405	
6.359075864159251	8.17056860002859	-6.508481240529848	-0.4486832484603634	0.8152378070759922	0.25826550112158975	
6.202940105931623	8.101748648604064	-6.470612039178484	-0.5716253134926146	0.5507110852179339	-0.07096393050185308	
6.124712709965665	7.953359976273899	-6.397916826494327	-0.6764668713354186	0.2806361910512166	-0.3999844655245006	
6.126318228059715	7.732868957014114	-6.291657513556845	-0.7597806299862219	0.006215777828492641	-0.7271024700151411	
6.208698742086654	7.449737817014965	-6.153890089880787	-0.8192524656883002	-0.2715056297620178	-1.0507155125690784	
6.37202271923853	7.114869132374874	-5.987426104991051	-0.8536846092441025	-0.5516772884892275	-1.3693463777796246	
6.6158864797702615	6.740116932940503	-5.7957414509490475	-0.8628898226247136	-0.8336364198355688	-1.6816592780058965	
6.939442929528235	6.337911076407519	-5.582947390389583	-0.8476817333879244	-1.1169123341770981	-1.986490571473128	
7.341572967042403	5.920704758711467	-5.353665257927582	-0.809756503962877	-1.4011897881385031	-2.2828749945778695	
7.820980240068819	5.500551831515677	-5.112838863068289	-0.7515059084826918	-1.6862456981911444	-2.570042836584876	
8.376217389846637	5.088721382892455	-4.865586820782508	-0.6759231911079477	-1.9718973879471808	-2.847433197868664	
9.00563216645759	4.695195879424419	-4.616943362217749	-0.5864554830850373	-2.257914656452932	-3.1147007195749494	
9.707250126679257	4.328459952167121	-4.3716168950397085	-0.4868270474799938	-2.5439471280844073	-3.371683234244057	
10.478628535640382	3.995269831442144	-4.133783099180964	-0.3809307367812543	-2.8294634218767527	-3.6183843572964993	
11.316570574187761	3.7003292567323456	-3.906770077987184	-0.27268602255035884	-3.113663293808115	-3.854942208391662	
12.21692125377664	3.4463632060518106	-3.6929132781554053	-0.16591266254343792	-3.3954466178798013	-4.081564954544781	
13.174385304287602	3.234126381316936	-3.4934426255824285	-0.06424531146136087	-3.673388139683974	-4.298482989681742	
14.182193499383807	3.062314451073875	-3.3082833071668367	0.02899001421440793	-3.945689622398716	-4.505877540756371	
15.232008422161073	2.927847703197744	-3.1361188041940387	0.11084865847419971	-4.210205464972619	-4.703805805739327	
16.313892064075425	2.82608754606461	-2.9744708036488947	0.1788116894073433	-4.464470057561884	-4.8921504842675265	
17.41614081925411	2.7509773841423626	-2.8197181817299932	0.2308786942649308	-4.7057100055879495	-5.070540613702252	
18.525437727409194	2.6954610405308426	-2.66734629473293	0.26559166519790517	-4.9309241489055795	-5.238303329379503	
19.627089365320305	2.651835738241039	-2.5121816146562375	0.2820219858366947	-5.136961440849165	-5.3944516693504045	
20.70518147590345	2.612081844432906	-2.348591923040724	0.27980788158803555	-5.320598926434075	-5.537644098745049	
21.743042652352777	2.568353016838658	-2.170826715064976	0.25912099094330404	-5.478674555030044	-5.666194123797081	
22.72370923284078	2.5133144081398853	-1.9732776687366393	0.22058769237256426	-5.608191228239738	-5.778120737454638	
23.63037440788574	2.4405107686418224	-1.7507451021474008	0.1652556721204346	-5.706441030492205	-5.871176685933721	
24.44711777659022	2.3448092108638043	-1.4988059064760089	0.09450301449355643	-5.771186756587328	-5.942939020922083	
25.159223316855254	2.222442401261233	-1.2139111509828142	0.009928005838741073	-5.800703400480238	-5.990899580480421	
25.75374176557498	2.0712404452804267	-0.8936482626253182	-0.08672763022892165	-5.793916724801034	-6.012570067086694	
26.220813345907317	1.8911738667881004	-0.5373989633188891	-0.193703874195728	-5.750757950855273	-6.005732200541559	
26.55153294706505	1.6828658841155295	-0.1450968512438077	-0.3092381514288416	-5.671467225568553	-5.9682542739416	
