20.25054722466345	1.3250904796039835	2.5911084693534328	-1.0525966960172295	-4.914708625602479	-4.541428896366914	
20.216076164863722	0.9595551947912732	2.696827413546873	-1.2013877492462612	-4.814614161372758	-4.4670019167151045	
20.10728926011629	0.5725794263001684	2.8157243734911424	-1.326894746837747	-4.675382675032097	-4.370054779677628	
19.925983460605092	0.1754273384627949	2.9485452041942457	-1.4301101455818885	-4.499909217555525	-4.2502992755729645	
19.674623534792385	-0.22061430896361822	3.095154009372038	-1.5125582382968366	-4.291736906178609	-4.10781013088253	
19.35688691341834	-0.6044813533199979	3.2538525823491167	-1.57664812343805	-4.0555186735494155	-3.9433471310267283	
18.977460488255836	-0.9661852164649353	3.421788567450754	-1.6252510281895705	-3.796601072206875	-3.7583247991240567	
18.542050559172516	-1.2974537726763746	3.5951794521729497	-1.6615011516300873	-3.5208333271014043	-3.5548491982634394	
18.057329278884804	-1.592270285634346	3.7696014142117713	-1.6885800157687576	-3.2343425636969303	-3.335705388048758	
17.530847645216976	-1.8473344639848746	3.9402924016890797	-1.7094955032718113	-2.9432965057261713	-3.1043170912000297	
16.97092628279229	-2.0624321405538466	4.102447169717834	-1.726859982914486	-2.6536607796163505	-2.8646806698954688	
16.386455830581127	-2.2403979486983596	4.2514825929573705	-1.742700424212106	-2.3709705364436755	-2.621222300767452	
15.786691008651518	-2.3868049846312225	4.3832311624801585	-1.7583267783547996	-2.1001555063128237	-2.378633281346605	
15.181046951189417	-2.5095014712544716	4.494104844873573	-1.7742342473780133	-1.8453920762679243	-2.1416904007536637	
14.578877069706328	-2.617936854909847	4.581259527038786	-1.7900335295890852	-1.609964617145138	-1.9150362381640706	
13.989260713451618	-2.722252845588751	4.642713292855178	-1.8044857960608687	-1.3962064562372798	-1.7029411480610301	
13.420837439849157	-2.832460311984236	4.677417629544845	-1.8156041282443953	-1.2054994907427796	-1.509098950999674	
12.881660629023026	-2.9577172147640276	4.685306455127238	-1.820782756460019	-1.0382941229626372	-1.3364423633603897	
12.379044710006996	-3.105638557934684	4.667324075871482	-1.8169689304028376	-0.8941495952124241	-1.1869575943625523	
11.919443534175498	-3.2818004177492544	4.625357155487267	-1.8008940066342527	-0.7718431041605003	-1.061572047611276	
11.508365491065227	-3.4894919969773994	4.562103385936317	-1.769295499267646	-0.6695033636643059	-0.9601263599369209	
11.150291256038242	-3.729570509772168	4.480924895142565	-1.7191209326181707	-0.5847372519508706	-0.881379331417021	
10.848581507688515	-4.0003837648739315	4.385670058600571	-1.647738910343367	-0.5147644316214988	-0.8230462523066335	
10.605430783091501	-4.297881734342773	4.280445738488965	-1.5531272317904323	-0.4565722565402583	-0.7819296644703866	
10.421877268962872	-4.615865752878711	4.169401404033221	-1.4339967958567805	-0.4070532866203004	-0.7541056137320705	
10.297814420726079	-4.946247789552172	4.056540104655363	-1.289886750383817	-0.36311881597664986	-0.7351110502218081	
10.232005972446437	-5.279356947702524	3.945531771301714	-1.121244673730918	-0.3218048659327477	-0.7201557779305022	
10.222148221886885	-5.604376314927495	3.8395483685826837	-0.9294492303584836	-0.2803623673773933	-0.7043733267735872	
10.264976551775012	-5.909840565250024	3.7411619314096427	-0.7167602923927926	-0.23631280333835447	-0.6830528362869894	
10.356359217814333	-6.184116386695571	3.652270630421197	-0.4862567831271016	-0.1874884981884704	-0.6518410803957102	
10.491396419460644	-6.415933416117701	3.574040026561587	-0.24175492205513432	-0.13206625826291593	-0.6069415610255012	
10.664560046815863	-6.594984844344829	3.5068836318950773	0.012322207089529788	-0.06858660492698199	-0.5452925363267296	
10.86987863790665	-6.71245050256193	3.4505044019885993	0.27111294323157803	0.004049961428326183	-0.464665419371627	
11.101128634092877	-6.761461142850989	3.4039431580881088	0.529476955098101	0.08658502525704183	-0.3637295156240569	
11.352061204147036	-6.737552062390511	3.365638774666553	0.782169456591741	0.17940327599019307	-0.24209324160610965	
11.616696805404336	-6.639043932779824	3.3335166393665463	1.0240473467758098	0.282539129655832	-0.10029473966290367	
11.889626346585272	-6.46712168381772	3.3051075237503555	1.2502681350031306	0.39570272601203704	0.06029355200053521	
12.166292114264063	-6.225782157847293	3.2776571332853512	1.4564685840282139	0.5183042311733267	0.23757045309073316	
12.443267157338443	-5.921655213549685	3.248242700847432	1.6389410654507859	0.6494815800773196	0.4288309214493117	
12.718510893088617	-5.563605647177223	3.213912454583242	1.7948024043613142	0.7881402093157226	0.630929167186711	
12.991439834249418	-5.162084389890712	3.1718294796682027	1.9220717163187948	0.9330117526650639	0.8404701878575536	
13.262883540742616	-4.728505819654852	3.119400419737992	2.019703354356926	1.082709370579865	1.0539765139455068	
13.534935019537517	-4.274612084619125	3.0544013423517544	2.0875856227996783	1.2357846014906635	1.2680484264537324	
13.810631661367546	-3.8117979127456807	2.97510452224894	2.126488738544327	1.3907894575951703	1.4795253293920985	
14.093453761678973	-3.3505594839308364	2.8803508520703818	2.1379179808145468	1.5463305325842116	1.6856047870731328	
14.386825589606357	-2.90011161022254	2.7695903401434174	2.123960906520479	1.701107570799341	1.8839239446314273	
14.693610460407623	-2.468102448920445	2.642902182068087	2.087126235583671	1.8539428490983048	2.0726205196558727	
15.015582401360664	-2.0604230404854884	2.5009906651875182	2.03016367248117	2.00380149342312	2.2503756206035264	
15.353067072630168	-1.6812513519180179	2.345116963614709	1.9558860103174667	2.1497903843729036	2.41639953734364	
15.704756622229716	-1.3331820402853443	2.1770201344897826	1.8670386409420145	2.2911483350049933	2.570401044312669	
16.067639619263222	-1.0174004965411299	1.9988318937209058	1.7661989813105086	2.4272319916352894	2.7125483841219302	
16.437065872942995	-0.7339115189546587	1.8129778006461927	1.6557025493740678	2.5574971650928973	2.8434189598332074	
16.807068073817693	-0.48185465726224813	1.6220599415936543	1.537625888940153	2.6814741712993007	2.963918650946598	
17.170765210890295	-0.25977704549045566	1.4287560252113605	1.413806158532015	2.7987486423695773	3.075205325557496	
17.52080539275256	-0.06586796035615533	1.235727648224079	1.2858792807900776	2.908947487659365	3.1786160670527814	
17.84989049154741	0.10183048298538351	1.045526371197441	1.1553384815076695	3.0117302345006287	3.275589750904192	
18.151308930521772	0.24526576967046054	0.8605102727949054	1.0236100966822705	3.1067871469700616	3.367584387299931	
18.419343834418413	0.36629797971749845	0.6827788922406339	0.892115466324456	3.1938443735368267	3.456006826645545	
18.649595837535752	0.46667216277705037	0.5141147774038975	0.7623173860664947	3.27267394738387	3.542149400743326	
18.83924712840323	0.5480356112184703	0.35592219929946295	0.6357514434821305	3.3431099320864677	3.6271247835247165	
18.98712348134476	0.6120039418813639	0.2091869734034428	0.5140251353632751	3.40506596257781	3.7118133215154607	
19.09358661647448	0.660241743784999	0.07445671840945949	0.39878787954744815	3.4585491958581884	3.7968292082095583	
19.160355049415564	0.6945444824350544	-0.048174214355435827	0.29168424454613195	3.5036720379127972	3.8824942309046224	
19.190235241874614	0.7169278449645947	-0.15907714360367947	0.1942850411277924	3.5406621349693883	3.968815214973013	
19.18671049695294	0.7297029997692174	-0.25907147931043784	0.10800102810229124	3.569861543697434	4.055483301103112	
19.15351513263179	0.7355180501316292	-0.34938135181284025	0.034004512452681684	3.5917147656843893	4.14189191323955	
19.09424787946401	0.7373821396873363	-0.43158625582571614	-0.026842937965238137	3.6067520689069528	4.22715735959381	
19.011986090603372	0.7386749423206042	-0.5075577378020638	-0.07406440645753352	3.615565629430068	4.310144386691885	
18.908963214389907	0.7431190208321327	-0.579364660611146	-0.10762189714123381	3.6187737562361906	4.3895076568704114	
18.78641210123126	0.7547177802192087	-0.6491683716252644	-0.12793414805430037	3.6169818715968796	4.463740385833636	
18.64450639010657	0.7776827457926224	-0.7191255187510063	-0.1358839707916561	3.6107449790027557	4.531217820426902	
18.482382659275025	0.8163398169753493	-0.7912874374103323	-0.13281670964424103	3.6005275862471944	4.590241515095837	
18.298291682424328	0.8749994422479721	-0.8675021519709876	-0.12051222019395437	3.586665005933092	4.639086812570015	
18.08983212310114	0.9578125520478932	-0.9493444944709102	-0.10112804937054473	3.569338783387	4.676043983502944	
17.8541680069713	1.0686197585824146	-1.0380589374414875	-0.07714329636674568	3.548558857782125	4.699451600987633	
17.588250120450436	1.2107738415936167	-1.1345046758946784	-0.05129465057905855	3.524149696782664	4.707727595960413	
17.289045059093517	1.3869265421155992	-1.239106825808688	-0.02649135282223547	3.4957454394581955	4.699397140267373	
16.95373573709807	1.5988391086998068	-1.3518353650658694	-0.005714585779819921	3.462801024607257	4.673109877686084	
16.579902344097718	1.8471946843550362	-1.4721872910472704	0.008082502328654059	3.4246053326689148	4.627654616118503	
16.165716055790913	2.1313976045747527	-1.5991723289631614	0.012087419468012962	3.3802980750482132	4.561974347108633	
15.710166537995415	2.44937128114016	-1.7313136887769818	0.003765614825868776	3.3288956249649244	4.475182125644775	
15.21325500103663	2.7974784096718817	-1.86669339805481	-0.019010715673644946	3.2693289406789727	4.366569592980376	
14.67617252495635	3.170491204657657	-2.003007901297191	-0.057841157745658164	3.200482391713248	4.235618360817446	
14.101471593320126	3.5616116771123645	-2.137639066731433	-0.113672997732784	3.121237852971609	4.082014810180356	
13.493214170865079	3.9625865642163145	-2.267754706203521	-0.18667314076444727	3.0305303283002547	3.9056696563878273	
12.856958846959353	4.363999139303007	-2.3904346237850187	-0.2761685487537826	2.92740471936303	3.706727716504981	
12.199683601675552	4.755589914729803	-2.5027863593579784	-0.3806181523880458	2.811067828893655	3.4855788229217994	
11.52965422263331	5.126618152970333	-2.6020593450730423	-0.4976100718481484	2.6809394821780184	3.2428696790059046	
10.856209894235379	5.466304703858924	-2.6857643761000136	-0.6238978153300632	2.536705089921131	2.9795164668977026	
10.189432157618597	5.764295507025535	-2.7517618638605303	-0.7555319934106628	2.378342418688155	2.6966979141703895	
9.539826049948598	6.01107058780138	-2.798323438214662	-0.8880128250736953	2.2061334972510074	2.3958438600706375	
8.917997405407919	6.198339195053868	-2.8241793429026876	-1.0164625959020104	2.020666826177438	2.078620190917331	
8.33429244389392	6.319463638912307	-2.8285543197192142	-1.1358393981907424	1.8228275360420447	1.7469074157278688	
7.7984593501813055	6.3697533546459155	-2.8111535695232472	-1.2411770382755536	1.6137549037477579	1.4027609602799709	
7.319378422940882	6.346659942231803	-2.772129902496032	-1.3277947855257288	1.3947913102521448	1.0483719216993903	
6.904828385732388	6.249924183860212	-2.7120425816178213	-1.3914917833332585	1.1674257109920032	0.6860285943883261	
6.561267932110448	6.081689060404124	-2.631805331736596	-1.4287457815813862	0.9332246049181154	0.31807491392308446	
6.293751574557266	5.846408637041863	-2.532611936280959	-1.4368491020623568	0.6937519995085281	-0.05313335736484695	
6.105939945496882	5.550676625219326	-2.4158753835686135	-1.4139871428646609	0.45049949501612735	-0.4252652320380508	
6.00015371083319	5.203031107715256	-2.2831840745928647	-1.359293865736011	0.20482372599599266	-0.7960476622959134	
5.9774764180881546	4.813712032025677	-2.1362759479605034	-1.2728954138406252	-0.04211472794199353	-1.1633004601137729	
6.037971986973834	4.394271317114143	-1.9770337252861445	-1.1558854185387721	-0.289389950098175	-1.5249673211141448	
6.180914617288111	3.957149757143724	-1.8074995769786195	-1.010273433838822	-0.5363224740430224	-1.8791412478999439	
6.404988615324056	3.515249462474404	-1.6298986873194046	-0.8389387388193202	-0.7824762658895303	-2.224089663675268	
6.708467034889391	3.081439191336568	-1.4466679242034768	-0.6455869412675641	-1.0276392140214876	-2.5582833775838894	
7.089343794054314	2.6680006585064375	-1.2604594941456115	-0.43466834803836274	-1.2717702822397128	-2.8804178119902133	
7.545370733965084	2.286145579477141	-1.07410364636562	-0.21127889802093605	-1.5149297580574128	-3.189422512361419	
8.074017077761209	1.9455804652570992	-0.8905410682793026	0.018935344284880598	-1.7572051921046234	-3.484466762528352	
8.672346196951468	1.654063060680703	-0.7127115789207464	0.24988814519410923	-1.998624298763856	-3.7649607330140396	
9.336811596429449	1.417057856835588	-0.5433849376807985	0.47520898353288316	-2.2390593272934107	-4.030536679314426	
10.063039806200518	1.2375716189743087	-0.38498140303948253	0.6884194555485028	-2.478149083925825	-4.281011903074071	
10.84560698806132	1.116041453572209	-0.2393979768654507	0.8831127915428827	-2.7152337858778504	-4.516347293695359	
11.677792568820497	1.0502604599506697	-0.1078276511257597	1.0531625938380316	-2.9492955762575686	-4.7365960909499245	
12.55137424019933	1.035457093508539	0.009381689820614042	1.19296280412205	-3.178924015175298	-4.941836980413686	
13.456561675648429	1.064567653853302	0.11276044528212695	1.2976387778797192	-3.4023239075977467	-5.132107172206057	
14.381992821615917	1.1285402226399763	0.2036956808265328	1.3632439410501267	-3.6173385447871493	-5.307341812320874	
15.314800359492738	1.21671422126389	0.28435455724380465	1.3869637765241927	-3.8214906747736888	-5.467312765942199	
16.240837350846363	1.3173627875459146	0.3575115210281375	1.3672972981447016	-4.012057668187633	-5.611572021344443	
17.145077507791026	1.4183246430002594	0.42630827869050125	1.304131315323817	-4.186173520353598	-5.739421030329809	
18.012055382940844	1.507597256432623	0.49402800177540873	1.1987840518865074	-4.3409304135761815	-5.84989359159241	
18.826386268709125	1.5739586682489513	0.5638668299028655	1.0540216314467765	-4.473491003797845	-5.941750269387406	
19.573402376949556	1.607630066786633	0.6387122084954262	0.8740080896581535	-4.581218038683034	-6.013495711357364	
20.239711181661956	1.6007610485349035	0.7210052739458064	0.664134150737214	-4.661783539518826	-6.063428633459958	
20.813688673944245	1.547837433042743	0.812663864279381	0.43083035683867255	-4.713272259126684	-6.089706614081969	
21.28588551105	1.445992690878074	0.9150524286125096	0.18135455340328205	-4.734271998000181	-6.0904209704719205	
21.649252145737155	1.2951265546052864	1.0290173845367316	-0.07647258899533994	-4.723933008045368	-6.063684479725769	
21.89978000646915	1.0984181473561094	1.1549057393794668	-0.3346767403549167	-4.682160566401627	-6.007822164744525	
22.035153740956098	0.8608434003205916	1.2928069390885528	-0.585270796470081	-4.609286173640848	-5.921301655916484	
