20.891362784323835	-0.8295924896605132	0.7979703972974317	0.3633488880535774	-4.586792219075931	-5.828758958381072	
20.889252529582112	-1.0190985617782682	0.9832989473977797	0.27817035951433305	-4.535651414608047	-5.739625492145499	
20.80629871537316	-1.2116041035630178	1.1804733741773112	0.19823776862981682	-4.463540290858769	-5.625290330812079	
20.646522593748447	-1.4001293887605828	1.3870282275208627	0.12655692253504386	-4.37161731650647	-5.485428124548852	
20.41444985891515	-1.57768315956499	1.6006023855632807	0.06591122818767954	-4.261131911582344	-5.319898043234952	
20.116098391427823	-1.7373041194973295	1.819176080977326	0.01839762667097644	-4.133604653084066	-5.129121808563379	
19.758336769951434	-1.8727506139521717	2.0412827254317967	-0.014591481268520062	-3.9907338664456096	-4.9140251251856455	
19.348636693707075	-1.9789101413365793	2.2660961867648344	-0.03239984239383675	-3.8343606356125552	-4.676033475139354	
18.894958263833146	-2.052308404503812	2.493543542696283	-0.03521460845399275	-3.6664583816078147	-4.417130887531723	
18.405468181626276	-2.091596429098525	2.7242745332851195	-0.02405064172437424	-3.4890873755405964	-4.139841562815837	
17.888343674134227	-2.0976416630344628	2.9594860841286446	-0.0006371980994321702	-3.3043552571333783	-3.8471675168400097	
17.351611359119964	-2.073707248807089	3.2007639538041444	0.03264679399684703	-3.1143854934863415	-3.542565087628655	
16.80295241182824	-2.0254311483864145	3.449761855374228	0.07292703085038706	-2.921271925574095	-3.229882731787459	
16.249621544732005	-1.9603152437798164	3.7078672356897293	0.11705646298698755	-2.727043129454063	-2.9132448568734226	
15.698389288619618	-1.8873571294033047	3.9759355200033752	0.16177633718718626	-2.5336316270239316	-2.5969698678836504	
15.155489974131685	-1.816485994601081	4.253925403456647	0.2039383896769542	-2.3428278343619007	-2.285451191013055	
14.626695358758585	-1.7578184388936156	4.540743964881472	0.24069776192938042	-2.156252307415357	-1.9830114777281689	
14.117368135468915	-1.7211593627154098	4.834181614609525	0.2696402459189482	-1.9753315887152445	-1.6937921209030948	
13.632500953755263	-1.7153867607221132	5.130809402299803	0.2889591836656672	-1.8012513532982029	-1.4215958094522247	
13.176780345789275	-1.7479761544878167	5.426136555897605	0.29754656483931946	-1.634930575044502	-1.169748095427651	
12.754607032620347	-1.8247777973721018	5.714818295080045	0.2950144235128301	-1.4770107163502506	-0.9410187819264253	
12.370068015424874	-1.9496782601957803	5.9908330414220154	0.2817679961115676	-1.3278195557850272	-0.7374941291294291	
12.026872058922386	-2.124419503428578	6.247823123587551	0.2589995147807511	-1.1873543054041007	-0.5604896776000681	
11.728297688078507	-2.348676196315765	6.479403124605431	0.22859392204761436	-1.0553004581201206	-0.4105644088954312	
11.477104447062315	-2.6199786469097632	6.679427295087229	0.19308734322018206	-0.9310275198749505	-0.2874846053673386	
11.275410582485394	-2.933683293347281	6.842339422871399	0.15556771667782596	-0.8135988830727944	-0.1902150514256052	
11.124676193189739	-3.2832366898099528	6.963375304269093	0.11949226623926865	-0.7018282695804761	-0.11703180799540519	
11.02567154893214	-3.6602929385446403	7.038733659631733	0.08855633611346977	-0.594314042360735	-0.06558176049053321	
10.978430431445126	-4.054825807585023	7.0658134837593245	0.06650580349290619	-0.48948346613806326	-0.032951658306171576	
10.982344115911944	-4.455527035798821	7.043232083615084	0.056921415667904374	-0.38566516867630635	-0.015828958186126015	
11.036231139849344	-4.850106807189355	6.970824894913434	0.06305995980116205	-0.28113765796674756	-0.010612980986575654	
11.138385185013513	-5.225623928184226	6.849715602470419	0.08762977566711568	-0.17418338479455556	-0.013531106558048513	
11.286685238601901	-5.569027273258809	6.682193702669	0.1326058509151273	-0.06314417573585371	-0.02079217681330199	
11.478667340786027	-5.867597733613681	6.4715643194931145	0.1991380160106516	0.053544739842063496	-0.028692419247389817	
11.711553333186142	-6.109462431295396	6.22207373701548	0.2873938262879107	0.17731247146938567	-0.033729363063376365	
11.98227721955511	-6.284232469195914	5.938724744566499	0.3964713025977568	0.30940954474489496	-0.03272154356942493	
12.287515660800132	-6.383370966112985	5.627065846730458	0.5244625910618754	0.45088659627867655	-0.02286346588688225	
12.623694685359379	-6.400630949646199	5.293052960537703	0.6684544082669303	0.6025590317480684	-0.0017950771618576214	
12.98701080332952	-6.332564700386151	4.942858553373787	0.824591804207572	0.7649577307184353	0.032323284959783226	
13.373501576446756	-6.178519920020523	4.582682315429381	0.9883010307515011	0.9383190367673413	0.08082504143337645	
13.779100014411586	-5.940703855397285	4.218615137554873	1.1544410839104537	1.122564783228956	0.14453182232409245	
14.19971524761952	-5.62430218199815	3.856455075447156	1.317509690656333	1.317263668392997	0.2237338159792189	
14.631314832072778	-5.237039230417188	3.5015687040160883	1.4719268213628676	1.521649452087379	0.31825878714415035	
15.069968764769913	-4.788823104256682	3.1587968810257094	1.6122345935129776	1.7346361408503956	0.4275229815459272	
15.511896521436011	-4.291437550560179	2.8323039881831837	1.7333485991708837	1.9548148543570476	0.5505643666226392	
15.953468849977108	-3.757883478447359	2.525499994955188	1.8307881845160958	2.180496371687296	0.6861327241896715	
16.391186271376885	-3.2018375531664702	2.241028185125559	1.9007963857244325	2.409756566811287	0.8327665194544541	
16.82166281569227	-2.6371605678872903	1.9806921946304998	1.9405118736000655	2.6404633846800007	0.988851147351673	
17.2415940408027	-2.077265718210203	1.7454418451800229	1.948088059918129	2.870330675463989	1.1527004745110483	
17.647738276355938	-1.534701949038174	1.5354535317470572	1.9226614506617703	3.0969781816698316	1.322620133535555	
18.03691617602505	-1.0207670558701665	1.350147339589426	1.8643806818596165	3.317977255002898	1.4969558673832566	
18.406035474273686	-0.5450500822630692	1.1882278661625292	1.774405281570089	3.530918537665675	1.674149933302224	
18.75213465448805	-0.11532058317304365	1.047818689589492	1.6547458970441409	3.733475001668313	1.8527685775132947	
19.072435938533637	0.2625903499851946	0.9265362214941762	1.5081735790582136	3.923453540024779	2.0315226680195373	
19.36444645654459	0.584989522120119	0.8215626033204226	1.3381236726124404	4.098873058909073	2.209295921841945	
19.626045032592625	0.8501527800553437	0.7297761313678524	1.1484957359332486	4.258015934332915	2.3851415023566997	
19.85554812216708	1.0581817398580404	0.6478372433039251	0.9435165873539049	4.399463148369452	2.558276403718812	
20.05182560684831	1.2109613483464754	0.5722693591959106	0.7276067337833304	4.5221591331607405	2.728085348564584	
20.214358273739276	1.3118736464007192	0.49956331257026765	0.5052121849930007	4.625438889045557	2.89410076870533	
20.343227162894717	1.3655186770974554	0.4262513986037115	0.2806930571335445	4.709023186798	3.055978846795855	
20.439137915519353	1.377546971138076	0.34898361083295204	0.058212443703357666	4.773043832231512	3.2134852333465194	
20.503358784148812	1.3543860632981184	0.2646179938365649	-0.15837677220010002	4.81803855650252	3.3664662604000304	
20.537564568347996	1.3029733499859082	0.17027442955765407	-0.36557606475631194	4.844898674835447	3.514816245855084	
20.54371075333541	1.2305856903326535	0.06339892405793862	-0.5602948624977382	4.854845794563394	3.6584527695852387	
20.52381065752902	1.1446366412604583	-0.05814562912512092	-0.7399078775917032	4.8493893297960025	3.797280540015713	
20.479688012424663	1.0525136092358056	-0.1960493090239964	-0.90223204882557	4.830240113732765	3.9311577846851478	
20.412784125357796	0.9614767735793845	-0.35151613457319475	-1.0455229048348127	4.799251594386323	4.059868835995835	
20.323878550143807	0.8785412404935649	-0.5251870460077908	-1.1684889706869985	4.75834448920766	4.183082162288415	
20.212918773135993	0.8104127643764384	-0.7171439447542303	-1.2702440506156376	4.709414724071273	4.300321400258061	
20.078938878462225	0.7634464819271514	-0.9269179217758796	-1.3502778822759038	4.654269337237371	4.410945832589696	
19.919921472615258	0.7435678217895846	-1.1534556950108756	-1.4084585442021091	4.594544436595827	4.514114328615019	
19.732845703644365	0.7562096591734271	-1.3951524223345368	-1.4450067000248918	4.531631475627184	4.608769065625032	
19.513852076449272	0.806269131690662	-1.6499078752535383	-1.4604703014856588	4.466641519701765	4.693639933001086	
19.258375611960385	0.8980041534975822	-1.9151405154214398	-1.455735093112271	4.400349508869829	4.767233938711469	
18.96147024738462	1.034900758522071	-2.1878424697109886	-1.4320323917118671	4.333151520843701	4.827845169016243	
18.61818699378162	1.2196139309547178	-2.464676159598568	-1.3909210392239049	4.265078724890682	4.873595452630106	
18.2239092391544	1.453851471434055	-2.7420370067117257	-1.3342979223145806	4.195789885631878	4.902462076420795	
17.774859772768362	1.7381892682094913	-3.0161520373374633	-1.2644181892748958	4.124571243855203	4.912327997559682	
17.26846751419338	2.0720364787100283	-3.2832105231359114	-1.1838631112751228	4.050400462853437	4.901055891506141	
16.70366352105803	2.453563678150643	-3.5394643812722264	-1.0955224314298087	3.971988668050002	4.866547993493085	
16.081338769576586	2.879530128053412	-3.7813732164428755	-1.002579322582246	3.8878291863235255	4.806836318232138	
15.404496163184286	3.3452937725646086	-4.005735737518096	-0.9084280017488953	3.796291918860523	4.720171300032552	
14.678292592088605	3.844831294065734	-4.209775319709414	-0.81659411758614	3.6956961859244415	4.6050854979562805	
13.910230427098467	4.370647262869566	-4.391269577826293	-0.7306369294840624	3.584394859405295	4.4604929615690665	
13.110028360185959	4.913847919471368	-4.548621250905831	-0.6539892341247436	3.460879050649748	4.285764988443627	
12.28931933279849	5.464307920423515	-4.6808465696265555	-0.589823137252893	3.3238494130116547	4.080753414502515	
11.461480702525368	6.010749554101255	-4.787599509120372	-0.5408890620345298	3.172302390237874	3.8458494970580746	
10.641208230734913	6.540985411762489	-4.869125181206401	-0.5093104254904118	3.0056248236194567	3.582018192812638	
9.843950571986774	7.042299822680119	-4.926126594795918	-0.4964866418222994	2.8236205936086103	3.2907507329971377	
9.08547516088642	7.501764856575006	-4.959677717219142	-0.5029791768522298	2.6265512904738264	2.9740524567920312	
8.38122602336133	7.906756404814454	-4.971094692692046	-0.5283718792437988	2.415180474597906	2.634415696123304	
7.745744456267188	8.245468298666864	-4.961791561192332	-0.5713207321005594	2.1907216858417073	2.2747108152678246	
7.192231063181584	8.507322223136876	-4.933194209802856	-0.6295865189487876	1.9548019972958244	1.8981136946699522	
6.731902641542185	8.683591792492596	-4.886648071481182	-0.7000544592409869	1.7094234839901843	1.508022892209427	
6.373630227431927	8.767792674432238	-4.823367629125023	-0.7789231647586808	1.456845659201089	1.1079355323198774	
6.123768924064123	8.755888785461071	-4.744420946317896	-0.8618657448793547	1.1994894191603813	0.7013618272000456	
5.985791982158656	8.646704032395952	-4.65071125759479	-0.9441801140703766	0.9398355057217421	0.2917325092859686	
5.960267397809629	8.442024220398663	-4.542988316724071	-1.0210297485415678	0.6802872258960675	-0.11769304931797483	
6.0451120514951455	8.146407051248783	-4.421871456729296	-1.0876338207008243	0.4230756778823085	-0.5238720514790423	
6.2356528591671365	7.76719379414848	-4.2878626953811905	-1.1394497896833546	0.1701595082802604	-0.924032327610585	
6.524937592943609	7.314285856282809	-4.14137538652907	-1.172398529441801	-0.07688341678154272	-1.3157155078460576	
6.90430825928129	6.799600993201408	-3.9827769517649747	-1.1829877417837416	-0.31688648765193467	-1.6967667086271732	
7.3637679318119895	6.236738001147969	-3.812426023575991	-1.1684386041121722	-0.5491330532844767	-2.06534077608824	
7.892487761593485	5.640494775915378	-3.630735514512747	-1.1268585577020798	-0.7733961983412794	-2.4199091426379726	
8.47938346734521	5.026216453996846	-3.438236994927454	-1.0572671215716738	-0.9898800582342067	-2.7592184344417863	
9.113482453790246	4.409344762107791	-3.2356297680135477	-0.9596322460650125	-1.1991753762922082	-3.0822684053392773	
9.784356650753969	3.8048421638047194	-3.0238526587372183	-0.8349709413452207	-1.4022106049140073	-3.3883001934244934	
10.482399376323684	3.226649515981271	-2.8041079610455006	-0.6853001258281101	-1.6001287433954767	-3.6767534135652666	
11.198922571716938	2.687345218656028	-2.5778508066176413	-0.5135727394272211	-1.7941880408674968	-3.9472353092586188	
11.926287159258933	2.1976643249954217	-2.3467816495376153	-0.32367903588426994	-1.9856565573414398	-4.1995031874900315	
12.657839106052617	1.7661456667371578	-2.1127698784173843	-0.12032830903444956	-2.1756782474495213	-4.433432494804957	
13.387734917906908	1.3990634370310602	-1.8777600203157898	0.09111559244304832	-2.365186596790906	-4.648988421532281	
14.110827229689296	1.1002023806588468	-1.6436825491380649	0.3047427264919945	-2.5548124579332647	-4.846208795361315	
14.822453590650582	0.8707240835224872	-1.4123225304333922	0.5142913309445488	-2.7447879172352616	-5.025181285308935	
15.518216719044489	0.7094052941107415	-1.185234965669978	0.7133711112766934	-2.9349293314441196	-5.186020972530477	
16.193846579361598	0.6127083665563978	-0.9636776848833019	0.8956376579986434	-3.124609835046165	-5.328855381399396	
16.845051628320828	0.574868087720624	-0.7485387165824936	1.0550459345168925	-3.3127298314922515	-5.453805658334236	
17.467445543669754	0.588334513953403	-0.5403651264890045	1.1860610460444616	-3.497777697491019	-5.560971205032919	
18.05653162152335	0.644064841497709	-0.339401360977919	1.2838193993695917	-3.677873577590216	-5.650419540980867	
18.607718300279853	0.7318161116013384	-0.1456456157361094	1.34437985229194	-3.8508113719986463	-5.722172686824057	
19.11642087028298	0.8406612245159093	0.041015362167320706	1.3648677135025227	-4.0141653417983845	-5.776202001576606	
19.578163889902733	0.959369285054725	0.22069922541150166	1.343537086196524	-4.165375036332257	-5.812428574136729	
19.988724215621986	1.076800578082175	0.3934088994895033	1.2799312075188278	-4.301830719664636	-5.830721791718173	
20.344329200646385	1.182416947412755	0.5589070369911876	1.1749509064498143	-4.420997427781228	-5.83091033215525	
20.641724074791487	1.2664989046520332	0.7166798342538957	1.030728819923783	-4.520477985834901	-5.812795328395503	
20.878321491488975	1.3205027248420074	0.8658945751793977	0.8506603862215253	-4.598106180285146	-5.776167363448701	
21.05255273674952	1.3378675823417385	1.0053759805814102	0.6395851223813752	-4.6521575828667	-5.720852548520414	
21.163190771772708	1.3127015739811967	1.1338367888765233	0.4028171634405675	-4.681057756222251	-5.64668995647782	
