24.35629274117176	2.7312080464757	8.923227249283869	0.0479256512848986	-4.255428888033906	-1.4983912303769469	
24.1530167442609	2.3098100122969654	9.315823790679973	-0.12199678757901286	-3.6202070666548405	-1.260312255950656	
23.73480842710953	1.7747891629843455	9.362827227818798	-0.27583351828092534	-2.945859361460964	-1.0178516942260853	
23.135253907830997	1.157955808682954	9.060470407971847	-0.40218319390836915	-2.2496431804378147	-0.7796861983835863	
22.392029245539582	0.49904399836152213	8.429309427993257	-0.4919392576847157	-1.549592870835883	-0.553920907520343	
21.545000286581384	-0.15586076319216519	7.518245741317926	-0.5393978216116712	-0.863730464344005	-0.3475368275420725	
20.632225890748686	-0.7597460092328348	6.398001997955815	-0.5424902974927265	-0.20876609924624484	-0.16596438221343054	
19.687306994315623	-1.26853580317419	5.154833862056442	-0.5027360259619613	0.40079034999356156	-0.012787798814042088	
18.73706423620641	-1.645026941027633	3.8807641835752946	-0.42471865903705247	0.9533325627268153	0.11038789728097635	
17.800386182735195	-1.8619067443705033	2.6633198137874277	-0.3153162175297239	1.4404972143515757	0.20391093328192195	
16.888485360689554	-1.9038980099262277	1.5761746089160236	-0.1828050961860894	1.8571700846348396	0.26989898496640136	
16.006611473684167	-1.7689077472258021	0.6727590199747064	-0.03600698856264965	2.2012428856446786	0.31192916659060504	
15.156713927937362	-1.468168189950706	-0.016326495406440485	0.11641264407705876	2.4732494178147126	0.3346411785252806	
14.34026470426832	-1.025251642562356	-0.4823221620761707	0.26644293782364803	2.6759544206964025	0.34327930697277503	
13.560415029353623	-0.47395527466198084	-0.7348234209134956	0.4070172412641838	2.813930773854629	0.3432045521561876	
12.82294570498087	0.14475493714840332	-0.7971765182164113	0.5321398489720557	2.89313365506504	0.3394145215733343	
12.135932691409124	0.7863967253388028	-0.7018514052751046	0.6369326109645735	2.920475097580696	0.3361141343581617	
11.508461423512863	1.4068699646875897	-0.4863052526605285	0.7176889702356379	2.9034098457622846	0.33638200497566295	
10.948969827457642	1.9662437605389813	-0.18946521710109215	0.7719747666814049	2.849554120446759	0.3419812517910267	
10.463774367438434	2.432098830119971	0.15114170117363646	0.798756993008728	2.766358887577635	0.35332784876350565	
10.056094289469453	2.782102486553196	0.5016492453105647	0.7984903321095729	2.6608442266068257	0.36961445124225695	
9.725685195384731	3.0054921181640806	0.8335001745859112	0.7730927662377499	2.53940066982183	0.38906956251288377	
9.469020432107829	3.1032694378203924	1.1244902073889342	0.725774894189577	2.4076593350539297	0.40931229043024786	
9.27985238725226	3.087105345569638	1.3592395745177572	0.6607318583805795	2.2704264683116673	0.427749330362258	
9.14996245084338	2.977155625879367	1.5291499724226167	0.5827419895243298	2.1316705474131807	0.4419576258761086	
9.06996049456375	2.799098336414124	1.631876837195957	0.496732329354539	1.9945520537942376	0.44999712671001824	
9.03003756997297	2.580898279810441	1.6704277885273913	0.40737884990846557	1.8614808689525097	0.45061269790432834	
9.020634032200848	2.349744230909234	1.652009392729874	0.31878337892948544	1.734189802105554	0.44331641270926075	
9.033000720831316	2.129493409349843	1.5867148271452065	0.23425074477047314	1.6138211126984958	0.4283582946236658	
9.059622953334966	1.938864614485296	1.4861738567594838	0.1561759663216002	1.5010230882162603	0.40660831375201767	
9.09447945638459	1.7904873936440309	1.36229617110609	0.08603674110714007	1.3960531028807635	0.3793817648462717	
9.133125076533087	1.6907811266173427	1.226222982702428	0.024473240637997284	1.2988818333808183	0.34824253254492005	
9.172609898500578	1.6405528536669984	1.0875614658955757	-0.02857049317549147	1.2092928278597592	0.31481448164959225	
9.211271969509347	1.6361367574349834	0.9539405714317376	-0.07367435425083045	1.1269714195095106	0.28062671231939307	
9.248470691781419	1.6707878296422622	0.8308512817499722	-0.11177462964193591	1.0515780089853153	0.2470064207168424	
9.284305478428475	1.7361101490810285	0.7217175878901594	-0.14401981993593788	0.9828049192299758	0.21502084187185716	
9.319354637625484	1.8233272490188683	0.6281374862736806	-0.17165979887526514	0.9204160955023667	0.1854638113805767	
9.354459936193045	1.9242516390731859	0.550228309077128	-0.19596903635859247	0.8642696065242114	0.1588773552408409	
9.390571380087616	2.031876775269908	0.4870146727301188	-0.2181968019935786	0.814323890741427	0.1355957662293433	
9.428653911919831	2.140585594418321	0.4368106369189193	-0.23953237850797085	0.7706297716567894	0.11579906046641598	
9.469643982339084	2.2460254705603644	0.3975683317280251	-0.26107309292316444	0.7333105355238443	0.09956475374116691	
9.5144334051285	2.3447753303693095	0.36717529096318585	-0.2837866041416376	0.7025339927321992	0.08690877099858474	
9.563858156768763	2.4339506533986452	0.3437010160163728	-0.30846500249598285	0.6784798700985707	0.0778122065188157	
9.618678485940615	2.5108691263874503	0.3255951533471256	-0.33567514151094513	0.6613050696425057	0.07223469061842444	
9.679545691065456	2.5728644580748585	0.3118345257480104	-0.3657143933567605	0.6511093375120913	0.07011731032988215	
9.746959245237928	2.617281577777269	0.30201055939943394	-0.3985830513314552	0.6479039375898709	0.0713793383059824	
9.821224547289106	2.641628893351563	0.2963434942512317	-0.433982898359807	0.6515859939447683	0.07591310577958543	
9.902426857339472	2.6438173200368045	0.29560466053108186	-0.4713475156651739	0.6619218438667083	0.08358062807117919	
9.990437784701115	2.622390933513232	0.30093521733032025	-0.5099021857641062	0.6785437071835595	0.09421437869236236	
10.084958520249856	2.5766840070669907	0.31357549726440215	-0.54874090830864	0.7009615312772324	0.10762269493905298	
10.185593402948859	2.506883145953483	0.33453212640607927	-0.5869082397959845	0.7285913799351871	0.12359958581416906	
10.291938147832106	2.414008746760036	0.36422625961695	-0.6234741287998741	0.7607997258381033	0.14193820023067238	
10.403664094931745	2.2998515614881376	0.40217467614557656	-0.6575929318475812	0.7969606056671811	0.1624468451710127	
10.520584566709799	2.1669046149513775	0.4467541237338538	-0.688542182684657	0.8365203515235042	0.18496614533033903	
10.642700724898788	2.018321853300053	0.49508793654841354	-0.7157413601767469	0.8790632451322542	0.20938576465605227	
10.770235765963603	1.8579134522993674	0.5430862691151541	-0.738753732207391	0.9243685198306493	0.2356582942559276	
10.903674974000108	1.690175491178973	0.585629616328532	-0.7572788923344516	0.9724500286353536	0.2638082542215195	
11.043825107127317	1.5203422723106614	0.6168622351783398	-0.7711441713593441	1.023573008190662	0.29393486731902707	
11.19189437923659	1.3544475557848243	0.6305552125273873	-0.7803012405446544	1.0782440095011936	0.32620745842768445	
11.349582008105104	1.1993826634355602	0.6204936594247377	-0.7848323695445726	1.1371731716315663	0.36085288858912656	
11.519156718469151	1.0629350021653987	0.580847132889144	-0.7849683341605664	1.201211287454281	0.39813509737900904	
11.703500401362925	0.9537777295447452	0.5064945125555957	-0.7811176422594979	1.2712669878882998	0.43832761025270256	
11.906093113671021	0.8813534963425174	0.39328596567413376	-0.7739034470906484	1.3482114278959116	0.4816807673108673	
12.130922402027904	0.8555772856778223	0.23823210584705332	-0.7641993940721662	1.4327816665374744	0.5283872046692418	
12.382314615488049	0.8863059356042785	0.039637039638232535	-0.7531546475677061	1.525492383757183	0.5785488603240694	
12.664681841072714	0.9825551833063386	-0.2028048187269269	-0.7421955430733516	1.6265629294354207	0.6321480501277237	
12.98217627818263	1.1515040972893236	-0.48792336051066415	-0.7329917906092044	1.7358648488066937	0.6890246444315766	
13.338241600747738	1.3973873184979775	-0.8129723679472369	-0.7273783159484242	1.8528923549336196	0.748860737486236	
13.735052174092907	1.7204223541561245	-1.17349128771549	-0.7272295428316302	1.9767553218643408	0.8111736271485357	
14.172835608970257	2.1159375204889233	-1.563114710077937	-0.7342894972285143	2.1061914440852387	0.8753173842854581	
14.649123487656183	2.5739111140524096	-1.9733550939590803	-0.7499735225660853	2.239594404454966	0.9404940154157083	
15.15800679847071	3.0790277688538312	-2.3934034517184353	-0.7751677048860759	2.3750492282767683	1.0057724769855099	
15.689490824432342	3.6112655122896316	-2.810022553597747	-0.8100519859043674	2.510367821300737	1.070113528545227	
16.229060633908826	4.146962113222157	-3.2076327355650442	-0.8539724315792837	2.6431205021118647	1.132398533871927	
16.757558377950943	4.6602436283442525	-3.5686927819809133	-0.9053819434733599	2.7706616125953554	1.191460152105464	
17.25145362493809	5.1246744036335645	-3.8744600348933025	-0.9618588522028526	2.8901504868150885	1.2461131644941033	
17.68356210881496	5.515006657263094	-4.106174484760355	-1.02020131304375	2.998571895279865	1.2951842068322246	
18.024261673410454	5.8089354062482785	-4.246645652814146	-1.07658946226176	3.092763184352141	1.3375396600442062	
18.243180695020175	5.98874120055963	-4.282076191970682	-1.126797499488796	3.169456054023913	1.3721110783083819	
18.311242949300734	6.042732896134853	-4.2038750628348724	-1.166432507490528	3.225338784655341	1.3979189712200082	
18.20290842639358	5.966349989331197	-4.010156007001255	-1.1911863443028075	3.257143073214648	1.414095831079305	
17.898384285282045	5.762746741281757	-3.706616846949343	-1.1970883548691527	3.261754145578285	1.4199089070982067	
17.385568727354872	5.44270401613764	-3.3065873251279205	-1.1807491279680915	3.2363368499103706	1.414782843852904	
16.661526441800465	5.0238055967106074	-2.830192188581852	-1.139587884977417	3.178466307642564	1.398321973349837	
15.733354197024616	4.528945317528139	-2.3027427699558265	-1.0720388535856678	3.086252230904175	1.3703316689635765	
14.61825325933894	3.984349175165295	-1.7525895955140356	-0.9777205273880354	2.9584449345187545	1.3308346677910272	
13.342808846665871	3.417442782147443	-1.2088020355034477	-0.8575568979057516	2.794523339464354	1.2800775101336062	
11.941528619716857	2.8548088650137067	-0.6989443421106586	-0.7138329650649611	2.594767720813251	1.2185200256302344	
10.454745213887715	2.320425060552103	-0.24714704152386424	-0.5501612390303073	2.3603124523865207	1.1468019400151768	
8.926075531018595	1.8343238025541024	0.12739462469489024	-0.37134372675081684	2.0931661332749543	1.065687225134872	
7.399690982840023	1.4117444292085244	0.41142978257291735	-0.18312864033691828	1.7961819467644613	0.9759957062772016	
5.917676342624436	1.0627590135925435	0.5981509380524344	0.008121514242061326	1.4729648358927043	0.878538617919725	
4.517765106260969	0.7923117926238606	0.6871371045290762	0.19582130884999194	1.1277094622453914	0.7740759556707939	
3.2317162184925494	0.6005973224047583	0.6837106152227008	0.37356549923471766	0.7649821659879866	0.663304769846854	
2.0844027169427095	0.48369831045239875	0.5977907857819652	0.5354995658319189	0.38947392289561833	0.5468728758960397	
1.0935879287910661	0.4344442610123216	0.44237022576639123	0.6766248000165469	0.00574992787207026	0.42540621305211207	
0.2702763861630569	0.4433964052398854	0.23183088790192716	0.7930144217146706	-0.3819764744925468	0.29953759139304376	
-0.3805274611661938	0.4998233654719776	-0.01965356438364096	0.8819332838012878	-0.7700220426439622	0.1699268506291987	
-0.8588235886916618	0.5925368303480549	-0.2994167434459553	0.9418711530343011	-1.155349119340072	0.03726574919118959	
-1.1685119785931042	0.7105148223082423	-0.597164051604842	0.9725127746088319	-1.5356132671985596	-0.09773611826728154	
-1.3162474378812634	0.8433091783201162	-0.9053239150880367	0.9746648504498094	-1.9091418150416368	-0.23438438912032086	
-1.3103417674034714	0.9812936866980435	-1.2189288167494248	0.9501695647122052	-2.2748599983929623	-0.37204668865647245	
-1.1597522940660894	1.1158267464097302	-1.5351220066091937	0.9018166584662375	-2.632182187173041	-0.5102046694741816	
-0.8731976979219039	1.2393861852268926	-1.8524000597166244	0.8332547465105664	-2.9808843905581983	-0.6485003188685611	
-0.45844766520089325	1.3457144218069614	-2.1697073904308857	0.7488958518363661	-3.3209720049974893	-0.7867641946699995	
0.07816949780124285	1.4299897549196796	-2.4854868808466195	0.653801712669322	-3.6525516708680246	-0.9250139691228866	
0.7320059475557961	1.4890219087443086	-2.7967655685049926	0.5535378391798139	-3.9757097434455115	-1.0634145415710168	
1.500044141565025	1.521446475601189	-3.098345177520289	0.45397847857065976	-4.2903949384859335	-1.2021952402236054	
2.380549799708952	1.5278826139603061	-3.382167532947047	0.3610550772469689	-4.596302222269337	-1.3415302553326955	
3.372461723873033	1.5110278782785067	-3.636892359273376	0.28044899556414904	-4.8927534471011445	-1.481395886416309	
4.474562682983666	1.4756498142356678	-3.8477405525054915	0.21723576909195325	-5.178573949665265	-1.621420895342098	
5.684500933271412	1.428434359195295	-3.996654948429701	0.1755012305675136	-5.4519685785702485	-1.7607479614833172	
6.997746529956396	1.3776528091921443	-4.062818410151843	0.15796125077545586	-5.710404416986772	-1.8979230335400743	
8.406566971926372	1.3326155193381057	-4.023550627633206	0.16562459642055247	-5.950510441568486	-2.0308261096849405	
9.899097530918757	1.3028893009166465	-3.8555979613743423	0.19754264000957553	-6.1680076268432265	-2.156653958446114	
11.458624690555405	1.2973002463202228	-3.5367982766140607	0.2507066035088444	-6.357694228897733	-2.2719672983772825	
13.06315585652624	1.322809490220955	-3.048052867956039	0.32011544696166266	-6.513500291697215	-2.372801605415374	
14.68536205822773	1.3833776568231912	-2.375529211203188	0.39902854649919883	-6.628627131203962	-2.454841423184691	
16.292984278158592	1.478964746413206	-1.5129637693706368	0.4794034256721249	-6.695783199313703	-2.5136547258101216	
17.84976994051159	1.604820676454375	-0.46387893112257145	0.5525001057746639	-6.707519318537567	-2.5449781923890584	
19.31696234306842	1.751205658284052	0.7565164618210976	0.6096161327931012	-6.656656448095731	-2.5450382207150346	
20.655316324817264	1.903645225234888	2.1199863437267705	0.6429042215062578	-6.536793306389352	-2.510889341352194	
21.827538815234018	2.0438137994259744	3.5848355237658027	0.6461988894513796	-6.34286691370316	-2.4407406195423538	
22.80084888977538	2.1509863318481126	5.096613988009689	0.6157358857330351	-6.071702826621908	-2.334226476136766	
23.54959054078121	2.2040902412451655	6.590189460873915	0.5507176507551961	-5.722565606825327	-2.192617188425711	
24.056929568709073	2.1836931887297033	7.992750989604482	0.45350521656024545	-5.297464191540578	-2.0188620344335115	
24.317355962079223	2.0751953676874626	9.229167582994114	0.3297743959555845	-4.801696528740896	-1.8176615286679771	
24.335266576068044	1.8695955445715795	10.226172702321993	0.1877138161198647	-4.243348400540285	-1.5950558406797517	
