24.999301118788875	2.647126254590778	11.10207755203125	-0.1218463337889924	-3.8265092282884767	-1.4234847808266724	
24.631332292811724	1.9884081319879907	11.54351023225632	-0.291125643348685	-3.173005347232519	-1.1857103580449384	
24.073268400544098	1.2208549426713236	11.600651144952398	-0.4341212637857678	-2.4930842024286477	-0.947940921998725	
23.36212282876731	0.3875878956800418	11.268502734209818	-0.5403919469618361	-1.8036227107993323	-0.718366816079262	
22.537081864326797	-0.4621619672239399	10.566139871108387	-0.6023865294079614	-1.1215709336270026	-0.5044500688579958	
21.637859775531194	-1.2749910756537428	9.541954082838407	-0.6165885464834145	-0.46316646277043566	-0.3123923879151435	
20.70143005015555	-1.9990797501103867	8.267203225444154	-0.5833719149699773	0.15712648326318635	-0.14682557352746037	
19.759828215668787	-2.5880085242274204	6.830889920346555	-0.5067731020483444	0.7273256705062416	-0.010579160325191163	
18.838106856937095	-3.0045453874935726	5.331004095172798	-0.39376348526570243	1.2384350863265856	0.09540213188351038	
17.953097943864112	-3.2233696167862607	3.8647777986640666	-0.25330826370303305	1.684607924025437	0.17200722649016092	
17.113258592046417	-3.2326777643555333	2.5190771664479614	-0.09533887353560658	2.0629857301315644	0.2217724385613428	
16.319716758502302	-3.03473171844906	1.3626006561573323	0.07019255954404208	2.3733229583383673	0.2485984437851989	
15.568435243216637	-2.6453817485325484	0.44104332224438136	0.23408773196035887	2.61749649890239	0.25738685363498426	
14.853072665058761	-2.0926208330411042	-0.22422167694139888	0.388441064809948	2.798997957665486	0.25361897287964213	
14.167870008113024	-1.4142536993790105	-0.6342244041192515	0.5269174971049002	2.922476659350228	0.24290266931078275	
13.509837151129663	-0.6548228880000128	-0.8082876560137321	0.6447927473738507	2.993359532978505	0.2305131492337784	
12.879687932055347	0.13796515938903284	-0.7789449026175788	0.7388135433133625	3.0175370977818203	0.2209697436338709	
12.281535107233518	0.9168279450074208	-0.5870489324737965	0.8069975525472	3.0011103983181893	0.21769905847973153	
11.721783560638059	1.6382482349253888	-0.2774728471495722	0.8484728328728358	2.950190571934377	0.22281079213652166	
11.20768374046693	2.265434992137983	0.1045648752581953	0.8633926680887379	2.870743775025772	0.2370070201652967	
10.745946367476526	2.770747647241278	0.5165330967570387	0.8529126457297036	2.768475455843293	0.2596341143196774	
10.341684342826067	3.1373995173971845	0.9209641618045001	0.8191787790668064	2.6487459098224098	0.2888719982894546	
9.997791039576434	3.3602243586639085	1.2871588646998153	0.7652614797036429	2.5165087672195647	0.322043216335804	
9.714757107893275	3.445230530043973	1.592129771589159	0.6949855228505741	2.3762709123101664	0.35600517767455264	
9.490788904257897	3.4081162222905106	1.8208900405193649	0.6126718029291005	2.232065214850053	0.38755551129897187	
9.32211056508804	3.271975638771865	1.9661883914320148	0.5228233289405151	2.0874306090356898	0.4138011460902502	
9.20337487894214	3.0644899222241686	2.0277750763528966	0.4297959417012594	1.9453970996658976	0.4324503412185502	
9.12813310195057	2.8149540727866147	2.011300621647842	0.3374952304773684	1.8084757220928207	0.4419999508698622	
9.089331519359702	2.5514760559989935	1.9269605128208267	0.24913280910865387	1.6786555319612393	0.44180880463403094	
9.07980824238865	2.2986489068612745	1.787986930812249	0.1670695255417271	1.5574144947989936	0.43206002897214274	
9.092739153623983	2.075965246371655	1.6091490729133173	0.09276398743853112	1.4457513345736324	0.41363293752866315	
9.121987829852028	1.8969875310015467	1.4054241671494958	0.026810230130020006	1.344234030758386	0.3879266221706465	
9.162335113479132	1.769213680056983	1.1909029654386327	-0.030952490170430766	1.2530627887313601	0.3566630764607582	
9.209580385060244	1.6945399635129896	0.977973489152571	-0.08128022671223087	1.1721418648799615	0.32169503914700115	
9.260528015373973	1.670186855873518	0.7767941402348814	-0.12533994093200512	1.1011535671816488	0.2848386680532543	
9.31288978575959	1.6899322874929719	0.5950356790666768	-0.1645231998774651	1.0396282962958026	0.24774418642717758	
9.365133308026007	1.7454950910732978	0.4378797576045078	-0.20027764295990666	0.9870065159686957	0.2118142348163951	
9.416317579181804	1.8278328096874303	0.30821286030842004	-0.23397476847944065	0.9426880081648203	0.1781700530600132	
9.465946123374923	1.9281905901040333	0.2069352820217054	-0.26681794533660536	0.9060677270062959	0.14765433133036376	
9.513852327764436	2.0388137735842355	0.13333375131012423	-0.29978728797894033	0.8765595232312875	0.12085933713542185	
9.560124596210672	2.153287982040785	0.08547389285393149	-0.3336141632442241	0.8536094907878305	0.0981682543804903	
9.605069212022082	2.266536851025672	0.06058515787625245	-0.36877530478866066	0.8367013934080278	0.07979884600584962	
9.649200046416501	2.374563660331064	0.05542807840504721	-0.4054966674937472	0.8253568472615113	0.0658413898352337	
9.693235662293562	2.47406460986864	0.06663561305120017	-0.4437632153513047	0.8191323980449112	0.056287175065907226	
9.738088284062597	2.562069839754822	0.09100690337466916	-0.48333211200516224	0.8176158723052283	0.051046181728538115	
9.78483505200615	2.635701914611631	0.12573921927480985	-0.5237530381577984	0.8204233131445905	0.04995696756626004	
9.834669332967806	2.6920872998600696	0.16857865644329853	-0.564400514375362	0.8271972715441144	0.0527924841494796	
9.888836617237057	2.728411584075527	0.21787191670237308	-0.6045208367208192	0.8376070267488742	0.05926541493250694	
9.948564045657152	2.7420780446672364	0.27250982617703196	-0.6432926809691131	0.851351289968109	0.0690360866534757	
10.014995083712419	2.7309187343752095	0.331761920424918	-0.6798964149163043	0.8681640087641882	0.0817254974230612	
10.08914177046022	2.6934091864241427	0.3950260132322653	-0.7135812987514325	0.8878236014415588	0.09693454113251283	
10.171858939998602	2.6288651129031235	0.4615409165813846	-0.7437213888231283	0.910166175075074	0.11426844913115113	
10.263840759743177	2.5376065673154167	0.5301070172583061	-0.7698555677466652	0.9351025046576003	0.13336506968312017	
10.365638883214325	2.4210747514917688	0.5988591310693934	-0.791709859496071	0.962637660249428	0.15392449791780344	
10.477701854403914	2.281889230260807	0.6651275972877647	-0.809202999266118	0.992891026350345	0.1757369045001368	
10.600437642416182	2.1238431388923056	0.7254083810443054	-0.8224385039005508	1.0261135768578131	0.19870550215315402	
10.734303278993222	1.951839154206915	0.775453785574404	-0.8316859001055122	1.062696637035088	0.2228604393974115	
10.879919343782062	1.7718018992467006	0.8104609302649203	-0.8373564491243962	1.1031671895457296	0.24836101050160134	
11.03820189250786	1.5906131366225007	0.8253158311937836	-0.8399793271982341	1.1481677629925504	0.27548626235031487	
11.210498984261335	1.416088714945061	0.8148562871473611	-0.8401824798912394	1.1984199771408903	0.3046139597345219	
11.398714987308596	1.2569870417416915	0.7741185475887277	-0.8386820042426253	1.2546736415744142	0.3361890750442529	
11.605403923023898	1.1230014495954728	0.6985434843613054	-0.8362821002867917	1.3176456878470741	0.3706839280715361	
11.83381056165224	1.0246510317025825	0.5841352359859944	-0.8338849728266154	1.387954568048862	0.40855255284121206	
12.087823640677568	0.9729564235288417	0.42757601653126565	-0.8325044500049453	1.4660594447288329	0.45018379089133087	
12.371819809789585	0.9788412841892794	0.22632720318377622	-0.8332739512006703	1.5522114507015918	0.4958579090386017	
12.690380363701554	1.0522580966324713	-0.021248270862977297	-0.8374374089019504	1.6464201268697811	0.5457093601232458	
13.047870331913547	1.201105565525624	-0.31571340077361526	-0.846312056506327	1.748436188943482	0.5996978533864723	
13.447882611684928	1.4300675561365286	-0.6563136675127785	-0.861215338253116	1.8577490940998505	0.6575891646648966	
13.89255806842327	1.7395334305877277	-1.0406522421467812	-0.8833530361687163	1.9735952946745758	0.7189461364240208	
14.381806490190698	2.124784474406979	-1.464295140602354	-0.9136721324465831	2.0949721362883866	0.7831305289815926	
14.91251626804299	2.575655180690029	-1.9203714169497752	-0.9526974550214479	2.220652399627647	0.8493167653315135	
15.47782315572115	3.0766943584715194	-2.399223345711316	-1.0003731505000897	2.34919173219472	0.9165142666622275	
16.066526321340987	3.607819543360411	-2.8881890742323417	-1.0559311555823532	2.478926071187678	0.9835972981412113	
16.66274360010866	4.145397156836633	-3.3716095089420355	-1.117807982363525	2.6079578589732675	1.0493409112056795	
17.245888756315722	4.663638013033755	-3.8311497923643336	-1.1836258607907582	2.7341323793138685	1.1124613366212937	
17.79103526713473	5.136195205720291	-4.246515383951851	-1.250245489691837	2.855007858876138	1.171659183729404	
18.2697554949674	5.537863242249991	-4.596627523091448	-1.3138951536244579	2.967829475783094	1.2256632343999145	
18.651431577614645	5.846244074174308	-4.861187836459824	-1.370361581435733	3.0695201525277924	1.2732711175473976	
18.904969661468723	6.043305653001729	-5.022478970166222	-1.4152199063377466	3.1566980432303837	1.31338549685128	
19.00084146834846	6.116739886978136	-5.067192474730997	-1.444087028547795	3.2257310563221653	1.3450454406947794	
18.913304147394925	6.060988266540878	-4.988016254555809	-1.4528805875272	3.2728337411222643	1.3674529829984536	
18.62260265452506	5.877791683763172	-4.784720495584905	-1.4380674938222013	3.2942056314573387	1.379995142335633	
18.116952438833454	5.5761427168789215	-4.464556722895024	-1.396891125086724	3.286204577485436	1.3822618534975064	
17.393969641829692	5.171522001199949	-4.041839610279141	-1.327556513598182	3.2455356555625117	1.3740569696074534	
16.46138511501055	4.6845988890537384	-3.536898925729372	-1.2293685658158136	3.169431718109665	1.3554013493832369	
15.33698165328323	4.139624070310897	-2.974610879532705	-1.1028268195798117	3.055811679179183	1.3265255722961289	
14.047733044626748	3.5627094319375883	-2.3826645648624196	-0.9496769518094103	2.9034084490679226	1.2878488763052973	
12.62822780345118	2.980158024606717	-1.7897105534371733	-0.7729173993148548	2.711864527853697	1.2399422723102813	
11.118542537042162	2.4169402571603777	-1.2235137608133058	-0.5767548118984064	2.4817972500898358	1.1834759073084893	
9.561756276033213	1.8953620186916742	-0.7092125278574841	-0.36649081843162123	2.214830521388467	1.1191537632676969	
8.001376652833192	1.4340055558933134	-0.26783370910797194	-0.14831809756395292	1.9135745647237308	1.047647004332401	
6.478968869740468	1.0469424206595814	0.08486707658691993	0.0709621968120805	1.5815520159909953	0.9695422749457283	
5.032141705324814	0.7432184975420911	0.3391550730251012	0.28429039588560007	1.223063206875393	0.8853164461154607	
3.693020439325725	0.5266380978254191	0.49154575294093344	0.4847406325042535	0.8429926335630986	0.7953419229374719	
2.4872857321277864	0.3958892634786015	0.5444424886775886	0.6659205138695884	0.44656890702776036	0.6999177817606145	
1.4337855949807752	0.3450427745429731	0.5052028302477144	0.8223416870962169	0.039097978769502745	0.5993153607224948	
0.5447227781273726	0.3644388350573097	0.3847468336054678	0.9497153227908143	-0.3743030273884039	0.49382465970098394	
-0.17369747258291418	0.44181292498207053	0.19599634809358085	1.0451338463797444	-0.7889349972531402	0.3837892766184935	
-0.7203734475734757	0.5634400668919329	-0.04757730998924575	1.1071441835791795	-1.2006908434099834	0.26962368182156715	
-1.098278311106832	0.7151666893968955	-0.3331458619832103	1.1357247599735658	-1.6061664382742826	0.15180956353002528	
-1.3133882528400462	0.8832512579590679	-0.6493538143627812	1.1321894026335166	-2.0027072458109543	0.030870279160304794	
-1.3736274397818162	1.0549992176446759	-0.9867420520430225	1.099045450361673	-2.3883963585214234	-0.09267429915656222	
-1.2878644296408168	1.2192274234430767	-1.3377718140847952	1.0398314309700323	-2.7619948810779906	-0.21836684429162564	
-1.0649992544618245	1.3665854253306007	-1.6964793880065634	0.9589436147376268	-3.1228421474423658	-0.34587318554927043	
-0.7132095794106101	1.4897762451279881	-2.0578792682912614	0.8614671605957664	-3.4707355972430687	-0.47502856169736174	
-0.2393899055336507	1.5837116466738308	-2.4172320376857095	0.7530101153979075	-3.805801729361227	-0.6058566041438103	
0.351183211093728	1.6456113071669667	-2.7692713602982697	0.6395300146386156	-4.128362389023222	-0.7385508223347996	
1.0549342594135103	1.6750459356189573	-3.107473170512021	0.5271426873500386	-4.43879854835332	-0.8734134509659967	
1.8698100899569519	1.673917179775707	-3.423427605967781	0.4219021593814311	-4.737410528693046	-1.0107524443744744	
2.794836721312984	1.646354855789894	-3.7063585293119226	0.3295405618434115	-5.024270950074498	-1.1507426532088034	
3.8294352734712764	1.5984931640011475	-3.9428609135937784	0.2551741229099664	-5.299073495158154	-1.2932693242390672	
4.972571315935018	1.5381356836834728	-4.116874634328956	0.20298816231594388	-5.560980066654053	-1.437773796264395	
6.221794628645477	1.4742969532824857	-4.209930699214783	0.17592045572852272	-5.808471928891921	-1.5831178246723225	
7.572234617053851	1.4166137762379862	-4.201706849312117	0.17537177803405246	-6.03921539716746	-1.7274820955213845	
9.015622646609488	1.3746283185913757	-4.070920497118816	0.2009770401531703	-6.249955843937824	-1.8683120908023234	
10.539406008964747	1.3569499543894805	-3.796586832651321	0.2504677345834673	-6.436454387451507	-2.002320730515553	
12.126065343135874	1.3703293721794827	-3.359659644377495	0.3196697367053522	-6.593491844173292	-2.125560996634837	
13.752776515079326	1.4187433121046618	-2.744969844972396	0.40266637655055176	-6.7149613967245045	-2.2335731726170294	
15.391473173849047	1.502578178214722	-1.943359968406048	0.49211509947713045	-6.794052420466796	-2.321597761260422	
17.009392168081057	1.6180245227625698	-0.953863024096133	0.579714760139336	-6.823532846968301	-2.384849166708853	
18.57014018285647	1.7567966411190092	0.21427836394855607	0.6568023497551274	-6.796126755812964	-2.4188371872028016	
20.035280229264778	1.9062796928573542	1.5399882591870249	0.7150462056204839	-6.704977641251999	-2.419718714010524	
21.366397943387085	2.050176527949218	2.989356415605494	0.747196523639054	-6.544184621304686	-2.384660755356655	
22.527473859913087	2.169691054517398	4.515642648213432	0.7478068522880209	-6.309360687701327	-2.312169006484705	
23.487473006186658	2.245269286718585	6.060519373215902	0.713881664528485	-5.9982158816133495	-2.202372297438054	
24.222171806051175	2.258285355006273	7.556321855246765	0.645200487460916	-5.610906228744464	-2.0571300973354587	
24.717184185968215	2.1939268149890943	8.93020596066905	0.5447932161552617	-5.150744872837239	-1.8802542140496354	
24.966797876325707	2.041731058753904	10.108134893562433	0.4182448089536049	-4.623705541800264	-1.6770699250350694	
