24.057564160355167	0.7330144898904993	10.88063511983592	0.2505800009137844	-3.6274410986816874	-1.4134883620800065	
23.762537727941396	0.5592682420445301	11.241895693732937	0.13148695780343025	-3.00320053722848	-1.1790138434693278	
23.29991852595092	0.35392718962030056	11.261784637666029	0.009422352585094725	-2.3557783038711	-0.9425577923754032	
22.700368540517594	0.12745490189239386	10.93973822261224	-0.10659944988467485	-1.6999247199750478	-0.7117859019984245	
21.995863504963555	-0.10665334199111369	10.297181076964812	-0.20821999699437008	-1.0504436617267443	-0.4937520854484642	
21.21811627385095	-0.33222662983567636	9.381525554686261	-0.28848256034156655	-0.4215697677683754	-0.2944285672067395	
20.39601169792828	-0.5323114367736955	8.260007730007704	-0.3423949934761644	0.17383728921436659	-0.11840397243352216	
19.55389823755001	-0.6904106970487226	7.014235126869909	-0.36721843706155505	0.7248317668100323	0.031333523910755355	
18.710180594082527	-0.7917659740784142	5.731486767172599	-0.3625059795910839	1.2227550616500285	0.15346884211746825	
17.8767372077972	-0.8243786914333965	4.4953916919738	-0.32992652880130313	1.6613641175890674	0.24830416912192135	
17.059462915777754	-0.7799318884293351	3.377284541094752	-0.2729258085304106	2.0367383406027564	0.3175746359711258	
16.259948429669073	-0.654725288718765	2.4300538213633036	-0.19631296973535547	2.347061894081638	0.3641828088475441	
15.47790170950349	-0.45055288791043263	1.6852976378369664	-0.1058289135034464	2.59236589005524	0.3918823403074077	
14.713612322185256	-0.17524288661640558	1.1536892398644898	-0.00773699587891127	2.774278312672354	0.404930466285557	
13.969730751367596	0.15743983999872008	0.8277050557016009	0.09154221064659328	2.8957941757903485	0.4077244360285447	
13.251906348627964	0.5286775041063081	0.6855748279900895	0.18575666302301683	2.9610546826755435	0.4044372406204829	
12.568273258673807	0.9162108009506416	0.6955712859364398	0.2691385203134483	2.975121253495758	0.39867491136579397	
11.928178530215064	1.2964837804016498	0.8202186762872022	0.33673073332819853	2.9437390283433493	0.3932008128765949	
11.34073677646734	1.6470082186832877	1.0201078338605385	0.384716589335606	2.873106183002276	0.3897648998824896	
10.813604835598706	1.9486598559252857	1.2572064324841092	0.41070879331799054	2.7696537456286916	0.38906006965918244	
10.352175829044166	2.1875922264204646	1.497535567004823	0.4139355730943593	2.6398399332521394	0.3908130006737586	
9.959229820754432	2.35649086059748	1.7130995929291568	0.39527135098090455	2.4899646053406133	0.3939942580778619	
9.634956639678215	2.454997087757316	1.8830212861252147	0.3570885878444891	2.326009416331981	0.39711134264020476	
9.377210106107965	2.4892594312609715	1.9939116544677664	0.30294206255003925	2.1535071131341597	0.39853513459629797	
9.181884685409479	2.470653308352897	2.0395045950597033	0.23712662201315624	1.9774464091735542	0.3968008457199344	
9.043332889635062	2.413962324257775	2.019767812984585	0.16419549004545325	1.802209231763057	0.3908330360415158	
8.954808833785066	2.3353345500105855	1.939674860782262	0.08851071097751678	1.6315359388248496	0.3800756288670032	
8.908931178992646	2.2503178955510106	1.8077988907939917	0.013882375082310622	1.4685170018644575	0.3645256981022358	
8.8981397312307	2.1722365186118484	1.6348935065747838	-0.05666668470567111	1.3156091817593898	0.34468460802066037	
8.915105480282541	2.1110768063563796	1.4326038938332268	-0.12100017201044096	1.1746729140042598	0.3214498115995691	
8.953054519870333	2.0729477210120884	1.2124044935900558	-0.17784514167974608	1.0470254717878622	0.2959735754407542	
9.005974466670247	2.060141144285476	0.9848190325035104	-0.22667097840742317	0.9335073884463118	0.26951402398726976	
9.068707523391472	2.071679330963386	0.7589254185242423	-0.2675193243647927	0.8345526599516784	0.24330394391838414	
9.136955215884159	2.1041917183434475	0.5421044432707858	-0.3008252323657321	0.750257941752181	0.21845007045790898	
9.20722108585644	2.152948406253887	0.3399932362013203	-0.32725767286474233	0.6804478073421742	0.19586841568376234	
9.27672187561143	2.212858871799518	0.15659709015084847	-0.34759735486191873	0.6247326277212563	0.1762552582282142	
9.343299372182287	2.279263986898577	-0.005493477765497069	-0.3626572432261178	0.5825564404017464	0.16008796007668286	
9.405363136326457	2.3484048511986106	-0.14483443890060543	-0.37324003976875525	0.5532335420553361	0.14764609292480102	
9.46187784451401	2.4175256013724806	-0.2608480190726245	-0.38012031757934556	0.5359751848817306	0.13904340001138135	
9.512389842594953	2.4846896187892336	-0.35356889039888545	-0.3840378212810087	0.5299080359583511	0.13425994632625898	
9.55706673020878	2.548447508749123	-0.42342872345347154	-0.3856931901445515	0.5340873356922666	0.1331691661436923	
9.59671805452675	2.607484960498095	-0.47108032923925647	-0.38574339786113304	0.5475072314867061	0.13555896171529525	
9.632771872614565	2.6603494198357382	-0.49726267891339293	-0.38479794737767276	0.5691098305030289	0.14114822999019855	
9.667194217034353	2.7053072974321455	-0.5027092177415817	-0.38341847347688573	0.5977940879522504	0.14960152655527148	
9.702353205093859	2.740333167619541	-0.48810524167973685	-0.3821238460598228	0.6324256830503637	0.16054467031506267	
9.740842711643374	2.7631948739909187	-0.4541046961652796	-0.38140062969053523	0.6718498119174307	0.17358326984786748	
9.785298256043717	2.771577319225282	-0.40141205107555167	-0.3817146420520603	0.7149088190017232	0.18832379214081224	
9.838230578040768	2.7632056610991826	-0.3309254632966735	-0.3835179420398945	0.7604668047401772	0.20439606032615912	
9.901891075941913	2.73595520854509	-0.2439271215927138	-0.38724626147519337	0.8074428553295109	0.22147575664532207	
9.978173644749928	2.6879536012365524	-0.14229482236928936	-0.3933037214995793	0.8548533521573393	0.2393053553291622	
10.068549298514844	2.617691082582384	-0.028700031560144106	-0.4020345599184561	0.9018623314930222	0.2577120749431436	
10.174026016358265	2.5241573577354326	0.09324374774912471	-0.4136844707708604	0.9478377313168451	0.27662187152604417	
10.295133501868962	2.4070125353067646	0.2189241178690444	-0.4283586202430233	0.9924068547051446	0.2960676702518556	
10.431934923703745	2.266790467245663	0.3427825628093183	-0.44598554229845583	1.0355028372312807	0.3161910718813021	
10.58407135810197	2.1051284117510765	0.4584727279457501	-0.46629418533776046	1.0773954543412705	0.3372376598713724	
10.75084895966093	1.9250052169089105	0.5591142374924785	-0.4888102646795317	1.118699246450081	0.35954582000537544	
10.931375134616626	1.730962529327789	0.6376186723227076	-0.5128757948202527	1.1603542955467072	0.3835296528517672	
11.124743398500915	1.5292768886207202	0.6870534172518578	-0.5376932604612984	1.2035779791848211	0.4096569834547851	
11.330259020777476	1.3280487029728958	0.701003680567258	-0.5623938082772196	1.249789211820331	0.4384235352629271	
11.547682341501483	1.137154962856754	0.6738839717647416	-0.58612624730887	1.3005090131759756	0.470324072561565	
11.777449706278956	0.9680352317802303	0.6011618561930412	-0.6081571961836436	1.3572485304226936	0.5058217244363554	
12.020833768546506	0.833301968702281	0.4794956096840384	-0.6279721333645634	1.4213951861263354	0.5453158188587294	
12.280004476623024	0.7461619765982881	0.30680563140770756	-0.6453664235642209	1.4941060261130603	0.58910881293867	
12.557959126508887	0.7196495236506284	0.08231402837459062	-0.660514758381623	1.5762166431207414	0.6373737738606816	
12.858301872550912	0.7656877672072703	-0.1934089283863485	-0.6740080938265678	1.6681718021668677	0.6901245903227662	
13.184865063649326	0.8940088358550285	-0.5183547974646535	-0.6868489268437774	1.769980268101532	0.7471911412886195	
13.541178839180617	1.1110182528208785	-0.8889294251063067	-0.7003941337783185	1.8811970993712588	0.8082032592624607	
13.929829214327595	1.4187459123131354	-1.2997508165138993	-0.7162435045849108	2.000931535482275	0.872586049955392	
14.351746867499472	1.81400088248635	-1.743405192334941	-0.7360806364899561	2.1278735061389313	0.9395664678621192	
14.805476258375668	2.2878579007290902	-2.2102001874064237	-0.7614761588026441	2.2603343709311963	1.0081914574221778	
15.286487913310209	2.8255744035014474	-2.68796860017479	-0.7936706547229437	2.396296123977352	1.0773566213266872	
15.786605551605309	3.406989445235998	-3.161991658955974	-0.8333594543362599	2.5334631646348194	1.145843432388225	
16.293615808869173	4.007396683301082	-3.6151214697368084	-0.8805015432856522	2.6693110453408337	1.2123624279340424	
16.791157294399717	4.598858273165529	-4.028211394107737	-0.9341797225983324	2.8011290910268962	1.2755997735980165	
17.258955510852616	5.151832485266445	-4.380926478717709	-0.992532766041231	2.92605463988176	1.3342630057201563	
17.67340860252724	5.636988214153034	-4.652946330750123	-1.0527604236634274	3.041099551756269	1.3871227510751014	
18.008544331888928	6.027134441815121	-4.825533443882357	-1.1112023704335157	3.1431735130007272	1.4330481576086411	
18.237336482287763	6.299176375688892	-4.883359265013426	-1.163487434627038	3.2291099040714837	1.4710343184278345	
18.333330878551752	6.435982993134667	-4.816396913790731	-1.2047468691717693	3.295701182511013	1.5002211838661346	
18.272493251533387	6.428020346547584	-4.621625167958878	-1.2298848262790694	3.3397511662422987	1.5199050521897517	
18.0351130594787	6.274485895849335	-4.304168739762836	-1.2338990161743841	3.3581499439494085	1.5295438883453396	
17.60751449420145	5.983647498886825	-3.877516967913947	-1.2122317487056464	3.347969402287216	1.5287588517998592	
16.983437118146714	5.572302323745927	-3.362754860396483	-1.1611334476066026	3.3065729046292147	1.5173364919066523	
16.164979760691672	5.064366225142849	-2.7868862436639583	-1.0780183068778313	3.231731201662495	1.4952340844761154	
15.163023288096104	4.488775865751426	-2.1805024873048198	-0.9617836446460433	3.121738255505074	1.4625881016637947	
13.997062339891794	3.8770018633332826	-1.575145917456106	-0.8130585434773528	2.975523646408101	1.4197212779748647	
12.694404013762197	3.2605039307915242	-1.000720391234568	-0.6343473429016429	2.7927612026434394	1.3671391978159324	
11.2886947326872	2.6684328010945646	-0.48326520989173044	-0.4300245442033926	2.5739657835560887	1.3055039903624517	
9.81788610560599	2.1258453949439295	-0.04335265092599427	-0.2061557731168737	2.320557177713358	1.2355802115662684	
8.321909608619405	1.6524899928122485	0.30485826764851376	0.029830975071265576	2.0348743302130217	1.1581639807557649	
6.840305593589156	1.2621174658868413	0.5539468322371697	0.2695965001488962	1.7201223453677428	1.074014269313021	
5.410070189153078	0.9622419471679923	0.7029956772334757	0.5044192484783616	1.380247720366294	0.9838056613039435	
4.063933762451775	0.7542857002872335	0.7568617030598455	0.7257495520703439	1.0197499202099656	0.8881136551590689	
2.829190663311792	0.634079271303317	0.7250199685925836	0.9257390503166654	0.6434466180811583	0.7874310281842413	
1.7271357492378727	0.5927396236997303	0.6200537554101093	1.0976956325255185	0.2562144235695351	0.6822031735611317	
0.7730800566733221	0.6178689804465322	0.4559838259200839	1.2364125038541662	-0.13726196909833532	0.5728653577659895	
-0.023243005471928355	0.6948780264048455	0.2466931962311246	1.3383636157978802	-0.532705147941108	0.4598688743974772	
-0.6570164566289663	0.8082738375561245	0.004622920012787331	1.401771302719474	-0.926409348167419	0.3436895924469945	
-1.1275357692749803	0.9427771630088246	-0.2601310675824416	1.4265655125315255	-1.3153446319726279	0.22481629767545433	
-1.4373398241458624	1.0841952181398966	-0.5402570936563863	1.4142628570654256	-1.6971992261883093	0.10372000382315502	
-1.5913253692699592	1.2200429024540467	-0.8312064778980457	1.367796804641165	-2.07036561470919	-0.01919122864802942	
-1.5958696412215008	1.3399424604807606	-1.1307552599112962	1.2913208943764982	-2.433878364152231	-0.14362378559473624	
-1.4579993802335944	1.435840343316151	-1.4382498503335304	1.189999320816534	-2.7873158234402426	-0.2694431485075287	
-1.1846499939241146	1.5021175418798993	-1.7536912796685615	1.0698004565479466	-3.1306855179510196	-0.39670010824773033	
-0.7820398077744419	1.5356376708861736	-2.0767664804156594	0.9372861817529992	-3.464301241091009	-0.5256286695668305	
-0.25520070846126475	1.5357572731397602	-2.405919077846517	0.7993883658763066	-3.788656270246629	-0.656608993295668	
0.39228975947929656	1.5043030795597896	-2.7375283496052525	0.6631630474745468	-4.104293022722532	-0.7900932327962402	
1.1583354225703828	1.4455066489558432	-3.0652361704012434	0.5355136067427947	-4.411665805720234	-0.9264966220336042	
2.04207134663043	1.3658687310380224	-3.379451394746846	0.4228771548743772	-4.710991402038701	-1.0660602906923853	
3.0433248131091064	1.2739142783874207	-3.667081911127998	0.33088616315622565	-5.0020888579858465	-1.208701733958558	
4.161829284102253	1.1798315645959474	-3.9115003930538172	0.2640192264628596	-5.2842108767041	-1.353868950874908	
5.396239472986657	1.0949690025006624	-4.09278809666071	0.22526197022763197	-5.555874198584607	-1.500413515062307	
6.7430204258506805	1.0311730105411245	-4.188304796218229	0.21580743935044502	-5.814701513391103	-1.6464974308907772	
8.195301700860501	0.9999611993013796	-4.173623854268077	0.23482995723757347	-6.057290823966349	-1.789546470836219	
9.741792176105337	1.0115357331343537	-4.023859544098584	0.2793660256701417	-6.279129158515031	-1.9262592981525213	
11.365866520911664	1.0736596314904363	-3.7154094449259327	0.34434065121631413	-6.474571775087321	-2.0526814093339336	
13.04499881177991	1.1905010987613922	-3.2280481796499423	0.4227816209948605	-6.636914898628617	-2.1643512615208453	
14.750627654290993	1.361558634092073	-2.5472647432035775	0.506212705706485	-6.758567189088871	-2.2565100657287727	
16.44855361127505	1.5808094299499782	-1.6667017768504988	0.5852202356716689	-6.831329734569976	-2.324370089221823	
18.099941198526125	1.8362436284290538	-0.5904888595827992	0.6501681236961857	-6.846786539372621	-2.363430087723125	
19.66294312628913	2.10993540822475	0.6647816750037917	0.6920166267352813	-6.796796587799164	-2.369819591409745	
21.094909675056215	2.378772240476935	2.0687078370047782	0.7031872741115017	-6.674071206661956	-2.340649795887955	
22.35509002127738	2.6159341775007308	3.576674630734965	0.6784031614773505	-6.472812544976956	-2.274344120460435	
23.407500720416067	2.793068636188242	5.130760560659887	0.615373512982784	-6.189335093661967	-2.1708957376964193	
24.223837002493024	2.8831748484873008	6.6622091024367975	0.5152685366860721	-5.822675708301594	-2.032047005571172	
24.785326042393887	2.8631989440639534	8.094854935497239	0.3827765905192887	-5.37491434231285	-1.861288965559516	
25.085503530003745	2.718253122996253	9.351386200046992	0.22605507433596586	-4.85178162816315	-1.663881559182753	
25.12842111970546	2.44187440121778	10.357601422028049	0.055707696222865	-4.262029496857013	-1.4463793208064888	
