25.899334316089284	2.470049495101469	11.79535025725493	0.0742671078025771	-3.9741764553711545	-1.2481360176237797	
25.546289303417694	1.987693226740556	12.337569154568149	-0.0986687591912167	-3.2978352754366957	-1.0304015231065633	
24.97773982879492	1.4301211501643263	12.484873021662597	-0.25497049764118157	-2.5956641549445703	-0.8134605919696014	
24.233291250789534	0.8301061168648337	12.231220480474862	-0.38552308866243895	-1.8854820735614528	-0.6046080553808056	
23.355958445986314	0.22387615618917175	11.594947366361582	-0.48334914455762407	-1.1850263880812892	-0.41048015898205265	
22.390688252664674	-0.3505890616388018	10.624622939328269	-0.5445729157895146	-0.5111223142399643	-0.23654816332278747	
21.380354719960877	-0.8577901346387257	9.392039366438594	-0.5683694206741055	0.12139058609697216	-0.08682020425522567	
20.36309875493572	-1.2672400153434369	7.986893551083116	-0.556816652627467	0.7003729915491193	0.036379377468519096	
19.36965674802816	-1.555660474684797	6.5076244185082235	-0.5143451011033695	1.216878998705281	0.13247601659471714	
18.42160648680206	-1.7081368046934604	5.051290470250816	-0.44700734013743243	1.6652725778659352	0.20255624873565534	
17.53078802378289	-1.7184887714172534	3.7038391764547987	-0.3617030265154205	2.0430224121570353	0.24914879470715634	
16.70006286195938	-1.5891371054595693	2.5323734011168475	-0.26547142651334976	2.3502875314335205	0.27591881165982873	
15.92537039248087	-1.3306057029386473	1.5805994650920905	-0.1649172225951292	2.5893947798728236	0.287304460760254	
15.198680047942949	-0.9607044272523603	0.867947037929846	-0.06581803578644367	2.76430665383792	0.2881263602433997	
14.511163982873263	-0.5033424504879599	0.3919599688286594	0.027067032570078815	2.880145038984439	0.2831925810241154	
13.855778899872217	0.013124389667999316	0.13289125640795182	0.10999794044565449	2.9427843548701453	0.2769158491623706	
13.228655846347385	0.557884502019001	0.05901993742102588	0.180129416004092	2.9585096219083837	0.2729766080876487	
12.629374145044606	1.0997560894289624	0.13159054205135576	0.23537276982190208	2.933736513711677	0.27405474898790844	
12.060455294943846	1.6092908103822943	0.30912893920054524	0.2743118279746301	2.8747855175305794	0.2816544799687158	
11.526433200281396	2.0608133899150602	0.551008643813384	0.29620027890529926	2.7877093902503005	0.29604613731473695	
11.03280435191203	2.4342833383076052	0.8202246226504915	0.30102358568372045	2.6781697828840687	0.31633836787800157	
10.58505044484512	2.7167890351564647	1.0853660102934835	0.2895708613836077	2.5513548359268796	0.34068228490211966	
10.187853219396256	2.903310465323554	1.321708254916181	0.2634384533626766	2.411937458270492	0.36658929750138614	
9.844539520462558	2.9966806450087513	1.5115848631406987	0.22493760491802972	2.264064331403409	0.39129469124400773	
9.556737965657318	3.006770044389053	1.6442020322821693	0.17690881751892085	2.1113691656152556	0.41211697413826553	
9.324238636007639	2.948985825394894	1.715017840155611	0.12246582374972076	1.9570039311494871	0.4267695828989531	
9.145046192464385	2.8422764275820183	1.7248057790100877	0.06470718164999477	1.8036803412122402	0.4335912447668312	
9.015609013344735	2.706894568667771	1.6785130855813808	0.0064378028618042715	1.6537139347771708	0.43167797111415784	
8.931202433638589	2.5622420238825048	1.583987037467551	-0.0500497497849699	1.5090700927454384	0.4209049195834528	
8.88638090540596	2.425141401606819	1.450739350968092	-0.10309937777448343	1.3714086708648423	0.40185709347605836	
8.875420459898898	2.308646920902253	1.2888645475887026	-0.15172189227527522	1.2421252565574437	0.3757016921256718	
8.89270272403306	2.221419280682053	1.1081667891252982	-0.19554286302850132	1.1223889026330325	0.3440254507757839	
8.933005325467308	2.167642145362134	0.9175290633086597	-0.23468898333810995	1.0131743334738708	0.3086601019440583	
8.991684405254235	2.147409373556808	0.7245213121408318	-0.26964001388846476	0.9152864203038251	0.2715151952964786	
9.064746253194263	2.157506527567752	0.5352324768731598	-0.30107313516372447	0.8293762042101306	0.23443305433498435	
9.14881731408017	2.19243832408747	0.35430535410701064	-0.32972864646847666	0.7559487818682493	0.19908013782097866	
9.24105185286471	2.2454808384181737	0.1851055427619306	-0.3563140783859055	0.6953621645739635	0.16687607013109682	
9.339012223439518	2.3096225683025144	0.02997348142505755	-0.3814467789656481	0.6478187941499115	0.13895572773857742	
9.440557552939252	2.378280022815327	-0.10949383554939858	-0.4056288764951571	0.6133516159791254	0.1161583584512672	
9.543771020695564	2.445727292083058	-0.23218051991221292	-0.4292432062895134	0.5918072841104192	0.09903593667702067	
9.646943270971997	2.5072473641576547	-0.3372440679648133	-0.4525569197323038	0.5828296767807571	0.08787290255147454	
9.748604182591292	2.5590726657556697	-0.4239777263396815	-0.4757240596161449	0.585850624536809	0.08271386444111029	
9.84757444764507	2.5982480744867207	-0.4917387141681792	-0.49878404933531467	0.600089594306636	0.08339295608236169	
9.943004243348119	2.622509075891317	-0.539923854234092	-0.5216603550591519	0.6245636654155963	0.08956440851310357	
10.03437604529122	2.6302196111370066	-0.5679810513091409	-0.54416541472285	0.6581083949836319	0.10073519998774814	
10.121463474637045	2.6203767398127074	-0.575452470842998	-0.56601677966388	0.6994089107960262	0.11630033000181392	
10.20425452174667	2.5926593040305477	-0.5620535153445274	-0.5868667814203719	0.747040190213779	0.13558107494071783	
10.282861784825224	2.54746997294182	-0.527793045621891	-0.6063442231950551	0.7995164559384108	0.15786634587869167	
10.357453906153046	2.4859315713596333	-0.4731301070163759	-0.6240998530881829	0.8553467896896243	0.18245422547411771	
10.428230072082558	2.4098291447854154	-0.3991543574913574	-0.639847736687913	0.913095196616132	0.20869148273559718	
10.495444864200726	2.321498356198142	-0.30776621030174045	-0.6533968694909883	0.9714437853154184	0.23600915634395508	
10.559480727330918	2.2236709204319225	-0.20182704559491188	-0.6646690823016215	1.02925639429401	0.2639519018115346	
10.620957717614592	2.119292663979037	-0.0852510074732808	-0.6737017207586685	1.0856398426599712	0.2921993393926764	
10.680864476704203	2.0113336345594215	0.03699247554824882	-0.6806349566702313	1.1399980830895093	0.3205773349805863	
10.740684392470326	1.9026268415168663	0.1589879739687012	-0.6856862075429422	1.192070181962296	0.34905697309110173	
10.802501269016183	1.7957755486239249	0.2740737956000229	-0.6891183440669075	1.2419505976085745	0.3777436180148104	
10.869070238278043	1.6931629243919746	0.3751147546358363	-0.6912070316699139	1.2900885304653444	0.40685718874550164	
10.943843042811158	1.5970881891340982	0.4548218100226946	-0.6922132153467918	1.3372647598405667	0.43670541941221985	
11.030943062362434	1.5100322524854881	0.5060893635991676	-0.692366721188324	1.3845465062433815	0.4676523188774957	
11.135091905903872	1.4350295292794568	0.522325993439863	-0.6918665441553499	1.43322209398767	0.5000838751079499	
11.261490128823242	1.3760604755283823	0.4977447567764728	-0.690901796583641	1.4847178437590094	0.534373604213755	
11.415670748790587	1.3383504549972989	0.4275992894640766	-0.6896905931245699	1.5405072397227693	0.5708509487666537	
11.603329043577638	1.328477021206975	0.30837094070109666	-0.6885299547761319	1.6020178671892282	0.6097734934611165	
11.830122516548018	1.3542088695414625	0.13791387563198476	-0.6878467596547517	1.6705409726965257	0.6513039091635187	
12.101428712363061	1.4240394089871473	-0.08442995483659432	-0.6882377906855458	1.7471482560674618	0.6954923322122522	
12.422037017201337	1.546417178684466	-0.35772670890005676	-0.6904869144153903	1.8326181569196613	0.7422642175254829	
12.795751410721769	1.7287324728986093	-0.679355756703464	-0.6955459385838695	1.9273764673797902	0.7914149438800749	
13.224898287268195	1.9762151131528656	-1.044918628426305	-0.7044738824699186	2.0314539674187153	0.842611167644976	
13.709734492091174	2.2908791645770767	-1.4481394902602749	-0.7183384140616862	2.1444573291872966	0.8953972835400671	
14.247778665167186	2.670646101982361	-1.8807709391650405	-0.7380859765352586	2.2655524145267676	0.9492066408094986	
14.833114480585197	3.1087698408864832	-2.332525350416554	-0.7643927038796214	2.3934579345036724	1.0033766161744009	
15.45573032192258	3.593652808925381	-2.7910607989157916	-0.7975113325272634	2.5264462075643044	1.057166372354186	
16.10099915807142	4.109126235104922	-3.242077002285069	-0.837134129785724	2.6623492154087165	1.1097764240337973	
16.74947140070051	4.635213737549237	-3.6696042253149512	-0.8823021816057557	2.7985721046146597	1.1603689751075592	
17.377027508174997	5.149223559443315	-4.056518828240576	-0.9313701957205716	2.932109988040059	1.208087512999986	
17.955460181320724	5.627085999365448	-4.385325430110225	-0.9820314111125332	3.0595725292318097	1.2520757258588484	
18.453522499636257	6.044854002000866	-4.639203444059039	-1.031400634113236	3.1772218549956337	1.2914956354177325	
18.838438920043547	6.380291872989675	-4.803269457284488	-1.076147937929623	3.281030106233648	1.3255450281997916	
19.07786038508431	6.614496019895832	-4.865973989409151	-1.1126748397397301	3.3667643873235793	1.3534749068070837	
19.14213399658709	6.733372415417145	-4.820408749978554	-1.1373234558997447	3.4301069713833625	1.3746070535962542	
19.006631212446102	6.728789497365488	-4.665307557693303	-1.146597314648835	3.466805958836955	1.3883520957947997	
18.653914725983995	6.599272541374905	-4.405599685646146	-1.1373800211095533	3.4728489903999447	1.3942273058691943	
18.075505038250597	6.350137172319524	-4.0524239435453895	-1.1071382379168306	3.444646706280935	1.3918716249207044	
17.27303762750571	5.993053128937003	-3.6225964057884195	-1.0540979164751025	3.3792086361666183	1.3810549089254227	
16.25868999737433	5.545124468419168	-3.137591566885583	-0.9773913894096236	3.274297647027711	1.3616789823974962	
15.054728054806656	5.0275782088887855	-2.6220798524794398	-0.8771681360036708	3.1285464759624606	1.333767825385866	
13.692237528253706	4.46423372608721	-2.102167241807907	-0.7546617586825641	2.941532295246139	1.2974470929381614	
12.209295767398896	3.8798959156675394	-1.6035136623100008	-0.6122101318464774	2.713825115397849	1.2529148030061605	
10.648713016716016	3.298751958284631	-1.149489436299079	-0.4532078058057999	2.447011167127145	1.20040391994115	
9.055515483663225	2.742892158371732	-0.7595644639215652	-0.28197445483144074	2.143685225096896	1.1401406374583474	
7.474356055716791	2.2310716565970994	-0.44809768404085293	-0.10353356726902319	1.807399918821972	1.0723059786202063	
5.9470606315112775	1.777813099159785	-0.2236658032106583	0.07669318971552283	1.4425534548354682	0.9970131204709635	
4.51064482578896	1.39295654313884	-0.08907155979207769	0.2532421065905181	1.0542030085933805	0.9143139624915559	
3.1959478496433587	1.0816022476704696	-0.04192621712389482	0.4209605289279925	0.6478269209365994	0.8242351422567314	
2.0268966565291953	0.8444216464763716	-0.07569363275586322	0.5753199009582696	0.22905296382405474	0.7268340750776003	
1.0203622033274797	0.6782865927700201	-0.18102120696017926	0.7126547302384632	-0.19662311492375217	0.6222611372310263	
0.18651214609889133	0.5771170355025697	-0.34714053045864446	0.8303049978935547	-0.6241022170680817	0.5108134118264177	
-0.4704687225284584	0.5328087395938429	-0.5631289797249817	0.9266574841577635	-1.048907354076587	0.39296816510046717	
-0.9513621440134415	0.5361045269544267	-0.8188472446581505	1.001088063916727	-1.467339505780019	0.2693852166528649	
-1.2607897819583729	0.577293361915975	-1.1054618252315669	1.0538482277812884	-1.876555196353349	0.1408779470500273	
-1.4060685982498287	0.6467412138743401	-1.4155887870360555	1.0859344146636987	-2.2745731125608106	0.008358598371757809	
-1.3960932792296996	0.7352897863144597	-1.7431178318348168	1.0989632926626443	-2.660217154985165	-0.12723390935295759	
-1.240295298804701	0.8345633989504209	-2.082793159592724	1.0950682645870984	-3.0330083826276883	-0.2650117823187103	
-0.9477165772946032	0.937226845316651	-2.4296308915096625	1.0768221629315256	-3.393020563778745	-0.40420838108341084	
-0.5262491451292466	1.0372155545329567	-2.778248310185007	1.0471767212953493	-3.7407088925990606	-0.5442241736878721	
0.017877818334453743	1.1299338642198216	-3.122200966914954	1.0094032012442764	-4.076727513414244	-0.6846340758323143	
0.6803343208564817	1.2124214432888363	-3.45338491116727	0.967018975859047	-4.401747212189171	-0.8251533523614522	
1.4586281569895445	1.2834687218449008	-3.7615460291292835	0.9236831974273383	-4.716274821620969	-0.9655637716995175	
2.3517445475828636	1.3436635698534074	-4.0339395010113135	0.88305088657315	-5.020477132160368	-1.1056074541840157	
3.359509366774667	1.3953545382484358	-4.255178906663263	0.8485797780230636	-5.3140104637155225	-1.2448600668813596	
4.48170755810982	1.4425081965872462	-4.407328524029149	0.8232887162878739	-5.595856646462806	-1.3825977347070029	
5.717042190247608	1.4904196847137903	-4.470315926142771	0.809490209141662	-5.864180664595774	-1.5176818313640794	
7.062038854484688	1.5452751359571648	-4.4226553841943135	0.8085228474048111	-6.116213061826774	-1.6484760398750997	
8.509971046155474	1.6135476861856262	-4.242497430702419	0.8205129778949004	-6.3481674226503575	-1.7728057783949507	
10.04989318954416	1.7012303405657854	-3.909005483912267	0.8442001019554076	-6.555207139083996	-1.8879678721358095	
11.665869223991702	1.8129365918742864	-3.4040403462024234	0.8768592928143092	-6.731476029663092	-1.9907945206496926	
13.33647398737179	1.9509168110447745	-2.71414063937633	0.9143492671553829	-6.870207812080629	-2.0777733819564004	
15.034735483354588	2.114131104370337	-1.8326453499873938	0.9513265723873553	-6.963939860557142	-2.1452252385886834	
16.728571290245732	2.2975403364785345	-0.7617519979042796	0.9816152323389828	-7.004826679873825	-2.189524011181061	
18.381733726652186	2.4917430857687433	0.4856645196551897	0.9987089848498074	-6.985046426601796	-2.207346268597367	
19.955277783757822	2.683085965406757	1.8847097963860355	0.9963773330365991	-6.897289779862476	-2.1959355537334555	
21.409506887899667	2.8543390111831752	3.3978525036658027	0.9693280049527592	-6.735310426305869	-2.153363447426948	
22.706296743065014	2.985967527812182	4.975232412180464	0.9138693067761768	-6.494511131669812	-2.078770335543032	
23.81159177847107	3.0579698100143156	6.556166854112437	0.8284821996961248	-6.172508639115329	-1.972556311396786	
24.697893040393918	3.052235939672732	8.07219277137482	0.7142161439039525	-5.769643699112713	-1.836505242473862	
25.34576591687077	2.9545053417793405	9.450582382342974	0.5747530654634307	-5.289189649690353	-1.6737709331229225	
25.74639946524605	2.757670655099016	10.620963052355643	0.4164488189869019	-4.737851938506936	-1.4889148746744354	
25.89969857897556	2.46132704700703	11.518261007286908	0.2475190508708746	-4.124999080257	-1.287501028825779	
