24.472612132673152	1.5858450477988382	11.377724214875926	0.0883461331890596	-3.7768814903582006	-1.2594632074258834	
24.170714013502696	1.1980471909702377	11.80296314004111	-0.0496587103917603	-3.133510469840242	-1.0480996105380964	
23.692652906477182	0.756558956638337	11.869065860303623	-0.17385447299875753	-2.4650029973885785	-0.835728870519145	
23.070356571757173	0.2863964682842766	11.573247084464642	-0.275661210745187	-1.7871245372347027	-0.629405393345614	
22.33777398987663	-0.18459985512934124	10.934369793122622	-0.3481491323880221	-1.1156931167005144	-0.4356291105042512	
21.529460872711844	-0.626851242416853	9.998089977209359	-0.38690040035338197	-0.46591811356933865	-0.2598781165300826	
20.67750341418964	-1.012111887831377	8.8305289605327	-0.39014000024353834	0.1485224240807911	-0.10630383654379244	
19.80952436598616	-1.3153475839820945	7.513424187321002	-0.3587551087880149	0.7160919758402085	0.022489608182011487	
18.946863315243974	-1.5165013163177588	6.135843487795625	-0.2959805798826426	1.227839343581694	0.12553029454922326	
18.10363585412641	-1.60164682636341	4.785111275669546	-0.20689161482366342	1.6775410385852079	0.20342226111223005	
17.28685812270553	-1.563704572975814	3.5382243556026136	-0.09780626005457807	2.0615921302808835	0.2581698991948288	
16.497695506299312	-1.4028650190441083	2.455168830603435	0.024307400060792017	2.3787379569383376	0.29291950722047855	
15.733671702233417	-1.1267342883652038	1.575101187259506	0.1523631409038793	2.6297254243538255	0.3116405473795049	
14.991356444551805	-0.7501313826275365	0.9157134350020775	0.27958375034668714	2.816946150388123	0.3187709194546173	
14.268857285985758	-0.29440597265153784	0.4753375880286468	0.39980391986680097	2.9441149967413804	0.3188450324956959	
13.56740397483554	0.21387920034504296	0.23683179732885662	0.5076539689796965	3.0159822866656283	0.31612032967386516	
12.891658379749332	0.7448269071146395	0.17202680755254726	0.598660062459863	3.0380662747042826	0.314238755888865	
12.249027645516033	1.2673929967856732	0.24586763374726686	0.6693277424215529	3.0164083044367787	0.3159511604135915	
11.648403749696037	1.7517543624821792	0.42010665456240537	0.7172412479678422	2.9573459190731914	0.32292951669662273	
11.098739952972949	2.1716877087649777	0.6564824879488071	0.74117716747934	2.8673069562036444	0.335689421834147	
10.6077876810978	2.5067501051080794	0.9193620609672907	0.7412015190504948	2.752626387889679	0.35363495237985054	
10.181182893335402	2.744001766887139	1.1778247546592358	0.7186977658323034	2.6193841369507287	0.37522798644437694	
9.821978105040618	2.8788722630855714	1.4070503563117873	0.6762622758051028	2.4732696460590913	0.39826988102544164	
9.530534614054133	2.9151174928814374	1.5890447392650289	0.6174766948326748	2.3194733608680442	0.42023652386119803	
9.30466668401449	2.8639309319812076	1.7127745428938002	0.5465845018619452	2.162603437753753	0.4386213482800799	
9.139962486272474	2.7423395375236965	1.7737745832067562	0.46811211508905354	2.0066281108451465	0.4512439799053878	
9.030225707095545	2.5711021755437455	1.7733227552266688	0.3864829270161872	1.8548436222204143	0.45648843675883066	
8.968001536043804	2.3723701787058675	1.7172996026518743	0.3056678097333969	1.7098658494576995	0.45344871869045444	
8.94516294920488	2.167425606277407	1.6148289979069939	0.22891932886510336	1.5736523454130478	0.44196377375150303	
8.953486711587281	1.9748524589062457	1.4769075130226736	0.15861847103682772	1.4475508796895442	0.4225554433471343	
8.985160783652823	1.809272843742128	1.315163929453023	0.09622659618831951	1.3323666821043123	0.3963014403546522	
9.033180675835359	1.6806852578048614	1.1408188356627327	0.04233008751990756	1.2284449170807863	0.3646688365998859	
9.09160679861408	1.5943804169975035	0.963893893325942	-0.0032432694297136718	1.1357619469561784	0.329334368114645	
9.155683148816696	1.5513473280441317	0.792680492364608	-0.04126229237555082	1.0540186506302922	0.2920141944776473	
9.221834285755754	1.54907001270754	0.6334659810756852	-0.07290842822839273	0.9827314250125957	0.25432123271388624	
9.287570097998058	1.5825478536779662	0.49051193179342545	-0.09959738715708155	0.9213147503806595	0.21766632140935163	
9.351349254960601	1.6453149385942663	0.366214736295299	-0.1228289958373115	0.869149385015991	0.18320353305162715	
9.412425722204032	1.7303384441875147	0.26139783096516434	-0.1440696758244182	0.8256351459519442	0.1518134392435995	
9.470699467859944	1.830701519896211	0.17567782716132122	-0.1646679576060095	0.7902269454343978	0.12411599505699314	
9.526586469194665	1.9400223629519742	0.10784719180965553	-0.18579820391965177	0.7624541392393569	0.10050265431463694	
9.580913598724548	2.052611910026363	0.056229220543550125	-0.20842408816562136	0.7419246601247297	0.08117728233888093	
9.634829295114947	2.1634177967502275	0.018977267849376762	-0.2332765795404781	0.7283157326618869	0.06619802367099001	
9.689720813213619	2.267868264158116	-0.0056966596215724235	-0.26083963394342563	0.7213559465667398	0.0555119485781993	
9.747124121041535	2.3617165080088713	-0.019354705348821864	-0.291342243749482	0.7208020829060189	0.048981546687635436	
9.808619536914904	2.4409549009294715	-0.023222840182118374	-0.3247589849858563	0.7264135184125455	0.04640432172563231	
9.875714729039569	2.501836118225364	-0.018137553612896404	-0.36082193670453333	0.7379271833916455	0.04752763696690674	
9.949723235291708	2.541003643419393	-0.004553419825682598	-0.3990464422633893	0.755035960996658	0.05206145196949681	
10.031657497961811	2.5556922197350627	0.017376723959158392	-0.438774024334483	0.7773745503847558	0.05969170021116298	
10.122157025031784	2.5439335242908743	0.0476518765230619	-0.479228378194224	0.8045162342900225	0.0700953054777414	
10.221457680209577	2.5047244356178426	0.08621955618330997	-0.5195776665802413	0.8359815544131305	0.08295688025217585	
10.329402146899662	2.4381336481624056	0.1327415719728965	-0.5589974666984258	0.8712591608722787	0.0979866161173931	
10.445485431387514	2.345340271081707	0.18636085554641657	-0.5967280297541676	0.9098375399217844	0.11493823431555808	
10.568926301784423	2.2286136643651253	0.24550331726716673	-0.6321208703506639	0.9512450732668601	0.13362580143356395	
10.698759451218555	2.0912472558625343	0.3077518101006999	-0.6646708309814852	0.9950944247510211	0.15393789335057306	
10.833947107639826	1.9374609397059772	0.3698263849937038	-0.6940307013922401	1.0411235231130576	0.1758468115077645	
10.973511736657246	1.7723028474253266	0.4276613966272814	-0.7200123517856143	1.0892276023491647	0.19941276538329664	
11.11669589769075	1.6015594746850408	0.4765647299926148	-0.7425782708710705	1.1394776536791758	0.22478249172976247	
11.263148396230905	1.4316820172874778	0.5114346810748578	-0.7618280319097348	1.1921217687666306	0.2521819984219941	
11.413127913279922	1.269734426377737	0.5270048710666095	-0.7779845051666638	1.2475678019956786	0.2819033577113007	
11.567707974773464	1.1233646329485505	0.5180904028778566	-0.791384395382673	1.306347505715212	0.31428534917677653	
11.72894023511045	1.0007792250562035	0.47980807779704054	-0.802475367153088	1.3690642277274698	0.3496877834906419	
11.89994766609197	0.9106847642479007	0.40775789968065307	-0.8118214860081713	1.4363325691211772	0.388461524980087	
12.0849282078847	0.8621327224249322	0.2981730945282952	-0.8201146488193999	1.5087163055531683	0.4309158197220648	
12.289050461914018	0.8642032875809257	0.148049326171852	-0.8281866567786237	1.5866703666761293	0.4772851144106098	
12.518228371116724	0.9254834451842184	-0.044731899843420415	-0.8370141917679225	1.6704920661998508	0.5276979380968878	
12.778761527968511	1.0533198513223023	-0.2812630916704271	-0.8477068682445213	1.760284617541556	0.5821498170562956	
13.076825721666163	1.2528994363576162	-0.5614395465414851	-0.8614653235598222	1.85593645296813	0.6404835037329165	
13.417833724988398	1.5263087699371087	-0.8837460060536341	-0.879502650848093	1.9571157205327536	0.7023784038270774	
13.805689268247024	1.8717096731886025	-1.24499101153513	-0.9029305885852428	2.0632742056815707	0.7673480247122161	
14.241968559607379	2.28277068400571	-1.6400068376078953	-0.9326173421430982	2.1736563402396607	0.8347452664743766	
14.725085922363016	2.748463350730111	-2.061349857660728	-0.9690309045802065	2.2873080597594466	0.903774563401645	
15.249508261146087	3.253279018334843	-2.4990502185713974	-1.012085365400357	2.403079975259798	0.9735092988858031	
15.805112009438275	3.777888265842292	-2.9404910071145864	-1.061012989286753	2.519620332130769	1.0429133206992394	
16.376841372186973	4.30019019531549	-3.37053694302911	-1.1142942077993931	2.635357253825825	1.1108655413955584	
16.944700643894535	4.796571951992048	-3.771959084034302	-1.1696520589986887	2.748470258150648	1.176185250992606	
17.48414158082477	5.243292189780109	-4.126208530029418	-1.2241146375390726	2.8568566844720418	1.2376582566245506	
17.966886043944942	5.617915665212413	-4.414547360966024	-1.2741418300979175	2.958101013124206	1.2940636109198433	
18.36219627362053	5.900745830618451	-4.61949141625335	-1.3158062247940463	3.049456746717638	1.3442006145534153	
18.638597200318564	6.076230325459795	-4.726478339095491	-1.345016808923388	3.1278518181618034	1.3869161828117809	
18.765974948050683	6.1341988955875975	-4.725509964450741	-1.3577695153768023	3.1899333224195794	1.4211316248448271	
18.717826499401866	6.070797247356071	-4.612484040291867	-1.3504009472420653	3.232154561920543	1.445868518939768	
18.473460431803247	5.88897843854968	-4.390013078954595	-1.3198339494461904	3.2509022609293625	1.4602740664677232	
18.019925224527015	5.598415531720502	-4.067589284460079	-1.263803259782631	3.242656129078822	1.4636456557343422	
17.353450810734653	5.214791673761237	-3.6610664582828583	-1.181049456411196	3.20416651202411	1.4554540339992137	
16.480253762741047	4.758538827182407	-3.191537051874004	-1.0714746883856572	3.1326352668284407	1.435364499414519	
15.416498366071925	4.253169608205521	-2.6837042268712934	-0.9362424481443912	3.0258803771798064	1.403252316248122	
14.187391751683053	3.723489200870211	-2.163972466443425	-0.7778085804178332	2.8824685574431985	1.3592079764999203	
12.825633733739233	3.193890017562343	-1.658467873260696	-0.599885874316194	2.7018199996371757	1.3035308419865788	
11.369363924330107	2.686808899875879	-1.1911394475318875	-0.407326757442892	2.4842840016790046	1.236709115169939	
9.859802698926112	2.2214194920689527	-0.7821169359641525	-0.20591317966988978	2.2311806397233456	1.159388076486887	
8.338790326283696	1.812609333607188	-0.4464708785002143	-0.0020503426367665632	1.9448004558559977	1.072332914435919	
6.8464221342306635	1.4702962419014736	-0.19349376394773324	0.19763035770719548	1.628347259802545	0.9763961428322719	
5.419071660937359	1.1991941077809802	-0.026631844807554667	0.3867173322642605	1.2858074775213506	0.8724990789968788	
4.087949380682635	0.9989967132634642	0.05602180096333794	0.559450139821693	0.9217623675688645	0.7616286131299267	
2.8782259375592547	0.8649822906732174	0.060748140812252036	0.7110879956922672	0.541153780626105	0.644841104055348	
1.8087107272170555	0.7889904032441107	-0.00312528419574265	0.8381722837200096	0.1490225047316376	0.5232637193190648	
0.8920209178751113	0.7606496085543974	-0.12470070366541328	0.9386561958374819	-0.2497563194249538	0.3980848247292033	
0.13513314252304715	0.7686808413109182	-0.2929152462058609	1.0118974428844716	-0.6507168730056444	0.2705277884920892	
-0.4597487485166523	0.8020639394114263	-0.49764682296068563	1.0585173347817267	-1.0499924694060212	0.14180614028641278	
-0.8941950419040918	0.850897841751368	-0.7303814440045612	1.0801840413502455	-1.4444336618501836	0.013063895592393966	
-1.1725224839684545	0.9069413548365854	-0.9844585275136408	1.0793707064508171	-1.8316563591632011	-0.11469379528685346	
-1.3007871842757504	0.9638667288939845	-1.2549503413505652	1.0591218471159416	-2.2100251090293064	-0.24067234636012216	
-1.28584439885866	1.0172828813538621	-1.5382597620645027	1.0228535874253977	-2.5785829753736915	-0.36435239705149797	
-1.1345046475374874	1.0646009369339038	-1.8315298086672243	0.9742000947661111	-2.9369430562438845	-0.485537838471616	
-0.8528207730143993	1.1047979568570367	-2.1319475136556414	0.9169043023925381	-3.2851513580502165	-0.6043735464544895	
-0.4455735207526107	1.1381388393434215	-2.436040708392158	0.8547419334771263	-3.623534772973236	-0.7213225062870638	
0.0840104847085793	1.1659074221022148	-2.7390266700879913	0.7914597521461292	-3.952544589550807	-0.8371034238132932	
0.7342779434402192	1.1901598022087696	-3.034247523188778	0.7307094241509863	-4.272595892748505	-0.9525901114777807	
1.504888757261078	1.2135106862618579	-3.31272594971295	0.6759629170100308	-4.583904850553584	-1.068678942310266	
2.3962833260191014	1.238956040169272	-3.562866665636901	0.6303987209621444	-4.886325243214016	-1.1861337505909242	
3.4088983195837543	1.2697243567829077	-3.770336398303536	0.5967514582617037	-5.179185661527184	-1.3054191344941393	
4.542210313281637	1.3091378450868147	-3.9181931059814334	0.5771349443182128	-5.461141859639992	-1.4265443036290788	
5.7937118579988365	1.3604584563501771	-3.9872630308047583	0.5728503146238564	-5.730048769692496	-1.5489316405954923	
7.157893347986275	1.4266862819968567	-3.956793236436035	0.5841979482476719	-5.982860217134009	-1.6713203449538865	
8.625307387862785	1.5102846680542426	-3.80540200008632	0.6103177383370145	-6.2155672837906915	-1.7917150640040036	
10.181789024638547	1.61281719867343	-3.512339136920707	0.6490842141699462	-6.4231865101789	-1.9073868517626076	
11.807891941383618	1.7344908664183132	-3.059082473635459	0.6970819112166222	-6.599809124811736	-2.0149315315930694	
13.478692612434111	1.8736552353673432	-2.4312178147388313	0.7497038417837424	-6.738735314788052	-2.1103971155060535	
15.164019891857794	2.0263389685054043	-1.6204683249096286	0.8013790069188917	-6.832693122818058	-2.1894717643631996	
16.829138103471934	2.1859107063307834	-0.6267449020606377	0.8459233793771046	-6.874140139082376	-2.2477241656252507	
18.435923456371494	2.342966689990253	0.5399780618006583	0.8770047322101984	-6.855645402339839	-2.2808881553213562	
19.944531582877715	2.485541191202974	1.8581927294799008	0.8886959324677948	-6.770342039858416	-2.2851780172962126	
21.31550830628294	2.5997056113893033	3.2940065480558904	0.8760806169627703	-6.61243670738722	-2.2576186544077728	
22.512208524190783	2.6705913172207865	4.801238507451744	0.8358450253215962	-6.377739167180785	-2.1963598094893078	
23.50340519727277	2.683864299866352	6.322801369909032	0.7667903848162488	-6.064201243856225	-2.100954870569798	
24.26505666950553	2.6270485751102304	7.792997178842304	0.6700601655281131	-5.672214436826074	-1.972478176369555	
24.783378889016916	2.491903061356161	9.141706693441687	0.5494807246124284	-5.205286773245606	-1.8137779420545472	
25.053335325991547	2.2744036409482757	10.29806376573273	0.410907444588789	-4.669470852344035	-1.629072296085723	
