23.720073230819924	1.961751517317308	10.938523435489108	-0.2896038989235687	-3.535056517363582	-1.140110902424299	
23.290552396342946	1.3906527416701413	11.293745117114302	-0.4276712286144256	-2.900896308990005	-0.9267868861480665	
22.701413714462117	0.7539006299331568	11.28937637545755	-0.5362643617921241	-2.2457220030680394	-0.7157164510321022	
21.987023880927907	0.08701978421042848	10.922806920327544	-0.6079101579172157	-1.585557470189276	-0.5138895718138353	
21.18373400853387	-0.5716886572212578	10.212697996260697	-0.6377820757152652	-0.9363399661738985	-0.32763360269512326	
20.328578715850878	-1.1830384865693842	9.204201417994689	-0.6246780552412535	-0.31316885855875787	-0.16214515477821917	
19.456315814251173	-1.711057958083622	7.963139208125566	-0.570702009828128	0.2706650822304229	-0.021240214362847416	
18.597368988906716	-2.1254849118636936	6.571818895163697	-0.48097127952365576	0.804340239129423	0.09284744444607934	
17.775765439398896	-2.403877515819092	5.121500873082893	-0.36288826231536514	1.279971597796048	0.17953388872922343	
17.007704735568755	-2.532670575725492	3.7037893188214484	-0.22525718132963024	1.6927398610537836	0.23982402009400056	
16.300953043440458	-2.5073920304271407	2.401867821127058	-0.07737397430283222	2.040716768620904	0.27613654387638475	
15.655232016611283	-2.3323104328463904	1.2828750897259669	0.07179710619296008	2.324473323555894	0.2920465054810607	
15.063701238082093	-2.019705535548049	0.392587553992072	0.21429222154745547	2.5465569591944233	0.2919650399824077	
14.515377833702413	-1.5889003418974676	-0.2467872107987416	0.34361088232800746	2.7109368657665764	0.2807808731069775	
13.998068475966118	-1.0650821845727871	-0.6355722899977415	0.4549486492586345	2.8224997468973685	0.2634848625350337	
13.50112230208277	-0.4777953101508089	-0.7928756508912607	0.5451913114977174	2.8866364116441985	0.24479428655701457	
13.017245675715555	0.14090371864151802	-0.7514810160942349	0.6127132803478287	2.9089275100700034	0.2288086868260554	
12.543197523656035	0.7584439258638204	-0.5527475509827707	0.6570952473635546	2.8949138868960578	0.21871956206422888	
12.079566820532206	1.343774442113412	-0.24197684261153588	0.6788462106237003	2.849933952844084	0.21659704318120332	
11.629961190620337	1.869327091997523	0.13553524337475048	0.679192453190328	2.7790204877811284	0.22327811602870604	
11.199953228265736	2.3128207032590686	0.5377051752886857	0.6599571754123346	2.6868485285085724	0.23837370378815628	
10.79603594669037	2.6587991459236857	0.9281189728681206	0.6235080150446689	2.5777218838517717	0.26040445603546736	
10.42472330536259	2.8995898628357017	1.2775984322804752	0.5727081190491418	2.4555867434825913	0.2870650242025321	
10.09183860235618	3.0355639817660443	1.5649606957406228	0.5108241099343104	2.3240540265128664	0.31556157731469386	
9.801963493792345	3.0746559177890433	1.777102315327331	0.44137062433638213	2.1864215195199974	0.34297529082432915	
9.55804407375239	3.031169477079591	1.908513796596409	0.36789645906613716	2.045690495051184	0.3666048336694838	
9.36116636364667	2.9239981313482497	1.960344094625846	0.2937363492921575	1.9045732785508456	0.3842457226746857	
9.21051577628249	2.7744592980960996	1.9391379536233346	0.22176188221706386	1.765489898655644	0.39437911340965076	
9.103545417309983	2.6040259597616755	1.8553288654782578	0.15418199514663478	1.6305590256841114	0.3962480244852491	
9.036304737087741	2.432347052906902	1.7217032046738459	0.0924341727013397	1.5015888829084916	0.389830951057737	
9.003852791764048	2.2757474733505227	1.5519962718565827	0.03717260685961515	1.3800722473006013	0.3757440714671773	
9.000699203446182	2.146286128270758	1.3597058584771493	-0.011653328013737446	1.2671895948503455	0.3550966655532805	
9.021218414505315	2.0513887416946797	1.1571849607881997	-0.054651098489538155	1.1638214938813591	0.32932496043868126	
9.059998220434649	1.9940074445921525	0.9550252950225105	-0.09279691165912177	1.0705691520997225	0.30002635521846654	
9.112097820284422	1.9732493172924135	0.761722956628019	-0.1272381710329465	0.9877826397383935	0.26881115204275785	
9.173200212680037	1.9853410645315317	0.5836115496393566	-0.15912214022134052	0.9155951406251271	0.23718847795673983	
9.239679771365001	2.0246907075776552	0.4249818855842711	-0.18947311329946215	0.8539571698003982	0.2064907801903853	
9.308610434885864	2.0848885976152887	0.2883318260892876	-0.21912157271210198	0.8026689169258769	0.17783299010914286	
9.377740801734449	2.159508566964243	0.1746878987147771	-0.24868081109232057	0.7614086439323948	0.15210025083449386	
9.44546049997055	2.242624012480826	0.0839442077926887	-0.27855846174587856	0.7297559035498452	0.12995561016257218	
9.510773852732935	2.3290264470176965	0.015179705885405907	-0.3089860292394069	0.7072096503464509	0.11185846428954815	
9.573273081739908	2.414204649709196	-0.033061340314787725	-0.3400517417427975	0.6932031264571661	0.098087941598674	
9.633101186309176	2.4942148279986105	-0.06253670300831962	-0.37172601334864774	0.6871162084812508	0.08876451000408125	
9.690889343740869	2.565540665600713	-0.07511127498889161	-0.40387986263733744	0.6882865059839625	0.0838691255020892	
9.747662243203882	2.6249961292206865	-0.07259850194453453	-0.43630019016103433	0.6960199373653717	0.08326100431342563	
9.804716271295444	2.6696907353091	-0.05664499416430623	-0.46870613387995863	0.7096012318532514	0.08669533968071844	
9.863483810933328	2.697052886398101	-0.028668852361355416	-0.5007695311638054	0.7283050615237514	0.09384225215153622	
9.92540213925778	2.70489157635966	0.01013417928752322	-0.5321403626839976	0.7514090099119946	0.10430872447605326	
9.991807562969104	2.6914780381808647	0.058716121222653454	-0.5624742720033742	0.7782092668532301	0.11766306951336251	
10.06386042757179	2.6556382156661367	0.1160469855345594	-0.5914593116258361	0.8080399300878217	0.13346123896822182	
10.142499303370768	2.596844889836835	0.1809473261818206	-0.6188396815341801	0.8402961833737091	0.15127451193376895	
10.228420623152289	2.51529606565715	0.25190783459250377	-0.6444342144512167	0.8744607789430343	0.17071729106921105	
10.322080096630806	2.411965346701111	0.3269234570430069	-0.6681477670869305	0.9101328156617425	0.19147355199577493	
10.423718131728583	2.2886066263470246	0.40337336200721696	-0.689973297319847	0.94705655534844	0.213319850651209	
10.533416713814594	2.1477034406286486	0.4779786936311889	-0.7099826979080255	0.9851451275990836	0.23614135318290166	
10.651189367533943	1.9923919099576326	0.5468369428801331	-0.7283083346781447	1.0244969548483118	0.2599402541883099	
10.77710346745809	1.8263901938366596	0.6055255288438219	-0.745117546614214	1.0654017537613478	0.2848357539576034	
10.911425902869947	1.6539732608605662	0.6492598132094359	-0.7605839783202721	1.1083336595108104	0.3110552765502173	
11.054776702998081	1.4800254053066095	0.673086896576943	-0.7748608557731624	1.1539301932676493	0.3389172394819577	
11.208272567204544	1.3101856505918301	0.6720989752111071	-0.7880621551793658	1.202956692096097	0.3688058821369146	
11.37363156413394	1.1510458663090934	0.6416468119981681	-0.8002588880728027	1.2562567659318453	0.40113892467984	
11.553227244422391	1.0103244499176673	0.5775371926629592	-0.8114938926949635	1.31469504126187	0.4363314332689854	
11.75008796779166	0.8969239157923166	0.4762113582575198	-0.8218144275576401	1.3790966021283757	0.4747579421081004	
11.967835085277693	0.8207850996626613	0.3349036090525591	-0.8313185270207643	1.450187407745148	0.5167150435860794	
12.21055290899079	0.7924757342012436	0.15178360421589643	-0.8402074309485845	1.528539829119312	0.5623868982217093	
12.482578426731477	0.8224810417224665	-0.07390555886887065	-0.8488338813605261	1.6145257248459959	0.611815490488421	
12.788191248039151	0.920221328294382	-0.34170949984593024	-0.8577309863960793	1.7082807975361367	0.6648791288629134	
13.131201637932778	1.0929364650978037	-0.6498185522209364	-0.8676077135414302	1.8096815541757298	0.7212814664816016	
13.51443631374797	1.344583322105209	-0.994904314277908	-0.8793060610683827	1.9183313375748479	0.7805500385270236	
13.939129618028538	1.6748910739655307	-1.3719429637051006	-0.8937192247117212	2.033553642763223	0.8420443100919157	
14.404246088961187	2.0787042653265337	-1.7740390708249631	-0.911676627615865	2.1543900832243876	0.9049722775267842	
14.905772043811018	2.5457010206430426	-2.192271807986515	-0.9338065439890226	2.2795996093940736	0.9684139675551553	
15.436044190388282	3.060557194058005	-2.6156099318628447	-0.9603918518640117	2.4076563902595716	1.0313504110115204	
15.983259236400183	3.603596232281758	-3.030979837569678	-0.991245961844004	2.536746639214663	1.0926959795964453	
16.53122418807866	4.151793645388904	-3.4235273663653545	-1.0256245502396437	2.664761186708909	1.1513305163443477	
17.05942701284642	4.680071708932984	-3.77713161522736	-1.0621840944097258	2.789286530961772	1.206130323108	
17.54348999688614	5.162809681371654	-4.075204664229633	-1.0989934426427412	2.907598733332062	1.2559968856682802	
17.956040788110133	5.575492837736685	-4.301777522221406	-1.1335987880419882	3.016666052240058	1.2998824200414156	
18.26802404729945	5.8964433270539995	-4.442847218717014	-1.163138845573653	3.113167862402539	1.3368119392283506	
18.450429641955253	6.108474109495654	-4.4878332505285945	-1.1845062060809357	3.19354228106017	1.3659006860393754	
18.476266988801335	6.200292781754779	-4.430919198653914	-1.1945353014776428	3.2540656979807157	1.3863679598896386	
18.322629226295867	6.167505320171515	-4.272073136691089	-1.1902039168778367	3.2909652652747923	1.3975490666283443	
17.972662687671274	6.013051470565932	-4.017551863435659	-1.1688355190273316	3.3005610156193943	1.3989064859932667	
17.417248395389997	5.746965681701598	-3.6797720320317424	-1.1282886874649138	3.279428154262056	1.3900411688538412	
16.65624941554475	5.385462506235792	-3.276540541447891	-1.0671244051771913	3.2245682289950794	1.3707047947344821	
15.699103107620282	4.949415694469569	-2.829693188647851	-0.9847372459414915	3.133571024967087	1.3408111520939703	
14.564639449442401	4.4625170729664285	-2.3633629916815315	-0.8814417469093215	3.0047496129407065	1.3004432290690502	
13.280229646185957	3.949401353856474	-1.9021125128732892	-0.7585201845807416	2.837250695555208	1.2498531492187275	
11.880315031488623	3.433885194989756	-1.4690813646740108	-0.6182242083015999	2.63114037258129	1.189450134958224	
10.40443271529912	2.937454286354716	-1.084317169220172	-0.463720126835402	2.3874632606180186	1.1197735543628715	
8.89488540897219	2.4780930845596734	-0.7634354918841592	-0.29896830020601006	2.1082687141727083	1.0414515577567722	
7.394207291489582	2.0695308556968617	-0.5167399233018066	-0.128528353869223	1.7965869594916803	0.9551509403718264	
5.942721300937058	1.7209726610124383	-0.3489538560928925	0.04270060811552429	1.4563291973820296	0.8615321262585847	
4.576478055950034	1.437189501046648	-0.2594999993401662	0.20976690361089712	1.0921214156320809	0.7612225831534686	
3.3257331692699146	1.2188809945937842	-0.2432739788186888	0.3679535405286635	0.7090801310027117	0.6548121490228345	
2.2140600289689734	1.063247868401827	-0.29181371688431007	0.5130377224558957	0.31254829035464166	0.542867027140897	
1.2580991873158316	0.9647148112544739	-0.3947081062558184	0.6414983531645354	-0.09218394216810916	0.42595435093668343	
0.4678526045556523	0.9157372677774245	-0.541053103986168	0.7506567833011717	-0.5001490173859514	0.30466736412658363	
-0.1525481765951095	0.907604307046521	-0.7207176897960103	0.8387335762943509	-0.9069284213047306	0.17964125760763675	
-0.6038290519181443	0.9311120393256825	-0.9252193070926421	0.9048377545335144	-1.308812806641952	0.05155368789572361	
-0.8904570314732471	0.9770810967498998	-1.148165691639897	0.9489148999672319	-1.7028930448520174	-0.07889129689712379	
-1.019494473859475	1.0367368545217663	-1.3852724907464118	0.9716743460661994	-2.087082534795815	-0.21099448564106343	
-0.9994949864411096	1.1019882787196442	-1.6340103624969224	0.9745138593478292	-2.4600776460373055	-0.34410327916581007	
-0.8394934113174076	1.1656537979559902	-1.8929673778422802	0.9594549313064604	-2.821269016689596	-0.47765687021383785	
-0.5481347721968545	1.221670458123643	-2.1610242452786386	0.9290876112504699	-3.170612972442939	-0.6112235476947956	
-0.13300695771331225	1.2653014842013717	-2.4364850074051985	0.886516170376993	-3.5084797890707624	-0.7445167836816103	
0.3998058966544053	1.2933518462473041	-2.7162639034216762	0.8352944746834575	-3.8354943785573403	-0.8773832020884433	
1.0459362783829211	1.3043724360648872	-2.9951831718399267	0.7793318419650771	-4.152371132826736	-1.0097587191069173	
1.802697097792202	1.2988248088222454	-3.265422473785153	0.7227546637056818	-4.459744545062278	-1.1415939355468476	
2.6687903051416564	1.2791764797396423	-3.516140332762758	0.6697133755804477	-4.7579950535356135	-1.2727542138139618	
3.6437553275393935	1.2498898117538217	-3.7332892075548307	0.6241279702651303	-5.047068125081628	-1.402903270494016	
4.727186543672686	1.21724708141211	-3.899695430623381	0.5893880300787391	-5.326297753173642	-1.5313892287164548	
5.917801747325718	1.1890079116176018	-3.99540597727343	0.568033915610484	-5.594240173406268	-1.657147582262247	
7.212419340910497	1.1738732163223122	-3.9983438286951745	0.561448877172566	-5.848527315009703	-1.7786315051955264	
8.604911571773581	1.1807431669056474	-3.8853054003593024	0.569599887532076	-6.085753862000292	-1.8937784452715554	
10.085206707750816	1.2177803468776087	-3.633314693439937	0.5908666159481039	-6.301412957909887	-2.0000192332174076	
11.638405222518312	1.2913042558301784	-3.221354392641945	0.621994105607327	-6.4898953884521715	-2.0943339662096236	
13.244178842923958	1.4046339077849344	-2.632408755339093	0.6582224202785791	-6.644583928370824	-2.1733626354986937	
14.876563169571257	1.5570441474973373	-1.8556618571253622	0.6935917903867025	-6.75804792963163	-2.2335633373616433	
16.504216229232405	1.7429709333855359	-0.888713424892068	0.7214029843778115	-6.822338933793085	-2.2714113796174815	
18.09122546164372	1.9516097400874985	0.26038684891703545	0.7348080277858208	-6.829387183917105	-2.2836318941402993	
19.598502626067088	2.1670340742018124	1.57151988795901	0.7274890848608915	-6.771489819148824	-2.267454528808356	
20.98574880075982	2.3689127929245264	3.011506579546967	0.6943750825790125	-6.641874625614999	-2.220877248451549	
22.213890089374086	2.533888424597846	4.5340861686746425	0.632316267571136	-6.435299205580651	-2.142913370128025	
23.247895460244944	2.6377001594430705	6.081211876156364	0.5406448120116291	-6.148671498133804	-2.0338081894625213	
24.058877599176835	2.6572312388649446	7.585340454097862	0.4214042040149189	-5.781414362211565	-1.8951213051552815	
24.627742601575484	2.5742514076088936	8.973598001983632	0.27968970424846246	-5.336247083531682	-1.7299340700834405	
24.94413412407705	2.375955419842696	10.171722562714727	0.1228798197132223	-4.818612720043981	-1.5425015423552757	
