23.02547834749702	-1.9997628633088855	-2.4736434501810725	-0.0536380533322889	0.4550147701022047	6.236334185814838	
23.02525280246216	-1.9729425167387815	-2.5293150492171477	-0.02567098636691799	0.4212917350732273	6.270837754024365	
22.98500639985284	-1.9452495020038238	-2.5780210086066804	0.009644995140082633	0.3867333472727359	6.298149752830598	
22.906209313327324	-1.9169331337410147	-2.6204753257600752	0.052052743453171506	0.351640035284087	6.31833245918275	
22.790331721011082	-1.8882427282310061	-2.657391998665732	0.10129511017692032	0.31631222768407896	6.331448150402004	
22.639004319590192	-1.8594866630056566	-2.689505794310847	0.15709123520147164	0.2810501174042567	6.337572469653522	
22.454442487773843	-1.8311884422946811	-2.7176271281599167	0.21907388947236348	0.2461530387174336	6.336829744941559	
22.23906545361926	-1.8039310392009065	-2.7425736762187665	0.28684534927604516	0.21191634164867212	6.329364857454619	
21.995538472466695	-1.7783339350232996	-2.7651284888221412	0.35997021877328544	0.17862220325585496	6.315355618740726	
21.726620108181606	-1.7550035321364357	-2.7860373539412633	0.43799599765923997	0.14654379979102258	6.294996490515082	
21.435201270962114	-1.734476492588633	-2.8059473305675984	0.5204405687006287	0.11593392693114903	6.268513461675027	
21.12418632256246	-1.7172154697560098	-2.825432732566262	0.6068092957449668	0.08703289533945335	6.236146727055701	
20.796435326927465	-1.703494321957115	-2.8449021233694096	0.6965873106694479	0.06005482545242933	6.198160804899828	
20.45473801282224	-1.6934664325177657	-2.864663051283792	0.7892491439012943	0.035198883356802886	6.154830837968656	
20.10169762216038	-1.6870333780945754	-2.8848163854207822	0.8842493324126823	0.012634626765069015	6.106449581988112	
19.7397786107405	-1.6839620523310868	-2.905348818773378	0.9810316211038603	-0.007484806601716349	6.05331669097	
19.37114555133009	-1.6837670062684755	-2.9260294111697607	1.0790194340796606	-0.025037641614483637	5.99574217042933	
18.997776575985995	-1.6858450529770088	-2.9465166222597943	1.1776262733769087	-0.03991919713285847	5.934039034793058	
18.62128321111363	-1.6893928421436346	-2.9662712162789546	1.276248304149099	-0.05205648121469161	5.868523471330649	
18.24306888855359	-1.6935276058344795	-2.984662132482252	1.3742751424553235	-0.061393553658579694	5.799510750191329	
17.86415279747257	-1.6972472953873685	-3.0009050736660154	1.4710869479169244	-0.0679052135328374	5.727312272933249	
17.485350235583155	-1.6995188913837256	-3.014154401979271	1.5660630615738138	-0.07158260449411268	5.652234627323413	
17.107119416417692	-1.6992803792057145	-3.023472654267038	1.6585846736137797	-0.07244552377753082	5.574573812747034	
16.729741019937137	-1.6954892866888895	-3.027899297338797	1.748039248600077	-0.07052883924317523	5.494617231997227	
16.353200457185554	-1.6871614881444474	-3.026452622755535	1.8338287655219492	-0.0658931142083623	5.412635451968927	
15.977348483508797	-1.6733794812151122	-3.018169647353489	1.9153690296585648	-0.05861228153899673	5.328886881417866	
15.60182526547138	-1.6533602786837147	-3.0021381885138028	1.9921029363826643	-0.04878243694523296	5.243607516721198	
15.226189425441953	-1.6264267282087943	-2.977505578182965	2.063494706909242	-0.03651104935837157	5.157018016071811	
14.849884691679119	-1.5920946241541314	-2.9435355041792888	2.129047455846364	-0.02192389141108058	5.0693119916579565	
14.4723302116516	-1.5500130267811392	-2.8995866815019493	2.188292806150875	-0.0051559254040841685	4.980665138648941	
14.09292588882673	-1.5000594428241447	-2.8451868677499914	2.2408119531457524	0.013643572868217156	4.891222751816906	
13.711101856979754	-1.442257237318515	-2.7799856544990904	2.2862211884929016	0.034318394651351426	4.801110489729748	
13.326355148873365	-1.3768676758092104	-2.7038371278848166	2.3241954939758105	0.05670193171702256	4.710421882938581	
12.938260555294105	-1.3042941060234807	-2.616732964286522	2.3544505000381033	0.0806228110872236	4.619230227370247	
12.546529244014883	-1.2251610674226259	-2.518885335316473	2.3767674120729914	0.10590282276796605	4.527576886577949	
12.150986409438055	-1.1402156628747617	-2.4106474125696398	2.390972037516779	0.13236086569422853	4.4354837322164595	
11.751641757163421	-1.0503867503692688	-2.2925890328863074	2.396959666161365	0.15981190467959414	4.342943004364901	
11.348641273920272	-0.9566934152331662	-2.1654117151072794	2.3946720578442746	0.1880694089644244	4.249929656801077	
10.942339888241968	-0.8602809231946733	-2.0300110520551202	2.3841209079707335	0.21694493751621746	4.1563934076445195	
10.533235623349915	-0.7623441978220158	-1.8873926841954423	2.3653639828421933	0.24624939485678626	4.062270309966274	
10.122036092756854	-0.6641408325542496	-1.7387171660969118	2.338526062651101	0.2757929003854856	3.967477391350278	
9.709583445908603	-0.5669343882509361	-1.5852223359813231	2.3037755774158253	0.3053852924228489	3.8719227813469423	
9.296908475329346	-0.47198756812851156	-1.4282483935664725	2.261342375747774	0.3348360728602454	3.7755030247730774	
8.885154096891021	-0.38052696536041847	-1.2691710041061666	2.21149613825264	0.36395463184562027	3.678111189649522	
8.475613366375208	-0.29372124456026055	-1.1094064374539998	2.154560833414679	0.3925502376219901	3.5796366027428808	
8.069657847514254	-0.21266644025319906	-0.9503586448181179	2.090895847219559	0.4204324203908152	3.4799705536884433	
7.668758349162823	-0.13835474842162426	-0.7934064057353434	2.020907400952391	0.447411147222014	3.3790079205484003	
7.274422794147191	-0.07167763111273837	-0.639866493842997	1.9450327937441616	0.47329768244168263	3.2766503591988023	
6.888200712948505	-0.013390686802587039	-0.4909666300803401	1.8637492543196026	0.4979051878841345	3.17280912781706	
6.511633587711235	0.03586952902012331	-0.34782578209085213	1.7775610465295157	0.5210501716298562	3.0674059340942543	
6.146245949545206	0.07562000459040587	-0.21141810210894862	1.6870061709693445	0.5425537369223457	2.9603762506583804	
5.79350999757639	0.10550541320730536	-0.08257061483021592	1.5926454700179717	0.5622434859755614	2.8516681981146372	
5.454827503051314	0.12532877673922432	0.0380759169672502	1.495067354799502	0.579955503546522	2.7412457400488917	
5.131509764426158	0.1350206733017972	0.15005217639074891	1.3948776711968727	0.5955363790390371	2.6290860723899425	
4.824755294306186	0.1346641215178501	0.25309656975190936	1.2927023790733814	0.6088458053012787	2.515182252337555	
4.5356453265940715	0.12446147298732425	0.3471242337953123	1.1891769938939272	0.619758296116217	2.3995395718625936	
4.2651221744104015	0.10475252459142395	0.43225553580687887	1.0849470905209695	0.6281660910783363	2.2821773729867565	
4.013999040721073	0.07598023532039855	0.5087709823811611	0.9806566114607786	0.6339801996834032	2.1631248459576637	
3.782942812025879	0.03870184712342197	0.5771290330383426	0.8769462989789486	0.6371332007111918	2.042421984095024	
3.57249493204525	-0.006446095728193801	0.6379102384560783	0.7744408464603555	0.6375793863787479	1.9201151961350245	
3.383060470663173	-0.058742997864985685	0.6918240859750531	0.6737458017288136	0.6352970551948329	1.796257530986952	
3.2149349850683526	-0.11741908820835806	0.7396467945110726	0.5754341782700343	0.6302876683048211	1.6709044521444425	
3.0682996304675663	-0.18165549259454716	0.7822195482267941	0.48004282678566157	0.6225773397272786	1.5441135925572131	
2.943248126329498	-0.25061735748518044	0.8203853590227513	0.38805953897762546	0.6122149984619462	1.4159410104670753	
2.839786222633326	-0.3234564352928881	0.8549830442618128	0.29992014655796073	0.5992729445243568	1.2864407958356652	
2.757853642488502	-0.39934025349042096	0.8867891868995503	0.2159972611275454	0.5838440484028975	1.1556620986532375	
2.697325841361339	-0.47745468903484756	0.9165129746766715	0.13659929886617106	0.5660414323902399	1.0236488879462007	
2.658027946470246	-0.5570273084285374	0.9447489777237095	0.06196184777242613	0.5459947714118554	0.8904380080722176	
2.639737346616607	-0.6373278969119783	0.9719771878587384	-0.0077505722510225515	0.5238493441114075	0.7560592927950162	
2.6421894889119275	-0.7176852819108409	0.9985309658269501	-0.0724497962116491	0.49976154876713025	0.6205348622516362	
2.66508086043752	-0.7974847659102398	1.0246045372483004	-0.13211931844264135	0.47389771237170275	0.4838796389045573	
2.708069238253237	-0.876179203129936	1.0502384974987722	-0.18681577573285799	0.4464290070488071	0.34610204803038513	
2.7707773819006953	-0.9532833058900102	1.0753343147854768	-0.23666179415144756	0.41753047545637106	0.20720480289706505	
2.852792260156071	-1.0283806836720963	1.0996576981550106	-0.2818434272918136	0.3873756188250379	0.06718711379692306	
2.953669759529338	-1.1011156576623	1.1228571425118714	-0.32260162565324974	0.3561360715293865	-0.07395455591391356	
3.072937873832651	-1.1711979373472203	1.1444835181688295	-0.359225609037111	0.32397621154699197	-0.21622274339712932	
3.210101878722656	-1.2383928081191804	1.1640080650244062	-0.392044449124248	0.291053792636059	-0.3596186753948417	
3.3646550741176724	-1.302524360010177	1.1808549683407503	-0.4214166244608452	0.2575149720961922	-0.504137069838056	
3.5360826534343057	-1.363464910942137	1.1944138792867893	-0.4477233427039257	0.22349600703998887	-0.6497667261080474	
3.723880584753752	-1.4211369066276214	1.2040812731335286	-0.471354824329952	0.1891190793803513	-0.7964841182453339	
3.9275556480961917	-1.4755024235009213	1.209263545025474	-0.4927068188347837	0.15449492885905286	-0.944255282537098	
4.146649336070017	-1.5265635543443539	1.209422783934369	-0.5121644217944595	0.11971978158444536	-1.0930286183451021	
4.380731997820355	-1.5743528267439442	1.2040683580636593	-0.5301027971474556	0.08487858368208161	-1.2427383039317785	
4.6294255213195745	-1.618932051952159	1.192803213475027	-0.5468695183883752	0.050043227474855914	-1.3932968587337928	
4.8923914315608865	-1.6603843892488455	1.175303994141282	-0.5627898966729423	0.015275914240073542	-1.544600072481642	
5.169344838755221	-1.6988118653274555	1.1513645841158802	-0.5781489752587109	-0.01937125352621681	-1.6965199541473515	
5.4600391075129675	-1.7343295778393946	1.120866684640146	-0.5932011960775451	-0.05385328806682931	-1.8489108827193983	
5.764264462956304	-1.767062173548861	1.0838176754780915	-0.6081532853770959	-0.0881314027047577	-2.001603560012611	
6.0818343231199306	-1.797140404996287	1.0403149754776724	-0.6231773638756914	-0.122170856022159	-2.1544118426934666	
6.412563998689776	-1.8246969551082037	0.9905754590996556	-0.6383959961764123	-0.15593885666873464	-2.3071282191204134	
6.756265082686402	-1.8498652958625628	0.9348978307529267	-0.6538973358434393	-0.1894035614161758	-2.459530618437895	
7.11270173093759	-1.8727755389111649	0.873681076599955	-0.6697234719860359	-0.22253106239042336	-2.6113797599308266	
7.481599542850662	-1.8935552356978453	0.8073894869296752	-0.6858858793548512	-0.25528569686083397	-2.7624251974542533	
7.862579301878608	-1.9123262523347238	0.7365581455904205	-0.702357802313619	-0.2876265873804224	-2.9124046977792397	
8.255185689227963	-1.929206750480755	0.6617651430096747	-0.7190882432251953	-0.31950919799319527	-3.061048869537181	
8.658802013673846	-1.9443099922596006	0.5836231155810111	-0.7359985186834936	-0.35088214591653355	-3.208082572811631	
9.072701615763817	-1.9577464048934974	0.5027625820417034	-0.7529933278487334	-0.3816896504890454	-3.3532276597569286	
9.49595165137604	-1.9696244694235325	0.41981032441600397	-0.7699609944130847	-0.4118694927111864	-3.4962063234921983	
9.927485994237639	-1.9800518360343895	0.3353864848118728	-0.7867807604439941	-0.441355698062243	-3.636741682966865	
10.366009993181942	-1.989137454981291	0.25007296329135426	-0.8033258244266435	-0.47007847501195876	-3.774562934641672	
10.810088705049386	-1.9969913296085695	0.1644247710638233	-0.819466719088966	-0.4979662533970212	-3.9094036976556596	
11.25806641702702	-2.003726670479977	0.0789336845119895	-0.8350761618954055	-0.524948160365275	-4.041008809895196	
11.708159429188905	-2.009458675182703	-0.005948335406192014	-0.8500289683222914	-0.5509545033292333	-4.169130486393898	
12.158403570868845	-2.0143060919299414	-0.08984425167048529	-0.8642078461549028	-0.5759218976978556	-4.293536565204897	
12.606737769515183	-2.018389747356379	-0.1724210443504257	-0.8775006402622478	-0.5997914873352697	-4.414004628480896	
13.050989910746264	-2.0218338636917776	-0.2534184352410069	-0.8898063716801381	-0.6225163401922749	-4.530331426029915	
13.48893692110296	-2.0247646952712826	-0.33261630227083916	-0.9010307236588029	-0.6440571108424594	-4.642325194290271	
13.918334715960231	-2.0273123282060834	-0.4098537842722566	-0.9110917897368175	-0.6643909151227237	-4.749815876980422	
14.336942733571819	-2.0296091920511277	-0.4850005570471935	-0.9199146765260868	-0.6835046473602532	-4.852645977222857	
14.742598514925968	-2.0317926078252904	-0.5579653253377956	-0.9274366223626617	-0.7014043443901761	-4.950681098996338	
15.133199015231895	-2.0340027394504343	-0.6286750113426931	-0.9336014582212436	-0.7181068195475118	-5.043799777202149	
15.506815775713207	-2.0363853196367003	-0.6970736914722366	-0.9383640273507261	-0.7336485447636493	-5.131903822914565	
15.861630696233181	-2.03908899045195	-0.7631116163855975	-0.9416850152091689	-0.7480765297113674	-5.214907663942851	
16.196084378944636	-2.042267084397623	-0.8267372576306677	-0.943534907409865	-0.7614559069922104	-5.292748003554421	
16.50876903751135	-2.046074955934131	-0.8878958248874336	-0.9438893769547269	-0.7738610431394869	-5.365373237787451	
16.7985999418615	-2.050669774511579	-0.946517980262465	-0.942733246713914	-0.7853812267356881	-5.4327520120227355	
17.06467234077474	-2.0562088130818506	-1.0025256040614958	-0.9400563088587002	-0.7961128813996163	-5.494863251744709	
17.30644394102076	-2.062846567279331	-1.0558206702689041	-0.9358579432894071	-0.8061629259069529	-5.551703294678641	
17.523565538350834	-2.070735019733144	-1.1062948672190633	-0.9301428793584369	-0.8156428261256409	-5.603276994114947	
17.716059225081768	-2.080018080386597	-1.153821106946842	-0.9229268922869795	-0.8246695192987458	-5.649603195195903	
17.884137200755074	-2.090834049336851	-1.1982636497850223	-0.9142322083408246	-0.8333616275551498	-5.69070728092456	
18.028363853495843	-2.103306443771279	-1.2394735887690527	-0.904095370474611	-0.8418375751197195	-5.726624885150267	
18.149472200384174	-2.11755042677534	-1.2772966220768411	-0.8925606155766679	-0.8502148332575273	-5.757396128828544	
18.24848315675457	-2.1336632026074667	-1.3115718723079772	-0.8796877468054269	-0.8586067605556571	-5.78306757429328	
18.32655811303273	-2.151728923609644	-1.3421371056364189	-0.8655471935547003	-0.86712251719713	-5.803688349157649	
18.385111817873778	-2.171797094325524	-1.3688324377544503	-0.8502363996276706	-0.8758580155486227	-5.819310711830091	
18.42562857559743	-2.1939077071186617	-1.3914986294445921	-0.8338602253317563	-0.8849055309119016	-5.829987780211042	
18.449592692459078	-2.2181007540878914	-1.4099764415073162	-0.8165235311807739	-0.8943573384875125	-5.835772672224848	
