18.806952037607008	3.0529879978706864	6.67611818686128	-0.7150247430576373	-4.958006884441831	-0.7750439079552299	
18.69704904905518	2.2691548901176093	7.270051190121488	-0.8811988888625056	-4.519059359958912	-0.7273328703413491	
18.45053060621381	1.4261255433902602	7.749270219646297	-0.9819744100103438	-4.021625392853567	-0.6784086960145936	
18.092630561267097	0.5571227938299953	8.084818368174187	-1.013075154497459	-3.4755954711187815	-0.6295367043579724	
17.650912866814238	-0.3007020708409224	8.251064030363356	-0.9744924010614635	-2.893417359301413	-0.5812227724191915	
17.15372072645792	-1.1082327406329018	8.22795277758881	-0.8706544248434591	-2.289579326681553	-0.5334370221116868	
16.62862127343248	-1.8272737848974363	8.003387926531097	-0.710124389372505	-1.6798382850647666	-0.48590779242402754	
16.10091524965201	-2.423812079749061	7.575480764606095	-0.5047908016162239	-1.0802670467164677	-0.4383934592299922	
15.592286733389248	-2.8710296871218697	6.954310987409336	-0.268609884286792	-0.5061864710766778	-0.3908852563294468	
15.119729455449612	-3.1515045740111707	6.162829099092711	-0.016145115151559454	0.028899880586377928	-0.3437247764273678	
14.694822656280571	-3.2582882707351497	5.236568384150627	0.238806321516769	0.5142430470161841	-0.2976455118346732	
14.323336046837454	-3.194822508753605	4.221936076549432	0.4842689528615183	0.9425283064070418	-0.25375173308422505	
14.005076396507945	-2.973891699353453	3.1730479991178755	0.7107075003226859	1.3101813627143097	-0.21344378835938194	
13.733901703208534	-2.6159449758633255	2.1473658899062738	0.9111800721412425	1.6172158353984032	-0.1782963193895181	
13.4979451805295	-2.147147004035965	1.2006736421135462	1.0810623031580207	1.8665949762102436	-0.14989716303816672	
13.280304266655309	-1.5974257549425874	0.38203256220438814	1.2174554167413723	2.0631791149589542	-0.12965325643293266	
13.060627423512535	-0.998604670018733	-0.27071292395062285	1.3184895427980057	2.2124658381632596	-0.11856393124445293	
12.817909231858996	-0.382565714138058	-0.7344186790551714	1.3827879445058024	2.3194446551796046	-0.11696528152833956	
12.534280079569992	0.22054063673796653	-1.0026913262481303	1.4092808463935533	2.387881770587881	-0.12428118760041565	
12.198955087627489	0.783794839529956	-1.0860628019502137	1.3973619268848307	2.4201833529669705	-0.13886713970446446	
11.811198677288637	1.284396041970684	-1.0100099409693786	1.3472103285006738	2.417755657893804	-0.15804917228478946	
11.381295932593666	1.7038865389221516	-0.811084032085745	1.2600886045106316	2.3816386237472016	-0.17840287768424412	
10.92904937040629	2.0280815658802385	-0.5320163339835288	1.1385451759189706	2.3131838742793436	-0.19622430781350242	
10.480130663795748	2.247221809437228	-0.21678590628130615	0.9865578737217524	2.214610356372672	-0.20808770212811586	
10.061378104373574	2.356599923889271	0.09372169347699622	0.8096573075891611	2.0893355659400026	-0.21137876436957403	
9.696387744838722	2.357541958342031	0.3651991390642487	0.6149818668040685	1.9420387143538231	-0.20469922719467853	
9.40236936926378	2.2584090545793374	0.5723923165720247	0.4111255083965824	1.778467826923688	-0.18804767888835863	
9.188577432733252	2.07515580089623	0.7004091605019602	0.20763289292769732	1.605047906699852	-0.1627204629461969	
9.056148401834749	1.8309106109975117	0.7447647854921149	0.014103633373077719	1.4283779418826588	-0.13095443240802487	
8.999031057897087	1.5541728283073153	0.7102104916831693	-0.16096377155047198	1.2547176537748748	-0.0954170054647282	
9.005706500511247	1.2755968307920817	0.6085654151112754	-0.31131484974700974	1.0895532806024304	-0.05869218064512542	
9.061374064238654	1.023835357878419	0.4559247716070449	-0.43374282645479234	0.9372991709116214	-0.02289313156256963	
9.150225236054036	0.8213628719211746	0.26974069329824113	-0.5282944869874295	0.8011555602779162	0.010530701398165927	
9.257426637572541	0.6813846231799539	0.06630896528926165	-0.5977976195709315	0.6831138538018854	0.04079480227658618	
9.370530696937491	0.6066970972943425	-0.14092693527651173	-0.6468503304049944	0.5840792896407817	0.06764216409164445	
9.480200883873417	0.5907580614057202	-0.3421099857379734	-0.6805769329538628	0.5040681897267913	0.09114235099857251	
9.580303084154137	0.6205282344408761	-0.5308719058328281	-0.7034989844334293	0.442436225394923	0.1114991704106862	
9.66751739474298	0.680156008808714	-0.7036856081995001	-0.7187948496389058	0.398101963770737	0.12891698340474553	
9.740667810859218	0.7544422233460184	-0.8589729855041426	-0.7280687889125305	0.3697394020233057	0.1435431307745654	
9.799979721977328	0.8312322843025353	-0.9962332295586743	-0.7315762516294254	0.35592236656969944	0.15547308342357985	
9.846454704240001	0.9023199107898181	-1.1153832660624612	-0.7287163673058711	0.3552148244900914	0.16478679728842163	
9.881479123020213	0.9629757057871893	-1.2163880020841953	-0.7185574914862941	0.3662133535316284	0.17158427116602387	
9.906673506748447	1.0106846217838774	-1.2991344092587715	-0.7002215185777518	0.3875563182753352	0.1760018050095509	
9.923896726627804	1.043870794214138	-1.3634384823270083	-0.6730758485902998	0.4179158299658424	0.17820785078215923	
9.935283346328955	1.0611737801321883	-1.409096500823356	-0.6367911963596211	0.455985390672334	0.17838866601243455	
9.943214512025806	1.0613842293446916	-1.4359560654246535	-0.591359818306522	0.5004720031048816	0.17673539214684228	
9.950178486650788	1.0437893389989348	-1.4440207608203321	-0.5371323656991361	0.5500983605080609	0.17343881412126494	
9.958538071498957	1.008603815675473	-1.4335918433656403	-0.4748717237291408	0.6036183648065261	0.1686918385701159	
9.970264785355711	0.9572898981652013	-1.4054192975105646	-0.40578864858560965	0.6598468977001343	0.1626964850043522	
9.986713401398061	0.8927119457046936	-1.360818859016222	-0.33152916612755595	0.7177020206188496	0.15567207420681464	
10.008500305344318	0.8191215529554247	-1.3017193235399536	-0.25410651454807204	0.776254693288275	0.14786252836022987	
10.035523977041912	0.7419557333250736	-1.2306218683694008	-0.17578682802152434	0.8347783507823244	0.139541714475837	
10.067132729896558	0.6674315362054205	-1.1504676470909645	-0.09894186607378555	0.8927891989548487	0.1310161109558376	
10.102413346500196	0.6019671552743167	-1.064420054444268	-0.025882582883520834	0.9500684646402799	0.12262406522774313	
10.140551287032862	0.5515206702606852	-0.9755800255549302	0.041308429315412516	1.006660021151479	0.11473096640298862	
10.181195103801887	0.5209694346778874	-0.8866730963231125	0.10092195907535108	1.0628404317958704	0.1077199904357738	
10.2247445089287	0.513643287236301	-0.7997734349677086	0.15172119631758693	1.1190631365815276	0.1019786147422358	
10.272489511266963	0.5310902129577872	-0.7161476801508573	0.19298062841781474	1.1758836622273425	0.09788162966998627	
10.326567837041305	0.5731148125264515	-0.6362916968918404	0.22446505348494694	1.233877305797321	0.0957718453936033	
10.389760640022779	0.6380912431887596	-0.5601903638243588	0.24635999928803076	1.2935633794712742	0.0959402021105209	
10.465182826159154	0.7234980083354092	-0.487767551235405	0.25916706692383185	1.3553496837235375	0.09860742809966751	
10.555936891268944	0.8265480131810062	-0.4194338884430927	0.26357396085594537	1.4195070857012868	0.10390944291544997	
10.66480115838479	0.9447304517145931	-0.3566039161870549	0.2603073650548474	1.4861776841356313	0.11188819397854292	
10.794021727542141	1.0760962030263024	-0.30205271744256457	0.24998127484022667	1.5554126274909983	0.12248865560633083	
10.945261291066476	1.219215368415146	-0.2600163769218556	0.2329592441561561	1.627229179412235	0.13556165720513397	
11.119714169808075	1.3728572354758966	-0.23600209618199258	0.2092497949626962	1.7016729199711755	0.1508713873800751	
11.318334186810203	1.5355192878968138	-0.23634217027624477	0.1784498609338483	1.7788709668414944	0.16810590160200853	
11.54207221364123	1.704945261202807	-0.2675734097241483	0.1397464229694108	1.8590652720506518	0.18688861753570113	
11.79201150115087	1.8777551804719632	-0.3357333440083714	0.09198336180691304	1.9426196998607976	0.2067887236054904	
12.069320940146824	2.0492879813083835	-0.44564581399537445	0.03379557366085968	2.0299988908045385	0.22732903508001548	
12.374995916592137	2.213721318928866	-0.6002442096754114	-0.036197326763322935	2.121719915720275	0.2479911984109856	
12.709399715271967	2.3644753858527885	-0.7999668364032583	-0.11915745684375074	2.2182795087961606	0.26821971055785276	
13.071645919791994	2.494844102684614	-1.0422603174418217	-0.21578451641416757	2.320060707228747	0.28742732705051743	
13.458879782917434	2.598747438722657	-1.321239583687306	-0.3260941970375592	2.427223400784559	0.3050049023043259	
13.865535750363335	2.671470836577191	-1.6275673629646576	-0.449249942147915	2.5395839590380564	0.320338449403642	
14.282673675452745	2.710257455798124	-1.9486223553469033	-0.5834713066065282	2.656489996078877	0.33283495691343784	
14.697521975820798	2.714648498084685	-2.269016049096556	-0.7260322091003961	2.776697453587606	0.3419564992337758	
15.093370838572119	2.6865171775357566	-2.57148797352259	-0.873352763878599	2.89825854312016	0.347260191413855	
15.4499463889629	2.629802375273689	-2.838155994156652	-1.0211802322882246	3.018430911261025	0.34843968728486496	
15.744339277667954	2.5500134403848196	-3.0520265257529435	-1.1648484094502844	3.133620912362938	0.3453615016542374	
15.952457415539302	2.4536280244835478	-3.1985960638022193	-1.2996013884419646	3.2393768504061002	0.3380866053382089	
16.050859068354438	2.347494902148251	-3.2673318095745705	-1.4209649724037696	3.330450430453576	0.3268667960708367	
16.018755086844404	2.238260256465604	-3.252833380092705	-1.5251373297520123	3.4009449009327857	0.31210925633440617	
15.839965828880706	2.131723198572842	-3.1555379784690234	-1.609340455219997	3.444564713312865	0.294311429327916	
15.504638025155982	2.032022545838029	-2.981886678329653	-1.672036745810578	3.4549715249952357	0.27397714237808674	
15.010529224327552	1.9407285986507696	-2.74389402623546	-1.712907563481698	3.4262328844859242	0.2515281471858823	
14.363670674564906	1.8561630973822094	-2.4580970992933686	-1.73254675605514	3.353324972779588	0.2272226078752717	
13.578268598901634	1.7733781432421394	-2.14394476989169	-1.7319327132278388	3.2326275173404704	0.2010893708187522	
12.675814054351381	1.6850306661398595	-1.8217971724440867	-1.7118512324863653	3.062337658527285	0.17288914220120102	
11.683522288359784	1.5829661272765605	-1.5107833542476135	-1.6724835201372297	2.8427357711599637	0.14211865889114217	
10.632364823169373	1.4599647121242496	-1.2267974123973129	-1.6133202673152953	2.5762585148278787	0.10807350247010157	
9.555014292891695	1.3110775448311172	-0.9809252640884437	-1.5334345252983326	2.2673657158128866	0.06997269625832087	
8.483935586235381	1.1342882616169971	-0.7785867220697676	-1.4320000917226532	1.9222179313109327	0.027124328854208266	
7.44967986547961	0.9306126542118854	-0.6195986248130909	-1.3088485254047468	1.5482017602722615	-0.020912831577031003	
6.47933755301683	0.7039330686882022	-0.49917807809411335	-1.1648649054554259	1.1533504712299627	-0.07422312684462916	
5.595191501162838	0.4607905181747267	-0.40966209313941526	-1.0021201923968235	0.7457184606798525	-0.1325115605379618	
4.81377285627054	0.21013825889752186	-0.3425244077784939	-0.8237596125533161	0.3327832881547284	-0.1951524561972808	
4.145551555103561	-0.03712566297360087	-0.290209598081345	-0.63373912645766	-0.07904517096306457	-0.2612669920611218	
3.5953445772452652	-0.26903237590341245	-0.2474130941770479	-0.43650399085194996	-0.48474745317883255	-0.329789356423632	
3.163333345396625	-0.47380423018853607	-0.21165248313138296	-0.2366681524201365	-0.8808256732651955	-0.3995072745535249	
2.8464652680179916	-0.6412276632108044	-0.18317702852697645	-0.03872408808200716	-1.2652569842083163	-0.4690891875796298	
2.6399833111555435	-0.7637485304855887	-0.16437870201025465	0.15319495466812139	-1.6373075167491145	-0.5371209712972379	
2.5388528869272493	-0.8370050154616936	-0.1589099698026284	0.3354763909361552	-1.997255352811501	-0.6021687101406721	
2.538916599801263	-0.8597418550070723	-0.17070391577223068	0.5050948327948809	-2.346070290484205	-0.6628687032083197	
2.637677240859562	-0.8332681653617212	-0.20304218293109094	0.6595836433465304	-2.685089174074693	-0.7180311838330166	
2.8346591866249313	-0.760735012270978	-0.2577471004687569	0.7969366039411392	-3.0157129701701195	-0.7667371003784128	
3.1313258024324377	-0.646491584201622	-0.33451677754014336	0.9154851759924898	-3.3391408384875017	-0.8084093394672064	
3.530560501396394	-0.495665070474359	-0.43039640004218577	1.013802631154047	-3.6561499244697417	-0.8428473972830637	
4.035771770398103	-0.3139679133287944	-0.5393870922920139	1.0906738103741618	-3.966926301186549	-0.870222566497961	
4.649746469692698	-0.1076337724329859	-0.652222401431675	1.14514306379929	-4.270949325725414	-0.8910362263719929	
5.373418123473068	0.1166425897267354	-0.756372378935467	1.176623719982869	-4.566926974252118	-0.9060465550906882	
6.204714912529973	0.35183671015982426	-0.8363484977085631	1.1850311503816207	-4.8527744796390095	-0.9161700408355274	
7.137612396291358	0.5907787647255253	-0.8743697864850218	1.170894824343682	-5.125625304372164	-0.9223652686963959	
8.161467537701858	0.8262858146746811	-0.8514137422837326	1.1354145666180093	-5.381864072333936	-0.9255093349491663	
9.260679904027354	1.0511119365543107	-0.7486224189045557	1.0804495461843984	-5.617175397752565	-0.9262821881495455	
10.414718235498407	1.2576576385585354	-0.548970446256814	1.0084559009188858	-5.826608570919234	-0.9250787326781308	
11.598552917773274	1.437530198560139	-0.2390368329552358	0.9224063623264058	-6.004663559290635	-0.9219680918950491	
12.783529811208291	1.5811974882202398	0.1893269058546958	0.8257229024719229	-6.145407335607237	-0.9167109814245218	
13.938691558333478	1.6780340447395954	0.7376570565606865	0.7222326491528438	-6.242630879969282	-0.9088317877929036	
15.032486526010533	1.716973702821014	1.4000612695780326	0.6161293019927978	-6.290057339923013	-0.8977281692715354	
16.034712944642667	1.6877955798078714	2.163029680243817	0.5119020391723972	-6.281611111091586	-0.8827938580429973	
16.918469096886678	1.5828656962635632	3.0058423950268893	0.41419331743598137	-6.211752995867829	-0.8635312812441548	
17.66186829243821	1.3990038511550404	3.9014231853469914	0.32756707173433014	-6.075875488956537	-0.8396363102569853	
18.24933376728945	1.139078845871527	4.817450811438352	0.25620023934071046	-5.870735375073864	-0.8110434433072484	
18.672380555401077	0.8129815145546826	5.717595297851513	0.20353589176673717	-5.59488936861182	-0.777923604507729	
18.92984773949866	0.4377561254957225	6.562835271302741	0.17195228386287292	-5.249084011283519	-0.7406310466348671	
19.027631760315217	0.03683390371256961	7.312905696700316	0.16248482681476278	-4.836570645408482	-0.6996034384380218	
18.97792975777936	-0.3616513777235949	7.927924087820345	0.1746523053815448	-4.363272824072281	-0.655239097220173	
