18.978990394542613	2.377051588721167	9.444359424738815	-0.1631718639318809	-4.054735530615812	-0.3315644971241283	
18.632448716617922	2.0599379366340074	9.950326306969641	-0.37078505297958325	-3.5124125715985093	-0.2748404507277282	
18.193072045404886	1.638948328565112	10.167336264792079	-0.5436500546158803	-2.9420726707916978	-0.22083476929147935	
17.693249563403405	1.1409262486659355	10.06689788228425	-0.6699734050747486	-2.3563470252559573	-0.17119665917240615	
17.164216398297967	0.5993250027915807	9.63732695853122	-0.7406184352155726	-1.7684894903021515	-0.127510146357636	
16.634390790377374	0.051103826930959016	8.886569305830594	-0.7500516315249275	-1.1917437914708322	-0.09122593836582504	
16.1281026812713	-0.4673081078282834	7.8433076826533465	-0.6968756192519004	-0.6385615804696861	-0.06359123179546008	
15.664720976811564	-0.9237225640343084	6.557143925704436	-0.5840103705283263	-0.1198276119218015	-0.04557875894033552	
15.258054668738874	-1.293313997790751	5.097069587606156	-0.4184700992214305	0.35584753738402075	-0.037822035286325884	
14.915923306168585	-1.5605571038387447	3.548057313223336	-0.21081173992180452	0.782634326337482	-0.04056594683417131	
14.639798916548504	-1.7197540515943626	2.0054156660253826	0.025667345488652658	1.157685426838956	-0.05363902874282282	
14.424501300249705	-1.7741188480543908	0.5668727109197428	0.2758899416208907	1.48095180232983	-0.07644840319283971	
14.258071714466366	-1.7336630400837219	-0.6771882811321116	0.5240437629346678	1.7545985173557128	-0.1079933913825735	
14.122149443477099	-1.612353043581793	-1.654125450203525	0.7546623354746542	1.9820967988796812	-0.14688938712885408	
13.99330553695463	-1.4251737989136444	-2.3179578182418275	0.9537196680187725	2.16718128523463	-0.19138848654157647	
13.845653280925212	-1.1857589254331347	-2.654310344004004	1.1097060053278855	2.312946419041043	-0.23938302351320034	
13.654601497176753	-0.9050909681133265	-2.679762037041049	1.214575632733245	2.4213403334741903	-0.2883942812621449	
13.401066010816573	-0.5914715701417378	-2.436058585799063	1.2643592705834987	2.4931672633284436	-0.3355797969502001	
13.07512731544079	-0.2516078937268743	-1.981632609973548	1.2592334536307725	2.528506982192815	-0.3778107478518895	
12.678169258835062	0.10764143668488269	-1.3832470185134766	1.2030019701633443	2.5273364104050002	-0.41184894329718785	
12.222898058380007	0.47747523710451756	-0.7092725753283284	1.1021694267147597	2.490150099598786	-0.4346070062265724	
11.731191648221676	0.845895247076094	-0.024569018828318134	0.9649038628250648	2.4184545512933386	-0.44345082589004453	
11.230314959805835	1.1974093102258134	0.6135957937965435	0.800141203921327	2.3150727496171157	-0.4365135699218928	
10.748463682732126	1.5138951804880088	1.1588300495806445	0.6169627559822108	2.1842312028863873	-0.4129995637845272	
10.310685436292818	1.776543363548452	1.5779877328779432	0.42425768709592376	2.031433333110899	-0.37343450016327495	
9.935946521805134	1.9684892813629802	1.852430809753826	0.23058252299403018	1.8631455763231732	-0.31978584417248446	
9.635652413554862	2.077558242224614	1.9780284578445229	0.04406938098961955	1.6863347789089616	-0.2553773639324781	
9.413532251080367	2.0985464462433905	1.9638216539973918	-0.1277484711073993	1.5079167599717758	-0.18456997793603852	
9.266564487506724	2.0345781572535957	1.8294716116963663	-0.2782417317236887	1.334205536824708	-0.11225186256764556	
9.186537688125718	1.8972536540922194	1.601854538209535	-0.4020826013970133	1.170461150066875	-0.0432353200513743	
9.161877812901393	1.705507959482059	1.311315214449971	-0.4956534423051967	1.0206065598897083	0.018324594029059615	
9.179464241944979	1.4833036132180508	0.9880914134294573	-0.5573804836756346	0.8871384916017825	0.06938810724640362	
9.226233572845874	1.256466076009857	0.6593185336532964	-0.5879158731571679	0.771215184790959	0.10829438465645781	
9.290430862128057	1.049141155766199	0.3468804632193342	-0.5901027556266133	0.6728753658243756	0.1347995991434561	
9.362435766028499	0.8804986329892301	0.06622008830830729	-0.5686776068351216	0.5913295519799081	0.14990272585983955	
9.43516096269439	0.7623544842281079	-0.17391945149340132	-0.5297071036943011	0.5252667510334119	0.15551319219628987	
9.504072287135035	0.698229791826461	-0.37096339759975705	-0.47982628282771633	0.4731328863626911	0.15404004781939387	
9.566909892668194	0.6839878202597731	-0.5273982388127445	-0.4254137043358506	0.4333550577587522	0.14798539259025997	
9.623206088703732	0.709745498451225	-0.6493382409271983	-0.3718670540180778	0.40450203345225344	0.13960808067359687	
9.673703307069143	0.762466165492618	-0.7450052896583405	-0.32311232640168713	0.3853829506214113	0.1306969002902644	
9.719773340284908	0.8286080183830328	-0.8233087174759947	-0.281411862222469	0.37509236475425956	0.12246517271966555	
9.762923902594702	0.8963486251081345	-0.8926406409153463	-0.24746481687736263	0.37301158827980213	0.1155564266565549	
9.804450127437235	0.9570880882124837	-0.9599463293868378	-0.22073834135881895	0.37877565370521005	0.11013515821691977	
9.845250800815778	1.0060779685607986	-1.0301003382329517	-0.19993223709636476	0.39221412806954015	0.1060279308347975	
9.885792369042623	1.0421523763599585	-1.1056017345542264	-0.183463037126433	0.41327369404339254	0.10287832619566448	
9.92618005802293	1.0667040714648237	-1.186575963736972	-0.16985896342034398	0.44193135679554474	0.10028446225671904	
9.966288296939842	1.082246449798274	-1.2710374049677173	-0.15799060048021757	0.47810883142074323	0.09789886774499683	
10.005905098262618	1.0910395145815086	-1.3553419367487756	-0.14712038014905912	0.5215998587309315	0.09548446633661647	
10.044850494482473	1.0942201090037436	-1.434752863566506	-0.1368176513540289	0.5720214847949624	0.09293275117903485	
10.083039948405407	1.091638290082908	-1.50405201260398	-0.12682497100271378	0.6287970154910102	0.09025698620297272	
10.120484913030392	1.0822791119343151	-1.5581415635843672	-0.11695415722835287	0.6911730388419752	0.08757337534132258	
10.157249965163185	1.0649304028391597	-1.5925920075726063	-0.10704474013076108	0.7582671564372996	0.08507875468712697	
10.193405461651661	1.038756411773446	-1.6040893590797076	-0.09696600766973318	0.829138155186209	0.08302824250201829	
10.229017261493514	1.003606816385926	-1.5907251447434012	-0.08662075768390484	0.902866714095747	0.08171327663058114	
10.264203208286906	0.960078417815107	-1.5520787477661555	-0.0759227224267496	0.9786327307967528	0.08143993200130137	
10.299265217797043	0.9094367341960099	-1.489081260367789	-0.0647508738110749	1.0557759454486841	0.082507887911287	
10.334878309495283	0.8534950851946238	-1.4037093674851888	-0.05290550650606711	1.1338301250919052	0.08519069925746256	
10.372290516970999	0.794508043843685	-1.2986075610291352	-0.04009198912408402	1.2125268148840187	0.08971799618594169	
10.413474438420426	0.7351090415774566	-1.1767577582451885	-0.025945770350955476	1.2917711782730381	0.09626008526212991	
10.461181595124186	0.6783051007123895	-1.0413028432767895	-0.010098201436507304	1.371598400444659	0.10491522865989376	
10.518880763775325	0.6275224348054661	-0.8955844212739977	0.0077276175398179065	1.4521231228411866	0.11569976655085683	
10.59059816969309	0.5866773645220249	-0.7433816963587504	0.027606999023202364	1.533495034634731	0.12854144726489877	
10.6807060629602	0.5602320234157478	-0.5892617298290544	0.049305068557076025	1.6158705736480432	0.14327685143208907	
10.793713575555989	0.5531814887249118	-0.4389057047476811	0.07217951638846254	1.6994047928753657	0.1596543054614617	
10.934094121319607	0.5709107684243421	-0.2992817252789278	0.09510040577614709	1.7842611027443056	0.17734373654921526	
11.106146899419958	0.6188666028717172	-0.17858308193805397	0.1163929824678924	1.8706318646962983	0.19595430018075466	
11.313859479996989	0.7020168869899684	-0.08591350839565685	0.1338138688361716	1.9587605868157774	0.21505945986786176	
11.560732259690303	0.8241192674453813	-0.03075232294352456	0.14457626609338223	2.048956630472679	0.234227907479512	
11.849541538447799	0.9868843101364749	-0.022260027389428186	0.1454418631828876	2.141595241295273	0.2530575377102903	
12.18203775227009	1.1891803688239648	-0.06848819365113185	0.13289286529723873	2.2370984995644214	0.2712086005656553	
12.558582573202457	1.426461008600191	-0.17554688736819082	0.10338629043596052	2.3358955413318343	0.2884311618154807	
12.977721934380728	1.6905858199232255	-0.346775450743807	0.05367717339836766	2.4383624473785392	0.3045815235344433	
13.435685861874491	1.9701513569251445	-0.5819685525740095	-0.01881867059174311	2.544743302270276	0.31962306045877703	
13.925820324993962	2.251352776492267	-0.8767273216311561	-0.11566504032643907	2.655054507884652	0.3336095748998649	
14.438001481562294	2.5192690164676135	-1.2220273043266985	-0.2370983077290662	2.768975440708909	0.3466532879610731	
14.958147334261218	2.7593450388878296	-1.6041092776952304	-0.38181758112315434	2.8857307333015774	0.3588832224481203	
15.467996235548183	2.958792328476739	-2.004791159486979	-0.5469000712316654	3.003972659365094	0.37040122237361567	
15.945333137092943	3.10767775023335	-2.4022620855196664	-0.727848216319749	3.1216752624645077	0.3812419004914097	
16.36479213402107	3.1996007036797143	-2.7723599892126525	-0.9187595625994325	3.2360539297002857	0.3913403941802118	
16.69925039468088	3.231999571256985	-3.09026713599163	-1.112607620059488	3.3435249110575738	0.4005089687637934	
16.921685187965902	3.2061998928227236	-3.3324996772943463	-1.3016286297753221	3.439718865965818	0.4084209120754858	
17.007250790414588	3.127265357808273	-3.479027621676724	-1.4778136956362216	3.519561628726972	0.4145991664181825	
16.935294577574858	3.003566194690235	-3.5153287463693195	-1.6334907960175422	3.5774332265630915	0.41840922802983815	
16.69108149190419	2.8458643716467353	-3.43413776324647	-1.761939477253888	3.6074111483176847	0.4190601123389028	
16.267091568871038	2.6657877429996053	-3.236612593050654	-1.8579302590713729	3.603594728743288	0.4156196188970871	
15.663836540538277	2.473861614774899	-2.9326562504298805	-1.9180611565783725	3.5604941843528786	0.40704764640943014	
14.890175146843328	2.2776194144171185	-2.54025339054964	-1.9408065149226326	3.4734522428907106	0.3922459418901099	
13.96309997706603	2.080462860853485	-2.0838807725104314	-1.9262877845796795	3.339053009624707	0.3701198787252533	
12.906961645838413	1.8817365951214364	-1.5922312660063846	-1.875872876023769	3.155467090162206	0.3396507298744449	
11.752139021744622	1.6780043385877912	-1.095561243670943	-1.7917599698707962	2.922686695715028	0.29998262831757144	
10.533268794462822	1.4650218562362418	-0.6229355816548535	-1.6766833414787603	2.642618659448035	0.2505301654788252	
9.287249186985019	1.239664148902716	-0.1995923784890656	-1.5338068155057614	2.3190239459185746	0.19110440118968394	
8.051235272184513	1.0011972848381183	0.15532862491264152	-1.366777661392348	1.9573129707717958	0.12203657494994875	
6.860739832455188	0.7516811865085985	0.43035341542269206	-1.1798391536997248	1.5642182466007162	0.044259109250907404	
5.747870835792772	0.49568272590021484	0.622157634741738	-0.9778788204756744	1.1473684487272253	-0.04069987596452191	
4.739786765914832	0.239641935998687	0.7347721909917216	-0.7663322559616534	0.714792924165392	-0.13082660222761489	
3.8575595010817474	-0.008860858979465014	0.7777048124490421	-0.5509381410007619	0.27440232569258355	-0.22380968778932542	
3.115630860711083	-0.2418903743008192	0.7635165286247133	-0.3373964346401124	-0.16649184445904103	-0.31724708835415205	
2.521909729658616	-0.4520524795172522	0.7054666663721009	-0.13099370996661686	-0.6015585039828311	-0.40881495200473755	
2.0784121168662884	-0.6334744233047995	0.6156666487063718	0.06375367082939758	-1.025693086796466	-0.4963712240999955	
1.7822805703441245	-0.7826744059194176	0.5039395645833449	0.2433985343537653	-1.4351224111009955	-0.5779993777232549	
1.6270088435819567	-0.8990607843834609	0.3773912623616342	0.4057675503439411	-1.8273844288274972	-0.6520157003754133	
1.6037103343253718	-0.9848954892865902	0.2405752466559919	0.5500422626336092	-2.201211422527221	-0.7169658309276732	
1.7023049791549973	-1.0447221402198665	0.09606179603441717	0.6767031382337165	-2.5563501448237016	-0.7716290438069083	
1.9125529970434259	-1.0843985573430153	-0.054799283209142534	0.7873434408079485	-2.893350310970243	-0.8150381295017998	
2.224906424780236	-1.1099474339434774	-0.21110137176866298	0.8843784452498722	-3.213344806187919	-0.846512759123494	
2.6311611475498067	-1.1264480471368281	-0.3716983804059745	0.9706890683575593	-3.51783416112156	-0.8656976200244605	
3.124881478935556	-1.1371496402799703	-0.5346476190091262	1.0492451686741877	-3.8084787239852895	-0.8725941820592185	
3.7015592586043926	-1.142912435282741	-0.6967525709589419	1.1227511785315063	-4.086897329251384	-0.8675759773851358	
4.358473813159357	-1.1420005629334817	-0.8531630179046118	1.1933450812140605	-4.354470776459496	-0.8513804337661461	
5.094239141452891	-1.1301914250519933	-0.997014687312863	1.262365489480366	-4.612150460328956	-0.8250746845718481	
5.908055343885446	-1.1011455088402546	-1.1191417880572738	1.3301885732323075	-4.860275236220054	-0.789997517701637	
6.798715427194881	-1.046993224647122	-1.2079459358733486	1.3961328391288281	-5.098402209943265	-0.7476834681834218	
7.763450885377014	-0.9591138261078237	-1.2495266964205767	1.458434304681517	-5.325159922626535	-0.6997769818907453	
8.796729276516942	-0.8290791717611459	-1.228160567076519	1.514300083846559	-5.538135854853948	-0.6479447366289638	
9.889144142191858	-0.6497088493746827	-1.1271654100500088	1.5600477863781554	-5.733813868369672	-0.5937936782115074	
11.026555505524883	-0.41615383221188845	-0.930124972781076	1.591330587039661	-5.907579796960399	-0.5388017097147512	
12.189637908382771	-0.12691450051385827	-0.6223898427747715	1.6034379936779029	-6.053813294403956	-0.4842667012259978	
13.353969799866798	0.21529387404391068	-0.1927263355206794	1.5916556173075607	-6.166079651604115	-0.43127681233217163	
14.490757657826151	0.6029052671098488	0.36504510799387907	1.5516659065776832	-6.2374252793614575	-0.38070130254491696	
15.568229788016744	1.0231767688936393	1.0505962084473146	1.4799738162893223	-6.260766232754774	-0.3331971926517884	
16.553642750470598	1.458265976215106	1.8559914788453522	1.3743407051736611	-6.229344642599601	-0.2892244815772763	
17.415727096139786	1.8858262814118336	2.765074837601904	1.234202863728513	-6.137222115845612	-0.24906218580948256	
18.127261863929977	2.2802069743068314	3.753409079821716	1.0610332824568152	-5.979773127542914	-0.21282043231433626	
18.667457919253625	2.614331376100518	4.788761079308239	0.8585969766344452	-5.754157322502865	-0.1804500793117626	
19.023701091028705	2.8620444820252584	5.83211284604565	0.6330206986583103	-5.459698969018065	-0.15175779845282977	
19.19271684953991	3.0009558228034203	6.839131547833269	0.3926720413619685	-5.098221309157961	-0.12643628462328496	
19.18041085964976	3.0147830248690126	7.762162076926449	0.1477366286981394	-4.6741091220413065	-0.1041144217458207	
