19.701117061801387	1.204945758672756	8.696949627001674	-0.2259899001413032	-4.033801884148758	-0.4663243997605107	
19.387062586448	0.7496014613608886	9.049248606770846	-0.2932223948662456	-3.458944079481105	-0.394340930426503	
18.942503378829507	0.27533714035317103	9.154461113001325	-0.32576652441189463	-2.855073004098346	-0.3266003361124471	
18.397762254259696	-0.18494626885190074	8.996991456605583	-0.32080603989015827	-2.2368165113119023	-0.2642475325241629	
17.784314545249202	-0.598799924297891	8.574925433839244	-0.2782686297193505	-1.619660653213393	-0.20805585254426293	
17.13320138441592	-0.9377529980215328	7.901810832702489	-0.20100248052090314	-1.019176496915433	-0.15851367219264767	
16.473500582322167	-1.180628200148293	7.0067171619724995	-0.09442136757158495	-0.45003287581202356	-0.11593579434765666	
15.831168137047065	-1.3158194709779085	5.933455806251401	0.03409348768683724	0.0749687300619641	-0.08053593856879546	
15.228089953112924	-1.34228619436745	4.738261737200082	0.176002022390015	0.5457834115433028	-0.052477345461970255	
14.681287635821132	-1.2690747646179652	3.486093990851031	0.3224254420682134	0.955780326497548	-0.03190073816138174	
14.202136079944127	-1.113471247625192	2.245671817981161	0.4648662250749725	1.3020611113049354	-0.018938320039934963	
13.795545494463893	-0.8980539669264843	1.0837628262910481	0.5957573187575892	1.5853570018462084	-0.013711882462263554	
13.459220795519485	-0.6470849599034357	0.05948662140406939	0.7088325212930364	1.8094873002157998	-0.016307530594714768	
13.18333835596127	-0.3828289406120042	-0.7805171708792904	0.7993483487278353	1.980444924883339	-0.0267154476082906	
12.951141362726448	-0.12249243967380288	-1.405439305100742	0.8642093458421978	2.105272692457592	-0.044723030661845464	
12.74087572425652	0.12357591404214062	-1.8019529279852418	0.9020389400527788	2.1909685268063406	-0.06975799243081492	
12.529084704380649	0.35205030141314403	-1.9742353459277346	0.913187528486894	2.243656259059912	-0.10070350132266633	
12.294711561034736	0.5651817448162109	-1.9424604940025925	0.8996047727622316	2.2681574957750543	-0.13574521774415474	
12.023038524467802	0.7681391101249603	-1.7398354477317075	0.8644896365443748	2.267949352971477	-0.1723304871179908	
11.708439602873495	0.9658051676969535	-1.4084371476255473	0.8117116481672264	2.2453874182572533	-0.20729430520167844	
11.355250309835279	1.159835323635867	-0.9944643183486699	0.7451268199522694	2.202061471527361	-0.23714768801096783	
10.976606440418918	1.3467424520305695	-0.5437160923972664	0.6679927448853314	2.139192501005927	-0.2584772678696009	
10.59166508404501	1.5175309082011634	-0.09791669600740405	0.5826642587673726	2.058009981238451	-0.2683927433032179	
10.22199864700147	1.6590339590841954	0.307905774889905	0.4906526724117666	1.9600580230321023	-0.2649589578087445	
9.888027029878199	1.756674412097058	0.6470656275299053	0.3930130175453576	1.8473910794947965	-0.24753785918242394	
9.606149618371225	1.7979604477475608	0.9020230885036031	0.2909158701379617	1.7226404988191648	-0.21695722920402014	
9.38692765266964	1.7758277364908732	1.064420231325787	0.18618975160827017	1.5889549639432488	-0.17544568527912918	
9.23440448507171	1.6910156940440522	1.134395180661862	0.08161482392246998	1.4498406901868086	-0.1263290404915357	
9.146449318768271	1.5529275247710932	1.119254723182261	-0.01917922458855023	1.3089469789441432	-0.07354603472172493	
9.11585814915561	1.3787562286218182	1.0316570586871991	-0.11222380117035921	1.1698467588386696	-0.021085298013513217	
9.131882256795459	1.191007647981802	0.8875223883381584	-0.1939871324836435	1.0358475889307932	0.027541282590567092	
9.181897701613497	1.0138792030784374	0.7039199235393442	-0.2621562206081133	0.9098489553195415	0.06969137082715027	
9.253015648825665	0.8692128458187003	0.4971778192974327	-0.3161503170416515	0.7942491470305083	0.10379477030778571	
9.33348441066086	0.7728651499846895	0.281430585764211	-0.35718715044040533	0.690900215357324	0.12935826451653193	
9.413747693429086	0.7322531174212632	0.06774056073907606	-0.3878823777160114	0.6011065027567628	0.14680602338335694	
9.487054937146974	0.745547995998318	-0.13618942618953206	-0.4115118252785381	0.5256585869431543	0.1572136584020274	
9.549594162584313	0.8026162528400207	-0.3258054864996227	-0.4311541220506271	0.4648921055816958	0.16200266924760842	
9.600205376755564	0.8874623605490307	-0.4991412783699355	-0.44894614572535413	0.41876047770044345	0.16265734002509505	
9.639796043505449	0.9816406709552671	-0.6560567285472552	-0.46563689605679187	0.3869105913488646	0.1605104272884652	
9.670609532399826	1.0678771369531672	-0.7974206480036978	-0.4805344950257088	0.36875095953088516	0.15662027889431673	
9.695497763777226	1.1330525069677573	-0.9243785494215482	-0.4918272238384625	0.3635044884371645	0.15173621049994238	
9.717321729202114	1.1698625029055152	-1.037829253600641	-0.4971537880150556	0.37024376021766453	0.14632884565121843	
9.738550634836436	1.1769036175214944	-1.1381787781931245	-0.49423736785939376	0.3879137038961419	0.14065367303865517	
9.761067005728359	1.1574741781527753	-1.225355993032065	-0.48140722388899915	0.41535125200684864	0.1348201276468191	
9.786133284698577	1.1177651123199221	-1.2990013277331467	-0.4579040799475471	0.45131178193426136	0.12885036285896617	
9.814449976889211	1.0651506589260504	-1.3587158748055868	-0.42396126907225123	0.49450824027030843	0.12272419868346858	
9.846238821662572	1.0069993336898815	-1.404284817813936	-0.3807233032808078	0.5436630904062221	0.11641381841384493	
9.881312885233037	0.9500351901259293	-1.435832737102871	-0.33007833253015734	0.5975681698319203	0.10991256465304254	
9.919134777602265	0.9000425634363085	-1.453895687299434	-0.27445349724799695	0.6551444983071681	0.10325931694152818	
9.95889241601931	0.8616988668555461	-1.45940115766631	-0.21658967953553468	0.7154932287963438	0.0965569813710246	
9.999623616564493	0.8384318814710215	-1.4535486630000916	-0.15930089192498903	0.7779298540595974	0.08998249547505238	
10.040399674457626	0.8322888131058775	-1.437597712795596	-0.10523217212633107	0.8419959276687577	0.08378646761603266	
10.080550131975475	0.8438278726942893	-1.4125982839437585	-0.05664030283382386	0.9074456080443122	0.07828217241263367	
10.119890830660223	0.8720442863147462	-1.3791275430265173	-0.015221167414148475	0.9742081090883544	0.07382516638889883	
10.158911785705875	0.91436713543814	-1.3371082409438173	0.018001537655956603	1.0423312215446656	0.07078596119632519	
10.19888953182705	0.9667980121069566	-1.2857730829460936	0.042719307288867324	1.1119146389737418	0.0695191693356396	
10.241904312111751	1.0242594049702565	-1.223811677485152	0.059309108382605155	1.1830439646166548	0.07033329076125208	
10.290758506688181	1.0811597877340748	-1.149700826310815	0.06872926918455799	1.2557363765715628	0.07346532619791123	
10.348805280245376	1.1320970564263497	-1.0621793690711159	0.07234871345720803	1.3299068881084086	0.0790632389058871	
10.419707650742751	1.1725678397312311	-0.9607900887123404	0.07173113502668872	1.4053603460661166	0.08717722063329301	
10.507161682579836	1.1995548787650812	-0.8463851077599678	0.06840537064806554	1.48180951097203	0.09775868565043963	
10.614629518057079	1.2119116134034764	-0.721492446452811	0.0636530213615222	1.558914790569932	0.11066483283898725	
10.745126436052663	1.2105182328493602	-0.5904721229280671	0.05833600240592927	1.6363376208304001	0.12566676960445378	
10.901085172403103	1.1982246152227973	-0.45943560462374033	0.052775473786287656	1.7137979657666467	0.14246017260561916	
11.084292232105362	1.1796156179545982	-0.33594499500965314	0.04668397958121806	1.7911270369804269	0.1606785888532426	
11.295873711889575	1.1606330353969136	-0.22853798502290534	0.039147420957052925	1.8683084276299893	0.17991021495673204	
11.536308263948923	1.1480753246521276	-0.14613718506780315	0.028654113496019866	1.9455033018618817	0.1997189491234033	
11.80545145869732	1.148991763957053	-0.09739902080692399	0.013172361389238663	2.0230573042546602	0.21966950117376105	
12.102556924112422	1.1700024831362057	-0.09004159608596074	-0.009719358605731563	2.1014880145279196	0.23935479227561707	
12.426273130634968	1.216596833651299	-0.13017459872479908	-0.04264835391835271	2.1814520618813096	0.2584224639654421	
12.774584733755464	1.2924724546339788	-0.2216527002591846	-0.08821540118862493	2.2636911105667368	0.2765965072755733	
13.14465939106192	1.3989798431529676	-0.36549247663002804	-0.14872577390478864	2.3489564062075976	0.29369010318976746	
13.532564393260973	1.5347423320440228	-0.5594187064722057	-0.22589983435267302	2.4379126541573863	0.30960713013257657	
13.932846136758942	1.6955196345202452	-0.7976191736645858	-0.32058510475080576	2.5310236268812494	0.3243324294705218	
14.338022087978622	1.8743597332905435	-1.0707785570811552	-0.43249831031216485	2.6284240768380642	0.3379136593212988	
14.738099577763204	2.0620440734659566	-1.3664344282880272	-0.5600301078993143	2.7297851701836597	0.35043893901708056	
15.120277292412881	2.247794864484258	-1.6696593172947711	-0.7001453078838681	2.8341832761510033	0.36201417539320313	
15.468980136440244	2.4201935929444045	-1.964030777191159	-0.8484083799220192	2.939983954643249	0.37274261474734094	
15.766320576930315	2.5682517173991872	-2.2328138447335317	-0.9991590615233658	3.0447541004093783	0.3827072588854904	
15.992986120961298	2.6825592165308225	-2.4602514016030024	-1.1458552191824543	3.145215521868412	0.3919546385705102	
16.129459490065646	2.75639201926091	-2.6328405150031764	-1.28158645572613	3.2372530457604034	0.4004771143915294	
16.15742312428244	2.7865804678523403	-2.740470145672808	-1.3997361400528279	3.315989733085189	0.40819206123472923	
16.061196011079442	2.7738677127940896	-2.7773057448506777	-1.4947256890634597	3.3759405071263977	0.41492042683227365	
15.829079632037024	2.7225063748723537	-2.7423208907332777	-1.5627176526862534	3.4112518367110884	0.42037157043112544	
15.45452009586837	2.6390299548319227	-2.639394220261037	-1.6021087291016143	3.4160268470814894	0.42414147282959597	
14.937004446213983	2.530459838547479	-2.476924107112125	-1.6136500652902142	3.384721215409419	0.4257256455121871	
14.282596216370754	2.40250023952258	-2.2669724998206546	-1.600115455528365	3.3125773981141737	0.4245404849198299	
13.503991533123324	2.258351527821772	-2.024023755051623	-1.5655785938646039	3.196048252418725	0.41994430504512525	
12.619984694338672	2.098580711936973	-1.7635163481392166	-1.5144967053089402	3.0331527671632355	0.41125485637772763	
11.654318654005959	1.922080526816874	-1.5003482946938367	-1.4508601049424645	2.8237116749877917	0.3977699690379792	
10.634052265353336	1.727672598512826	-1.247551601473391	-1.3776269506062617	2.5694275702268494	0.37880438100510794	
9.587719929970715	1.5156084884245178	-1.0152858994292053	-1.2965453291780016	2.2737994573336455	0.3537525026819626	
8.543578053446597	1.288309312282048	-0.8102476520511815	-1.2083255529039212	1.9418869979493678	0.3221724719666651	
7.528112384623335	1.0501366063714552	-0.6355530676993506	-1.113022064585439	1.5799549499045737	0.2838675204142852	
6.564839591090751	0.8065295104405759	-0.4911143065345042	-1.010453634141013	1.1950307054563978	0.23892994222177394	
5.673404512490776	0.5631257732072554	-0.37445954330001635	-0.9005342240688895	0.7944082730345999	0.18772342472064024	
4.869034826891799	0.32532950065312066	-0.28185016269365526	-0.7834689771618499	0.38514243101189	0.13080911300416098	
4.162437457122503	0.09835464800047888	-0.20946374730318806	-0.6598374092498032	-0.026408495783370685	0.06884978721595582	
3.5601463444708434	-0.11257493475062984	-0.15438921856633772	-0.5306072934796656	-0.43493200570611884	0.0025339814539470772	
3.065228059556393	-0.30221499493923243	-0.11523958330258532	-0.39710728399089085	-0.8363642742737925	-0.06745501949281824	
2.6781968764038293	-0.46560316080180514	-0.0922971034855079	-0.26096567348107136	-1.227938437794947	-0.14042640526222872	
2.397986841630699	-0.5985565985733199	-0.0872132632489081	-0.12401753171678716	-1.608096093442338	-0.21564503104247162	
2.222847926740982	-0.6981437758030465	-0.10236509890182677	0.011808738446124265	-1.9762955058457012	-0.2922956978636762	
2.1510699112596736	-0.762946145932906	-0.1400203807613232	0.14460367017443554	-2.332756917338968	-0.36946868252455856	
2.1814903782616026	-0.7930329285371952	-0.20148331948638265	0.2725627641482844	-2.678184673063618	-0.4461762189893843	
2.313792889026038	-0.7896849139425814	-0.28637025481895684	0.3940282752534381	-3.013498048371938	-0.5213976583936838	
2.5486219672789012	-0.7549834144894774	-0.3921067867511234	0.5074838688321643	-3.339590276907364	-0.5941413195424924	
2.8875280344075582	-0.6914069631127138	-0.51366884789279	0.6115165224518929	-3.657123207576331	-0.6635067717780436	
3.332729532418593	-0.6015452726545443	-0.6435373343807248	0.7047720254539175	-3.9663574073562122	-0.7287330677869017	
3.886667733649527	-0.4879653923925545	-0.771813355798955	0.7859315163840029	-4.267015245273085	-0.7892239498453868	
4.55134190101159	-0.3531879372175869	-0.8864484111742307	0.8537260581119389	-4.558175116444763	-0.8445473616389242	
5.327441369256545	-0.19969203660641177	-0.9735732154112913	0.9069895362964385	-4.838196512103349	-0.8944115794186006	
6.21332729592806	-0.02988308741413131	-1.017941836350306	0.9447349474129314	-5.104676534922931	-0.9386233502473744	
7.203951713294593	0.1539855415995527	-1.0035294282446778	0.9662311141840261	-5.354438900069249	-0.9770346253202187	
8.289830707751136	0.3498789990352005	-0.9143221057225108	0.971057582427207	-5.58355732614861	-1.0094847350515563	
9.45621125286216	0.5559353231019926	-0.735313583281549	0.9591229820217829	-5.787416948470157	-1.0357456643943206	
10.682586176450497	0.7702107114189106	-0.4536802157222807	0.9306438797071296	-5.960819367280487	-1.0554800548274057	
11.942712269864328	0.9901732323057673	-0.060054973173529404	0.886095696036739	-6.098137470387284	-1.0682234625963223	
13.205260509346854	1.212000131308978	0.4502256981938617	0.8261623802568493	-6.193523410179126	-1.0734018600827002	
14.435162156151195	1.4298489000490517	1.0760572025825001	0.7517206736031307	-6.241166771538796	-1.0703903615377892	
15.595606773398181	1.6353589363800503	1.8098360622386138	0.6638884103029057	-6.235592905626722	-1.0586095933512936	
16.65050872605863	1.8176454746075972	2.637167438190442	0.564140095965174	-6.17198677957255	-1.0376446887611817	
17.56714028432363	1.9639489266724557	3.5370341119773	0.45445697106207666	-6.046529627956545	-1.0073635182177578	
18.318554421913667	2.0608952498480675	4.482371672915089	0.337453335892124	-5.856730480964572	-0.9680088229381888	
18.885525481832456	2.096141581123217	5.440969916948819	0.21642820110651437	-5.601745246027486	-0.9202456609274187	
19.25766866483463	2.0599423140335826	6.3766230541096665	0.0953204025232191	-5.282618805958298	-0.8651527045962341	
19.43398977408181	1.946492106685195	7.250529421829782	-0.021398440693686627	-4.9025057223657456	-0.8041647074170287	
19.42216012199765	1.7544311505557622	8.022873449456016	-0.1288745191999392	-4.466649599377679	-0.7389650878623706	
