18.84362189544013	-0.2707937608655273	8.37104771760944	0.0025523545511829	-3.852733827592364	-0.3931920105017628	
18.547436394534778	-0.4177337256897921	8.87906921915997	-0.0030813599561005	-3.2975505742659856	-0.34455542437959075	
18.122808779594585	-0.5701278099746987	9.128099376665356	0.013155037374829301	-2.7107583358485825	-0.3008606343222234	
17.603622278993136	-0.7109541320781182	9.081595276950711	0.054080687871253	-2.1083711190736474	-0.2626023347778494	
17.026248892412067	-0.8223221721181802	8.720253266519052	0.12076334014464281	-1.5074050219853694	-0.2301079721291862	
16.42721734203255	-0.8881732125661365	8.045986703432693	0.2122515392239469	-0.9248038110899797	-0.20364254145106553	
15.840830727815552	-0.8966869538885245	7.084489508359384	0.3256111736515985	-0.3762494735911502	-0.1834660296817349	
15.296845727327199	-0.8419409426834136	5.885821246421851	0.4562010452596259	0.1250154313452836	-0.16982627120397936	
14.81833204723408	-0.7246121492720161	4.522468058585783	0.5980694876534427	0.569193707684283	-0.16290019648911644	
14.419819656236864	-0.5516814678398265	3.0844149589066614	0.7443671063058898	0.9505963438982943	-0.162716032792352	
14.10585902172664	-0.33515277474702476	1.6710219536517061	0.8877232278012118	1.2678143410025018	-0.1690904704694073	
13.87020352514147	-0.0898529146921748	0.38006298607761546	1.020586400711079	1.5233191649350348	-0.18160087338534853	
13.695976708404533	0.169403186368047	-0.7047540788837567	1.1355663164504444	1.7225249141605925	-0.19959067558947133	
13.557309121853468	0.4306337634097344	-1.5252782077555516	1.225839825975392	1.872492916736852	-0.22218332440141764	
13.422790766285694	0.6866150642080411	-2.056176153275735	1.285678949854296	1.980592548052647	-0.2482683260642765	
13.260539645695186	0.9352060582888752	-2.3054713573909567	1.3110771751756287	2.0534620397509347	-0.276440746000318	
13.04394347280282	1.1779052325079664	-2.308356736235626	1.3003015603461798	2.09648148788556	-0.30492549704517957	
12.75665967919433	1.4170688004616048	-2.11709432426534	1.254110142213758	2.1137395300159745	-0.33156160767245657	
12.395568744278854	1.6526833455160348	-1.7908485122205593	1.1754800184900611	2.108302534556899	-0.353910574644968	
11.970981634849288	1.8798104122465389	-1.3879487643259127	1.0689475378423825	2.082579542265233	-0.3694927603728444	
11.50420130814524	2.0876661567531207	-0.9609178458902844	0.9398626474883075	2.0386644789612323	-0.37610464117190545	
11.023253240169055	2.260754897674601	-0.5534815580965133	0.7938552817813518	1.9786155816039679	-0.3721586117624296	
10.55799452551359	2.381784328186427	-0.1988886811031285	0.6366426580617837	1.9046592164733418	-0.35698815187205246	
10.135723385819263	2.4355669163214	0.0807521548806115	0.47410733789986714	1.8193091075904	-0.3310488190356395	
9.777942521331276	2.412889917761645	0.2742909069434999	0.31244108359063893	1.7253944460653128	-0.2959414791643747	
9.498435660605391	2.3133754357817926	0.3806511181760138	0.1581170488212004	1.6259943558163914	-0.2542194971852138	
9.302566578745282	2.146607698326438	0.4073210782435914	0.0175328566413559	1.5242873574572102	-0.2090085676006463	
9.187660333533815	1.9312184461172397	0.36830063423997805	-0.1036688935381509	1.4233438623909838	-0.1635292004909949	
9.144296005954187	1.6920728227866813	0.2816692169694835	-0.2014208297226124	1.3259048198267007	-0.12063729984669448	
9.158269211520022	1.456105265185461	0.1670355454944877	-0.2739077716694074	1.2341905106765871	-0.0824821506251824	
9.212918066479029	1.2476821480003562	0.04317551220250021	-0.3218399989110731	1.14977361033215	-0.0503378805003406	
9.291466629601658	1.0845311964384368	-0.0738572717403727	-0.34820085833144315	1.0735361683780222	-0.0246144804316893	
9.37902848455527	0.9751788943972328	-0.17196030545295088	-0.35753121881978883	1.0057125598477286	-0.0050125264490946	
9.463975623979646	0.9184748881898367	-0.2435017299932976	-0.3549616127825643	0.9460024655760872	0.009240561508452	
9.538538256252561	0.9052478248369313	-0.2851986150012888	-0.3452658608948812	0.8937255821551293	0.019141776413448497	
9.598694063938565	0.9215493431944479	-0.2974914686266197	-0.3321791018412546	0.8479866463108592	0.0257078474954407	
9.643538525858435	0.9524665146015072	-0.28360025806971134	-0.3181156497783906	0.8078241624304928	0.0298449421367951	
9.674375864826631	0.9853416675315192	-0.2484758495074224	-0.3042753247358756	0.7723256137947049	0.03229350889082461	
9.693760885030894	1.0115749708462527	-0.1978372494143864	-0.29099908101909433	0.7407027819791929	0.0336274139836331	
9.70467270346037	1.0268639574656464	-0.1374048515620481	-0.2781842754303821	0.7123299276858698	0.0342793552525734	
9.709920200679154	1.0303588997904958	-0.07235140398757059	-0.26561352503725155	0.6867523400165731	0.034570172245108395	
9.711794483831724	1.0234355466521725	-0.006947788374961197	-0.25314529221608334	0.663673145868972	0.0347308492645126	
9.711926711813732	1.0086022542908155	0.0556176336322137	-0.24079130197821902	0.642925063330628	0.03491563183265561	
9.711285979648165	0.9887411722150488	0.1132576083765797	-0.22873020714202802	0.624433458626662	0.0352094051025478	
9.7102533828654	0.9666730857810666	0.1648620554343867	-0.217292544802361	0.6081776664667606	0.035632916971121496	
9.708728767675758	0.9449689536614061	0.21006898091710843	-0.2069315475968373	0.5941577590294255	0.0361482154101787	
9.706255188392436	0.9259275699989918	0.24897792958885148	-0.1981851252951601	0.5823730549225972	0.0366659000584363	
9.70216542815254	0.91163767303936	0.2818520405109592	-0.1916335683012659	0.5728167711297922	0.0370556581686656	
9.695756866431003	0.9040386156051554	0.30884671429808364	-0.18785635320381747	0.5654886540997217	0.0371611753725703	
9.686492117608132	0.9049062510159299	0.3297938481121233	-0.1873861309590272	0.5604244373642342	0.03681944248089819	
9.674212193043736	0.9157347050698763	0.3440644159438552	-0.1906523799789464	0.5577378510898289	0.035883193125805804	
9.659339544980696	0.9375468696990577	0.350531689729677	-0.1979082528589669	0.5576678604713214	0.0342443386881715	
9.643042459638714	0.9707084689446116	0.3476596164575153	-0.20914407451912442	0.5606210201971972	0.0318559321708006	
9.627334470017937	1.0148172344705628	0.3337363174248787	-0.2240039552786054	0.5671969312120863	0.0287502153242679	
9.615093137771979	1.0687021531336895	0.3072530337253055	-0.24172987633509668	0.5781849559324732	0.0250506745740139	
9.609994266770718	1.130528682420847	0.2673923710354224	-0.2611568908855316	0.5945236083382222	0.020976766681859698	
9.61636303265033	1.1979854962216447	0.21454214430004606	-0.2807755994215546	0.6172204581629126	0.0168408075216101	
9.638943521648851	1.2685238297805794	0.15070722929834576	-0.2988674260681261	0.6472389527948881	0.0130371627888491	
9.682589529367188	1.33960920756434	0.07967260138757741	-0.313706095910662	0.6853673987578449	0.010024454734620603	
9.751887372289936	1.4089181215512947	0.006795321810929003	-0.3238032026172806	0.7320921184635394	0.0083021636579739	
9.850736985113343	1.4744020820039192	-0.06161909244554271	-0.3281563823823464	0.7874992537450011	0.0083833680773286	
9.98193926513792	1.5341910936195184	-0.11928344132592603	-0.3264442724688366	0.8512264084377021	0.0107650576056507	
10.146858262328411	1.5864055342027128	-0.16105497832551574	-0.31911796166546375	0.9224766101988265	0.0158971019905119	
10.345231004313987	1.6290177629372136	-0.1839859430996328	-0.3073682868029001	1.000095240501055	0.024151601538159102	
10.575175030101448	1.6598915894077078	-0.18809504967261118	-0.29298719836640374	1.0826989582706152	0.03579571567098609	
10.833403285138807	1.677036180629012	-0.17674267545893835	-0.2781679599377235	1.168837110970259	0.050971626640714196	
11.115616907207082	1.679001450483458	-0.15657991732872736	-0.2652930808297681	1.2571623059701345	0.0696861881671644	
11.417016567719156	1.6652747792645686	-0.1370970751280325	-0.2567456796281207	1.3465877061248184	0.09181067248615829	
11.732850222848064	1.6365394812825222	-0.1298243918385893	-0.2547603786816915	1.4364127088854497	0.1170887912282207	
12.05890201677548	1.594712913651615	-0.1472565175159347	-0.2613125673905708	1.5264039779476726	0.1451493706345268	
12.391831317650093	1.5427629553667104	-0.2015916921413693	-0.278034885155876	1.616823971291477	0.1755193229155747	
12.729294900706968	1.48436449826951	-0.3033934631901261	-0.306148084548809	1.7084035523943428	0.20763346453430137	
13.069823076262018	1.4234761244399792	-0.4602926987690079	-0.34639682020473006	1.8022588122709582	0.24084026481745527	
13.4124599697292	1.3638992786295363	-0.67585096165164	-0.3989849226318627	1.8997552061429657	0.2744059387315736	
13.75620918673929	1.3088574445921408	-0.9487028657716499	-0.4635078463893804	2.0023253581150247	0.30752200917863454	
14.099349553802318	1.260620959888832	-1.2720843958050239	-0.5388833348653643	2.111251047049906	0.3393222267263632	
14.438707545963892	1.220208828189156	-1.6338351706872491	-0.6232858554044537	2.227424562081234	0.368913196599457	
14.76899324478839	1.1872238592996232	-2.016928344468987	-0.7140964907830769	2.351108470788491	0.39541983341463205	
15.082316402412392	1.1599133386157057	-2.4005254079929657	-0.8078888083782219	2.481714697930009	0.418042545495834	
15.367983434697528	1.1355611982140958	-2.7614820779036657	-0.900483458112177	2.617623524231872	0.4361184262077779	
15.612626240281042	1.1112621722475016	-3.076167256516122	-0.987116654759516	2.756061233162192	0.44917491445025826	
15.800650335142423	1.0849788321424851	-3.322419255972223	-1.062769805190105	2.8930521560791203	0.4569635282147243	
15.91495756985827	1.0565817960896484	-3.4814577976265286	-1.1226835940900155	3.023457346239827	0.4594651495054183	
15.937916290656126	1.0284424406302497	-3.5395890495368114	-1.1630205010829522	3.141109008736353	0.4568660905972262	
15.852580696786198	1.005204878408641	-3.4895666712469167	-1.181557431943708	3.2390476145661986	0.44951189194488056	
15.644144618647877	0.9926179338394606	-3.3314807485759905	-1.1782211342335684	3.3098655350266144	0.43784955398183795	
15.301541644191754	0.9956569573405092	-3.073035046447597	-1.1552654570960914	3.3461526764719967	0.4223679033799119	
14.819016505423551	1.0164909977177108	-2.729089173003226	-1.1169566073338675	3.3410226255927817	0.40354215336174193	
14.197434720682619	1.0530365194163718	-2.3204385706878643	-1.0687740011903646	3.288674880562852	0.38178552685699474	
13.445076373899262	1.098736789948743	-1.871953606423476	-1.0163047515305554	3.184928251159053	0.3574107575059854	
12.577686432154227	1.143745666725268	-1.4103152220469952	-0.9641342695847931	3.0276509489327625	0.3306077568612046	
11.617667536819948	1.177067268804155	-0.961622204435939	-0.9150478257813268	2.817019060161888	0.30144729917577556	
10.592504696932115	1.1887979074456376	-0.5491183378377491	-0.8697459147808666	2.5555581372470435	0.2699186876975434	
9.532708608668358	1.1716752912781014	-0.191242469829287	-0.8270905969860434	2.24795842779608	0.2359986121557216	
8.469624510876914	1.121569620702965	0.0998070253802224	-0.784724180567975	1.9006909058612225	0.199731237787806	
7.433358128069088	1.0370937751315767	0.3187671495131593	-0.7398105248796075	1.5214747610630182	0.1612856287801545	
6.450955028592875	0.9188985928176249	0.46703543112674695	-0.6896721486320405	1.1186543564530358	0.12095875006592069	
5.544964584819512	0.7692250635596397	0.551352262572505	-0.6321995824477913	0.7005467111154722	0.07911603917250919	
4.732577416456103	0.5919035005378761	0.581690528878375	-0.566021523813339	0.2748300141905265	0.036095686092524795	
4.025490943976462	0.3925404554850665	0.5688953799157868	-0.4904903342100082	-0.15194882064133447	-0.0078760861588716	
3.430489272340452	0.1784790739369865	0.5226636040525768	-0.4055512501152536	-0.5746835493712563	-0.0527188935466069	
2.950540869634523	-0.0416822738970381	0.45025330011246784	-0.3115525461740406	-0.9898098487425496	-0.09847018949793132	
2.5861367329682046	-0.2589062943745323	0.3560425373817729	-0.2090421621426804	-1.3952175666322886	-0.1452133907313594	
2.3366156270453446	-0.46456334172149494	0.2418473782712148	-0.09858958533261848	-1.7900224822447348	-0.1929943094934261	
2.201296171241435	-0.6510076632101095	0.1077931645920945	0.019334141246155304	-2.1742558687159583	-0.24175549859790996	
2.1803143086998595	-0.8117256895094065	-0.0465120215389169	0.1443934350501201	-2.5485252941105445	-0.2913045084796435	
2.2751239328382584	-0.9410785064401375	-0.22074518392169967	0.2763284225122703	-2.9136866564780863	-0.3413153550444096	
2.4886480275337246	-1.03379985185143	-0.4127720324599877	0.414799892103077	-3.270550867611433	-0.3913499042672748	
2.825073634055085	-1.0844755239221404	-0.6178056372990592	0.5591592355438981	-3.6196335765166223	-0.44088135540716367	
3.2892831262289324	-1.0872204820254592	-0.8278639252967747	0.7081816012131144	-3.9609462704575513	-0.4893054284407633	
3.8859260969197114	-1.0357029760557803	-1.0315208727694032	0.8598115499644947	-4.293823486340445	-0.5359333527761512	
4.618172315047822	-0.9235652862680712	-1.2139349350125563	1.0109708898436145	-4.616782585072353	-0.579970530749208	
5.486241734793987	-0.7451926371234964	-1.3571561382425383	1.15746901108391	-4.927416627516158	-0.6204923394023419	
6.485863972875128	-0.49672100287857734	-1.4407385466187732	1.2940422980083826	-5.222324765246693	-0.6564316763666028	
7.606860015249929	-0.17716166065874367	-1.4426952909044144	1.4145367741477166	-5.4970873895981525	-0.6865912914571106	
8.83205766351982	0.21046814357763038	-1.340818190236684	1.512238276658317	-5.7462953297211286	-0.70968923683616	
10.136748977236818	0.6581150732157546	-1.1143439878704742	1.5803434464790571	-5.963643806314792	-0.7244399637735554	
11.488868881389815	1.1518803223493417	-0.7458916428629689	1.6125486464078724	-6.142102276682333	-0.7296680511202994	
12.850016499363242	1.6715730641678577	-0.2235326284759654	1.6037132939106638	-6.27416963038789	-0.7244466560268984	
14.17735608189388	2.1907932042840934	0.45719747340835304	1.550535292653219	-6.352218218648359	-0.7082481159540426	
15.426317637990124	2.6777384058102367	1.291576743462211	1.452165785245593	-6.368918340334108	-0.6810888720939328	
16.55385890783209	3.096943269410232	2.264516378464126	1.3106874715709196	-6.317719722259483	-0.6436446634663826	
17.521871011728738	3.4120870482114842	3.350156139718551	1.1313788734349173	-6.19335560228972	-0.597306527921133	
18.300193144756864	3.589774122338082	4.512369798958048	0.9226876114502884	-5.992334024507726	-0.5441484832183445	
18.868751253817187	3.603826299897487	5.706130519015765	0.6958527399039651	-5.713386513524111	-0.486789285741784	
19.218563390368296	3.4393023188132608	6.879515765852144	0.4641601833569335	-5.357846344966353	-0.4281539325890455	
19.35163408478896	3.0953750939657354	7.976102378124466	0.24187958073433788	-4.92992321095144	-0.371169033071404	
19.279949266963488	2.5864083423269224	8.937624384230194	0.0429954508735449	-4.436836258138797	-0.3184492965430583	
