17.277203160059052	-4.065733791135745	6.56592135921373	0.8019931380019978	-3.564578555903239	-1.3795555745712624	
17.052104027421784	-3.6842979747568694	7.033444746931145	1.1189339528296172	-3.134880186519425	-1.2762008899867905	
16.75291903042316	-3.1928509072580837	7.381098125241606	1.3773283550522908	-2.691099900856873	-1.1605155983535838	
16.40467219464557	-2.631120006645315	7.581136507718146	1.5687630545039932	-2.241161889825721	-1.0357489788981706	
16.033384709455646	-2.039128085134655	7.610487888995279	1.690644527212434	-1.7929849846732933	-0.9056911319811483	
15.664415834811113	-1.4535679383596947	7.453211424949152	1.7460888489495352	-1.3541229590420747	-0.7744795179636967	
15.320655253146931	-0.9048982863381168	7.102710454172723	1.7430766484555582	-0.9313812004769878	-0.6463766736153338	
15.02085777269734	-0.41557893233204884	6.563544452057399	1.6933399215902931	-0.5304546682528531	-0.5255796538822053	
14.778179140053622	0.000752632186027398	5.852457642672492	1.6109870646467408	-0.1556127925495162	-0.4160509181238633	
14.599031913054317	0.3393393241415947	4.998345093574498	1.511042503975197	0.19052187955395566	-0.3213753791732222	
14.482327154594275	0.6037950047858329	4.0409312828549	1.4079729469086795	0.507051893394359	-0.24462823048630172	
14.419172795786542	0.8050639644202293	3.028128579424022	1.3142922086499018	0.7946886547433665	-0.18823480452909055	
14.393101997530428	0.959792017418664	2.0123057925889762	1.2393467127558315	1.0554025596096144	-0.15380365608944832	
14.380944859933749	1.0880868846168963	1.0459453092043811	1.188415956991299	1.2918321598708	-0.14192644044436106	
14.354533390613733	1.2107978670657986	0.17725637551487358	1.1622789012706174	1.5065071332100755	-0.15195854422380378	
14.28346137157137	1.3466169736756417	-0.5537706627112379	1.1573763235676233	1.7010280372923257	-0.18181662658219083	
14.138938523563525	1.5094251929256233	-1.1185176329082782	1.1666084101874232	1.875421741610793	-0.22784861211818178	
13.898323422421143	1.7063287584294446	-1.5018175656673303	1.1806425499835658	2.027889096673368	-0.28484720926310686	
13.54942233039655	1.9367048843984043	-1.702686994463056	1.1894388960014446	2.155046928188232	-0.346280758984839	
13.093463605858757	2.1923238216981877	-1.733524899699282	1.183649753437555	2.252593294243516	-0.4047848072818932	
12.545925018375883	2.458362760928452	-1.61788670494071	1.155663096806122	2.3161994410849185	-0.45288651025159743	
11.934907387995846	2.7150303387585324	-1.387327102360322	1.1002529400987413	2.342411239945544	-0.48385234716904846	
11.29728973207696	2.9396093649194626	-1.077960239548983	1.0149303253384885	2.3293927896151523	-0.49250785672183106	
10.673405547341876	3.1088708867340125	-0.7271973743377135	0.9001032453632457	2.2774060370611022	-0.4758950917006012	
10.10136510201005	3.2018496534805347	-0.37083285977863184	0.7590993587049031	2.1889755350315796	-0.4336786371341991	
9.61220853974555	3.202832971942243	-0.04051118419405048	0.5980402006479061	2.068742416265792	-0.36824515118512396	
9.226726998298398	3.1041771499020716	0.23836859978396752	0.4255016648582989	1.9230571444369489	-0.28446233890423134	
8.95423665781784	2.9083991711484245	0.4481783570937136	0.2518754084108713	1.7593879091439115	-0.1890981312744256	
8.79310959629537	2.629016852192182	0.5798402233023988	0.08839086943825239	1.5856380969202744	-0.08996194214313843	
8.732588570407456	2.2898028084022353	0.6327203880571576	-0.05413920580259953	1.4094741581321262	0.005103610872645278	
8.755342196535194	1.9223915734365515	0.6136146365594514	-0.1666788028118333	1.2377544653005697	0.08921149497989338	
8.840283936033627	1.5624840768405148	0.5349582435252956	-0.24320273387301647	1.0761199051665131	0.15723168221465558	
8.965289656604124	1.2451851689493258	0.41253436860995574	-0.28157569728247006	0.9287710414279738	0.20627733979590696	
9.10954962302899	1.00022313279502	0.2630422383438222	-0.28389609517504044	0.7984259050869964	0.23581429851487284	
9.255375625489759	0.8478777544273652	0.1018987772959635	-0.2562004405499241	0.6864299815857219	0.24740883681697193	
9.389361364726636	0.7963513660825358	-0.05841379195373741	-0.2075275741393268	0.5929750309789249	0.24419729789767972	
9.502873241739627	0.8410516939439934	-0.20925891332894125	-0.14847428802190393	0.5173757798271361	0.2302045211946007	
9.591926287348368	0.9658904757258379	-0.3459667310142319	-0.08950571805027693	0.4583550569326724	0.2096480087038739	
9.656561427509851	1.146341392631461	-0.46727004911810194	-0.0393625195406403	0.4142988709466862	0.18634538823229604	
9.699874890953296	1.3536947756061315	-0.5742869090411624	-0.003891930063630206	0.38345994270963457	0.16330428494074556	
9.726865209108059	1.5597173046742656	-0.6693425838948135	0.014476838763442159	0.364104837521818	0.14252796336346965	
9.743267889953943	1.7408369860691277	-0.7549046859538138	0.016553119024665074	0.35461100216695157	0.12502667167559078	
9.754539420162644	1.881079951454213	-0.8328279404165357	0.005606406055181508	0.35352458168218387	0.11098957674284748	
9.765119815188323	1.9732608308550743	-0.9040041146490312	-0.01377844542155683	0.3595898110766625	0.10004948673134455	
9.778043272505347	2.0183073531053854	-0.9684103662470611	-0.03691524263232797	0.37175879254523647	0.09156590037195896	
9.794893546175974	2.0230287609217346	-1.0254585243315282	-0.06000911690138886	0.3891885111310184	0.08486307455350472	
9.816039419617887	1.9970382878808095	-1.074483949782731	-0.08071460280507368	0.4112306961979758	0.07938519376363769	
9.841051254822748	1.9497576653196185	-1.1151952558525162	-0.09818272170642041	0.4374194871580201	0.07476142016137936	
9.869185292118077	1.888326011842306	-1.147941835230918	-0.11268272446055841	0.46746101955681346	0.07079949647899982	
9.89981820295681	1.8168383899296323	-1.1737287208500633	-0.1250122662639975	0.5012265569338687	0.06744059203717981	
9.932731001646896	1.7368319190793085	-1.193994232078463	-0.13594630327955717	0.5387462771518153	0.06470794315559594	
9.968194746189157	1.648511103952613	-1.2102433371396526	-0.14590383901668033	0.5801968221416306	0.06267046799096003	
10.006885311751056	1.5520233866440438	-1.2236690688856484	-0.15487602214365245	0.6258756959759886	0.06142713317821763	
10.049708237338399	1.4482529551875603	-1.234870192758027	-0.16253688250371853	0.6761598690546341	0.061106163612499306	
10.097621574134523	1.338985077608932	-1.2437021577671976	-0.16841010752338573	0.7314513619064292	0.06186888364385484	
10.151517941900615	1.2266297605779126	-1.2492384638149354	-0.17199690192528005	0.7921160451210387	0.06390961518974932	
10.21219329273236	1.113795115699404	-1.2498135188932706	-0.17283626669236687	0.8584228234080193	0.06744716851564671	
10.280401184989154	1.0029116623939152	-1.2431506851359164	-0.17051818155418294	0.930489996542152	0.0727075428831915	
10.356967587201263	0.8959891357762357	-1.2266045865854849	-0.1646823191473042	1.0082450473399251	0.07990037255333124	
10.44292458268095	0.7945317595622189	-1.1975403072610915	-0.1550235093911675	1.0914035099534312	0.08919301501458425	
10.539617218801737	0.6996302452868304	-1.1538411714337526	-0.14131163114247405	1.1794714264727892	0.10068618148293369	
10.648747673267128	0.6122361533020684	-1.0944956179186611	-0.12342831927500218	1.271773873968743	0.11439428356333285	
10.772341482092212	0.5335793441691659	-1.020173795113589	-0.10142397305738947	1.3675091223835636	0.13023272749359507	
10.912646250873706	0.4656214303545327	-0.9336817663984881	-0.07559834561468508	1.465824324665493	0.1480133118042556	
11.071996211931172	0.41138776710439345	-0.8401875855907022	-0.046600555167692716	1.5659047332139502	0.16744762853535	
11.252684390636128	0.37503263575314744	-0.7471463242755514	-0.015531858849196868	1.6670652688407965	0.1881572485352721	
11.456868002921626	0.3615698863291961	-0.6639003319875446	0.015974104930986117	1.7688319053845822	0.20968910339315827	
11.686498761156855	0.376293642638403	-0.6009864611021889	0.0457174435506498	1.8710012353157273	0.23153496935947532	
11.943244222706445	0.4239681617843438	-0.5692292791043926	0.07096044856442453	1.9736693478285476	0.2531545736538599	
12.228368994424002	0.5078860321174562	-0.5787240443475826	0.08852821592472486	2.0772248998408984	0.27400171119272804	
12.54256557715152	0.6289200260259765	-0.6378106566401747	0.09498866368226914	2.1823051409399095	0.29355172362838644	
12.88573820653491	0.7847377434270216	-0.7521191881883326	0.08691376398069041	2.289716795696163	0.3113273095058237	
13.256735933669027	0.9693770485754635	-0.9237476198756789	0.061210615765165254	2.4003256882252386	0.32691884495379553	
13.653011662424566	1.173354398978733	-1.150627357412648	0.015491879307533806	2.5149200996880063	0.3399962841134782	
14.070175382044233	1.384380563728237	-1.4261432863941441	-0.05156287523157822	2.6340538421237207	0.35031262451218376	
14.501437022391642	1.5886084024062064	-1.7390910678847722	-0.13991105272691104	2.7578767688315002	0.3577024076644837	
14.93700274884119	1.7721933349845393	-2.074055177096701	-0.24796332995696227	2.885963311439662	0.362080334550495	
15.363573394583415	1.922876400065868	-2.412260415290821	-0.37253696579888174	3.017153096759716	0.36344384207529096	
15.764149797739975	2.03133184391121	-2.7328882111574164	-0.5089468581718113	3.149420538155779	0.36188055831650445	
16.11833596198318	2.0921254049683986	-3.0147714471205975	-0.651221890791117	3.27979126733662	0.3575782332410442	
16.403237253641787	2.1042375846091232	-3.2383017171195725	-0.7924342893975966	3.4043215981812747	0.35083144045462955	
16.59490943695845	2.0711588988287715	-3.387315583248311	-0.9251358646077906	3.518153008558334	0.3420368124209399	
16.6701834174506	2.000546411232146	-3.4506941246463247	-1.0418949920756995	3.615647940624574	0.33166874973444366	
16.608623043399167	1.9033786060200983	-3.4234326213516506	-1.1359115254549685	3.6906072969967445	0.32023246377452347	
16.394387744086504	1.792532965949233	-3.307016065029495	-1.201650656943941	3.7365642239796677	0.3082006652116499	
16.01783564253776	1.6808201958045774	-3.1090543253732106	-1.2353920212028326	3.7471423327453945	0.2959498525638479	
15.476747533339692	1.5787660873166711	-2.842262051308536	-1.2355651755143755	3.7164582428873607	0.28371510248597687	
14.77703331209111	1.4927259378735265	-2.522983257167556	-1.2027700627939362	3.6395379743777543	0.2715752515747438	
13.932741578687466	1.424015701448554	-2.169523829713181	-1.1394696763374503	3.5127061552271486	0.25946816277087187	
12.965236937186257	1.3694679915768373	-1.8005338761937768	-1.0494553595989229	3.3339008904162393	0.24722711415638643	
11.901594731200397	1.3232380261480245	-1.4335838560259384	-0.9372600422963961	3.1028713164818433	0.23462840848567235	
10.772506894915928	1.279114720590254	-1.083975278715369	-0.807687863312751	2.8212319895190987	0.22144353033938918	
9.610128823656538	1.2323866804337544	-0.7637999705263429	-0.6655456134441095	2.4923732317833074	0.20748966484716438	
8.446222656256342	1.1806149067178815	-0.4813207271344715	-0.5155498010540727	2.1212477187989838	0.1926669318226186	
7.310716876912768	1.1233140378756816	-0.24080910590941904	-0.3623052340089872	1.7140612425482002	0.17696435519780077	
6.2305885434015105	1.0611378037898536	-0.042946836237006354	-0.2102489899032658	1.2778916915393344	0.16042005918032673	
5.228964760748931	0.9952864176167538	0.11423753296940023	-0.0635174449641063	0.8202589674519037	0.14304029142218716	
4.324506048053262	0.9274401210040312	0.2340989863982686	0.07423424970959915	0.348681609193131	0.12470794967905492	
3.531230904498886	0.8599760655023573	0.3201069142910575	0.2000036688797215	-0.12972516102864706	0.10512449154981682	
2.8588244977022974	0.7960130923483284	0.37491897666145246	0.31156613818367795	-0.6085542377001768	0.0838162097735938	
2.313291765830889	0.7390274759820522	0.3999981524216853	0.40754706316079403	-1.0822851729379368	0.06020499687517387	
1.897756807362457	0.6921202833013016	0.3957688632718152	0.48745222245819103	-1.5463440884705395	0.03371645335988284	
1.613271622989825	0.6572308143739727	0.3621621040363734	0.5516655299735664	-1.9970770172562298	0.003888864749872037	
1.4595664069759873	0.6346091110369307	0.299344909784872	0.6014119836119435	-2.4316746398944478	-0.029545781196178227	
1.4356985399225697	0.6227393634846717	0.20843571693764923	0.6386709439904941	-2.8480800322760804	-0.06662190736837358	
1.5405578458380202	0.6187280717925234	0.092050519424358	0.6660217215879495	-3.2448989133093726	-0.10713954210933632	
1.7731866814923043	0.6190132649033051	-0.0454065235726437	0.6864155560975618	-3.621317844057823	-0.1506909188780201	
2.1328811084198502	0.620174673733176	-0.19771815903398954	0.7028910492648671	-3.9770236262841845	-0.19670027504914112	
2.61905336462073	0.6196479000699321	-0.357043289118635	0.7182709642854215	-4.312110290655448	-0.24446528891719607	
3.230855942763124	0.6162332925269101	-0.51423677399531	0.7348852561494102	-4.6269598385941	-0.29319291541468334	
3.9665905814570017	0.6103827459838332	-0.6592163615186443	0.7543560049948231	-4.922088027845702	-0.34202604116767765	
4.8229465348984455	0.6043012266224228	-0.781317979631448	0.7774613466458915	-5.197954540962014	-0.3900600967749349	
5.7941304851562325	0.6019038710154708	-0.8696149098370581	0.8040766144571945	-5.454745615708893	-0.4363510793242702	
6.870967952419596	0.6086396587454006	-0.913204321622512	0.8331776555095667	-5.692145330888349	-0.4799185731809601	
8.04007502763234	0.6311553151959938	-0.9014785462470589	0.8628857375555709	-5.9091188857716626	-0.5197491949274072	
9.283219306095061	0.6767519523591083	-0.8244033173892628	0.8905358633831878	-6.103737002812297	-0.5548071215736489	
10.577006710531348	0.7525956765594086	-0.6728303536301901	0.9127602767627445	-6.273073211529165	-0.5840582730416707	
11.893037973544013	0.8646830640004342	-0.4388784473184279	0.9255948842749067	-6.413202031555773	-0.6065123662023792	
13.19866020557194	1.0166238885696022	-0.11641627772153032	0.9246341458385089	-6.519313741689357	-0.6212822561235293	
14.458378141400729	1.2083752357137705	0.29834055920837654	0.905271735286369	-6.585942430891467	-0.6276541592418742	
15.635881214556463	1.4351334205231427	0.8061455448739182	0.8630591926895453	-6.60728540808962	-0.6251581778118487	
16.69650691444048	1.6866406997152734	1.4040165472597916	0.7941856384484439	-6.577580526671812	-0.6136281465125079	
17.609847246334954	1.9471592983985826	2.0845904077116626	0.6960377025357348	-6.491507128936533	-0.5932426994101657	
18.3521288154192	2.1962560851976125	2.8356165750972817	0.5677564029846603	-6.344576549377683	-0.5645424389512754	
18.908025277012722	2.4104012510612627	3.63964645173566	0.41070325221911863	-6.133494676731164	-0.5284187130088563	
19.27154768635308	2.5651304802709083	4.474015418661983	0.2287361423466479	-5.856460660642647	-0.4860690451416933	
19.446049939164432	2.637662635037469	5.3110888838931585	0.02829561161393359	-5.513456611061189	-0.4389176149108726	
19.443041099966734	2.6093222751142746	6.119001439294883	-0.1818320516225272	-5.106416661266023	-0.3885082568040192	
