19.576135390986828	2.668013323469631	8.127473178525529	0.1663702085603822	-4.383002830780803	-0.2678534247299343	
19.25537590673945	2.2209056517892756	8.835410026168079	0.010398011011133277	-3.845064418799154	-0.26108830247370984	
18.809372066295925	1.7010263146752809	9.332232539452306	-0.11519477602879631	-3.2638422376891656	-0.2544394273812527	
18.268712648360523	1.1342909113531547	9.577891915653941	-0.20636402468858894	-2.653211793980937	-0.24686039899340717	
17.664347303606345	0.5503288355426736	9.542697157171588	-0.2611311698394925	-2.028695594221567	-0.23766113097602773	
17.025972222068226	-0.020090757408925575	9.211139205959507	-0.2796888202355497	-1.4067231194995817	-0.2266086251545412	
16.38074226665046	-0.5480079327015213	8.58497280340292	-0.26422556558939014	-0.8036338200530092	-0.21394762026219322	
15.752422849545901	-1.0088823931745723	7.6855503455571474	-0.21860734872996548	-0.23461608032484843	-0.20035036147743435	
15.160815778420204	-1.3846614999608864	6.55481148506034	-0.14793035148261197	0.2873709609537769	-0.18680484223283836	
14.621319642898566	-1.6649309741729348	5.254516129317638	-0.05804044249866402	0.7525316441161375	-0.1744724880237979	
14.144464822817774	-1.8469580669644932	3.863214902526518	0.044910078901019404	1.1548824990437847	-0.16454716451143422	
13.735341018524977	-1.9345865931876238	2.4706208003353556	0.1548019971551061	1.4924835396398959	-0.15814177284329617	
13.392945834672307	-1.9361744691979845	1.16939120377636	0.2657484127834356	1.7671744483392793	-0.15621465737862378	
13.109655607147236	-1.8619969979916506	0.04495017206817006	0.3721577938827853	1.983813709105003	-0.15953099833014495	
12.871227393549525	-1.7217479450881221	-0.8351580094495417	0.4687221044658611	2.1491221168615775	-0.1686361683714489	
12.657855717245614	-1.5228028452760167	-1.4300329464865866	0.5504480408169764	2.270350334843798	-0.18380377087248406	
12.446636529741658	-1.2696274569564712	-1.7297395935395954	0.6128557628969913	2.354076448043676	-0.20492326656436838	
12.215292739303024	-0.9642864406237808	-1.7537562309866028	0.6523738181397403	2.4054207176892657	-0.23132550048564887	
11.946429829191464	-0.6077882032626866	-1.5443824101408563	0.6667944603885292	2.4278134509462146	-0.2616014822452543	
11.631243184734982	-0.20201646465033496	-1.1578840019373513	0.6555537702585968	2.4232460260011157	-0.2935076987924044	
11.2716233650473	0.24805306918259995	-0.656285088322403	0.6196698888489915	2.39280559220335	-0.32403137228642787	
10.879967403204008	0.7323413445401564	-0.10117571090159998	0.5613574767953833	2.3372930478685134	-0.3496289398859499	
10.476658916772047	1.2344349890605186	0.45068346920943825	0.4834897471551344	2.257787533909258	-0.3666050891016597	
10.085961154634461	1.731590256828255	0.9506220912715173	0.38912259623714157	2.1560741767401264	-0.37158768688467486	
9.731567147877307	2.1962092171925924	1.360486469498578	0.28125064440355674	2.034887968591684	-0.36204463684208804	
9.432941849452499	2.598740921804438	1.6542334983987992	0.1628630267943424	1.8979601454386703	-0.33675846762856737	
9.203029693832399	2.9115901781179736	1.8186543736158811	0.03722511764961575	1.749876283407454	-0.29614633664469486	
9.047364425825892	3.113290356730374	1.8531551891815587	-0.09180873926100154	1.5957689093114866	-0.24232537020040631	
8.96436623546688	3.1920815255091775	1.7684859636671992	-0.21966712317410722	1.440893723760367	-0.1788828432808386	
8.946530982901338	3.1481490022350167	1.5844374775948853	-0.3412446990263694	1.2901754148550877	-0.11038986814084098	
8.982155589054722	2.994032553273849	1.3267768062298404	-0.4513928888131419	1.1478212807722858	-0.041761538067971504	
9.057230791184226	2.7530433074230394	1.0238742422624199	-0.5456070739348227	1.0170704891455769	0.022403628493897914	
9.157218788876389	2.4558966010777	0.7034882049751556	-0.6207340899739832	0.900097231785853	0.07837892972807398	
9.26855486065486	2.136146221896473	0.3900758887301752	-0.6755022890361626	0.7980485750085962	0.12366928116027495	
9.379788707836324	1.8253023366066894	0.1028750273941083	-0.7107074961913172	0.7111810677775008	0.15713761641062007	
9.482313235346036	1.5486197404901765	-0.1451160030002445	-0.7289751185259254	0.6390564425288047	0.17891310745858183	
9.570659623676061	1.32237224119188	-0.3472614152062485	-0.7341412752859413	0.5807589201002353	0.1901364979511738	
9.64238792650921	1.153012775781835	-0.5026489882830409	-0.7304094117263461	0.5351031410538114	0.19261668911400742	
9.697653639490182	1.0381236226123012	-0.6149225331904223	-0.7214982937350816	0.500811832275952	0.18847198173580323	
9.738557754129884	0.9686930700861667	-0.690849287142541	-0.709984029221818	0.4766529927772238	0.17981555297170887	
9.768392721544382	0.9320982384332784	-0.7388501110018377	-0.6969699822755608	0.4615338490558379	0.1685242210423666	
9.790894785155187	0.9151563982821665	-0.7676612584551444	-0.6821263970716935	0.4545524594081035	0.15610619272786846	
9.809607616104795	0.9066461268920671	-0.785252370022727	-0.6640507173612795	0.45501015637898934	0.1436606978047072	
9.8274433940571	0.8988223145756655	-0.7980933644813164	-0.6408250567999129	0.4623914679469452	0.1319054483982005	
9.84648396857213	0.8877232265248372	-0.8108110043807871	-0.6106061358626166	0.4763224472633474	0.12124163035724791	
9.86800122014474	0.8724496819716392	-0.8261952210568909	-0.5720931279167664	0.49652067405071487	0.11183071035681916	
9.892623241157686	0.8539126119159799	-0.8454409099399104	-0.5247811015956557	0.5227484934856567	0.10366757315568241	
9.920561311761986	0.8336287357243419	-0.8684865514156024	-0.4689954196749052	0.5547765233894375	0.09664426926838804	
9.95183456465055	0.8129653101963558	-0.8943456788937728	-0.4057739115350819	0.592360061666671	0.09060458130561916	
9.986455181360117	0.7929205901958902	-0.9213887178326727	-0.3366880114679494	0.6352282230023875	0.08539135679316365	
10.02455468806193	0.7742693778094866	-0.9475784442450875	-0.2636705080656312	0.6830839516440385	0.08088740957468805	
10.066446369918852	0.7578243391329013	-0.9706736346427456	-0.18887355630882988	0.7356119873637534	0.07704868538994405	
10.112630047229858	0.7446368295854388	-0.9884041674553269	-0.11454883700936934	0.7924913301035305	0.07392699108915067	
10.163750828116092	0.7360677418571273	-0.9986096038407998	-0.04293513181240901	0.8534084117738039	0.07167953013888453	
10.220527926948826	0.7337173678440021	-0.9993350517310687	0.023853070159375604	0.9180668542439661	0.07056344767465517	
10.283677045899209	0.7392245904341407	-0.9888908356448181	0.08393452189517316	0.9861900242547282	0.07091509346119984	
10.353853254574863	0.7539798361470277	-0.9658973036763131	0.1357635309405626	1.0575144033921142	0.07311559468534934	
10.431632038145695	0.7788530306565131	-0.9293460818954882	0.17821786783100793	1.1317749654785112	0.07754651250867509	
10.517527529734348	0.8140722159575634	-0.8787110421421862	0.21065621059492232	1.2086872075148258	0.08454143318416231	
10.612032993006205	0.8593522284808884	-0.814134111123135	0.23292157220087387	1.2879328860417583	0.09434056256354852	
10.71566978726585	0.9142698703333505	-0.7366902752978116	0.2452703471409108	1.3691569363217895	0.10705514313243017	
10.829044067428743	0.9787694643392072	-0.6487029766530249	0.2482238803117817	1.4519812274333115	0.12264682625132	
10.952922343604275	1.053621921656236	-0.5540434503058251	0.24236324341743598	1.5360371046843089	0.14092459624960998	
11.088336480343605	1.140670508489989	-0.458320768598097	0.22810558954376925	1.6210138744956375	0.16155910768781814	
11.236714214028193	1.2427507793427701	-0.36887025312947586	0.20550482213682053	1.7067155564415364	0.18411175271786195	
11.400011203503581	1.3632366585557822	-0.2944838818274682	0.17411350522353167	1.7931146847262385	0.2080736500439715	
11.58080678516134	1.5052348787506078	-0.2448846541601728	0.13293481400128612	1.8803908926732094	0.23290838548350093	
11.782322071058253	1.6705398079003282	-0.23000020004853355	0.08048565763990664	1.9689439617118079	0.2580921601388422	
12.008317656430393	1.8585568214378707	-0.2591173960668612	0.014980995514269277	2.059375294933135	0.28314615125482484	
12.262822841338568	2.065457306385151	-0.3399986432526019	-0.06536872139071016	2.152436807997561	0.30765782533396024	
12.54964908286078	2.2838045480499973	-0.47802481803367347	-0.16197745549490136	2.248950428168622	0.33128978820721755	
12.871663602174948	2.502792556279303	-0.6754125183864986	-0.2754710975661031	2.3497037765321998	0.35377603647909417	
13.22984854424019	2.709103892720493	-0.9305431072523056	-0.40530458964589416	2.4553282191063963	0.3749064897750745	
13.622234890774832	2.8882594309456513	-1.2374451430911755	-0.549471968166659	2.566165075191841	0.3945019711662268	
14.042860223684748	3.0262400148638373	-1.585491536259421	-0.7043637126218459	2.6821252485828277	0.4123833943473571	
14.480940231717739	3.111125636194836	-1.959398541728091	-0.8648088097362493	2.8025475965954305	0.42834033387728215	
14.920455295275495	3.1345180823538934	-2.3396274279647997	-1.0243170489080067	2.926062493585644	0.4421048705572368	
15.340326564995696	3.09257370245834	-2.7032748501260744	-1.1755139414033227	3.0504695212113595	0.4533362733839853	
15.71528273326203	2.986552699082168	-3.0254888245358766	-1.3107400534416338	3.172641875236259	0.46162048292132724	
16.017400990093037	2.8228584287417635	-3.281371182333286	-1.4227696334178046	3.2884744188175508	0.466485440234335	
16.218168146916483	2.6125637205185224	-3.448239264512271	-1.5055868745746308	3.3928962993112877	0.46742969935083606	
16.29080152198899	2.3703987534614837	-3.508030864240279	-1.5551360198499855	3.479970687111658	0.46395918052535207	
16.212545076001177	2.1131595436301374	-3.449553031989355	-1.569930918171843	3.5431009755860847	0.4556267602740022	
15.966717792274029	1.8575828987170977	-3.270216665645057	-1.5513807941940627	3.5753530786317187	0.4420704802514426	
15.544377387045893	1.6179658297554416	-2.976910736373407	-1.5036914120260456	3.5698872313832894	0.42304562881822994	
14.945499882685834	1.4040665726145953	-2.5857906997176743	-1.4332679619112112	3.5204713529780896	0.3984435717447196	
14.179551533709253	1.219889622425601	-2.120961396419311	-1.3476799189202724	3.4220252925797032	0.368290060143337	
13.265306363631652	1.0637268371626214	-1.6122409689252097	-1.2543996036803764	3.2711277026999546	0.3327217062381509	
12.229821809528707	0.929411948189667	-1.0923163123642543	-1.1596195547565742	3.0664118842554706	0.2919498093314899	
11.106647130957127	0.8083447245101715	-0.5936218012804496	-1.0674381210568147	2.808787995682669	0.24622927311186088	
9.933521046982019	0.6916250466780134	-0.1452442557819091	-0.9795835843001047	2.501456075458319	0.19585026958618837	
8.749886895353672	0.5716989444961267	0.229837332760298	-0.8956773371975332	2.149709767659685	0.14115829756128193	
7.594476681867416	0.4432161107820212	0.5167969933012369	-0.8138828147477656	1.7605603082843793	0.08258828229438689	
6.503102265566191	0.3031826076776043	0.7098713966654764	-0.7317031128604482	1.3422250120178285	0.020684454253678246	
5.506771001744543	0.1507620921937148	0.8118776146747823	-0.6467020507609461	0.9035316520274763	-0.043914410657979366	
4.630284195279832	-0.012948540004134645	0.8324794065349281	-0.5570112651762601	0.4533024728970532	-0.11051729420976783	
3.8914495039744437	-0.185121207583919	0.7857401231803937	-0.4615891706078244	-0.00020652749541230642	-0.17842027260859505	
3.3009214048271525	-0.36154890335386425	0.6876274367381914	-0.3602617628121931	-0.4497430448340641	-0.24691426735451377	
2.8625806669384164	-0.5372659485284839	0.5539639470346489	-0.2535949317414389	-0.8893353042906726	-0.3152558943068174	
2.5743340451297057	-0.7073310676479974	0.3990347589463844	-0.14265153028252522	-1.3144076240790041	-0.38261956475778347	
2.429226331439835	-0.8675186402086973	0.23483853775736147	-0.0286926863039366	-1.7217598936018466	-0.44805703660124324	
2.4167644550023253	-1.0146959163755827	0.07085062464633123	0.08711093053729635	-2.1094477928199082	-0.5104832173803516	
2.5243537147918964	-1.1468177254738103	-0.08586772339599337	0.20389667454672622	-2.476601767981995	-0.5686931566512061	
2.7387460835571527	-1.2626272834178165	-0.23036044812137663	0.32121543572860595	-2.823216781895761	-0.6214036833784351	
3.0473923216289647	-1.3612311956373044	-0.3593671687160163	0.43901567212822645	-3.1499347482561433	-0.6673085622757255	
3.4395693216988077	-1.441703157648974	-0.47086340767324986	0.5575278119712566	-3.4578314799930108	-0.7051380192970603	
3.9071403742517554	-1.502798604667821	-0.563571230242247	0.6770904595897536	-3.7482135198870177	-0.7337183136529766	
4.444828003411465	-1.5427832425434804	-0.6364541534026068	0.797962022444853	-4.022428087331378	-0.7520307275209829	
5.0499463301980585	-1.559330382485864	-0.6882174336421675	0.9201485788137691	-4.281689510259565	-0.759270292472264	
5.7216318007889075	-1.5494375770936837	-0.7168462485051228	1.0432595370629318	-4.526925455760289	-0.7549034581654764	
6.45969479353529	-1.5093435337754773	-0.7192244759525959	1.1663866338681892	-4.758645190837985	-0.7387218870607026	
7.263269467895761	-1.4344726485693309	-0.6908821161295615	1.2879951744890066	-4.976830721497745	-0.7108873383458102	
8.129462408229204	-1.3194754028412703	-0.6259163021391383	1.4058197105778514	-5.180850959937635	-0.671960922050309	
9.052196209994738	-1.1584516583877316	-0.5171176120899036	1.5167664440231867	-5.36939945076279	-0.6229099489557519	
10.021414019263785	-0.9454350991296993	-0.35631170924025185	1.616837743644204	-5.540457409715099	-0.5650879522671944	
11.022757361233063	-0.6751863976849068	-0.134900884859057	1.7011074330626401	-5.691285323685187	-0.5001877177849248	
12.037761757110239	-0.3442973783289703	0.15543305877756933	1.763786561087033	-5.818447601781571	-0.43017152441674866	
13.044548226583453	0.04745364262124753	0.5219176640973454	1.79842469739797	-5.917875446810593	-0.3571853669459018	
14.018936238055339	0.49564295681558806	0.9698251456375928	1.7982861766980778	-5.984973040246815	-0.28346396087766557	
14.935866916549584	0.9898939120876924	1.5016012707957243	1.7569186031662758	-6.014771153269197	-0.2112313065034513	
15.77099915526405	1.5130616206071108	2.1160284567451497	1.6688905908873979	-6.002131097608835	-0.14259866095353335	
16.502321199130975	2.0412469148130357	2.807465095191586	1.53062393624565	-5.942000632977397	-0.0794598274707323	
17.11161525934942	2.5448553302975485	3.5652037457012056	1.3412011659273364	-5.829723192984342	-0.023384854282836997	
17.585620343300477	2.9906825723248662	4.3729959656462105	1.103008304314703	-5.661392951602146	0.024480312942219286	
17.91679524185513	3.3448539715145142	5.20878178712065	0.8220962070389154	-5.434248999526305	0.06349352015709833	
18.10357658436987	3.576159114460991	6.044724197820371	0.5081672854798508	-5.147057431139131	0.09355145664785937	
18.15023572816674	3.6597081566572625	6.847549685811422	0.17420368132961184	-4.800507724018381	0.1150699998423787	
18.06615180921453	3.5798473131890827	7.579470702608514	-0.164321683105765	-4.397452742854613	0.1288884384282419	
