19.88380769463715	0.0774779283308457	10.55390390010104	-0.1588049079430089	-3.033882604913755	-1.3258358631260123	
19.689777001451677	-0.37134868515923625	10.749595235046316	-0.23807979705440954	-2.5647093578424047	-1.163520374547338	
19.354624169407245	-0.7332403485220491	10.633974499517796	-0.2810156765671321	-2.0731507930837383	-0.9986388561914993	
18.896547417615913	-0.9935883992433318	10.202839670886586	-0.2867781561718855	-1.5706808297539039	-0.8357775090738808	
18.338383491374355	-1.1442045763607245	9.472445414757603	-0.25628690357580164	-1.0690812271608903	-0.6793028382474388	
17.70679789226273	-1.1846320884241992	8.481438031796191	-0.19251621609794006	-0.5798737508996221	-0.5330860378838966	
17.030277084182522	-1.1218585576046691	7.2876473443663	-0.1003951230436098	-0.11364738969694317	-0.40026548836860326	
16.33722628639698	-0.9694044268959501	5.963920732987618	0.013376911315493263	0.32044898371532576	-0.28309096477175894	
15.65370159782586	-0.7452581709136329	4.591320671365783	0.1407497701589865	0.7150796090986089	-0.18286782106985586	
15.001224189899	-0.4691843684379299	3.2511232745883416	0.2728847271017038	1.0648945249758843	-0.10000598756129407	
14.394983120108638	-0.15992616049121042	2.0165553407282646	0.40082029345908504	1.36652050975068	-0.034148782154188435	
13.84289252653437	0.16695549871435858	0.9458150232889376	0.5161583431009119	1.6184093023506134	0.015665741591484664	
13.345794650741938	0.5000354014278003	0.07759702199440001	0.6116864822388807	1.8206028041995534	0.050862239310827444	
12.898786389519728	0.8316370213386401	-0.5703753811594902	0.6818589152796799	1.9744644540577982	0.0732319133030246	
12.49334216325392	1.1564995838802588	-1.0001071823695975	0.7230834546063524	2.0824066188797143	0.08487035863373546	
12.119743928955147	1.4701792313618904	-1.2301235137667954	0.7338053825618321	2.147638009442478	0.08811001188326342	
11.769328767196487	1.7677732896474176	-1.291094830393929	0.7144243978015106	2.1739538258546607	0.08541191186356012	
11.436147595440977	2.0432963097545427	-1.2209850348137583	0.6670996260242633	2.16557948082591	0.07920674827898194	
11.117772018759778	2.2897903664372885	-1.060357009813148	0.5954941951575884	2.1270606429756427	0.07170276085448539	
10.81519635846985	2.500054964926221	-0.8483507574019259	0.5044890286100642	2.0631769681466	0.06469642021842373	
10.531993793775994	2.6677647807783003	-0.6196419577774508	0.39986999666378714	1.9788535049985576	0.059427699999444715	
10.273031666673896	2.7887131974726755	-0.40245706930010844	0.28797624895571594	1.8790520547392222	0.05651451129099525	
10.043100176451162	2.8619321136670437	-0.21755766275848823	0.1752966931398494	1.768638337766779	0.05598323459870668	
9.845765976223785	2.890445481506796	-0.0780467989325791	0.06801579985916713	1.6522329938221731	0.05739065479721146	
9.68265182042882	2.881431315270969	0.01015015036130331	-0.028465880579363154	1.5340617812278734	0.06001347962215088	
9.553204967172128	2.8456515872073824	0.04727874101964912	-0.10998500258852847	1.4178225639097257	0.0630682310802711	
9.454898218655858	2.7961769437248973	0.03838421723805537	-0.17396943066168474	1.3065859050890354	0.06591698035641652	
9.383725115509465	2.7466384885461546	-0.008231008056353125	-0.21962537073520363	1.2027390515242034	0.0682176447107933	
9.3348346384516	2.709351798994672	-0.08254700832096912	-0.24791509434029402	1.1079763688743274	0.06999265110086916	
9.303168648164945	2.693677461159332	-0.1742130029325772	-0.26132019439131676	1.0233336678501839	0.071609447138588	
9.283999944811077	2.7049141520555566	-0.2736660237933043	-0.2634256715512628	0.9492593951658684	0.073685955372138	
9.27331225371522	2.743891637667361	-0.3729121557576624	-0.2583918737341089	0.8857126726715508	0.07694840505045583	
9.268006681522623	2.807280619273296	-0.4659505592961604	-0.2503980430188049	0.8322764213495795	0.08207547580289279	
9.265953385723144	2.888500811188	-0.5488672152150693	-0.24314067859159966	0.7882734404747612	0.08956132200887286	
9.265925921644117	2.979014923618358	-0.6196611221218037	-0.23945391285222686	0.7528744423181849	0.09962243927365995	
9.267458549689295	3.0697565746129825	-0.6778858733760112	-0.2410927503929342	0.7251894080217206	0.1121618830422878	
9.270659489465693	3.152453174169073	-0.7241955149711627	-0.24868983633800845	0.7043366920352689	0.12679158697561813	
9.276003548022329	3.2206535416060245	-0.7598781259951717	-0.2618703031114537	0.6894874790245155	0.14290228445444958	
9.284124534974124	3.2703397632941185	-0.7864479541667084	-0.2794868160605325	0.6798865146724699	0.15976176227862696	
9.29562931173401	3.3000925985971765	-0.8053421267642015	-0.2999227937472629	0.674853815677617	0.1766190265021836	
9.310955698401642	3.3108556981402106	-0.8177408798567726	-0.3214105560236291	0.6737748387340536	0.19279513875520576	
9.330291778398127	3.3054090482855387	-0.8245089621353426	-0.3423151076665752	0.6760880175878664	0.2077477560376686	
9.353561716066702	3.2877023255219595	-0.8262372818037019	-0.3613459084273343	0.6812779076473747	0.22110450413206695	
9.380467170234025	3.262201829737446	-0.8233496596440917	-0.37767642566605003	0.6888792785515301	0.23266796988000693	
9.410560761085753	3.233368359427216	-0.8162315960944794	-0.39097093226298507	0.6984931277388459	0.2424005598854314	
9.443325452741988	3.205318884008689	-0.8053371797978498	-0.4013351758445934	0.7098111712448005	0.2503997017886953	
9.478242381693734	3.1816547262616797	-0.7912383750055794	-0.4092181422405437	0.7226423972459511	0.25687276604635595	
9.514843746498986	3.1653887905652898	-0.7746001910964574	-0.4152943528638806	0.736934590801993	0.26211760987506905	
9.552758868439794	3.1588897636801776	-0.756091745278708	-0.42035070359559906	0.7527851478273547	0.2665104328018497	
9.591765999400376	3.1637820831212373	-0.7362647215355312	-0.42519179328601053	0.7704377956694621	0.2704991106807695	
9.631860098516924	3.180780312399214	-0.7154358134514616	-0.4305669936017614	0.7902650748304683	0.2745985345492966	
9.673339341913195	3.2094811452851553	-0.6935991735039534	-0.43711503174204913	0.8127385229624162	0.2793841917896989	
9.716904934810083	3.2481688524356507	-0.6703823963142959	-0.4453212726945673	0.8383897155219662	0.28548102816645765	
9.763762832269114	3.2937022101652422	-0.6450545736084817	-0.45548650135082125	0.8677660761708881	0.2935460059616378	
9.81571187630894	3.3415426367928185	-0.6165962829705792	-0.46770994300080426	0.9013857813442235	0.3042442622057521	
9.875200493006263	3.385958444999789	-0.5838397995435323	-0.48189074495853096	0.9396962154391132	0.3182199819430381	
9.945334578924687	3.4204066939134408	-0.5456778048407581	-0.4977505552456906	0.9830401840596492	0.3360638430630297	
10.029823138851988	3.4380629960715807	-0.5013237175652772	-0.5148762590267711	1.031633405827215	0.35827930305147637	
10.13285455435377	3.4324506450105137	-0.4505939903118613	-0.5327782082187932	1.0855556866038198	0.3852503390406941	
10.258903635046766	3.3981168826953887	-0.39417765306495084	-0.5509572181098432	1.1447566058813443	0.4172135064679428	
10.412477534362093	3.3313074148546233	-0.33386017029335086	-0.5689739622388035	1.2090746796191765	0.45423737554267707	
10.597819142927996	3.2305875948410403	-0.27267505569488426	-0.5865160891198412	1.2782665824353854	0.49621219742308087	
10.818593591654675	3.097353416841167	-0.21496734807403958	-0.6034605406703998	1.352040707730583	0.5428514190889793	
11.077585101230856	2.9361533825906596	-0.1663545186523295	-0.6199284946230535	1.4300884198300385	0.5937057035296979	
11.376428903312556	2.7547295993820735	-0.13356886699714912	-0.6363278079637974	1.5121064804497872	0.6481883515540611	
11.7153942119931	2.5637091903864317	-0.12416379042312774	-0.6533743903927044	1.597805752535623	0.7056086446303925	
12.093216862205656	2.375940517244524	-0.14607054840194722	-0.672082018763772	1.6869037243143863	0.7652072277431521	
12.50695761072333	2.2055450929311275	-0.20700586691673006	-0.6937117656524464	1.7791005665749353	0.8261866244256428	
12.951848615965229	2.066807424743011	-0.31375204706199683	-0.7196778949997626	1.8740396703498912	0.8877313523833615	
13.421101392000043	1.9730338339245173	-0.4713554795168908	-0.7514153953365845	1.9712541743781644	0.9490154184273094	
13.90568365354511	1.935487042801816	-0.6823127494591426	-0.7902226266416359	2.070101703135086	1.0091986014026897	
14.39411085365776	1.9624650942305035	-0.9458318398541926	-0.8370978238467179	2.169690879701908	1.0674155747195824	
14.872328927329576	2.058568664616317	-1.2572750876438614	-0.8925901461148305	2.2688060786152766	1.1227634339689117	
15.323767103187205	2.224182315026976	-1.6078830977893204	-0.9566826538732923	2.365839304634536	1.1742934826831837	
15.729630473202045	2.455199311112813	-1.9848587464419944	-1.0287191023063347	2.4587401144496366	1.2210122679164723	
16.069481190642346	2.743039300812078	-2.3718598219477287	-1.107382519428808	2.544995987626502	1.261895075797885	
16.32211918144945	3.0750133421613723	-2.7499019404602403	-1.1907306313393522	2.621655018906406	1.2959124176375247	
16.466726094495613	3.435064287605289	-3.0986216250489824	-1.2762911388953353	2.6854000405132683	1.3220671074777817	
16.48419167058379	3.8048476751566938	-3.397798415141403	-1.361216413765128	2.732678221852035	1.3394371593063248	
16.35851267608078	4.165042538920131	-3.6289907940965196	-1.442490163089749	2.759883355895419	1.3472183882747093	
16.078144715608456	4.496727418092002	-3.7771116068354083	-1.5171678178170764	2.7635802560792815	1.3447604035820024	
15.637188178026893	4.782644988969584	-3.831763866545304	-1.5826202699205092	2.7407528495007196	1.3315906378293751	
15.03629079003733	5.008210690884194	-3.788186479863849	-1.6367413144940697	2.6890508210392374	1.3074230438501335	
14.283141580578915	5.162186176119287	-3.6477156234717474	-1.6780761870892498	2.607004117439704	1.2721503026473913	
13.39243488179033	5.23702332682367	-3.417742592534493	-1.7058363589618926	2.4941707700409914	1.225820449202729	
12.385254622516488	5.228967562990876	-3.111240803559361	-1.7197905458895164	2.351189078023028	1.1686014629077301	
11.287915137880054	5.138012922241933	-2.745960581174157	-1.720051974463438	2.1797142913136534	1.1007398218286455	
10.130411963654419	4.9677411774618445	-2.343375322194321	-1.7068105901819943	1.9822385418630735	1.0225222422527216	
8.944722525321964	4.724993193532914	-1.9274079743373185	-1.6800739988507838	1.761818099331936	0.9342517323124945	
7.7632060784383246	4.419283118957962	-1.5229144598572804	-1.6394779853631618	1.5217566004339211	0.8362476153850478	
6.617273959188742	4.061923220875137	-1.1539030457941206	-1.5842106770278446	1.2653068544175892	0.728873232158888	
5.536370449923855	3.6649623404882394	-0.8415509497553461	-1.5130708332311795	0.9954493932009373	0.6125858053894153	
4.547189287978611	3.2401776530645727	-0.6022180021944179	-1.4246549056323663	0.7147823467932132	0.4879939398057291	
3.6730116948958376	2.7984094580784586	-0.44578770235978915	-1.3176419243922448	0.42552283154502174	0.355903311025036	
2.933095851400602	2.3494436195612174	-0.3747145066853316	-1.1911244615160186	0.12958925327360168	0.2173323645034175	
2.342134219994071	1.902439734239565	-0.3840887798799104	-1.044921725913662	-0.17128089129765978	0.07348730834977765	
1.9098433249825355	1.466648506620607	-0.46278733795410526	-0.8798147947916305	-0.47542022036026665	-0.0742994804106457	
1.640755013760789	1.0520183557679224	-0.5954800666956546	-0.6976637555363725	-0.781153459768074	-0.224648323058194	
1.5342569228939598	0.6693469472367356	-0.7650512860621665	-0.5013890411896952	-1.0867607743808467	-0.3762034344825533	
1.584892059018579	0.3298470000385709	-0.9549294392179414	-0.29481994100662007	-1.39047993095289	-0.527679193981995	
1.782902490139318	0.04424250409825044	-1.1509095159494929	-0.0824301240088688	-1.6905394272347132	-0.6778792104753263	
2.114992188541067	-0.17832692741014336	-1.342231644758137	0.13100440341173697	-1.9852125128086153	-0.8256977550582979	
2.565273626315625	-0.33128389864384034	-1.5218720651956341	0.34077594017120466	-2.2728812118658333	-0.9701166640503597	
3.1163415976921853	-0.4112397240067135	-1.6861555285195902	0.54258919673775	-2.5520997846217703	-1.110207393102607	
3.7503939604422643	-0.41816946379024644	-1.8338857334901029	0.7328292811806426	-2.821648304009601	-1.2451414139237007	
4.4503075966924674	-0.3551732457668813	-1.965212273336194	0.9087201622130836	-3.080568237883287	-1.3742055658327534	
5.200581913625965	-0.22795908949581586	-2.080423535299218	1.0683610887223218	-3.3281720199774063	-1.4968140162712134	
5.988069507936071	-0.04422071193668676	-2.1788054326842987	1.2106492774433915	-3.5640180429194785	-1.612506466434847	
6.802435193165762	0.18693155300613387	-2.2576526150690914	1.3351183100109736	-3.7878444905590927	-1.7209247758433728	
7.636299642186927	0.4553959319950514	-2.3114898654662523	1.4417311967230975	-3.999458653091441	-1.821765390378903	
8.485041756871594	0.7503401957881131	-2.3315649609570324	1.530669837731947	-4.198584948075166	-1.9147118187153849	
9.34626358028241	1.0603390052138468	-2.3056841248860493	1.6021572303053397	-4.38468342122368	-1.9993576282224592	
10.218962106847172	1.3734658972788973	-2.2184611514935906	1.6563371857677456	-4.556758884365986	-2.0751340417459367	
11.10249501634459	1.6774271718335236	-2.052034618550061	1.6932219802853916	-4.713186802437174	-2.141256232363673	
11.99546024394935	1.9598087246983065	-1.7872747035711338	1.7127044226680757	-4.851583982044872	-2.1966991350929552	
12.894626001598516	2.2084754518200564	-1.4054540937989517	1.7146198438186353	-4.9687495913018775	-2.240208389514311	
13.794049707051823	2.4121262127461662	-0.8902994102727999	1.698837358157178	-5.060695582007844	-2.270346609844864	
14.684513223765485	2.560970644454789	-0.23027971630409905	1.6653591735465323	-5.1227763846780405	-2.2855708996834725	
15.553383065401036	2.647451723711995	0.5790819973356304	1.6144103499681641	-5.149917992335431	-2.284334876777899	
16.384951263038275	2.666900983652528	1.5331387533313108	1.5465087225548524	-5.136933437475986	-2.2652067965633242	
17.161239914896232	2.618003042591864	2.6165581171250016	1.4625148520398712	-5.078902222600143	-2.226996140864589	
17.86318315665369	2.5029669182782204	3.802520587325869	1.3636703025402672	-4.97158371389784	-2.1688817314461075	
18.47204817770713	2.327367721613669	5.052885662991953	1.251637686902459	-4.8118313861033375	-2.090535056256454	
18.970897366384893	2.0997116696109557	6.319405342613925	1.128551177399448	-4.597963171538618	-1.992227833969002	
19.345981054491226	1.830855724875352	7.546101437969813	0.9970823155065734	-4.330073489677651	-1.8749198214844913	
19.587717538741177	1.5334133639796217	8.67239501404861	0.8604896218079408	-4.010189499643926	-1.7402927754879045	
19.69169141948908	1.2212430377376486	9.63762511892211	0.7226582646839572	-3.6424261421142177	-1.590777158383884	
19.65850444586605	0.908928124570846	10.384860761048126	0.587998920492248	-3.2327518641258868	-1.4294429349386886	
