19.267515361914132	0.9443220804727448	10.483103812143904	-0.0727483339103301	-2.969775480666452	-1.2616384856859315	
19.088595049710175	0.37746262601685543	10.630803932969592	-0.14218483259387757	-2.5187250582194767	-1.1295915253754418	
18.807990084182034	-0.13833741683802583	10.505205912294079	-0.17869531056077698	-2.0485844959333903	-0.9926361039632812	
18.437813536775607	-0.5828692558152415	10.101337845480344	-0.1816825940172652	-1.568926417290255	-0.8543140243852165	
17.992885903099396	-0.9401600082049483	9.430481283436215	-0.15203854652559878	-1.0896787206510006	-0.7183029934611376	
17.490401534187864	-1.19955478502325	8.52235340341011	-0.0923591173322338	-0.6206920889951609	-0.588199204210551	
16.94886981351296	-1.3558757290012613	7.423381535144566	-0.006845647427904326	-0.17118645853552733	-0.46725671397629737	
16.387011073126246	-1.4092992894021463	6.194068607613954	0.09882070077643522	0.2506864511433573	-0.35819150908711095	
15.822312311111794	-1.3645655366942542	4.903946535186196	0.2177736226992947	0.6381890742197498	-0.26303564261250706	
15.269489005916409	-1.2297289354547691	3.6250824302402935	0.34236023673969573	0.9861840782373666	-0.1830667567668865	
14.73907652725742	-1.0146651899275383	2.424826561579675	0.4646304939797956	1.2911642999114323	-0.11880407671804646	
14.236544919826486	-0.7297632942687957	1.3591394550262799	0.5768659741822486	1.5511522469719836	-0.07005113470196571	
13.76228678346423	-0.38523539710722077	0.46778117014741183	0.6720953934772848	1.7655232883587006	-0.035954559386310474	
13.312603690741511	0.008730872976128325	-0.22786179557935599	0.744543151700524	1.934804817318327	-0.015057219925998129	
12.881497669951436	0.441143738532764	-0.7243467073009272	0.7899656007075416	2.0604821171170515	-0.005349851823496787	
12.462831104785169	0.8991913568982617	-1.0337940717219125	0.8058489928118917	2.144825224517482	-0.004349228796664359	
12.052355244573167	1.3675696321950954	-1.1803350893662756	0.7914726734178563	2.1907471894394086	-0.009233348008681008	
11.64916530123502	1.828518056545125	-1.1959908774516488	0.7478609747703463	2.2017001501883224	-0.017045202143604304	
11.25627700421796	2.262689750572361	-1.1164841794095755	0.6776551828521854	2.1816048658488367	-0.024948983978572994	
10.880236241176284	2.650735960727254	-0.9774294407720062	0.5849285939738176	2.134794213568762	-0.03050028599638088	
10.529911623501865	2.9752950729577967	-0.8112545980355498	0.47495050240053016	2.0659432678607756	-0.03188088724879316	
10.214801288094407	3.223005241025987	-0.6450410058126281	0.35389024984010947	1.979963665738751	-0.028051549126308944	
9.943260709486507	3.386202051600704	-0.4992866182779678	0.22844899740004398	1.8818545728200073	-0.018792227108040523	
9.72102588331553	3.46404112564588	-0.3874840967177492	0.1054169783098556	1.7765184563352518	-0.004622859563171536	
9.55029402505319	3.4628440108634924	-0.3163752502304947	-0.008826038231971745	1.6685607333433634	0.013378471542532824	
9.429471568432655	3.3955281560561312	-0.2867455481571465	-0.10882528901637444	1.5620968130632449	0.03382490375423576	
9.353551367924398	3.2801004039343633	-0.29461617176474486	-0.19051235686563367	1.4605909078844252	0.05528997460800042	
9.314950700847438	3.1374066524506325	-0.33265172125656756	-0.25153654833283035	1.3667442588864611	0.07654502425661053	
9.304595237281506	2.988497167251826	-0.39160929876167816	-0.2914023952574306	1.2824414683342378	0.0967236439039512	
9.31304319759761	2.8520589938755068	-0.46167877907377197	-0.311381840775737	1.2087551875700464	0.11538982001389979	
9.33148749080125	2.742344099336474	-0.5336050163341864	-0.3142139922877136	1.146002975340365	0.13250852292753995	
9.352531698606139	2.6678973549976255	-0.5995285179803446	-0.3036459996204145	1.0938466920536047	0.14833797565817095	
9.370689664403598	2.631213847169669	-0.6535208809356846	-0.283894504416515	1.0514231770055886	0.16327672606478918	
9.382599556041706	2.6292816814463453	-0.6918235755814857	-0.25911378426090176	1.0174939909110488	0.1777035490379781	
9.386971701507793	2.6548287629345255	-0.7128243116173469	-0.23294609541868092	0.9906013888348626	0.1918444906173803	
9.384310506510966	2.6980057260233785	-0.716823564293921	-0.20820737087680463	0.9692178740804505	0.2056913236177947	
9.376469452655098	2.74820618636458	-0.7056540612739934	-0.1867335639533151	0.9518782832386147	0.21898231175936805	
9.366113526539777	2.7957411825951937	-0.6822174320783511	-0.16938698428792745	0.9372860667789493	0.2312428906081047	
9.356175075888865	2.833131840977616	-0.6500026536599554	-0.15619820297944595	0.924388743445227	0.24187198768352466	
9.349382234420496	2.855875614592016	-0.6126445413659451	-0.14660103695283688	0.9124218044798618	0.25025220467781883	
9.347916456611586	2.862637677568701	-0.5735648503913067	-0.13971210739590187	0.9009228660461883	0.2558607188231917	
9.353229413950581	2.854913644477181	-0.5357179063502244	-0.13460511749324117	0.8897198408418326	0.2583603233793938	
9.366020721068631	2.8362958813199715	-0.5014387050003463	-0.13053563235326324	0.8788986702356868	0.25765640423031244	
9.38635001254147	2.8115376860850803	-0.4723755757517741	-0.12708455536838464	0.8687575705095577	0.25391420587690927	
9.413833781950219	2.7856292396698925	-0.44948546129012995	-0.12420662030438545	0.8597552225052685	0.24753938788711982	
9.447865870506513	2.7630644029258065	-0.4330720984337103	-0.12219081241565447	0.8524593969905372	0.23913156004278682	
9.487806247055069	2.7473964589860875	-0.4228496052791231	-0.12155743642608709	0.8475003508602562	0.22942382015192914	
9.533105384545946	2.7410831312535633	-0.4180155901228621	-0.12292646930697802	0.8455307514288091	0.2192210348766003	
9.583363217992972	2.74554092649033	-0.4173219920020199	-0.12689160027475363	0.8471917328893077	0.20934653864264594	
9.638349098213846	2.7612895725572995	-0.4191421016165915	-0.13392599174270697	0.8530836926440242	0.20060265398703556	
9.698020365772251	2.788072735666968	-0.42154588297304973	-0.14433170550816649	0.8637406200312694	0.19374591749344094	
9.76256666219701	2.824892404837232	-0.4224056167129674	-0.1582301029330913	0.8796078897592703	0.18947413228499127	
9.832485019609244	2.8699585472618403	-0.419546783222804	-0.17558091683404475	0.9010249245907854	0.18842063690710364	
9.908670754685415	2.9206053076586462	-0.4109392229837644	-0.19621437928551314	0.9282148328210366	0.1911512456830094	
9.992499166833907	2.973245889247555	-0.3949062551088941	-0.21986349676090447	0.9612828077135014	0.1981606823770059	
10.085873189738296	3.0234318609427966	-0.3703251479027935	-0.2461897151522243	1.0002240295427267	0.2098671240064346	
10.191217833879891	3.0660597516428423	-0.336800186182125	-0.2748017002945908	1.0449405054838874	0.22660494898159078	
10.3114094221226	3.0957382832442986	-0.2948013059965854	-0.3052714819931408	1.09526507171266	0.24861660347062786	
10.449635751195663	3.1072997912298943	-0.245769199995124	-0.3371537579371149	1.1509898187665004	0.2760446958779964	
10.609194207574408	3.0964144599284875	-0.19218893168808412	-0.37001304689931624	1.2118954740514245	0.3089252277550824	
10.793249052490502	3.0602459623788936	-0.13762731624961955	-0.4034610138911288	1.277777634721895	0.34718275524285286	
11.004583126798142	2.9980677835705025	-0.08672051834702384	-0.4372038973236265	1.3484651371009697	0.3906283168072477	
11.245380133905936	2.9117527138880037	-0.04509796802855671	-0.47109832293620996	1.4238260982873083	0.43896070793720926	
11.517060397326128	2.806043343893635	-0.01923151280600162	-0.5052115360862612	1.5037583166782535	0.4917715458433085	
11.820171056147217	2.688523069948167	-0.016203804654130995	-0.5398785168981435	1.588162858514052	0.5485538210608282	
12.154307579686044	2.5692439150267976	-0.04338985994885886	-0.575744116692353	1.6769023627757997	0.608712572704374	
12.518025296689235	2.4600247706481198	-0.10804427171117113	-0.613774899550221	1.7697479999632877	0.6715753036625349	
12.908696130109963	2.3734931154152545	-0.21679050080426973	-0.6552250413854386	1.8663204207701765	0.7363993995320445	
13.322282423930298	2.3219856022653502	-0.3750205368739844	-0.7015453141615308	1.9660301921575034	0.8023745948684847	
13.753032908305709	2.316437283210947	-0.5862310820790382	-0.7542341497079977	2.068022394644692	0.8686203592591594	
14.193142640599273	2.3653740653156694	-0.8513433886443946	-0.8146428139237768	2.1711288211674065	0.9341803509760771	
14.632445796479413	2.4740864819194477	-1.1680738904584478	-0.8837583561657351	2.273830244296184	0.9980180118762657	
15.058229346789831	2.644035864752816	-1.5304455989267092	-0.9619960500947193	2.374232016215465	1.0590184701995191	
15.455252028707587	2.8725217254058286	-1.9285279942569975	-1.0490329991521357	2.470056658988491	1.116001293508003	
15.806038804651521	3.1526363951789778	-2.348481814636896	-1.143708563117411	2.5586583554375584	1.1677469887230205	
16.091493212444757	3.473533519627493	-2.772970351404829	-1.2440100719536142	2.6370652616490524	1.2130376854882963	
16.291825306615785	3.82101556270291	-3.181971031343763	-1.3471530387129365	2.7020552071483346	1.2507092909427362	
16.387743114877058	4.178405286306572	-3.55397964280173	-1.4497542135390877	2.7502689256494937	1.27970929454334	
16.361811666444233	4.5276190878742035	-3.867542553373333	-1.5480828063932293	2.7783621428336036	1.2991520672668695	
16.199854904962233	4.850325426608074	-4.102986037357057	-1.6383605100578218	2.783193257295193	1.3083625285295126	
15.892263797548425	5.129065272647812	-4.244151651672388	-1.71706768674597	2.762036704714006	1.3068998250548116	
15.43507269323679	5.348238016686198	-4.279916421449934	-1.781206721215926	2.7128037077232263	1.2945553321441674	
14.83067160825034	5.4949069239590465	-4.20530251517392	-1.8284789581530447	2.634243615779433	1.2713235894396684	
14.088032898231424	5.559429432529426	-4.022060391317098	-1.8573481259818265	2.5260917990691913	1.23734969866686	
13.22236907394225	5.5359413729578755	-3.738713254832488	-1.8669873434959674	2.389127258523244	1.1928618445216783	
12.254242063912233	5.4227160149674845	-3.370152580863798	-1.857135155045306	2.225113723605822	1.1381019298491375	
11.20824562736549	5.2223558889358825	-2.936876456815535	-1.8279036814359715	2.0366150467542017	1.0732690224233659	
10.111488317856423	4.941712760189315	-2.463905684129371	-1.7795895617844906	1.826703844912377	0.9984897820808402	
8.99214623038064	4.591414333220084	-1.9793276771860215	-1.7125333617412022	1.5986136356966039	0.9138257910134003	
7.87829210653482	4.184937893799792	-1.5123804617480687	-1.6270579927046507	1.3554066385281325	0.8193200061435592	
6.797060403174411	3.737305131103648	-1.0910613267913545	-1.5234953301486507	1.0997297594702664	0.7150749471676127	
5.774057320834617	3.2636312814012984	-0.7394306561696594	-1.402286714396619	0.8337059068217745	0.6013461058428516	
4.832856735138363	2.7778727866231216	-0.47501334352768915	-1.264122630532285	0.5589655983211125	0.47862778307760734	
3.994463156446031	2.292106828730331	-0.3068580415673986	-1.1100759632519281	0.27678369385598883	0.3477073083026632	
3.2767205162725754	1.8165036163402084	-0.23477556684755374	-0.9416866324595199	-0.011734356867492239	0.20966990462910212	
2.693736748330525	1.3598655360561782	-0.25001614704022457	-0.760972165621943	-0.3054695295607114	0.06585176981906146	
2.2554206335273723	0.9303518266258561	-0.33720269795483154	-0.5703660768405101	-0.6031462567356861	-0.08223941750176392	
1.9671996121425168	0.5359741191130433	-0.47700201634893574	-0.37260733286546444	-0.903247465151299	-0.2330058822554088	
1.8299485137957872	0.1846293598696077	-0.6489220701062343	-0.17060895257094089	-1.203992905477535	-0.3848192000230395	
1.84013412304723	-0.11630929731542965	-0.8337177020203659	0.0326724631373598	-1.5033768631277322	-0.5360519663838756	
1.9901763839021231	-0.36063141037607005	-1.0150938901999544	0.2343526068409396	-1.799253523364637	-0.6850924527914921	
2.2690215490936607	-0.5438854249722997	-1.180618759152915	0.43171235045458967	-2.08945264202172	-0.8303596227620066	
2.6629029295153783	-0.6637210887254374	-1.3219307884829605	0.6222630586533575	-2.371906102567693	-0.9703323615243198	
3.156239237331258	-0.7198963458580692	-1.4344157856907525	0.8037838700904864	-2.644767357099113	-1.103597940929317	
3.732604132445294	-0.7140003653141805	-1.5165434497189463	0.9743343179432877	-2.9065090279468766	-1.2289154182559667	
4.375698576186636	-0.6490321043475185	-1.5690158585960894	1.1322481157764135	-3.1559873341287803	-1.3452826315433557	
5.0702613170056665	-0.5289926680999748	-1.593820412865121	1.2761147666071622	-3.392464409106895	-1.4519919093032945	
5.802846951982992	-0.3586106398518459	-1.5932357780471276	1.4047550311398256	-3.61558176772593	-1.5486600380669862	
6.562402106369881	-0.14325207583784438	-1.5688319610605186	1.517194975848959	-3.825283729268809	-1.6352241301986408	
7.340576685239139	0.11100264757225853	-1.5205251970294307	1.6126400550296047	-4.021694645008476	-1.7119019012639805	
8.131726271653376	0.3971817181808803	-1.4457836335672598	1.6904489599414967	-4.204960007628955	-1.7791215654215664	
8.932594949567472	0.7072365443955356	-1.3390977303226477	1.7501075320087178	-4.3750670378959855	-1.8374310850891216	
9.741707619880682	1.0319389754868948	-1.1918209093727665	1.7912052218649854	-4.531664005922655	-1.8873979943588328	
10.558539840094973	1.3609282107671796	-0.9924553006625034	1.8134182835067505	-4.6738987829326755	-1.92950992589736	
11.382564146262437	1.6829396661784262	-0.7274122274343777	1.8165035444286919	-4.800295787407632	-1.9640836303965505	
12.212289319567514	1.986213688026844	-0.3822240662635787	1.8003045098017398	-4.90868696116596	-1.991188293426897	
13.044411222464692	2.259054443544571	0.05687088268332803	1.7647694228108184	-4.996207457949396	-2.0105884608014724	
13.87318144591954	2.4904900754835673	0.6010971396511714	1.709980194655241	-5.059361194927185	-2.021712818632169	
14.690082537245994	2.6709682729730178	1.2572367293022446	1.636191662699945	-5.094156963284752	-2.0236570168332673	
15.483862192396229	2.793006883871017	2.025847788038422	1.5438821763012252	-5.096309050195416	-2.0152279629016827	
16.2409311075595	2.8517166798170024	2.8997918009695596	1.4338184197094015	-5.061491545958347	-1.995033643344368	
16.94608482130706	2.845122213845383	3.863236214233206	1.3071378494606158	-4.985631198389555	-1.961617044363118	
17.58347445089713	2.774247086162739	4.891271423324002	1.16545181957605	-4.865221881472631	-1.913626418548687	
18.137701141662458	2.6429843884978905	5.950224267766457	1.0109639587408386	-4.697632371474344	-1.8500025223456549	
18.59496548728335	2.4578468823614132	6.998762019330404	0.8465982170415333	-4.481405656872629	-1.7701700783766379	
18.94399542492084	2.2276379964003747	7.989674249049869	0.6760858385280276	-4.216465485695063	-1.6741798475725935	
19.177075998911647	1.9632082441838732	8.872626685197133	0.5040344508581843	-3.9043760551956597	-1.5628559355633784	
19.290218689226037	1.6769929901863536	9.5970993646295	0.3358035086354812	-3.548280196042412	-1.4377687459695387	
