20.002607498616097	0.4414652684735962	10.761668651933096	0.3824379368600338	-2.8500386211586672	-1.3834317208611313	
19.802649323080363	0.04632961223403147	10.994610773398177	0.30436980408351966	-2.373006977124763	-1.2125614832468907	
19.483671829852568	-0.3114582299207369	10.918153230589303	0.24785611088564796	-1.8757514440696337	-1.040556163058258	
19.061799482311752	-0.6158411582268678	10.530402348121063	0.2149948066741889	-1.3695478333617253	-0.8714868417954625	
18.556150607298754	-0.8536807915381063	9.84871150534397	0.20652074211270846	-0.8659453322675602	-0.7093096980955427	
17.98816172756061	-1.015999688952635	8.911796579283063	0.22139660964266833	-0.37627144046159616	-0.5576299816072624	
17.37992645715602	-1.0983370649005304	7.776180934763316	0.2567935787006701	0.08900028771979564	-0.4194750416752244	
16.752728348458504	-1.1006076973806933	6.512200284676316	0.3082009060582431	0.5207287424827528	-0.29714143673567833	
16.125358497838782	-1.026267145796184	5.197411044456618	0.36979683901676924	0.9114801614046351	-0.19211986831595138	
15.512617963389983	-0.8810910599202011	3.9089770799151182	0.43498719109629463	1.2557292645170033	-0.1050994615706794	
14.92426842473045	-0.6719352079629143	2.715893832033382	0.49704935448024334	1.5499006617528166	-0.03602430036632496	
14.364791624286243	-0.4059555841105354	1.672527749733501	0.5497777577878844	1.7922803954295565	0.015834559870265875	
13.834125772596279	-0.09061180643893002	0.814617813578153	0.5880323325850512	1.9828442681427505	0.05182082644490867	
13.329219105953033	0.26562797251634174	0.15820781902620645	0.6081100176976085	2.1230402325899123	0.07384791956935126	
12.845960906896352	0.6523579417979	-0.2989075050465632	0.6079120086411064	2.2155531206424137	0.08433599659287602	
12.38102286160056	1.056622888926324	-0.5739493108091546	0.5869246406412405	2.264067075581386	0.08609041409537997	
11.933232879879386	1.4629707595593968	-0.6949088227897255	0.5460647667384575	2.2730396874743173	0.08210313063527985	
11.504251543447257	1.854263190049453	-0.6959928287751376	0.48745254500510876	2.247496024866785	0.07529217588983017	
11.098483455328415	2.2131276620432514	-0.6133500118577929	0.4141640287250362	2.1928411264852112	0.06822162300925218	
10.72231173644443	2.52378630289343	-0.481515625645655	0.3299906044865357	2.1146817929132387	0.06285726188866171	
10.382874207669564	2.7739197330888623	-0.330816222779996	0.23920454601466126	2.018648023871547	0.060410292061414024	
10.086676539014015	2.9562419675873337	-0.18576379163597243	0.14631175037832755	1.91021136503117	0.061303530489331466	
9.838351945249556	3.0695183998430555	-0.06432945385664145	0.055771800245221895	1.7945079214575324	0.06526787308952572	
9.639820640027315	3.118831092864274	0.022078128222875238	-0.02831540879934445	1.6761805825971652	0.07154343998455145	
9.489968018345548	3.1149969582469823	0.06811080995523018	-0.10253389370739736	1.5592526007314362	0.07913746153673844	
9.384835324056258	3.0731513847258842	0.0735935883689508	-0.16444237175782256	1.4470416203711707	0.08708546117286504	
9.318215141926261	3.0106747160260885	0.042385482344359356	-0.2127759890427154	1.3421185056428235	0.09466486669260353	
9.282487836551095	2.944792357174923	-0.01887530406191835	-0.24750991620320614	1.2463098359273057	0.10152355666432489	
9.269528502796406	2.890266035951214	-0.10200850141661666	-0.26975977315550875	1.160738240398735	0.10770672573750206	
9.271543976443185	2.857581208243271	-0.19839475626460182	-0.2815285189355622	1.0858922222899687	0.11358867686106877	
9.281745475152999	2.851926634984382	-0.2998606102993943	-0.2853438537007097	1.0217169538687036	0.11973586952186574	
9.294807144659782	2.8730929142339363	-0.3993029183089591	-0.2838534142698371	0.9677184401816602	0.1267390435711514	
9.307087819735688	2.916252235232882	-0.49104398446782216	-0.27945386877650263	0.9230747607781759	0.13505502183250992	
9.31662416327017	2.973396615120166	-0.5709473678192719	-0.27402076976335776	0.8867458968601893	0.14489219843532813	
9.32292735611973	3.0351185454322405	-0.6363512296022077	-0.26877693395502306	0.8575748743098893	0.15615847793009807	
9.326633223532976	3.092394869660178	-0.6858833651364613	-0.26430674784831676	0.8343747996548853	0.16847552768451496	
9.3290741825198	3.1380631729766826	-0.7192228692983326	-0.26069400570714707	0.8159987581602288	0.18124941876526957	
9.331848686338285	3.1677703109791486	-0.7368649243265588	-0.2577379831648473	0.8013926872960494	0.19377746921810943	
9.33645645104762	3.180298571739681	-0.7399280372025494	-0.25519114321980596	0.7896337562405389	0.2053661982038803	
9.344047566841434	3.1773043954510753	-0.730018255561578	-0.2529633279954538	0.7799576577686732	0.2154362759178051	
9.35530689727668	3.1626092871314384	-0.7091372915887206	-0.2512499487845616	0.7717776007508352	0.22359650095988945	
9.370469172325185	3.14124469607518	-0.6796007527191175	-0.2505619320386968	0.7646964046897066	0.2296781674621649	
9.389437820993	3.1184751473212664	-0.6439307188845005	-0.2516589949066179	0.7585112172575216	0.23373066826875563	
9.411959294253418	3.0989983712222866	-0.6047092297924729	-0.2554141080179888	0.7532104865495662	0.2359889596634979	
9.437800747370208	3.086430807262242	-0.5644040662777335	-0.2626508592273808	0.748962203295232	0.23682699505842825	
9.466889180682186	3.0830878181372423	-0.5251929824275898	-0.2739973877850824	0.7460927412210816	0.23671050863813795	
9.499391750786915	3.0899831461581604	-0.48881419214483823	-0.28979027055144985	0.7450568895688872	0.23615870918159942	
9.53574148328652	3.106933024365607	-0.45646468223288106	-0.3100425436475245	0.7464013817940516	0.2357188526025262	
9.576629838380361	3.1326661536448612	-0.42875932340521455	-0.334469347353253	0.7507258084689116	0.23595245654407784	
9.622991449411705	3.1648943895815185	-0.4057546837898424	-0.362549879662223	0.7586455729022841	0.23742873351810723	
9.67599754124225	3.200358780919978	-0.38703125654303433	-0.3935997184101516	0.7707610627949151	0.24072015344423403	
9.737059248490615	3.2349053558312213	-0.37181762782823863	-0.42683288852676493	0.7876355707158083	0.24639617657168816	
9.807828543703927	3.263651792626622	-0.35913234626216456	-0.4614037866183823	0.8097822339508204	0.25501301817166194	
9.890180700696371	3.281280659781041	-0.34791993016159173	-0.4964302891716719	0.8376575038420576	0.26709886147826467	
9.986166055595188	3.282465413136541	-0.337169619379741	-0.5310070539609224	0.8716572289830092	0.2831350101680917	
10.09792882649186	3.262400594504972	-0.32601827170464087	-0.5642205160729727	0.9121114278792024	0.3035343791102042	
10.227600950044515	3.217378871592347	-0.31384974839489554	-0.5951762951591149	0.9592751265141621	0.3286194592726452	
10.37718540082162	3.1453416228799003	-0.300407445223775	-0.6230464972733937	1.013314732713189	0.35860235332035517	
10.548445539075837	3.0463277532680526	-0.2859317201953635	-0.6471395200775041	1.0742914842503306	0.3935695900923865	
10.742816079365538	2.9227525024646286	-0.27132143945683385	-0.6669892406462452	1.1421448306937325	0.43347416203497013	
10.961348149428598	2.779460455508327	-0.2583045790751447	-0.6824549972217929	1.216678814555054	0.4781364606845055	
11.204695555487119	2.623510840652232	-0.24958858553373434	-0.6938178927605955	1.2975542539278002	0.5272547078439644	
11.473135773756969	2.4636957694751755	-0.2489516616220621	-0.7018543899347045	1.3842884864972516	0.5804231655104254	
11.766596987845363	2.30985073055881	-0.2612362886812122	-0.7078687273515416	1.4762625904168858	0.6371538285006413	
12.084643582974616	2.172052580085773	-0.2922067414276788	-0.7136669136293936	1.5727347082911596	0.6968964555176193	
12.426366646522757	2.0598243607580464	-0.3482424857357026	-0.7214611621499446	1.6728562576684582	0.7590521411916815	
12.79014426927989	1.981461728599338	-0.4358565175270295	-0.7337038759038753	1.7756864364822207	0.8229776079278195	
13.173274053312205	1.943562712869796	-0.5610518871321533	-0.7528634303371479	1.8801999746704674	0.8879801149518656	
13.571521570405876	1.9507873506656856	-0.7285592855963186	-0.7811669371399231	1.9852837805035086	0.9533053720403485	
13.978658104027918	2.0058116926177174	-0.9410290000339419	-0.8203438051519715	2.089719938043118	1.0181224957868733	
14.38607205078404	2.109392650754172	-1.198272304768214	-0.8714046012496528	2.192155091905077	1.0815107467761564	
14.78254634738322	2.2604521197180407	-1.4966685912422013	-0.9344861821304383	2.2910601680050053	1.1424532040962414	
15.154276357336894	2.4561144301331366	-1.828840556133985	-1.008780921637672	2.384688112153131	1.1998416225637887	
15.485173958737358	2.6916923389621754	-2.1836658590150426	-1.0925535951908334	2.4710397654824647	1.2524948654999741	
15.757476431789794	2.960675674103441	-2.546666673615614	-1.1832426688367526	2.5478493356420753	1.2991911811087167	
15.952639964934173	3.2547978857781983	-2.900779118554207	-1.2776373445287255	2.612600085049362	1.3387122101909832	
16.052458334789662	3.564236545003285	-3.227461579683124	-1.3721179154629806	2.6625783614362617	1.3698946793203093	
16.04031302913209	3.8779572795013384	-3.50805459977023	-1.4629417546641421	2.694970209707325	1.3916842840381585	
15.90244003934945	4.184162836474541	-3.725260059970441	-1.5465493396667105	2.706999717307903	1.403185360476901	
15.629097064060346	4.470783211489959	-3.8645748249235394	-1.6198558780981471	2.6961021855439133	1.4036999603661797	
15.21553060701667	4.725949714605021	-3.915509457708454	-1.680488360446073	2.6601188764073846	1.3927513519823067	
14.662638445207477	4.938426471912689	-3.872436883959935	-1.7269251686389253	2.59749074070306	1.3700889236357303	
13.977256083340608	5.098018138887023	-3.7350085189670654	-1.7585099519539296	2.5074240315591876	1.335675704786148	
13.172011039350286	5.196003208031964	-3.508161770357327	-1.7753319708820947	2.38999962698398	1.2896617389384684	
12.264725295064574	5.225626525503426	-3.2017968567615713	-1.777989245676198	2.246200331384502	1.232347786012585	
11.27742065989859	5.182626446128531	-2.830221320165868	-1.7672760188659127	2.077840480959347	1.1641451782525456	
10.235062794621616	5.065697738481377	-2.411434476723204	-1.7438530741096572	1.8873992742219394	1.0855386539595955	
9.164231894650777	4.876743983268883	-1.966262862705622	-1.7079632867512786	1.6777804957054046	0.9970591184009072	
8.091901459341479	4.620789495861262	-1.5172925240592703	-1.659245178995324	1.4520405038987887	0.8992717375965416	
7.044436857340898	4.305510110558591	-1.0875196407212862	-1.5966783056434226	1.21313587992568	0.7927811707522938	
6.046822682161074	3.940472481272105	-0.6986934426306016	-1.5186725883438317	0.9637368890228378	0.678250619928156	
5.122050774908939	3.5362918519834947	-0.369476559573521	-1.4232898348850171	0.7061336339401256	0.5564262359856923	
4.290574736915139	3.1039593086871773	-0.11369527162130602	-1.3085585542677423	0.4422303246222031	0.42815689113083105	
3.569784658852257	2.6545050914183452	0.060972559469955	-1.1728297242679249	0.17360172833822535	0.29440111499298033	
2.973515708673219	2.19902363412489	0.15355435860575084	-1.0151153930790595	-0.09842086030964944	0.15621692489096417	
2.511639046958179	1.748930047528189	0.16942262667520275	-0.8353582034437607	-0.37266160885162397	0.014736161192018362	
2.1897902982714106	1.3162124495363625	0.11908304449896116	-0.6345960297167923	-0.648025747708648	-0.12886873128615414	
2.0092758456510644	0.9134406122508058	0.016384923507356517	-0.4150061853819559	-0.9234432742886287	-0.2734143749412068	
1.9671725668217854	0.5533953046560952	-0.12346129517562593	-0.17983210741871894	-1.197830024152753	-0.4177245202251215	
2.0566171567132066	0.2483451361330912	-0.28569012811334377	0.06679077539444772	-1.4700665098184185	-0.5606367363114125	
2.267287724443718	0.009142135285499536	-0.45734526091608135	0.32008432174517587	-1.738998164134805	-0.7010062883686242	
2.5860820230165635	-0.15562436689886178	-0.6280753105566408	0.5749146159423776	-2.0034603836743385	-0.8377186143984736	
2.9979744845040424	-0.24022844147740274	-0.790385948933474	0.8260735402105407	-2.262326870876874	-0.9697178641289427	
3.4870166592858416	-0.24207876593757494	-0.9394476788386107	1.0685202434500205	-2.5145735619176945	-1.096051434764517	
4.037409354685602	-0.16168316029289026	-1.0725829015579826	1.2975603770452948	-2.7593449550476397	-1.215923073582415	
4.6345523595078735	-0.0024043690006333167	-1.1885495463607778	1.5089577513279373	-2.9960069630561144	-1.32874223498504	
5.2659732617236	0.22986939174615764	-1.2867158989495528	1.6989876204358487	-3.224170879651281	-1.434156211426443	
5.922046205360937	0.5270343248557483	-1.3661972060213248	1.8644491518398947	-3.4436761273761105	-1.532054132281193	
6.596427430705798	0.8790016132875946	-1.4250109064253453	2.002656315944093	-3.654524476315938	-1.6225373190257213	
7.286155287578447	1.2738397757043414	-1.4593082799316774	2.1114241435875885	-3.85676465476643	-1.7058571144589827	
7.991378099639089	1.6978692973520086	-1.4627638660197468	2.1890621932578895	-4.050333847615775	-1.782327383287193	
8.714717689098103	2.1357756325236292	-1.4262208923683692	2.234383172188395	-4.2348720687865935	-1.8522243832451089	
9.460317273997166	2.570810863568352	-1.337685005539122	2.2467295628672903	-4.40953080199225	-1.9156874222613818	
10.232650245675925	2.9851440266856546	-1.1827470821942856	2.2260153976696473	-4.572800725654945	-1.9726318413103443	
11.035203904754669	3.3603963648691515	-0.9454764707307207	2.172777404419991	-4.7223835212470915	-2.02268302273601	
11.869180502847257	3.678373784986903	-0.6097680610826466	2.0882276392918033	-4.855129149018969	-2.065136857827931	
12.732371061193135	3.921984178792524	-0.16105999308197033	1.9742980391804705	-4.967053562285181	-2.0989496935433603	
13.6183499990666	4.076298201201632	0.41172207297541624	1.8336660309231503	-5.0534439613872735	-2.1227598153336014	
14.516108002379715	4.129677029825575	1.114179165584181	1.6697504270637988	-5.109050584719152	-2.134942758354643	
15.410189014716122	4.074856279950782	1.9446074298998515	1.4866694845259456	-5.128357257935302	-2.133703447904739	
16.281342378165455	3.909827567707404	2.892540561963777	1.2891566142105473	-5.105916307216185	-2.117207611160445	
17.107604678450993	3.6383724228472913	3.9378335879103536	1.0824402504850927	-5.036724758250995	-2.0837494335873656	
17.86569533369967	3.270146438198263	5.0504201521307195	0.8720990325428313	-4.916620556348869	-2.031947505328217	
18.532562415896646	2.8202816579016763	6.190824584204829	0.6639090047457493	-4.742662484126555	-1.960947247496371	
19.08702607830166	2.3085513867236243	7.311566182769946	0.46368683464103033	-4.513493248940723	-1.8706144844776937	
19.511102912950985	1.7582356739152363	8.359259231829814	0.2771595714857152	-4.229561412222225	-1.7616523813402438	
19.791639224772315	1.1947516005983854	9.277987758363299	0.10978537077327993	-3.8934240517326137	-1.6357139630259567	
19.92052325193677	0.6442987975071357	10.012540412672768	-0.0333383115980061	-3.509559885008856	-1.4952798613498166	
