20.751230763344683	1.0353324154430807	12.091373366591917	0.1287005626622576	-3.14299847697654	-1.3251192254485928	
20.53488827511944	0.5404859640019207	12.342271765090292	0.023398080195269965	-2.663972199151158	-1.1756149137825236	
20.198666943320543	0.08961473044247568	12.281220169323563	-0.054739485962655786	-2.164885489408575	-1.0230084138847024	
19.760389391021185	-0.29778444624456335	11.906674996213928	-0.103712425590893	-1.655957080981819	-0.87097929035714	
19.240334331646974	-0.6062493263655246	11.233884589395947	-0.12281388970889062	-1.147562691929386	-0.7231699428166097	
18.660701868248317	-0.8259038467773698	10.298014879885049	-0.11299623863879855	-0.6498600641090566	-0.5829970017435692	
18.043866008534607	-0.9525417575868568	9.150588910698545	-0.0767679988977612	-0.17225960911758004	-0.45343633181846776	
17.411037019822984	-0.9875019207078448	7.856525013566035	-0.018121259061682396	0.27694829640502694	-0.3368748121201763	
16.780735163143596	-0.9367373207426185	6.488719033649995	0.05772609328570402	0.6908825569206941	-0.23501418273094782	
16.16742982172975	-0.8094167199495557	5.121669153408277	0.1446731984478985	1.064213790544293	-0.1488416264067547	
15.58051213606267	-0.6162881495554354	3.8245585287186135	0.2361566412703039	1.3931640870631017	-0.07865725729593283	
15.023926430091667	-0.36828781227587176	2.6550912025945226	0.32559146565051406	1.6753966320027263	-0.024132544253405237	
14.496651522344981	-0.07577956122045047	1.6551015085948524	0.40678832642355217	1.9098556778897764	0.015631626239662137	
13.994037155290867	0.25145010804385826	0.8485233870771499	0.4743137461888993	2.096599930070644	0.04205909232351942	
13.509750914417065	0.6036185404859463	0.2417337888550806	0.5237702785256149	2.2366563301739038	0.0570548456240634	
13.037917337930535	0.9701903606327068	-0.17419833120377856	0.5519887175171757	2.331903351428561	0.06293605207272608	
12.57498663274652	1.339363538250753	-0.4200595608793464	0.5571400300564017	2.3849816011537652	0.06230768232325727	
12.12093564716723	1.6980781201872375	-0.5245109135410011	0.5387831598970713	2.3992229216475067	0.057869144022186604	
11.679527932263413	2.0326087449359647	-0.5201775742197523	0.4978558222616857	2.378580567385717	0.052173954724288124	
11.257669809829682	2.3296034841205273	-0.4402962051244818	0.4366186444839539	2.3275465179512	0.04739087588927605	
10.864096993386712	2.577381016573906	-0.316071921530413	0.3585368524832959	2.2510398058745458	0.0451124308705448	
10.507745540095629	2.767280402652953	-0.17477078604739982	0.26807849478187024	2.1542593368498015	0.04624561904993064	
10.196187676718074	2.89484857613383	-0.03849925722535955	0.17041671359759886	2.042505377751872	0.0510015490497561	
9.934441574392189	2.960648385163359	0.0764035449406547	0.07104091051856684	1.9209823770159946	0.058981764274828326	
9.72432617211074	2.970488311976411	0.1594407431061225	-0.024698870743680854	1.7945994753062966	0.06934352499230559	
9.56440992021726	2.934897839895642	0.20554628209297138	-0.11206338657444108	1.667789902008864	0.08101557406846749	
9.450441762980567	2.8678828102145926	0.2143094918627515	-0.18733749795709412	1.5443683534794634	0.09292008573884457	
9.376078352483685	2.7851776475139243	0.1889807156461156	-0.24812575125515257	1.4274337172602511	0.10416137495819494	
9.333745721641431	2.702284090290482	0.13537166537475448	-0.2934872444543009	1.3193201812989515	0.11415298189190784	
9.31549600881022	2.632624964372086	0.06076309367016759	-0.3238938501551945	1.2215945777798936	0.12266766333095186	
9.313757175894914	2.5861013150236944	-0.027087534747460333	-0.341025788099949	1.1350946053880142	0.12981100234344195	
9.321913390453421	2.5682436790004908	-0.12077185103451829	-0.3474435895395812	1.0600007878399789	0.13593415498390155	
9.334684828497355	2.580042429899168	-0.2138473401712883	-0.3461883578482335	0.9959361484620224	0.1415108132153443	
9.348292693814214	2.6184407325743986	-0.30121340693397197	-0.3403745040262348	0.9420874910577555	0.14700970248513565	
9.360441171650328	2.6773103423948954	-0.3792636544572831	-0.3328363512284871	0.8973353458402425	0.15279012385172724	
9.370152581565018	2.7487266383291913	-0.4458515957745061	-0.3258658727763959	0.8603852989851711	0.15903566010540598	
9.377496900315514	2.824340856132319	-0.5001203583956928	-0.32106453600730844	0.8298927205333037	0.16573251076087517	
9.383260374003127	2.8966492714694927	-0.5422560395867573	-0.3193139638463174	0.8045733997936525	0.17269029636489014	
9.388597394530306	2.9599869354225	-0.5732213614650453	-0.32085203790511685	0.7832940420305986	0.17959597493220053	
9.394706211854729	3.011124809670327	-0.5945110091044957	-0.3254264979890698	0.76513895259739	0.18608689739122283	
9.402569598940588	3.0493904733938	-0.6079452374567833	-0.3324898507489947	0.7494494465124383	0.19182645801317705	
9.412797670968928	3.07634631984618	-0.6155023349783502	-0.3413894376038771	0.735837272088326	0.19656612753816816	
9.425588097292291	3.0951492452072915	-0.6191771829798396	-0.3515182895304043	0.724177189219944	0.20018520254877833	
9.44080043597699	3.109749371197085	-0.6208544666434299	-0.3624071581394263	0.7145836351665408	0.20270586337160978	
9.458119961551983	3.1241017116510035	-0.6221913060890875	-0.37375299851027716	0.7073766529818455	0.2042865488173812	
9.477268816147271	3.1415362510957756	-0.6245098429644032	-0.3853950092669005	0.7030413119032174	0.20520070550143238	
9.498215302124747	3.164366940707894	-0.6287048491006524	-0.39726117230193747	0.7021834404891193	0.20580979400724148	
9.521336705797674	3.1937422562784334	-0.6351757049055015	-0.40931264749759605	0.7054828430576034	0.20653856828168357	
9.547505865774788	3.229669720271775	-0.6437949644174632	-0.42150900897254856	0.7136454435402584	0.20785769288832467	
9.578105181261058	3.271100086267509	-0.6539171427354249	-0.43380218933771264	0.7273567069504238	0.21027427121493433	
9.614987245630028	3.3159950074859976	-0.6644327885162449	-0.4461519142881976	0.7472382814038387	0.21432655324276104	
9.660406150644794	3.3613550636359544	-0.6738695372316018	-0.4585475625769686	0.773810599155069	0.22057790611708553	
9.71693986785867	3.4032376290206092	-0.6805374471066884	-0.47102030435850817	0.8074641528666583	0.22960576842348404	
9.787414483826499	3.4368299277545633	-0.6827123784337483	-0.4836348725395842	0.8484415176829403	0.24198337981796278	
9.874829744035075	3.4566533113923534	-0.6788501724510575	-0.4964599252237345	0.8968309779743759	0.25825453672033305	
9.982276351288299	3.4569591229246246	-0.6678176229960777	-0.5095270184562002	0.9525724606913291	0.2789043828564465	
10.112836335076087	3.432311886732399	-0.649119658845303	-0.5227956239076376	1.0154732485475524	0.304330557792575	
10.269460813753982	3.378305408658004	-0.6231059480659638	-0.5361395863805082	1.085230011544915	0.33481812236943115	
10.454826398841305	3.2923188715454796	-0.5911412769802172	-0.54936458914253	1.1614537820572517	0.3705209777674716	
10.671179586085268	3.1741960919312415	-0.5557262213813395	-0.5622583927301036	1.2436941374640798	0.41145145057371285	
10.920185044340476	3.0267284662031453	-0.5205549242086037	-0.5746676373740596	1.3314591068272412	0.45747867016533494	
11.20279550794872	2.8558421058499115	-0.4904967182046275	-0.5865889409407264	1.424227914577266	0.5083353171406755	
11.519158822932871	2.670412081349845	-0.4714833900633308	-0.5982574134825415	1.5214545847622793	0.5636319555862144	
11.868564637305028	2.481690592964885	-0.470288774006718	-0.6102116533796821	1.622561866446662	0.6228770270627327	
12.24940078813681	2.3024472498056463	-0.49420555764200225	-0.6233200426809113	1.7269264314834567	0.685498338394551	
12.65908282763894	2.1459369916739353	-0.5506167469532701	-0.6387566671989212	1.8338572230106647	0.7508625329996307	
13.093924330343432	2.0248295761499193	-0.6464649478000993	-0.6579213562510028	1.9425691088049246	0.8182890688342315	
13.548933758495481	1.9502246190243704	-0.7876327947992796	-0.68230701818014	2.052153980341734	0.8870560935993261	
14.01754862739233	1.930845456193317	-0.9782633135042316	-0.7133270812312721	2.161551131775009	0.9563970406603419	
14.491339570123964	1.9724601456197794	-1.2200637953231483	-0.7521236125886814	2.2695181040572865	1.0254885286082225	
14.959756185196296	2.077563069501923	-1.5116865544535172	-0.7993872649347816	2.374604882015896	1.0934332810815335	
15.409983841344745	2.245282987391658	-1.8482753609113367	-0.8552183999821267	2.4751334541287933	1.1592437518813192	
15.826980024340445	2.471469057043431	-2.221251750902018	-0.9190478135609592	2.569185817227933	1.2218320977949158	
16.19375593739399	2.748923490658084	-2.6184072686625175	-0.9896285508924751	2.654605514828175	1.280011234931281	
16.491943533012606	3.067757951845307	-3.024339128954734	-1.065101478164621	2.7290184584192274	1.3325101157493744	
16.702651833378514	3.4158627453260517	-3.4212350693466154	-1.143129096696737	2.789878648107383	1.3780045036805468	
16.807577544919376	3.779483248258697	-3.7899799692285607	-1.2210851995723702	2.834543332653748	1.415162584680265	
16.790290575046498	4.14389762231147	-4.111522590202563	-1.296282712333683	2.860380553432866	1.442702531656132	
16.637543245577714	4.494151671891638	-4.3683554158661915	-1.3662095274430532	2.864905125768363	1.4594549945463866	
16.340468061516027	4.8157835837104255	-4.545935443666205	-1.4287393222622011	2.8459343735666494	1.464422706677287	
15.895540310582492	5.095484550765118	-4.633883095369498	-1.4822869028250767	2.8017510979577214	1.4568297212709562	
15.30519928056182	5.321655737539452	-4.626818665499375	-1.5258810852386528	2.731255859606155	1.4361540941320698	
14.578049050354466	5.484852523803938	-4.52475836705586	-1.559138805314852	2.634086865199345	1.4021404718528214	
13.728594425681845	5.578135876647904	-4.333075552492212	-1.5821398455906233	2.510684701022987	1.3547922632771463	
12.776509107646085	5.597362824161142	-4.062109825260251	-1.5952184853355451	2.362281502008073	1.2943460758095084	
11.745473374944835	5.541396166594123	-3.7265163296229398	-1.5987076440874621	2.190796773027629	1.221232480695125	
10.661776863192898	5.4121878249942945	-3.3444832905904964	-1.592688064397199	1.9986513530159444	1.1360323831823993	
9.5528838229795	5.2146516609782765	-2.9368344872898158	-1.5767873036489155	1.7885270457879088	1.039437400725195	
8.44613224695449	4.95625521714395	-2.5259533244734245	-1.550065123894331	1.5631123906494822	0.9322214706825366	
7.367682918215486	4.646332314646051	-2.134454099614851	-1.5110094149476614	1.3248815724819758	0.8152284210806932	
6.341750039256528	4.295210879084581	-1.7835796731463402	-1.4576500895694342	1.075946625419275	0.6893756705440011	
5.3900631947379685	3.9133311723737747	-1.4914106336300665	-1.3877802256801706	0.8180038399412769	0.5556690796408782	
4.531481468763787	3.5105754184522873	-1.2711367512292133	-1.299255662658093	0.5523710256813407	0.4152189276450293	
3.7817051421216035	3.0959993459527904	-1.1297872283382182	-1.1903204115762305	0.28008511795393237	0.2692449571688031	
3.153058231890546	2.677990183927175	-1.0677099092346742	-1.0599069431105388	0.0020194318288915035	0.119063287734598	
2.6543687015465514	2.264713215644719	-1.0789417308163183	-0.9078729906242234	-0.2810062286213382	-0.03394478592731589	
2.290969979554426	1.8646024936415144	-1.1523957964180922	-0.7351491497480248	-0.5681372063641619	-0.1883738544424205	
2.0648246132916506	1.4866388168840179	-1.2736039874993321	-0.5437853773390743	-0.8584222064921663	-0.34283299905148	
1.9747446326701568	1.140246385111133	-1.426657886418893	-0.3368955233106258	-1.150778167901023	-0.4959722125687805	
2.016674218216607	0.8347904784846624	-1.5960072989674154	-0.11850474922925665	-1.4439815526505226	-0.6464955817640083	
2.1840351554078437	0.5788284076401946	-1.767838504353876	0.10669280313651149	-1.7366867942849302	-0.7931695678469212	
2.4681270822047363	0.37935291644084	-1.9309027256951352	0.33363370645503	-2.0274669366915807	-0.9348382692452817	
2.8585974287356124	0.24121307288159505	-2.076810388153976	0.5572088112690393	-2.3148680638720593	-1.0704515820226355	
3.343981268553099	0.16681021824301606	-2.199859466668203	0.7725744767194468	-2.5974665454860624	-1.1991040067154548	
3.912286782597683	0.15607420804008212	-2.2964991190216675	0.9754174662428328	-2.8739170827806255	-1.3200755807712252	
4.55158527621627	0.20665410475979792	-2.3645419140812436	1.1621482536181142	-3.1429808254406093	-1.432863396836595	
5.250559010885296	0.31422196220947773	-2.402234315207385	1.3300103685914868	-3.403525825765295	-1.5371930543863577	
5.998953295792343	0.47280158895667196	-2.4072915951590947	1.4771004473021148	-3.654495095179772	-1.633001567552809	
6.787875926867463	0.6750562813989696	-2.376023923178466	1.602308139471835	-3.894843515536222	-1.7203904740175875	
7.609913164176125	0.9125053119649967	-2.3026559177824844	1.7052006931706323	-4.1234498921916085	-1.799555673058515	
8.459039796937972	1.1756794057414084	-2.1789307245568463	1.7858739679739064	-4.339012775029119	-1.8707027845514228	
9.330321979056954	1.454240395801799	-1.9940766099444263	1.8447935147050816	-4.539941875568223	-1.9339596315132144	
10.219439745518173	1.7371034391225835	-1.7351874097943747	1.882647687412847	-4.72425903647088	-1.9892981212931713	
11.122084790609463	2.0126070970430305	-1.3880341122469906	1.9002306901933546	-4.889523244949361	-2.0364764123636503	
12.033310365860258	2.268778596211641	-0.9382953726817984	1.8983675663852362	-5.032793756375485	-2.0750094153554306	
12.946940237821796	2.4937282262301332	-0.373127328979936	1.8778858263758862	-5.150647292737856	-2.1041733821961444	
13.855130532832154	2.6761707673123714	0.3170726910310315	1.8396276290948954	-5.239253122187836	-2.123041271362303	
14.748148423844091	2.80604517568146	1.1368598740980165	1.7844886659478316	-5.294506943202624	-2.130543111138022	
15.614409055304298	2.8751696051862523	2.08407023712731	1.7134677666918858	-5.312219708429146	-2.1255442290989404	
16.440779478581693	2.877842402843979	3.1484680616154654	1.6277129238953605	-5.288351587363054	-2.106933877434512	
17.21312286113322	2.811291977089358	4.3108824360980895	1.5285554882182988	-5.2192759582243315	-2.073717951060591	
17.917029788130442	2.6759037993795767	5.542962756435511	1.4175341090913398	-5.102056745949101	-2.0251122891261955	
18.53866610816322	2.475189966659835	6.807703487180201	1.2964188517638549	-4.9347158555767345	-1.9606335485490853	
19.065622557906664	2.2155580619937285	8.060737303008358	1.1672476495056314	-4.716457665535465	-1.8801808275430316	
19.48775265067307	1.9060312278573552	9.252440134403443	1.03238629779769	-4.447862684837837	-1.7841150513044899	
19.797699999328387	1.5579114935980127	10.330330845525374	0.8945780038263601	-4.130949462389519	-1.673296349287976	
19.991710119408253	1.1846377931256624	11.24291083967345	0.7570131270406946	-3.7693495065187204	-1.5491716743533122	
20.069205245136708	0.8012139721816613	11.941871866460026	0.6232475375986838	-3.368017594626214	-1.4136841100682034	
