20.41433901538595	-0.0720465435578979	11.047322685536496	-0.0188346932508961	-3.038756301075113	-1.3733212817390454	
20.19056039328719	-0.4990847169738957	11.157131828799407	-0.05400224146238831	-2.5537292470371167	-1.218682737851424	
19.839270185089305	-0.8454014301797208	10.978386756590472	-0.05752300934336953	-2.04898992545301	-1.0618953852950026	
19.378184814337303	-1.0941982819160443	10.513996147641317	-0.030467570296072742	-1.535709504843963	-0.9066883090896604	
18.82854166488519	-1.2359435104600014	9.783417526973556	0.02437691111748689	-1.025272605974235	-0.7565815817633618	
18.214599844052096	-1.2700977101195878	8.82485203317542	0.10238177658560967	-0.5288022270777453	-0.6146938691668608	
17.561732439162114	-1.204274387206029	7.691638991110356	0.19753945269807208	-0.05653201268963037	-0.4835949097070811	
16.894778046637715	-1.05300543281015	6.448667344610483	0.30283194339000696	0.3826461273165294	-0.3652102531796502	
16.23604320935304	-0.8352617108433128	5.166452751835213	0.4107523072264728	0.7815271260080384	-0.2607958036188179	
15.60343139595734	-0.5714707695647466	3.91444468732985	0.5138289613087617	1.134761351409908	-0.17097877891851884	
15.008945359243292	-0.2805109725463997	2.7542452758033247	0.6051420159264562	1.4388678723962434	-0.09584506831009251	
14.458002108716812	0.0225683524683536	1.7340897651869307	0.6787764904886253	1.692120317763724	-0.03503723686536396	
13.949810827946218	0.3275483280967336	0.8856163254040325	0.730170597188271	1.8943597694221865	0.012175138777152567	
13.478742103845734	0.6287080310282875	0.2231322185209589	0.7563354476273954	2.046779541088339	0.04686627010148858	
13.036401480210452	0.9235223629546486	-0.25501791954010256	0.755936580656158	2.151703652209009	0.07044745176932915	
12.61398416398876	1.2109564123044514	-0.5636547625671658	0.7292473623895381	2.2123759496792634	0.08464887656109804	
12.204446792735713	1.4898903370142338	-0.7271991600120904	0.6780014973844973	2.2327736922527412	0.09146047177277827	
11.80407357156821	1.758036358395263	-0.7758786791133757	0.6051807899876589	2.2174522379394808	0.0930208991171281	
11.41314792095005	2.011503913227045	-0.742133396966201	0.5147719155043489	2.1714147835604147	0.09146486254709665	
11.035654266251402	2.2450001656979355	-0.6575391683817422	0.41151201469714	2.0999887341262937	0.08875311452913223	
10.67818695536597	2.4525372078826875	-0.5504507551502258	0.30062710341455373	2.00868865640602	0.08651807457964375	
10.348457467963895	2.628448993220586	-0.44438365028893106	0.18756162763622097	1.903057775196947	0.08595281743238306	
10.053781969433313	2.768509970871197	-0.35706561363655787	0.07769033458260832	1.7884902063560493	0.08776132307473526	
9.799850183686095	2.8709158935992893	-0.30009581927362033	-0.02398882417070863	1.670046304886891	0.09217743890308577	
9.589950785932151	2.936886485300132	-0.2791461855917552	-0.11316947222619696	1.5522787726913772	0.09904733347851714	
9.424696857083534	2.970715727202387	-0.29461950621342553	-0.18653316114680482	1.4390874594570717	0.10795742324007893	
9.302188916199956	2.9792251056220684	-0.3426517721950742	-0.24198892174178266	1.3336167448252598	0.11837972286692199	
9.218488307615509	2.9707262278543376	-0.4163291591868899	-0.27881443572743825	1.2382018877032044	0.12980295711797063	
9.168258823145203	2.9537236585014304	-0.5069916984697929	-0.29765779161406825	1.1543674671669035	0.14182165540195102	
9.145434464504437	2.9356643715014625	-0.6054730194845174	-0.30038832954343725	1.0828718207646628	0.1541690093051285	
9.143818300096552	2.92198535893312	-0.7031597090568558	-0.289816970798066	1.0237877118092225	0.1666978754204558	
9.157562875607688	2.915617970279358	-0.7927901631135201	-0.269326035879738	0.9766111432321555	0.17932611016531513	
9.181511648363312	2.91700223688179	-0.8689471840759581	-0.24246576190024088	0.9403883418770669	0.19196855804197915	
9.211403602152	2.9245590298334405	-0.9282424825140747	-0.21257902394456732	0.9138500703422389	0.20447803379708884	
9.243957010307547	2.935482862534902	-0.9692331418972373	-0.1825080355896613	0.8955425586829816	0.216612451629273	
9.276855343101087	2.9466658988462116	-0.9921427153686148	-0.15441873561396416	0.8839460691014343	0.22803668615452594	
9.308658425514148	2.9555497823443178	-0.9984719696948184	-0.12975606284038324	0.8775753224190126	0.23835823191354752	
9.33866056520393	2.9607205414204008	-0.9905801719816218	-0.1093185858987518	0.8750585098086195	0.24718605711172983	
9.366724152084085	2.9621509455845665	-0.9713013260949688	-0.09341162958677589	0.8751956572842491	0.25419600183357577	
9.39311262773703	2.9610901709816577	-0.9436230825927721	-0.08203248038441063	0.8769988762876695	0.25918708897515663	
9.418346093402867	2.959676732610001	-0.9104388919992894	-0.07504283560746272	0.8797166644541362	0.26211703418446336	
9.443096364195705	2.960403675151696	-0.8743710184861428	-0.07229454923596834	0.8828439068336751	0.26311155900525335	
9.468126658658631	2.9655815612389818	-0.8376527913358659	-0.0736923291933567	0.8861186729163726	0.2624490148099298	
9.494268366074504	2.976922509203589	-0.8020533779285213	-0.07919656064293214	0.8895066174417199	0.26052747334426407	
9.52241850101266	2.995313818035673	-0.7688283083767634	-0.08878555452208649	0.8931739393409219	0.2578243844309154	
9.553539701432204	3.0207835227187236	-0.7386887048584841	-0.10240515439345822	0.8974497334551321	0.254858569185033	
9.588651139120257	3.052589448158199	-0.71179131815833	-0.11993121226536271	0.9027814206103983	0.25216173855818264	
9.628807740307806	3.089339027295644	-0.6877603536414187	-0.14115709874382704	0.9096879506600469	0.25026157814710376	
9.675071343804259	3.1290736315147623	-0.6657552344266219	-0.1658047018816386	0.9187157959782016	0.24967471352901094	
9.72848019998626	3.169298108797006	-0.644591507295464	-0.1935476652512907	0.9304026730722256	0.2509058498065433	
9.790022520939662	3.206982693639349	-0.6229095201829037	-0.22403218180791729	0.9452524963659661	0.25444878725490755	
9.860617104879637	3.2385900795159115	-0.5993707608880521	-0.2568835852968011	0.9637227831005096	0.26078555799381514	
9.941101898158767	3.2601788469075235	-0.5728502001782859	-0.29169410861959866	0.9862230762528847	0.2703809954756431	
10.032232715201392	3.2676142969612942	-0.5425886640032545	-0.32799556106294475	1.0131206716599732	0.2836712782343678	
10.134698109733911	3.2568838289707562	-0.5082769228120528	-0.36522832344864786	1.0447483853331518	0.3010467623367888	
10.249154976161815	3.224484805992583	-0.47007250749176277	-0.40272073579753065	1.0814089951621453	0.3228309296628357	
10.376282421787899	3.1678427147068486	-0.42857547436289484	-0.4396915607150482	1.1233730050537682	0.3492583631132249	
10.516842955162886	3.0857134982040466	-0.3848021605504097	-0.47528368056266945	1.1708687837846856	0.3804549810162105	
10.671736331558249	2.9785257721190015	-0.3401911577158498	-0.5086306434593467	1.224066571463851	0.41642343805264626	
10.842033781061815	2.848623298885505	-0.2966572615961481	-0.5389507585241538	1.283059569102845	0.4570358478164912	
11.028986600149933	2.700375252655881	-0.25668650532933424	-0.565657695292239	1.3478458607146897	0.5020349452998462	
11.234009019469283	2.540131708455807	-0.22344756863124482	-0.5884733124225761	1.418314192157925	0.551043581914749	
11.45863556044417	2.3760045089524384	-0.20087916054601115	-0.607524419493937	1.494235860281023	0.6035816309450445	
11.704447191909553	2.2174879069206836	-0.19371336582355317	-0.6234072266576334	1.5752626095142133	0.6590871306368165	
11.972948351025163	2.0749497837079383	-0.20740033606727631	-0.6372073342378092	1.6609289630659003	0.7169379854741323	
12.265371580256684	1.9590336695129882	-0.24790659603368104	-0.6504660878274936	1.7506566914572825	0.7764708325724875	
12.582394206390004	1.880019555947363	-0.321372411229335	-0.6650897494694874	1.843758391891866	0.8369945420366375	
12.923768909063769	1.8471894437924965	-0.4336308245132225	-0.6832049805790796	1.9394369528735527	0.8977973643960795	
13.28789100558817	1.868233855408744	-0.5896116526207867	-0.7069719576292081	2.036778079602398	0.9581483387977452	
13.671341346082386	1.9487183120230505	-0.7926726927398848	-0.7383729873519574	2.1347339970055246	1.0172947911067225	
14.06846002600975	2.0916203400506848	-1.0439215604037209	-0.7789994087906498	2.2320984047779393	1.0744585150656607	
14.47102037778215	2.2969552471712347	-1.3416151538179248	-0.8298639270190835	2.327475726125014	1.1288335113360246	
14.868053520693307	2.5615011566985846	-1.6807066652299356	-0.8912581733777494	2.419249080804941	1.1795876174397228	
15.24587511114858	2.8786583414920135	-2.052611980413451	-0.9626703301914099	2.505553625868497	1.2258698366652603	
15.588354814589707	3.2384885991835812	-2.4452592150083574	-1.0427716673514165	2.5842629291220547	1.2668243106348782	
15.877452079927801	3.6279826706776044	-2.8434681568077944	-1.1294739559630618	2.6529964523274003	1.3016106117014639	
16.094018212356996	4.031589524456432	-3.229677904599753	-1.2200531206063967	2.709155851976918	1.3294284670646108	
16.2188357605414	4.432004829505822	-3.5850008280585506	-1.3113284469930688	2.749996376193363	1.349543595732225	
16.23384049286522	4.811164808119854	-3.890538563051552	-1.3998816206751408	2.772737348750148	1.361310627044249	
16.123428156249577	5.151334108159576	-4.128837259994607	-1.4822929179257593	2.7747102622865545	1.3641885884785523	
15.875729107202512	5.436147239738081	-4.285316084105632	-1.5553633143090189	2.753534107997101	1.3577461977505907	
15.483740741269607	5.651510938031003	-4.34952200488595	-1.616294045135459	2.7073015637992315	1.3416558572769288	
14.946196214613156	5.786324970736024	-4.316089714372711	-1.6627999725142721	2.6347525395725477	1.3156766735190655	
14.26805102889292	5.833022414698839	-4.185333433220568	-1.693144147402034	2.5354067002362433	1.279628875697766	
13.460495817882334	5.787949017494443	-3.963448715988731	-1.706096729274658	2.4096260343838294	1.23336445437605	
12.540462785988236	5.651587083820692	-3.6623362577152574	-1.7008377969008153	2.258584196339598	1.1767414171358832	
11.529682810258157	5.428594462584215	-3.299063958178477	-1.6768359120172098	2.084132826278284	1.1096110071853682	
10.453434751517946	5.127576548660467	-2.894935036087502	-1.633737925905793	1.8885744613595536	1.031827556910851	
9.339212032547302	4.7605085981701185	-2.4741111787334233	-1.5713002006937469	1.674383153023581	0.9432867266843249	
8.215508524070135	4.341806761099832	-2.061784142078084	-1.4893760896370905	1.4439353088246667	0.8439900252692234	
7.1107935317795175	3.887128460238543	-1.6819673014694587	-1.3879591940906149	1.1993102090937884	0.7341254501491115	
6.05264772105078	3.4120939534657264	-1.3551402318064352	-1.2672709414253065	0.9422014271080279	0.6141476549042479	
5.066983897135253	2.931186191540976	-1.0961244616672974	-1.1278713637193256	0.6739477115625176	0.4848381823828965	
4.177292389989046	2.4570661258224065	-0.9126291500124211	-0.97076538158641	0.39565843429198655	0.34732814184867505	
3.4039014243445784	2.000418012862501	-0.8048222566314456	-0.7974766677755867	0.10838696648631421	0.20307306205002357	
2.7632885632847706	1.5702448061422318	-0.766053047150224	-0.6100699079116285	-0.18669825151505587	0.05378195265857258	
2.26753023790993	1.1743596795436497	-0.7845522171185	-0.41111634458398827	-0.4881864147190674	-0.0986828661731433	
1.923947332027069	0.8197749832008622	-0.8456162850374455	-0.2036172812918666	-0.7943620949301943	-0.2524082351281396	
1.7349852813851125	0.5128305561985522	-0.9337830417916287	0.009099154564877122	-1.103209313198854	-0.4055158162030857	
1.698347679467419	0.25906341556534257	-1.034624074213191	0.2234983491370902	-1.4124713476138893	-0.5562238680183399	
1.807377327919237	0.06293113144264124	-1.1359483259128988	0.43597005549680196	-1.7197489382795033	-0.7028881537701143	
2.051658236157584	-0.0724602497095386	-1.2283824746636995	0.642962725144787	-2.0226183472804813	-0.8440305463329073	
2.4177943445305483	-0.14550245811725462	-1.305421436789418	0.8411116723744999	-2.3187532846732077	-0.978364504935843	
2.8903089405347147	-0.15605767053728836	-1.3631065531526736	1.027350003737899	-2.6060388178462786	-1.104823812679461	
3.4526117209304057	-0.10528726804066905	-1.3994813758417317	1.198990361050529	-2.8826669169918278	-1.2225948196803977	
4.0879696014283144	0.004570699471901878	-1.4139431858362548	1.353768301057453	-3.1472029074909043	-1.3311459648089154	
4.780424930418438	0.17037004954859397	-1.406556364997141	1.4898469270324903	-3.3986148740522126	-1.430245941287293	
5.515609013059533	0.38810291242446143	-1.3773471403916968	1.6057873020794122	-3.636258588697435	-1.5199611750128312	
6.281388541013701	0.6528001988374948	-1.325598507650304	1.7004948022948188	-3.8598141960639514	-1.6006266533254738	
7.068281861998335	0.9583101475798309	-1.2491831537181675	1.7731550795035635	-4.069176203786099	-1.6727889533856704	
7.86959202862592	1.2970183733282352	-1.1440008575404632	1.8231741480008519	-4.264304445664564	-1.7371252278659393	
8.681226644771803	1.6595951868218408	-1.0036085486541935	1.8501353882325904	-4.445049518955138	-1.7943456909900273	
9.501205467224505	2.0348590215212705	-0.8191367800761954	1.8537825592541954	-4.610970437381239	-1.8450889400285573	
10.328894877941487	2.409836964614038	-0.5795797545578115	1.8340320814054119	-4.761168319615012	-1.8898214041079355	
11.164071041258252	2.7700524898154173	-0.27248037599181724	1.791012774783796	-4.894157153303061	-1.9287509023540206	
12.005922720420193	3.100043447657533	0.1150063861757166	1.7251265287375486	-5.00778780958365	-1.9617617482583372	
12.852114155913762	3.3840873091805217	0.5947337512917446	1.637120742422063	-5.099237288535982	-1.9883778998228334	
13.69802421413911	3.6070819930586553	1.175973201614014	1.5281620858431753	-5.165069355160992	-2.007759449283891	
14.536257548438769	3.7555048838772387	1.8637525521953702	1.399901752666376	-5.201366685814297	-2.018736370676083	
15.356491727415452	3.818356293109402	2.6572778537707804	1.2545252891846779	-5.203928913912294	-2.0198815360727167	
16.145684810800986	3.7879989583183384	3.5485892215316452	1.0947850716544605	-5.168526470816858	-2.009622303322469	
16.88863809637154	3.6608101346786297	4.521624082348749	0.9240149910380667	-5.091195302856831	-1.9863860668425437	
17.56885591675654	3.437598481708125	5.551838244150526	0.7461275024252952	-4.968551920701662	-1.9487679558735835	
18.16958094750821	3.123776005655251	6.606445540926786	0.5655918628289668	-4.798100377717184	-1.8957011701300874	
18.674975913968467	2.7293106735064394	7.6453959454067215	0.3873791402852377	-4.578540020425886	-1.82662421092608	
19.07110359990069	2.26834806555767	8.62296745749694	0.21687175020768326	-4.3099582871128606	-1.7415874536054665	
19.34728874377324	1.7587895649377518	9.490381479394845	0.05968908787555578	-3.9941508595887845	-1.6413931276790217	
19.496299248478348	1.2211773061365476	10.198418245668616	-0.0785062053528728	-3.634465363434445	-1.5275154121067245	
