19.75133791992529	1.2028403137383576	11.307668112193037	0.2456066240527694	-3.153268611011935	-1.346663179088076	
19.573642434725006	0.7987902456709092	11.478795626682983	0.12786444930270988	-2.7039336166835155	-1.1967653446694	
19.276721874995044	0.42494286023142047	11.331035453051278	0.03899188247544294	-2.231293343315175	-1.0453098820046525	
18.87759402272008	0.1007092400044574	10.864074160842897	-0.018045684608338185	-1.745475598702207	-0.896066428644942	
18.396312170181112	-0.15796280833129311	10.097360189876898	-0.04207948782315812	-1.2569860793835252	-0.7526372127876495	
17.855108286128218	-0.3399587393051771	9.071966607684335	-0.03406739525287139	-0.7762542382659035	-0.6182635208457916	
17.276626896623643	-0.4393897195624054	7.847101417246616	0.0030027395488152857	-0.31304882173761595	-0.495644483239935	
16.682348956057844	-0.4554425986681212	6.495967765104501	0.06423736730067892	0.12395499749344786	-0.38679380263693613	
16.09083196670781	-0.39147410479694233	5.099007121069069	0.14316305455680023	0.5275039965833491	-0.29295504555192364	
15.516140434893973	-0.2536691432575279	3.736008451119319	0.2321680151702115	0.8919261576007075	-0.21458457028588296	
14.966729914461206	-0.04964945820853681	2.4779922854856498	0.3230505100984824	1.2131426209195617	-0.1513929804088386	
14.44517547079801	0.2124538250660989	1.380459162166326	0.40762019170451835	1.4885721643596836	-0.10242105455904606	
13.94896717193808	0.5241079876379066	0.4792621143040331	0.4782985996125375	1.7169873325342868	-0.06612512479329354	
13.472289493781052	0.8757075507699014	-0.21036826381489515	0.5286617255449589	1.8983647780308968	-0.04046646269540345	
13.008371000057293	1.2556022806078762	-0.6920540818424005	0.5538769907656803	2.0337500483966817	-0.023024136762303606	
12.551850612874079	1.649431956917503	-0.9846815072908539	0.5510115366807129	2.1251439364922384	-0.011157506298936816	
12.100635786210269	2.0401906705833226	-1.1178860116028682	0.5192072801383654	2.1754093381904505	-0.0022259507145984364	
11.656845159586105	2.409152102178168	-1.1273706116566007	0.459729999637838	2.188190629111198	0.006157582765552807	
11.226649811976685	2.7375260709770735	-1.050633421929005	0.37589858473096327	2.1678278030956735	0.01588511828417404	
10.81911208922508	3.0085439193678654	-0.9234613122780526	0.2728894234088809	2.119243027337678	0.02817493010473324	
10.444379053195435	3.2095995936529853	-0.7773226560548647	0.15740049421917776	2.0477828230348503	0.04349355226507478	
10.111726270711332	3.334074065211945	-0.6376374312726989	0.037162067517292945	1.959012969529804	0.061593194316252035	
9.827926840337502	3.382494264943972	-0.5228543071027916	-0.07969802919691557	1.8584791592578123	0.08165452123971738	
9.596268124077834	3.362721184493343	-0.4442705157154268	-0.1853914712832626	1.7514581832508938	0.1025060775032523	
9.416334219064508	3.2889799577132695	-0.4065253235291603	-0.27322181938556733	1.642731028995358	0.12287905428518743	
9.284452738517668	3.1798354464350544	-0.40861343324677635	-0.33823903196506994	1.5364047452598428	0.14164804239527207	
9.194580871915786	3.055479300847776	-0.44523534648931135	-0.37769095737835956	1.4357977953081167	0.15801348596883202	
9.139374573567602	2.9348590246873685	-0.5082994352697344	-0.3911974827648515	1.343391888054857	0.1715952769259826	
9.111214319714215	2.833202391655693	-0.5883979669401396	-0.3806234336909038	1.2608441802146244	0.1824286168189757	
9.103029730565666	2.7603729297480575	-0.6760998983992592	-0.3496818161291907	1.1890492017305578	0.19087669960546214	
9.10884554234519	2.7202866872500824	-0.7629402544632434	-0.3033464205192783	1.1282383162913743	0.1974925205494501	
9.1240414292501	2.7113874860413247	-0.8420433539200881	-0.24718195666906287	1.0781038311466664	0.20286943638717447	
9.145364907143454	2.7279691180001358	-0.9083848989958553	-0.18670491136981568	1.0379341664893327	0.2075162070918512	
9.17075841490923	2.7619847473351853	-0.958755873334528	-0.12686879029000384	1.0067464310074303	0.21177990200009084	
9.1990664195534	2.8049184320207043	-0.991521955584612	-0.07173107374779261	0.9834045716393632	0.21582429203630127	
9.229692481891927	2.8493142385349204	-1.006280914300534	-0.024314662224071994	0.9667143936241915	0.219655902757261	
9.262277625443543	2.8897021472359157	-1.0035106725143035	0.01337089601222189	0.955491967544837	0.2231783479271295	
9.296457475281288	2.9228603475438333	-0.9842677739800887	0.04020674116522215	0.9486074302646736	0.22625313115568393	
9.331732362355133	2.947533691810292	-0.9499641011800121	0.05580294552121325	0.9450095290775157	0.22874908594418428	
9.36745238190888	2.963845052623676	-0.9022214171642521	0.06034608721642561	0.9437380428859734	0.23057096852107883	
9.402890033322704	2.972659484420225	-0.8427871682004779	0.054480241550833204	0.9439310981140221	0.23166684588361466	
9.437357076780089	2.975099920444592	-0.7734928623389518	0.03922080017223907	0.9448327349421525	0.23202079209254056	
9.470323646600534	2.9723042968770272	-0.6962427500007091	0.015883942259939346	0.9458036764315133	0.23164053347666108	
9.501512161861188	2.965402616522312	-0.6130263305705912	-0.013989652300394183	0.9463360303546818	0.23054908905006177	
9.530956662323504	2.9556153438943227	-0.5259465579527071	-0.04873110965358541	0.9460712361490333	0.22878615466684643	
9.559030670638379	2.94434898317198	-0.43724654913695865	-0.08665999106991142	0.9448193666844503	0.22642034783455073	
9.586453494626094	2.9331926239002923	-0.3493109931707459	-0.1262065436763433	0.9425776550364511	0.22356911717872727	
9.61428394900441	2.923782124347897	-0.26462185265487476	-0.1660179333590573	0.9395459038931349	0.22042080187941518	
9.643903861323647	2.9175621633314943	-0.185659021985043	-0.2050285471811821	0.9361358601258197	0.2172531042378251	
9.676987318684606	2.9155172346212432	-0.114750142704138	-0.24248376556156892	0.9329712154561063	0.21444352865358032	
9.715449146255947	2.9179489409170385	-0.0538853717632319	-0.277919211339736	0.930874685537987	0.21246930721416735	
9.761369266268082	2.9243537922901823	-0.004521416308794816	-0.3111078720265757	0.9308391510065179	0.21189620535024983	
9.816896632756443	2.93341953203231	0.032595077190154025	-0.3419922399580996	0.9339813771734224	0.2133569582780851	
9.884143703595571	2.9431264750236004	0.057551834256156946	-0.3706175822565594	0.9414792446186164	0.21752095287606157	
9.96508625495118	2.9509243582282934	0.07131132621154765	-0.39707804353280474	0.9544962260156435	0.2250574204490198	
10.061482324922512	2.9539563736615393	0.07564083046466503	-0.4214824098888791	0.9740994349085457	0.23659507614797567	
10.174819864159875	2.9493114226540516	0.07291680266060728	-0.44394251847207633	1.001180148146508	0.25268212983801414	
10.306295115343865	2.934295379414723	0.0658102047511907	-0.46458385019671017	1.0363858378719992	0.2737507025085724	
10.456818896377092	2.906719365474672	0.05687847624954	-0.4835750319829479	1.0800714293177989	0.30008927001035063	
10.627047501879222	2.865198338364447	0.048108997586614174	-0.5011710318008032	1.1322750380328435	0.33182604856376524	
10.817438936212088	2.809437231509085	0.040471086190354374	-0.5177635787331578	1.1927199826604644	0.3689251512096026	
11.028337280951042	2.7404628590415094	0.03353666062543253	-0.5339314827425397	1.2608413317891836	0.4111958669841235	
11.260079027217637	2.660753517995322	0.02522435938327151	-0.5504825448735601	1.3358323154137919	0.4583134013420218	
11.513093506682864	2.5742329147663723	0.01171049737738619	-0.5684774613095837	1.4167040051706388	0.5098471316720311	
11.787945943420642	2.4861237167342973	-0.012464083229441468	-0.5892251249826972	1.5023508032545532	0.565290676485169	
12.085262747465222	2.402683321333891	-0.05407714188815206	-0.6142393899280849	1.591614326388584	0.6240876713513249	
12.40549430351302	2.330857499686502	-0.12069759483860633	-0.645150904238837	1.6833388080772467	0.6856482809349026	
12.748509777853956	2.277888484521107	-0.21997200560203453	-0.6835761369228058	1.776411775287506	0.7493536036362827	
13.113060579886382	2.250897329255182	-0.3587725701613046	-0.7309542454904381	1.8697854506711011	0.8145478797349096	
13.49618237235876	2.256443679583983	-0.5422769345053781	-0.7883686560726131	1.962476047397083	0.8805208405832763	
13.892625130696128	2.3000644198551954	-0.7730719764751536	-0.856374248610807	2.0535402294202028	0.946484363297169	
14.294404434596146	2.3858031973314113	-1.050382556645184	-0.9348520201838431	2.142030542024888	1.0115488159402377	
14.69055720973987	2.5157599706658456	-1.3695215058613674	-1.0229113853927019	2.226934267521585	1.0747050370769557	
15.067165264253235	2.6897064399485835	-1.7216435209514083	-1.1188562967457774	2.307102754217871	1.1348177443298937	
15.407683514363052	2.9048239745136786	-2.093868574178255	-1.2202257511876207	2.381180688104315	1.1906351340239145	
15.693578797878493	3.1556201252842313	-2.469819500103067	-1.3239125499576394	2.4475467807989677	1.2408173158665066	
15.905253145316255	3.4340644295936658	-2.830589778916247	-1.4263571155577033	2.504278659276614	1.2839831853851187	
16.023189429698828	3.729955403457623	-3.15610944705428	-1.5238044114931273	2.549155516045669	1.31877154398021	
16.02922584419775	4.031475589623687	-3.4267978783748982	-1.6125992781645682	2.5797083002436785	1.3439088577425142	
15.907865622716942	4.325861119353879	-3.6253362650953647	-1.6894872277633144	2.5933223729252592	1.3582749333107402	
15.647529022163955	4.600099902262994	-3.7383434017809365	-1.7518804285092158	2.5873900375989316	1.3609579493735722	
15.241652333867737	4.841583219124831	-3.7577276348221247	-1.7980476851473088	2.5595008533101486	1.3512919235374936	
14.689530533577186	5.038665286784104	-3.681531670421157	-1.8271943428453767	2.507648008386605	1.328872428255801	
13.996795205477756	5.181124858961972	-3.5141761591186382	-1.8394122238755868	2.4304211951858683	1.2935496800218378	
13.175434911201956	5.26055815545276	-3.2661128650844606	-1.8354995016390812	2.3271525969180202	1.2454016266737418	
12.243315503249928	5.270743033920821	-2.9529835941450973	-1.8166739903975069	2.197985068737849	1.1846931502964404	
11.22324349668703	5.207985450679089	-2.5944227553778	-1.7842266265225293	2.0438424994877136	1.1118307545471047	
10.14170603742997	5.071392600367434	-2.2126254596603356	-1.7391789205684576	1.8663007568301926	1.0273241289785382	
9.027491771908382	4.8629628421918225	-1.8307613285738715	-1.682012816292674	1.6673845002021246	0.9317654001329747	
7.9103792158900195	4.587408133547732	-1.4712663752179884	-1.6125244694669292	1.4493384133514615	0.8258316462963285	
6.819976105858594	4.251714378511899	-1.1540432123458682	-1.529829253496223	1.21442644639657	0.7103076718661614	
5.784703880955949	3.8645633184307218	-0.8946872814467263	-1.4325187242384267	0.9648022317346765	0.5861177021373756	
4.830879640929553	3.43580930869799	-0.7029867216864744	-1.3189426054561544	0.7024688329062245	0.45434934816901523	
3.9818585611003012	2.9761846845368476	-0.5820355701338686	-1.1875637343465526	0.4293164220524426	0.31625336049100955	
3.2572359026705584	2.4972964913961846	-0.5282595659197811	-1.0373183133932393	0.1472040157889201	0.173209497573458	
2.672146869123676	2.0118136286994277	-0.5324484286178252	-0.8679154538979652	-0.14195588517466795	0.026661655219252275	
2.236733248144176	1.5336045648383574	-0.5815943299315198	-0.6800303719466562	-0.4361424238513977	-0.12195996887535379	
1.9558537650682373	1.07756104932076	-0.6611046779239241	-0.47537558767907834	-0.7332166286359125	-0.27130373819312714	
1.8291035386723014	0.6589692579461758	-0.7568910832255937	-0.25665659249335837	-1.0309556774320954	-0.4201277108448537	
1.851146506409497	0.2925070250761312	-0.8569437696754555	-0.027434921667053733	-1.3271194826072616	-0.5672937158846834	
2.0123303545738715	-0.008898238867085692	-0.9522230813602202	0.20807364671605558	-1.6195357978657585	-0.7117374173438088	
2.2995347360624425	-0.2350741373257107	-1.036893174791303	0.44523547862824703	-1.9061920118838287	-0.8524341784777509	
2.6971833321654977	-0.37925738725326713	-1.108051454414136	0.6792391057884783	-2.1853241594727653	-0.9883787918961816	
3.188340382153223	-0.438317003512489	-1.1651499381707238	0.905313858603142	-2.4554947676280063	-1.118589570243456	
3.7558141410730244	-0.4126065461199884	-1.2092720365214933	1.1189128979539749	-2.7156504565240196	-1.2421372785760514	
4.383200093971586	-0.3055967380289956	-1.2423573796948382	1.315858050476861	-2.9651488609869046	-1.3581903781098517	
5.055807205114839	-0.12345460384704046	-1.2664016168873198	1.4924523416512856	-3.203744298486533	-1.4660629491055752	
5.761415049029933	0.12531329506654135	-1.2826274027401332	1.6455697937117013	-3.431524099262739	-1.5652517914222548	
6.490804045966073	0.4301124058352962	-1.2906364978482983	1.7727305355767224	-3.6487923360298367	-1.6554532498333372	
7.237992087236671	0.7784331583379329	-1.2876046901058307	1.87216386386374	-3.855905746227698	-1.7365559811707338	
8.000133266869277	1.1560070960632514	-1.2676212577186945	1.9428588350205473	-4.053075606267239	-1.8086119218809031	
8.777054269989163	1.5470253123293125	-1.22129804892096	1.9845966826336685	-4.240154854022701	-1.871790194984501	
9.570442625005954	1.9344878440811133	-1.135766270535329	1.9979577096270993	-4.416434162997631	-1.9263195383767446	
10.382749857641608	2.3007282269671134	-0.9951453695799947	1.9842959661311697	-4.580471884276221	-1.9724242954873998	
11.215922907273827	2.6281272266852462	-0.7815178323096212	1.9456771506038606	-4.729980699194892	-2.010257954049758	
12.070117000382893	2.89999915643906	-0.476384129718309	1.8847780793886921	-4.861788861627833	-2.039837624690147	
12.942559950096822	3.1016033003922168	-0.06251011999502189	1.8047493580823462	-4.971886964334885	-2.060983450239685	
13.826724833506725	3.2212006927500325	0.4739777974643625	1.7090465834091257	-5.055563421646094	-2.0732689523751042	
14.711926931709064	3.2510486690471456	1.1414343256853634	1.6012396936242248	-5.107624549185216	-2.075991170740439	
15.583414897846982	3.1881955831188544	1.9407008716472547	1.4848160182867363	-5.12268891733292	-2.0681727604893148	
16.422954339557553	3.034946596452737	2.863506917704902	1.3629999314481902	-5.095536840156629	-2.048607723394273	
17.209839332312487	2.7989159950870928	3.8914611020501155	1.2386141563076094	-5.0214912476538025	-2.0159577198237644	
17.922236938756317	2.4926292680700533	4.995802200030047	1.114006402579275	-4.896805503904755	-1.9688997224769693	
18.538699356341382	2.1327188590569115	6.137993160554877	0.9910558406313072	-4.719020595423932	-1.9063106264526837	
19.03976940152227	1.7387886704459452	7.271247618797519	0.8712648832630726	-4.487287592577959	-1.8274796041458135	
19.40928145642923	1.3321680310350217	8.342763763389907	0.7559100462406083	-4.2025508119009	-1.7322839546294908	
19.63590524997254	0.9344877914541811	9.297058601563535	0.6462458693711505	-3.8677782317442917	-1.6213929467780896	
19.713403185241265	0.5666364395581776	10.079186078122442	0.5436511322041404	-3.48777363427364	-1.4962645808274235	
