19.22289354614664	6.524421131387272	6.0880617587768135	-0.0612002835494997	-4.028873593213876	0.7785482457865814	
19.079980240755845	6.256491645275647	6.2696442667023655	-0.2735847468761428	-3.469312924169432	0.6651320346897427	
18.787085028291035	5.8618322378953	6.222044062718378	-0.4453599882264023	-2.8701083455892125	0.5442375886690848	
18.36679245129947	5.357964955423822	5.925528522671237	-0.5685225874139195	-2.2473597882338026	0.4189954849832486	
17.843305108656224	4.770468281238539	5.377346667196303	-0.6377146180861635	-1.6184080239215373	0.2923317586989195	
17.24170954171206	4.132419511595335	4.595679989849553	-0.6512025761618645	-1.001061425354714	0.1668120334205181	
16.58726781442748	3.481121556377594	3.6193172847983166	-0.6111962974254808	-0.41232237119222903	0.04459169961289169	
15.905159837146233	2.8547354258324846	2.506376219238049	-0.5238719027224013	0.13276454695601547	-0.07254064776666601	
15.219846579713566	2.2885260199637303	1.330302445149406	-0.3988833114932801	0.6222145015856012	-0.18307544625701178	
14.553780300158996	1.8117654155797493	0.1734805618732115	-0.24850726641542922	1.047874120890562	-0.28570855861360267	
13.925273886300056	1.4456125227898975	-0.8818720061018608	-0.08650778379390094	1.405711658853379	-0.37931748977880275	
13.346016708441919	1.202183168083389	-1.7647187353069211	0.07313400243007666	1.69552244918534	-0.46298528446157355	
12.819552631652774	1.0846725003889277	-2.425731121277888	0.21747743357585403	1.920141828115527	-0.5360380167819849	
12.342216098617717	1.0881348590235347	-2.843575125789443	0.3357214801281716	2.0844659587208176	-0.5980531450045243	
11.906560504715895	1.2004749842832145	-3.0244306638400746	0.42002750421269686	2.1946340081861355	-0.648820208368453	
11.505472627005904	1.4034786670764032	-2.9958607556497427	0.4660017644055641	2.2575057577226736	-0.6882755075996438	
11.134966998291238	1.6740114416839333	-2.7985286527716817	0.4728031254917587	2.280322213503508	-0.7164508716507465	
10.794844980626381	1.9855404719111187	-2.4788071031285046	0.4428700430890277	2.270392699654239	-0.7334626859466545	
10.487639986807611	2.3100015107850815	-2.08336593561117	0.3813140312926957	2.2347518221281315	-0.7395411751351365	
10.216791299404466	2.619911804622429	-1.655435184797704	0.29510202979019934	2.1798264185441347	-0.7350869098779963	
9.984910672936829	2.8905840588733396	-1.232259792851315	0.19220534640964348	2.1111780886534115	-0.7207437523316468	
9.79269056064097	3.102281328420149	-0.8435930161281832	0.08088046321054584	2.033367249643186	-0.6974772023602034	
9.638617695462676	3.2421179657449706	-0.511165256504745	-0.030841832176462223	1.9499566259521524	-0.666632781630129	
9.519295412419872	3.3054526146422587	-0.24888539231609189	-0.13550269740388612	1.8636378680490608	-0.6299336168431212	
9.43003544090092	3.296426224386532	-0.06343592798147095	-0.22651580614435704	1.7764280996157225	-0.5893836066826218	
9.36547446806317	3.2273157013451725	0.044999414050131026	-0.2985258478533651	1.68986288967235	-0.5470800400033841	
9.320115389421296	3.1165461367030236	0.0819095569145556	-0.34783433401136643	1.6051317596164953	-0.5049776847628115	
9.288776753984552	2.985600165012848	0.05742482273634673	-0.37279421492390263	1.5231402741127689	-0.46466733041714836	
9.266976998600112	2.855475243405012	-0.01501120731283123	-0.37401936311117784	1.4445200779123628	-0.42722839659372247	
9.251255855126463	2.7434875921617135	-0.12025358532989151	-0.3542852858727637	1.3696278156515849	-0.3931894323780481	
9.239371126622494	2.6610684973028715	-0.24320144908562638	-0.3180950487648197	1.2985692830687137	-0.362594610534661	
9.230289759349917	2.6128937499671316	-0.3704028090034079	-0.27099213503320924	1.2312641033390594	-0.3351443443564044	
9.22395363523233	2.5973789341463522	-0.4912047135658892	-0.21876900456704818	1.167541784503301	-0.3103640551380197	
9.220886415167165	2.6083076696099554	-0.5982535307237172	-0.16673354078412966	1.1072427347403362	-0.287757281129451	
9.221756838249386	2.6371378929062894	-0.6873839249210252	-0.11917192143354846	1.0502942701172315	-0.2669114575626013	
9.227014552627148	2.6753548299758747	-0.7571328350742899	-0.07909309832938931	0.9967430747833889	-0.24754149009900103	
9.2366730068341	2.7162372187035717	-0.8081528460978066	-0.04825103071227689	0.9467450815991812	-0.22947724066728512	
9.25026981636941	2.755634383066411	-0.8426805846609502	-0.027364567197470567	0.9005285042835397	-0.21261796707110076	
9.2669922649039	2.7917281680080066	-0.8640909204486171	-0.016414886259971426	0.8583521717026841	-0.1968828903988526	
9.28590177709939	2.824130080094943	-0.8764986924580542	-0.014910159637538117	0.820477960915885	-0.18218016431550169	
9.306154892419165	2.852847476332431	-0.8843587799356314	-0.02205636425106965	0.7871648497739081	-0.16840185100129965	
9.32713004655697	2.8775712131586717	-0.892035816061528	-0.036834301853521045	0.7586792372186074	-0.1554385671856427	
9.348423800655892	2.8974749325034157	-0.9033480532521588	-0.05802612732166459	0.7353085083724903	-0.14320054840501079	
9.369743439680029	2.9114386206352156	-0.9211243689695416	-0.08424281118618	0.7173649582799582	-0.13163344933373888	
9.390768009445065	2.918450790795928	-0.9468316764422438	-0.11398150007321606	0.7051725053049857	-0.12072386702943584	
9.411064259083622	2.917944697867082	-0.9803325689821172	-0.1457111865187009	0.6990350126996278	-0.11049546817583576	
9.430112823034092	2.909944466372238	-1.019821574563116	-0.17796776960289262	0.6991903876337412	-0.1009989974629741	
9.44743588815916	2.8950379119376444	-1.0619655675955122	-0.20944105723863118	0.7057576232845411	-0.0922992800689141	
9.462764222985514	2.874265207215226	-1.1022353277863497	-0.23904424842210736	0.7186851707749552	-0.08446169635621309	
9.476166385565218	2.8490073565850857	-1.1353781977823252	-0.2659638029925958	0.7377086217192638	-0.07753977954875653	
9.488088642133368	2.8209047125242295	-1.15597067452692	-0.28969159091967	0.7623245127815786	-0.07156454196467033	
9.499301292119403	2.791777244566083	-1.158996169924187	-0.31004055725663215	0.7917862265970923	-0.06653562622880625	
9.51079019486163	2.7634911842719387	-1.1404003346103053	-0.3271414224292004	0.8251272404608231	-0.062414823107805426	
9.52365157900303	2.737738228991718	-1.097577733394751	-0.3414145204226696	0.861215028457804	-0.059123540605800634	
9.539035509860376	2.7157546164021062	-1.0297416756703115	-0.353510593123928	0.8988348601744384	-0.056546620324741365	
9.558146244518284	2.6980706871026197	-0.9381247950355428	-0.3642184697782229	0.9367972084334549	-0.05454453393202144	
9.582271320549774	2.6843982923192367	-0.8259645582030871	-0.3743481653239293	0.9740558192727433	-0.05297327964777984	
9.612802506891235	2.6737095549267136	-0.6982786899205122	-0.38461113597670954	1.0098197365483081	-0.05170719535528473	
9.651231268531225	2.66449130480747	-0.5614849300532314	-0.39552458543414976	1.0436434839735285	-0.050658256427768174	
9.699131751477825	2.6551140202462995	-0.4229473974591497	-0.40736208379858885	1.0754836020367493	-0.04978720136995581	
9.758167390984722	2.644238791454967	-0.2905270126680269	-0.4201607976274447	1.1057155085416661	-0.04910495754631595	
9.830157324446802	2.6311951128040665	-0.17219167944029806	-0.4337823048821204	1.1351101887267514	-0.04866476259479289	
9.917211293718191	2.6162894931493734	-0.07571534290131193	-0.44801363267860217	1.1647743550367744	-0.04854581457932843	
10.021899862229718	2.6010342189887785	-0.008466188266719027	-0.4626903585710401	1.1960598698564393	-0.04882958058487066	
10.147396422483995	2.588293216696053	0.022739314123961938	-0.47782504654455293	1.230448746620076	-0.04957091344241759	
10.297530397987945	2.5823177442124843	0.01174293628264898	-0.4937293132263127	1.2694203570627791	-0.05076723873564217	
10.476723823232827	2.588607469912961	-0.04688220216735264	-0.5111185879019502	1.3143099109151801	-0.05232966783321844	
10.689820635341782	2.613532948254487	-0.1577989660400618	-0.5311833369048143	1.3661720692702417	-0.05405986813811298	
10.941821143597377	2.66370591273637	-0.324899403497776	-0.5556056989502137	1.4256657679992821	-0.05563627473698502	
11.23750625856164	2.7451595557772053	-0.5512647083959665	-0.5865005827037351	1.4929759234098605	-0.056613392511873806	
11.580916533012937	2.8624702421483175	-0.8390005687116056	-0.6262709338004933	1.5677826007809263	-0.05643713791328301	
11.97466298102861	3.017973941522859	-1.1888688870197146	-0.6773847342812033	1.6492800288099823	-0.054477305948371246	
12.419089019219607	3.2111960138407203	-1.5996905228061904	-0.7420980407732292	1.7362400391398671	-0.050076135304021434	
12.91135639894663	3.4385510824098318	-2.067562062104771	-0.8221556444803507	1.8271093439488468	-0.04261048364805098	
13.444575557045075	3.69332512008252	-2.5849860758087435	-0.9184977506765266	1.9201273536402197	-0.03156440421294105	
14.007134822759008	3.965939993426698	-3.1400487456988797	-1.0309947784794804	2.013449542046961	-0.01660836758345228	
14.582396061406584	4.244491796871828	-3.7158010941302533	-1.158231744002679	2.105260140640055	0.0023196478320727204	
15.148903848476522	4.515516673375619	-4.290034768801269	-1.2973729586222105	2.193857308558707	0.024939502938626682	
15.681150254088355	4.764888874608961	-4.835628729673014	-1.4441353693539098	2.2776968325037505	0.0505721143725512	
16.15085284197324	4.978775808196981	-5.321624797214793	-1.5928936835433283	2.355386056212608	0.0781143967209321	
16.5286267374225	5.144616555852796	-5.7151420375695965	-1.7369304461288038	2.4256257744722114	0.10605836347315424	
16.785864052413206	5.252096144958021	-5.9841480874592605	-1.8688331290431563	2.4871046542253463	0.13256250116067309	
16.896607015638153	5.29402568473277	-6.100954137759328	-1.981026232415789	2.5383586126176327	0.15557874034908398	
16.83922446146802	5.266947990140001	-6.046081667287998	-2.0664012376072813	2.5776164012695344	0.17303146198648886	
16.597748989798923	5.171264083523337	-5.811883639091595	-2.1189712114969597	2.6026605980869526	0.18303290605788802	
16.162797373320057	5.010782456503964	-5.405064288174697	-2.134444928538369	2.610737747850361	0.1841034072026359	
15.532125948407211	4.791790649887211	-4.847195568309024	-2.110609406627518	2.5985512042216015	0.17535364641655057	
14.711036724856964	4.5219159428608044	-4.172667489710146	-2.04743390262341	2.562366424225064	0.15658796263557592	
13.71285307107155	4.209104403440462	-3.4243831059205188	-1.9468646232352096	2.4982435713208107	0.12830807460314647	
12.55939010942499	3.860964711840588	-2.6484208841417236	-1.8123552912679792	2.4023821475157168	0.09162840092110876	
11.280980361768655	3.4845450659115254	-1.8890860790679942	-1.648234389268236	2.2715287244205085	0.04813385471452926	
9.915586933286209	3.086443153318882	-1.1852974825851406	-1.4590454735075689	2.1033785535879295	-0.0002837876873316575	
8.506827358454366	2.67306764987206	-0.5684916501058553	-1.2489924443725056	1.8969090864263818	-0.051582382334700465	
7.101093635333434	2.2509109426899925	-0.06166960583449015	-1.0215834545027171	1.6526054086075967	-0.10370197345258628	
5.744194627949074	1.8268167636698065	0.32093843123250654	-0.7795139771259582	1.3725539585623352	-0.15466657095912065	
4.478058384620338	1.4083205428029344	0.5739614454153198	-0.5247781963116698	1.0603877876662766	-0.20265374727979002	
3.338067210031302	1.0040871214329186	0.7008590838861463	-0.2589582462424152	0.7210795297651335	-0.24603087180569902	
2.351484734153812	0.624270405602591	0.713691229397406	0.016382159053993074	0.360607792265091	-0.28335559187096343	
1.537051256541643	0.2804506393283226	0.632344544258388	0.2992886075852144	-0.01445110343215792	-0.3133449251017826	
0.9052780458459779	-0.01509612696356144	0.482721830022096	0.5870932845640398	-0.39736029135546835	-0.33483294651783585	
0.45891952732221436	-0.2507121108252892	0.29364702454413383	0.8762627265423306	-0.7816798885284566	-0.3467400179015835	
0.19357589676120224	-0.41686534872393743	0.0929576334785921	1.1624441209869862	-1.1617330619754918	-0.34806411415488814	
0.09873346167965498	-0.5073947681126953	-0.09614694726967155	1.4406796554062584	-1.5330191145345569	-0.33789372272224055	
0.15942870751732113	-0.5202009952204606	-0.25748233154820865	1.7057333219896498	-1.8924777308490008	-0.31544072884201224	
0.35834275984052927	-0.4572993186548416	-0.3825454085427295	1.9524731529493478	-2.238534546143959	-0.28009606620071115	
0.6778922400000326	-0.32427149616239503	-0.4696759612044337	2.1762514986338064	-2.570928107655392	-0.2315119581168566	
1.1019272397588307	-0.12920690936611776	-0.5222620295535124	2.3732254652245803	-2.8903803368639833	-0.1697080473794785	
1.61684519105143	0.11870675010396803	-0.5465553611383491	2.5405717006135142	-3.198194047625725	-0.0951872721087837	
2.212110399092076	0.41069101249228956	-0.5495208839804733	2.6765704509583914	-3.495848005543834	-0.009037027707516519	
2.8802728107751188	0.7396693682712963	-0.5369935369279022	2.7805528894607656	-3.7846355532013067	0.08701274606203456	
3.6166232307360233	1.10107850244723	-0.5122739499647201	2.8527287772988483	-4.065364244392026	0.19059515894759574	
4.418573713380054	1.4930420277270164	-0.4751996181209429	2.893927202785716	-4.338114631706662	0.2987857390007306	
5.284795623140322	1.9158674477849575	-0.4216938335826668	2.905298404378621	-4.602054871600759	0.4082499310392854	
6.214151754603597	2.370943786567743	-0.3437758043616726	2.8880303303120463	-4.855311901435399	0.5154379331392829	
7.204524830603687	2.8592426020221358	-0.2300101414972261	2.8431270404452844	-5.0949005632913735	0.6167974221121116	
8.251695772140524	3.3797402122979046	-0.0663889041467877	2.771281438016318	-5.316710026835811	0.7089742545907319	
9.34839478507104	3.9281163138326805	0.1623458020214024	2.6728573345895565	-5.515547919806566	0.7889776036952402	
10.483560503913118	4.495981771969147	0.4709564784098651	2.5479783203969797	-5.6852479141281975	0.8542971951571714	
11.641792888891155	5.070670194460647	0.871632295407081	2.3967073123850104	-5.818851903194448	0.9029735137282165	
12.803059090097161	5.635436381905321	1.3717635446830656	2.219298755396415	-5.9088809607894195	0.9336295101753856	
13.942839146084223	6.169863713839523	1.9718138979996727	2.016515226411697	-5.94770100171541	0.9454740988772045	
15.032965060260041	6.650440064538705	2.6635368924112943	1.7900053802813083	-5.927974702136489	0.9382840112746593	
16.0433311146232	7.0514800090988015	3.428787371712385	1.5427176907735403	-5.843178168147888	0.912367442933941	
16.944339630438478	7.34655933339519	4.239130345446596	1.2792816746066058	-5.688128566893014	0.8685129120985231	
17.709761223258045	7.510683327200367	5.056403687234485	1.0062677477824022	-5.459518364335914	0.807936389150586	
18.31908090980822	7.522599067876231	5.834220311843069	0.7322150570505978	-5.156290937079277	0.7322256551279736	
18.75960502032229	7.368098487394596	6.520638040867503	0.46740529074957027	-4.780166088284302	0.6433258710857424	
19.026172423152342	7.041296516515025	7.061547118683334	0.2232485828801796	-4.335568412827525	0.5434890427366118	
