19.17521678243705	7.711504872756863	6.04391467408898	0.3230830524333532	-4.403372822596698	0.6580902727678499	
19.12099470552228	7.528603530602482	6.3754138828744	0.030734396702780196	-3.8756503655785393	0.5611595784057497	
18.886557213981852	7.145663153321939	6.4658902948440655	-0.2300011800501618	-3.2956345275110315	0.45707716899139417	
18.49488795476614	6.579144245266938	6.280493096494063	-0.4446887578312775	-2.678866811629955	0.3483561810366271	
17.97310441690407	5.859608246913974	5.80258299888429	-0.6012470574749923	-2.042957301134864	0.2372765012114116	
17.351822483199328	5.031405257523389	5.039492574772211	-0.6914586834050519	-1.406829475798401	0.1257014235674556	
16.66397893056917	4.148469555330628	4.024152047468687	-0.7119945422626147	-0.7893068841565855	0.015046502678408336	
15.944030404872635	3.2697145150195035	2.8150224389308267	-0.6649949988622389	-0.20777601363552653	-0.09359778613841666	
15.22656102937456	2.453166284750793	1.4926999810704527	-0.5580276428165002	0.3231983030284252	-0.19925922916887773	
14.544152865170924	1.7502205838499965	0.15336130063451728	-0.4034585060533388	0.7929769537637774	-0.30088664731849035	
13.92429411983683	1.200638573854534	-1.101369590428603	-0.21728954758671834	1.195470320636071	-0.39723563719632055	
13.385692592184792	0.8290863416486469	-2.1775338777835795	-0.017587122495583137	1.5290940566944666	-0.4868654062927004	
12.935145018886534	0.643752913428319	-3.0026819887988188	0.17732159914636758	1.7960530721221888	-0.5682317104717078	
12.5667121627946	0.6370697420116394	-3.536433604042105	0.3506636817884274	2.001191226694588	-0.6398319399485639	
12.264288425070317	0.7879300324899486	-3.773859383200348	0.48881587993385056	2.150813899608374	-0.7003466658055996	
12.006631625667033	1.0647283855399536	-3.7410172922167426	0.5824788552978823	2.2518088287374862	-0.7487382577260879	
11.77252095200451	1.429019135764055	-3.485817081847478	0.6272989403521511	2.3111078003607037	-0.7843098738145934	
11.544283739128158	1.839735319575743	-3.068175986451498	0.6238698740402671	2.335349000417402	-0.8067515103219862	
11.309422124598516	2.2574949217510394	-2.551606267650091	0.5771314266525284	2.3306275765039155	-0.8161821978861703	
11.061028664392333	2.648266589730211	-1.996506998211942	0.49529550500435204	2.3023228727703025	-0.8131734206136194	
10.797665547636344	2.9858880238701953	-1.4549867291994307	0.38853798381934723	2.2550344406828513	-0.7987397750007427	
10.522887882922486	3.253340031080985	-0.9674261397950676	0.26772586270733534	2.192631534247917	-0.7742957050609851	
10.244260109280805	3.442934995985635	-0.5610898065040522	0.14336650784582436	2.118377219324954	-0.7415781720025619	
9.971804277801889	3.5556207215610756	-0.2506572309332044	0.02481766031930218	2.0350707513862156	-0.7025296412935423	
9.716143412298326	3.599536501992134	-0.040065342859331624	-0.08030757225372229	1.9451662891641037	-0.6591453539679718	
9.486793023065731	3.5879129284110216	0.07505475560343908	-0.16659469013889439	1.8508567647538534	-0.6133118214439889	
9.290960721329341	3.5365158579761213	0.10488197362241412	-0.23109800890864357	1.7541344981341163	-0.5666765374073647	
9.13297653914165	3.461072538131359	0.06320710962002847	-0.27333475463402074	1.65683877426329	-0.5205766860029437	
9.014282783044058	3.3752030183297723	-0.03429402899619907	-0.2949605165018697	1.5606870778355704	-0.47602944103468414	
8.933804338125451	3.2892344819140527	-0.17133858451093087	-0.29919430818382464	1.4672799767824316	-0.43376580000038967	
8.888492791141042	3.209955998717426	-0.3320403226874897	-0.29014193998904847	1.3780766996492064	-0.3942812008900731	
8.87388768025471	3.1410675089449374	-0.5018018337249713	-0.27216781370742094	1.2943509053495441	-0.3578817330527782	
8.884624505873932	3.0839500394522594	-0.66811792810454	-0.24940956874583647	1.2171441071612255	-0.3247187305096244	
8.914889943408188	3.038444243620695	-0.821191884587202	-0.22546523664576074	1.1472340215294279	-0.2948163062740302	
8.958850478834517	3.003466272512487	-0.9542558939357662	-0.20323769741571948	1.0851284369692054	-0.26809926280041796	
9.011060759596202	2.9774173802194515	-1.063558884578784	-0.18489737362182826	1.0310858990488454	-0.24442449402361077	
9.066812055097213	2.958435653720517	-1.1480613959261783	-0.17191509171838132	0.9851566166537231	-0.22361335802856708	
9.12234681722268	2.944592946108972	-1.208910561137144	-0.1651255323576609	0.9472328891542745	-0.20547962294106498	
9.174890903476424	2.9341152645345603	-1.2487723807782414	-0.16480336718764851	0.9170968201132766	-0.18984828041714763	
9.222535660028438	2.925604307179352	-1.271091607641525	-0.1707523130267377	0.894454471889191	-0.1765633746763096	
9.264058927142361	2.918166284672639	-1.2793538675928975	-0.18241029231386194	0.8789506180022151	-0.16548565746734184	
9.29876802918577	2.911389145372381	-1.2764518250861834	-0.1989632232575357	0.8701650784492714	-0.15648311675353824	
9.326399367199722	2.9052066948585202	-1.2642639982398673	-0.2194505597211801	0.8675980256752522	-0.14941914710684231	
9.347065924521559	2.899748458504446	-1.2435162814905887	-0.24284706877517798	0.8706548633194148	-0.14414305412375553	
9.361227757262897	2.895253113272638	-1.213920933226956	-0.2681176323644375	0.8786399661599267	-0.14048518442706112	
9.36966414413263	2.89205498270118	-1.1745092489664881	-0.2942559104137051	0.8907633900546277	-0.1382559843330771	
9.37343708786214	2.8905965191191143	-1.1240293421526488	-0.32032231495133534	0.9061585951754537	-0.13724716263015174	
9.373846762581838	2.891407440376402	-1.0612896192577983	-0.3454886059675012	0.9239059809116152	-0.137234070336266	
9.372380658650311	2.895022816257334	-0.9853826556388703	-0.36908355538694193	0.9430577430182739	-0.13797921007644598	
9.370647459753839	2.9018627642098522	-0.8957909458836347	-0.3906271266917972	0.9626619013652125	-0.13923633624856094	
9.37028537702608	2.9121199605527615	-0.7924252680031229	-0.4098435801085304	0.9817855822450137	-0.1407543586815535	
9.372852911355594	2.9256789119078452	-0.6756579550103915	-0.42665027560681434	0.9995404923641144	-0.14228133195453474	
9.37972829910036	2.9420624997565454	-0.5463983200657678	-0.4411241161717332	1.0151158936666889	-0.14356991552571532	
9.392041260015016	2.960402939830171	-0.4062304057073885	-0.4534508246209007	1.0278239333985182	-0.14438571936435587	
9.410642575411755	2.9794545036640843	-0.25759253830133155	-0.4638640342319075	1.0371577950801665	-0.14451926730880796	
9.436103026775477	2.9976702737473597	-0.10393376128051518	-0.4725831502419481	1.042856704430881	-0.14380160838077335	
9.468733221939159	3.01334671320256	0.05023459990528272	-0.4797612201350273	1.0449669307090246	-0.14212271869349621	
9.508624226528482	3.024820580176398	0.19944378237344282	-0.48545434376561186	1.0438870992649782	-0.13945038841336538	
9.555716378854322	3.030702138280598	0.33752505460553106	-0.48962069180626117	1.0403889746855757	-0.1358458713347421	
9.60990756941123	3.030138917861586	0.45797648082868697	-0.4921519611811434	1.035608761018859	-0.13147236172996785	
9.67121184639636	3.023104083663901	0.5543809609452247	-0.4929369890500479	1.0310062926380037	-0.12659319784160017	
9.739966824842012	3.010685118971099	0.6208053991370214	-0.49195604591722203	1.028291776889338	-0.12155772217181837	
9.817067387811724	2.9953246897903214	0.6521075050248153	-0.48940235901647305	1.029323648294797	-0.11677386988346214	
9.90419055384666	2.980936955974566	0.6440940522622629	-0.48582195422061114	1.035984805551247	-0.11266775602401256	
10.003981820998742	2.9728083721490695	0.5935102553478521	-0.4822538683166822	1.0500491196423938	-0.10963263852047167	
10.120186426753614	2.9772188793813834	0.49788373838680117	-0.48034330642770456	1.073052868471341	-0.1079719549799367	
10.257715062638985	3.0007910545198446	0.3552870610268171	-0.4823947821633605	1.1061855016301925	-0.10784319985030975	
10.4226264046305	3.049654716928482	0.16410961603431096	-0.4913349717405434	1.1502108668766347	-0.1092105145192187	
10.621990340666192	3.128559030243233	-0.0770661843075103	-0.5105674048979112	1.2054248123055995	-0.11181321177191977	
10.863575480547803	3.2400606050321876	-0.3694094095764687	-0.5437204066123735	1.2716496942107949	-0.11515506671177789	
11.155297850419547	3.383883905344402	-0.7135651373316898	-0.5943094462300788	1.3482624062345985	-0.11851630960157603	
11.504386061221268	3.5565161599878	-1.109153915007934	-0.6653473355162033	1.4342504518807961	-0.12098839433622274	
11.916268219132547	3.7510942824534967	-1.5540782319612074	-0.7589396435837403	1.528289577286656	-0.12153143955319738	
12.393253059756361	3.957648058537547	-2.0437021131963857	-0.8758985383027434	1.6288334080047477	-0.11905375599604615	
12.93313792087459	4.163763079787876	-2.5699961708582326	-1.0154054952041685	1.7342038861951632	-0.11251244054940525	
13.527930204299407	4.355666884929129	-3.120764343267735	-1.174760495111901	1.8426704701102556	-0.10103159833678939	
14.162904452923675	4.519623711777751	-3.679089231738607	-1.3492626631152511	1.9525068499981642	-0.08403040835126437	
14.816224503285355	4.643420816382721	-4.223151059392914	-1.5322654611472544	2.0620166617386735	-0.061348488871658426	
15.459323352833328	4.717708628504818	-4.726584678639914	-1.7154347674427677	2.1695229993939167	-0.03335200936947619	
16.058137617022883	4.737020575657965	-5.159532118320438	-1.8892153722734182	2.273319585895902	-0.0010013884100038611	
16.575148741515005	4.700383402643531	-5.490514489650972	-2.043488605882866	2.3715847892099036	0.034139166088138995	
16.972032946770124	4.61146292283493	-5.689167135405907	-2.168384080399691	2.4622648523382433	0.0699677022667406	
17.21261261599794	4.47815722683884	-5.729732355205645	-2.2551873591358835	2.5429406446421035	0.10399734659412255	
17.26573314367022	4.311511786527174	-5.5949632655068795	-2.29725303191035	2.610702414882663	0.13359532858410778	
17.107650360291547	4.123921492797328	-5.279758194272341	-2.2907874771285788	2.66206659874422	0.15628513016250753	
16.723650311087027	3.9268464697865553	-4.793604506636692	-2.2353504775669375	2.6929696771449017	0.17006172291837	
16.10893219829991	3.728550136952018	-4.160912409450762	-2.133947074281968	2.6988683495695027	0.1736537354655033	
15.26906999204888	3.532517874133146	-3.418809772981391	-1.9926550119460846	2.6749601596110986	0.16667165069823622	
14.22032224352455	3.3370850706083535	-2.612833802940457	-1.8198368562500118	2.616515055718035	0.1496126675410817	
12.98970376392864	3.136385595377076	-1.7916834908111867	-1.6250782305360165	2.519281601079904	0.12373837314609461	
11.614428338100852	2.9222173532845863	-1.0023268081954235	-1.4180418468606686	2.3799141464613895	0.09087636716357445	
10.140359062593202	2.6861114746621904	-0.28627220144064536	-1.2074210900055486	2.1963686021213213	0.05320273163872903	
8.619400580949566	2.420965650621024	0.32288478788973624	-1.0001298447847686	1.968227929948143	0.013042942494389738	
7.106076748420332	2.1219796440805743	0.8009831188599346	-0.8008027010282291	1.6969263366174228	-0.027294166031827556	
5.653698980177332	1.7870595456166158	1.1342467571825559	-0.6116242014875614	1.3858362849652128	-0.06564770215003757	
4.310598461788092	1.4170839409354152	1.3197209842794317	-0.4324691421255062	1.0401755401195962	-0.10010494042385126	
3.1169581749053217	1.0163347762863866	1.3650615815137825	-0.2613030912836491	0.6667165585601915	-0.1290736311008724	
2.1027534402021746	0.5930647726864741	1.2876373637390586	-0.09478545297900821	0.2733301390786544	-0.1513220374367353	
1.2870107449337838	0.15982480736963614	1.1129440427042034	0.07098978187805531	-0.13156291741956994	-0.16598096817867666	
0.678079556556903	-0.2669561250769633	0.8721214782174188	0.23972481667795034	-0.5395645533848668	-0.17251199352173902	
0.27442053201051	-0.6683924333486534	0.5983715767089665	0.4142645309481996	-0.9428733369729015	-0.17065061797518916	
0.06575432857067934	-1.0253044431919314	0.3226560170077749	0.5961702806935701	-1.3348464631145505	-0.16032947991112698	
0.0348010900008592	-1.320487199443443	0.06975876494367546	0.7855496643597635	-1.7104867494704998	-0.14158822951785296	
0.15975235490385203	-1.5404875513934355	-0.14411610590632595	0.9811030737788317	-2.066744292892631	-0.11448730058313578	
0.4171707465282976	-1.6766069746685601	-0.31170249351043433	1.1803241899449284	-2.4025499606019967	-0.07904918355647327	
0.7847391087309914	-1.7251193229879864	-0.4333006682536327	1.3797887788991907	-2.718585673669855	-0.035244073018254676	
1.2433829749053338	-1.6868018944796364	-0.5144203556186542	1.5754695148622486	-3.0168680491130537	0.016976167243963843	
1.7785301787777839	-1.5659404535857153	-0.5631897221093899	1.7630296718173815	-3.3002431769496368	0.0776038395757852	
2.380493113472664	-1.369064699561307	-0.5880691733594958	1.9380703602077938	-3.5718782083248346	0.1464784176984261	
3.044104741570975	-1.1037035387838126	-0.5961204961069035	2.09632513822792	-3.8348020424623837	0.22318827978195815	
3.7678252701523105	-0.7774052071868021	-0.5918692110321848	2.233807489705774	-4.091516957263427	0.306991095711466	
4.5525425220293405	-0.39715461477137354	-0.5766776032669029	2.3469259165849397	-4.343680633234292	0.3967648854538707	
5.400234560932139	0.03079639704465302	-0.5485116905342569	2.432582807494333	-4.591850182209438	0.4909915518796991	
6.312610524383951	0.5007500794406533	-0.5020057350508608	2.488263268516528	-4.8352833466295335	0.5877687501940833	
7.289826122099372	1.0071529092427438	-0.42877740924252405	2.5121048217653317	-5.071799109447113	0.6848465851184572	
8.329356239986287	1.544113154644337	-0.3180047894977667	2.5029295379319247	-5.297705254793587	0.7796884632232687	
9.425060565050597	2.1050001322078824	-0.1573111192762535	2.460223585244548	-5.507802506602326	0.8695553385192187	
10.566416244841996	2.6821911831109535	0.06601368305836607	2.384064889895411	-5.695474467781448	0.9516101472333565	
11.737900213460387	3.266905512996833	0.3634892585847988	2.275023382775248	-5.852876029550498	1.0230376043105383	
12.91860510685268	3.8490122045386137	0.7437234452401537	2.1340847387190554	-5.9712350979694095	1.0811733613561334	
14.082310551595253	4.4167742818073386	1.2106253973155294	1.9626571817369605	-6.041283228252618	1.1236363654284889	
15.198297287539152	4.9566040306861	1.761714320299844	1.7626997438273735	-6.053817317189171	1.1484567090060505	
16.233109759602815	5.452973156942876	2.3867238177293086	1.5369685028950024	-6.000370477057714	1.1541901158614958	
17.15317671556238	5.888596351589936	3.066717099430871	1.2893248279740217	-5.873922812242026	1.1400066980630779	
17.92806733100766	6.245067043676285	3.773845903666559	1.025035698458961	-5.6696201109515	1.105753524399115	
18.533439567050017	6.503826170872534	4.471901792441376	0.7509416372246562	-5.385296343516451	1.0519660852368828	
18.954029418606044	6.647981242889216	5.117617340107538	0.47551907899081536	-5.022071700353864	0.979887445337153	
19.18400385232592	6.663740976514751	5.663226369870116	0.2085726574890037	-4.584260616608762	0.8913736042867897	
