20.240036516200405	8.100220355911803	6.862395805870818	0.3089337301914135	-3.968664188114948	0.5738282405243105	
20.083057710005964	7.65066523211052	7.110819575500391	0.06896377979190375	-3.3561492597128573	0.45230112542500794	
19.75537108558062	7.001500798069756	7.0954014978044215	-0.12419398567553645	-2.701859469187505	0.3254053491019522	
19.277329432027596	6.183173020100213	6.792898770033896	-0.2602329850696216	-2.024034029342618	0.19687485133628305	
18.672948802578002	5.238533070060272	6.1982540832505215	-0.3319792350167271	-1.3421950578197	0.06980891590552717	
17.970214343290493	4.2225245676026075	5.329906430013475	-0.3368010311065377	-0.6763654219010868	-0.053466328710732126	
17.200180595888664	3.196389292139401	4.228893185300418	-0.2770197549499825	-0.04553647422604603	-0.17124903705909875	
16.396270596818354	2.2225916343263004	2.9577397268143297	-0.16005394812228613	0.5335932252381597	-0.2822925995113628	
15.592703937898449	1.358795668316187	1.5963556478834824	0.002112621601316887	1.0478452493959602	-0.3856152224677433	
14.822127450355804	0.6526880280444911	0.23568045463950718	0.193960383412932	1.4884416228869717	-0.48037781698124243	
14.112366552547709	0.13813182430142826	-1.0313851923424937	0.39789160894435527	1.8514158960837543	-0.5658382415272658	
13.482803953032965	-0.1667501257295811	-2.1209866061865696	0.5959070810846159	2.1374052936631127	-0.6413626265160475	
12.941481482691987	-0.2596659381333814	-2.9691954053878296	0.7712521450036864	2.350875490922253	-0.7064541969829016	
12.48433774527074	-0.152815900636295	-3.539881839157047	0.9098469853184274	2.498973495702115	-0.7607687692152904	
12.0973894829014	0.1293115297616704	-3.8271383130694274	1.0013672384850758	2.5903145633608253	-0.8041038603110228	
11.761339736997984	0.5525366223877897	-3.8518078815346266	1.039898709863346	2.6339771250812642	-0.8363664972583826	
11.456949920247826	1.0758246403342868	-3.6540125834988912	1.0241385649033472	2.638824398406627	-0.8575410141228927	
11.169303145362335	1.6544758840998641	-3.2847515939597955	0.9571538589972912	2.613101189791221	-0.8676857398937236	
10.88989967164684	2.2436932094224784	-2.798776149291757	0.8457300798854337	2.5641903446043637	-0.8669761696026345	
10.616605092495378	2.8020812915957745	-2.2491900038676143	0.6993913328076052	2.4984681251101737	-0.855778568510452	
10.352200534164494	3.2945627328791387	-1.6834250963089354	0.5292762163131515	2.421236401381589	-0.8347221040243414	
10.10233934146437	3.6945390249671535	-1.1405131711302188	0.34704503532943815	2.3367198612332474	-0.804750395267972	
9.873568509217845	3.985309739672602	-0.649799521885806	0.1639535502994842	2.2481176478058407	-0.7671416101891704	
9.671800536730254	4.160749753105323	-0.23102019315734762	-0.009858921604935268	2.1577030518782188	-0.723484266001849	
9.501330789640239	4.225145981533516	0.10467006912566394	-0.16589654919006072	2.0669669829146518	-0.6755976360192829	
9.364317194036362	4.192069373776444	0.3532664146743724	-0.2977026365531875	1.976795716064576	-0.6254005606604436	
9.260635732964191	4.082233078767374	0.5164785067246594	-0.4011355004376169	1.8876653708454132	-0.5747538218466535	
9.188070308623074	3.9205201713492572	0.6004731415631887	-0.4744792817667682	1.7998241063932474	-0.5253124999735042	
9.142757715343734	3.7326655785367637	0.6148315335025913	-0.5183643988169773	1.7134298408451067	-0.4784133394210603	
9.119801246309168	3.542135785809993	0.5716255885995557	-0.5354871293674967	1.6286294999077822	-0.43500864289998664	
9.113939251577168	3.367723570132705	0.4845116980551779	-0.5301511313011398	1.545585786296357	-0.3956502445966362	
9.120137396447767	3.22218849159841	0.3677691813822307	-0.5076845102225377	1.4644730951986495	-0.36051994994930786	
9.133994082405875	3.1120232911605847	0.23527227242642387	-0.4738085567474927	1.385468178131581	-0.3294962581510437	
9.151916277335472	3.03819981143157	0.09946489283234723	-0.43404330572812916	1.3087540600485064	-0.30224181247363036	
9.171106417019484	2.9976053181609936	-0.029507608716983894	-0.39323041732759956	1.234542751939097	-0.2782940683890653	
9.18945732598321	2.9847468526748084	-0.1443190547615543	-0.35523692896590464	1.1631066152631582	-0.257142794279536	
9.205456253093296	2.9932837214208656	-0.24056773676362928	-0.3228499388184753	1.0947997118590493	-0.23828505077750164	
9.218143004196492	3.017120721125867	-0.31652428826866585	-0.29783391997233066	1.0300555454391058	-0.22125703151952722	
9.227113224170779	3.0509555697711987	-0.3726615673468364	-0.2810946340122529	0.9693601179603046	-0.20564794217899998	
9.232529063916571	3.09034202489121	-0.41111123813191874	-0.27288171281185347	0.9132102873889864	-0.1911051659235118	
9.23510108723563	3.1314630613158427	-0.43514124308207286	-0.27297104798169586	0.8620717476665494	-0.17733984256984806	
9.23602191440479	3.170870186104411	-0.44868741683296987	-0.28079419085445484	0.81634806462611	-0.16413727477617687	
9.236838516536604	3.205403262633321	-0.455937142907324	-0.2955158978074649	0.7763662185672481	-0.15136905796054617	
9.23925809654934	3.2323539389888785	-0.4609639890419721	-0.3160852901259662	0.7423780237034154	-0.13899895146627253	
9.24490986481009	3.2497676088229346	-0.4674110273678889	-0.3412891114918791	0.714571743016272	-0.12707680791426157	
9.25511136783377	3.2567080518219584	-0.4782174754641073	-0.36982388119237436	0.693086924996448	-0.11571951677561361	
9.27070017512977	3.2533331316952223	-0.49539143857927104	-0.4003855361954319	0.678025533159411	-0.10508302424427761	
9.291979519376893	3.240713756948069	-0.5198446402060932	-0.43176049982470777	0.6694547729256579	-0.09533256572468	
9.31879525385487	3.220435585412334	-0.5513158023202624	-0.4628952848625197	0.6674010662719105	-0.0866184246992562	
9.350721320238053	3.194114262961856	-0.5884072136761391	-0.49292527907982636	0.6718385898926252	-0.07906204574614141	
9.387292748236455	3.163000108820284	-0.6287488707198031	-0.5211559252450362	0.6826779860202643	-0.07275354182726171	
9.428200420637374	3.1278144849360925	-0.6692781732511103	-0.5470108761998478	0.6997599809577061	-0.06775730135107993	
9.473384738733174	3.0888387374696	-0.7065986362917646	-0.5699771421671138	0.7228555373755564	-0.0641197680577141	
9.523016766172903	3.0461728616982757	-0.7373765357526786	-0.5895739855251184	0.7516728286811472	-0.061874602942875646	
9.577405001776064	3.0000350955270214	-0.7587268838441626	-0.6053587708972075	0.7858708500391428	-0.061043325281846604	
9.636893051167116	2.9509936496777236	-0.7685423064241814	-0.6169661472953967	0.8250791173937059	-0.06163262691957714	
9.70180795335429	2.900085020768075	-0.7657334515088481	-0.6241660857844611	0.8689218998343213	-0.0636311074098909	
9.772489496245782	2.848837205119197	-0.7503800264529085	-0.6269266402555116	0.9170440588148961	-0.06700738155445281	
9.849398924736427	2.7992377511094255	-0.7238197873272839	-0.6254742846875972	0.9691346808516899	-0.07170932248242873	
9.93328657534532	2.753669044667453	-0.6887135878526692	-0.6203499245769942	1.0249453862649425	-0.07766286062716776	
10.025400470427485	2.7148119017217254	-0.6491026527287692	-0.6124582356941908	1.0843021175473255	-0.08476956535249251	
10.127721440366077	2.6855221283268347	-0.6104348863943428	-0.6031022755714036	1.1471092224441803	-0.09290338692695453	
10.243200572833986	2.668708009420946	-0.5795277174069665	-0.5939949417707953	1.2133443880646761	-0.10190680029012901	
10.375955605838405	2.6672416739397753	-0.564445366602563	-0.587242218884007	1.2830432363575315	-0.1115859856734164	
10.531367355605328	2.6839082461670754	-0.5742857063171396	-0.5852968296346752	1.3562734402153174	-0.1217044577589187	
10.716018109754023	2.721347469072363	-0.618878451518611	-0.5908812872090271	1.4330998490678353	-0.13197505710771568	
10.937424241951955	2.7819215614898836	-0.708379055844673	-0.6068746819730846	1.5135444296034781	-0.14205164604836998	
11.203548899877601	2.8674923804692583	-0.8527299484006747	-0.6361591209544699	1.5975470882722838	-0.15152306500570897	
11.52210398102897	2.979153273196562	-1.060958093444077	-0.6814270997510585	1.6849320256963085	-0.1599121818822025	
11.899664713666303	3.116975448291321	-1.3403031524071236	-0.7449593205111601	1.7753821102729586	-0.16668273972255737	
12.340642299216459	3.2798027037661552	-1.695212004288133	-0.828390218184385	1.8684217408412078	-0.17125586137759627	
12.846177252100931	3.4650935197841597	-2.126271049436952	-0.9324801480016298	1.9634073209209881	-0.17303749539474136	
13.413034064554541	3.668792533865851	-2.6291732729261597	-1.0569098798256982	2.0595239201990863	-0.1714579023031839	
14.032594151900058	3.885225641119344	-3.1938269932016023	-1.2001065001533904	2.1557864824897974	-0.1660244438834304	
14.690111566342454	4.107063084726615	-3.803769436835433	-1.3591166413922198	2.2510448489482617	-0.1563873467568167	
15.364396845677609	4.325425770959351	-4.436040718030066	-1.529544346107142	2.343990546099075	-0.142414311693936	
16.02805076555489	4.530210814868521	-5.061637086041409	-1.7055735121165556	2.4331618348389927	-0.12426635631394714	
16.648356910814545	4.710696906605685	-5.6466562220203	-1.880105193571857	2.5169428667191913	-0.10246212072995328	
17.188865912669627	4.856441982314443	-6.154188304290959	-2.045036726632278	2.5935518466860574	-0.07791426297081383	
17.611603218615596	4.958409486631934	-6.546945371244783	-2.1917005048235856	2.6610138107035195	-0.051920585075114926	
17.879719201991126	5.010150031531114	-6.790547834936657	-2.311462860708239	2.7171169569094253	-0.026095188603958593	
17.960314468727354	5.008743638007293	-6.857287350356016	-2.3964589145988775	2.7593581533965716	-0.00223148109260734	
17.827075039822873	4.955101129730702	-6.729879955232105	-2.440384848097847	2.7848968924939967	0.017897869332638833	
17.4623972742026	4.853381426019146	-6.404374097248538	-2.4392084093761564	2.7905460416516825	0.0327721767362615	
16.85891628947784	4.709657235666785	-5.891356369190911	-2.391651581587581	2.7728262559899424	0.04133549744927008	
16.020477356559553	4.530293257593009	-5.214967840706734	-2.2993273268407473	2.7281021258284968	0.04313757998472137	
14.962575681291996	4.320634511622391	-4.4099871060428155	-2.1664882139631807	2.6527998467239247	0.03836721731785453	
13.712150965678182	4.08443440859134	-3.5178768475318196	-1.9994353042721817	2.5436838142291296	0.027775414893385218	
12.30651474583215	3.8240791398445015	-2.582883124592506	-1.8057091071346854	2.3981515719700472	0.012518982488559205	
10.791259959227848	3.5412939273925463	-1.6489317849295297	-1.5932158900998277	2.2145047829378517	-0.006027356027687629	
9.21725146141575	3.2378462729534645	-0.7574733772014692	-1.36943579492337	1.9921634738012806	-0.026445787800685325	
7.637180822243339	2.915874710092802	0.05406349901239689	-1.1408155343227704	1.7318197509873305	-0.047408544444556486	
6.102173150099977	2.577813298479205	0.7536944498312211	-0.9123761728019512	1.4355357786239076	-0.06776318103574418	
4.658797665423826	2.226184081953277	1.316438421669906	-0.6875355113982761	1.1067737344937407	-0.08657661940870039	
3.3467160911619525	1.8636305912422106	1.7259786576857918	-0.468125941154774	0.7503352355703798	-0.10315136621786242	
2.1971275665962544	1.4934149769469343	1.9761669068050869	-0.2545791937428002	0.3721912016651143	-0.11702637637820491	
1.2320951866109435	1.1202756971430838	2.0719848499703266	-0.04624666731113471	-0.020799582240161957	-0.12796725006383913	
0.4646618063101822	0.7512196217056258	2.0294755644728273	0.15818148385830288	-0.42126755584704967	-0.13594186865542746	
-0.1005494396600321	0.3957006572914785	1.8740287046524537	0.3602226914673181	-0.8217848871777105	-0.14107515704483392	
-0.46661076365884874	0.06497477000614492	1.6369472367066604	0.5612082346970992	-1.215364425623496	-0.14358350461465963	
-0.6434142699335796	-0.22911609960167087	1.351022498233157	0.762001460030052	-1.5959585065247899	-0.14369287731552927	
-0.6464315141518909	-0.4755070913826619	1.0462857252149442	0.9628283438565289	-1.9588773678534865	-0.14154870502695474	
-0.4950441564199534	-0.6650842199268424	0.7469524935692182	1.1631962276447236	-2.3010466740057285	-0.1371299774440117	
-0.21060036630186224	-0.7915029248804928	0.4700091180157146	1.361878701848794	-2.6210637395088883	-0.13018249970135015	
0.18553418331368152	-0.8515843409878548	0.22529104486333618	1.5569576601502566	-2.9190673720468983	-0.12018638814580623	
0.6736894197992535	-0.8452216204496739	0.016569032274866308	1.745919829209133	-3.1964726287853757	-0.10637001001096039	
1.237159284416439	-0.7747454176407387	-0.15685015397600105	1.9258035233196658	-3.4556229322360656	-0.08777498195588095	
1.8629167893993865	-0.643896682851208	-0.29842047607272093	2.09337621821279	-3.6994154425952224	-0.06335970317909295	
2.541797447478911	-0.4566854236239211	-0.41274787828993703	2.245319694446115	-3.930934321651374	-0.032122667448762986	
3.268248534644142	-0.21643813436693898	-0.5041624488176081	2.378397899789174	-4.153114122124254	0.006772573423323216	
4.039773206577657	0.07472713789822773	-0.5755226262235381	2.48958864907184	-4.368444503238149	0.053885837051311995	
4.85616798443522	0.4158822724145311	-0.6273044145812251	2.576174337087429	-4.578717258608283	0.10941210956299363	
5.71859610368219	0.8067459538553674	-0.6570440175315546	2.635802200565757	-4.784812728291773	0.1731198908303922	
6.628513685095404	1.2467464964735753	-0.6591977573631153	2.666533583034161	-4.986525253902871	0.24431111989033036	
7.586532385373314	1.7339312599635328	-0.625451913863321	2.66689509091912	-5.182439513507477	0.3217957945412461	
8.591360778149191	2.2640161167444117	-0.5454112719123939	2.6359358492350737	-5.369857418809131	0.403874868404835	
9.638896548235778	2.8297950187345475	-0.40758275944367134	2.5732859129810413	-5.544776560732711	0.48833751980017426	
10.721475188854896	3.421000312091605	-0.2005775641367042	2.479209517312426	-5.701928895047022	0.5724866281344231	
11.827279876844436	4.024557883199935	0.08554573650016922	2.3546513524797716	-5.834893820391856	0.6532056585170757	
12.939984136187492	4.625078595326757	0.4578808734348573	2.2012800918948243	-5.936301896246354	0.727074701099771	
14.03878064733902	5.205405988501284	0.9193106199970452	2.021537277588194	-5.99814057344709	0.7905358278481907	
15.098992296366644	5.747112483300543	1.4672797382366558	1.8186965159770712	-6.012165580556739	0.8401018545312421	
16.093421991924902	6.23098210918468	2.0928419752846583	1.596919219655079	-5.970406567016065	0.8725936685043533	
16.99433257132851	6.637594350822125	2.7800531656813594	1.3612847480638643	-5.8657192214829825	0.8853789729849001	
17.77593446618691	6.948238324185616	3.5056755179474646	1.1177719567436797	-5.692402858838763	0.8766131575376931	
18.416527906902537	7.14586970681792	4.239442275991281	0.8731625554423259	-5.446658170780818	0.8453944362561481	
18.90102458615088	7.216825598552058	4.944385200993453	0.6348980040890269	-5.127347878358055	0.7920050163625987	
19.220738573355597	7.151173824839562	5.578712250946832	0.4108247479641903	-4.735868660739349	0.7177813778495638	
