20.192851743670644	5.311202196015099	7.220648805125229	0.2539484504895125	-3.9135078267497865	0.3502845465193879	
20.073887107992277	4.9117422848442995	7.563599184535829	0.12085074900416044	-3.307559128896547	0.2423784730951747	
19.766468066473113	4.489138256081751	7.643461385120485	0.021936661117344915	-2.663060575090927	0.13562989818121296	
19.291194804601943	4.06106734779424	7.433725546616197	-0.04033524353690801	-1.9987283304305634	0.03214276435786799	
18.674504723130568	3.646303192348499	6.9256383403105755	-0.06521007187180136	-1.3344343977118591	-0.06659272748225774	
17.948929870035204	3.2638792371539895	6.133538489769877	-0.05409868059188123	-0.690226078719426	-0.15975815564578502	
17.15143189595791	2.9313270649487886	5.094883424714555	-0.010520942938238685	-0.08467250970395321	-0.2470188903003385	
16.322001419146513	2.662849566143821	3.8697861757422536	0.05997433982862636	0.46649975768675733	-0.32835067987230043	
15.501281863235727	2.467541732297999	2.5372868802339976	0.1501525420068748	0.9516551634655135	-0.40384889661245	
14.727476119723091	2.3482136164058076	1.188875965346082	0.2515905520489784	1.3640524519727044	-0.47359548752244035	
14.032451652189964	2.301160128597493	-0.08105266853162357	0.3553047384373306	1.7020735660978605	-0.5375888757625695	
13.437597408685924	2.3171178251591913	-1.1869363643411845	0.4524334859794499	1.968753186450919	-0.595733328578273	
12.95068730380572	2.383258061528058	-2.0635391036821153	0.5348947565749685	2.170695195385862	-0.6478664704163434	
12.565228650549939	2.485564562037203	-2.67393874383774	0.5959644099052513	2.3166692567070792	-0.6937962236113799	
12.262993321192338	2.610751280956307	-3.0115897390890654	0.6307441474096592	2.416241234147575	-0.7333168637320877	
12.018944610108877	2.747267788277571	-3.096446878064656	0.6364957000342241	2.4787004724172736	-0.7661914851712194	
11.806745652740807	2.885572954644391	-2.9674237138024733	0.6128148646587629	2.5123578120364365	-0.7921214689101549	
11.603141026247902	3.018139978304981	-2.6741308024991683	0.5616137325150726	2.5241450184725442	-0.8107420880434967	
11.390520817011698	3.1394204066972273	-2.2697496983732615	0.4868867394983874	2.519423504709427	-0.8216653554653578	
11.157978099067554	3.2456736984503785	-1.8053638297194374	0.3942636569939547	2.5019658368239357	-0.824552011780934	
10.901443708501874	3.3346187988463423	-1.3256354799124168	0.29040946188664307	2.4741007907878134	-0.8191811721126935	
10.623277687727507	3.4050563454018463	-0.8660041753707705	0.18238561049737778	2.436975380301934	-0.805506896963027	
10.331337716923086	3.4566182382505164	-0.4516478935955078	0.07705516898212372	2.390885753257992	-0.7837029958054519	
10.037457541161187	3.489724021711056	-0.09810938067444354	-0.019436362542708474	2.3356374309882737	-0.7541933361627756	
9.755418891637103	3.5056824580350225	0.18695439139972758	-0.10210843048368344	2.27090236754156	-0.7176613142566545	
9.4987258825844	3.5067445430239195	0.4016452769983358	-0.16751736988113475	2.1965394703512646	-0.6750351355324655	
9.27862657179784	3.4959081856771377	0.5479420630565359	-0.21400767748084426	2.1128420976328233	-0.627452485611572	
9.102773001644024	3.4764519041352866	0.6303717973586506	-0.2417647457486276	2.0206821650319293	-0.5762123436930779	
8.974713080817747	3.4514159499181165	0.6552382207972915	-0.25260712268890945	1.921535251784244	-0.5227185079493613	
8.894101933066564	3.423302644371116	0.6302203574297441	-0.24956194678103025	1.8173981280333191	-0.46841453006580486	
8.85734816538006	3.3940734779121886	0.5640820315742062	-0.23635003361912751	1.7106296140850967	-0.4147078462679412	
8.85845009030067	3.3653126653155616	0.46631945002576203	-0.2169057670188637	1.6037510061853912	-0.3628864828847967	
8.889871459087379	3.3383466905342885	0.3467098261004968	-0.19500652685631498	1.4992422929419986	-0.31404045306262546	
8.943388686586836	3.3141864037955986	0.21480698397582426	-0.17402254543654166	1.3993635870384449	-0.26900430835972033	
9.0108676324304	3.2933269110764756	0.07944740858542204	-0.15675959704851705	1.3060208799840263	-0.2283337633351499	
9.08491304881187	3.2755802787564705	-0.05168287402685406	-0.1453644627176291	1.220683589869967	-0.192318932088798	
9.159323998073539	3.26012327507717	-0.17237542914250792	-0.14128296047180602	1.144351678379721	-0.16102552252669491	
9.22931177607327	3.2457946151657127	-0.27807296825152217	-0.14527560443475035	1.07756466688852	-0.13434829529180076	
9.291506398093675	3.23149302266764	-0.3658693900831712	-0.15748385322784753	1.0204387132313897	-0.11206093400925193	
9.343817921162461	3.2164839719575626	-0.43433691310425776	-0.1775309773851335	0.9727216566504149	-0.09385536043048238	
9.385228765058024	3.2005014433501597	-0.48321822428347455	-0.20463670344683255	0.9338585042545807	-0.07937033569073579	
9.415572399867013	3.1836547082412077	-0.5130551017109054	-0.2377284878043452	0.9030624265131234	-0.06821288936670006	
9.435323751172415	3.1662383492045993	-0.5248379265706128	-0.2755399100524037	0.8793881261486848	-0.05997632872075903	
9.445411053365145	3.148558551931267	-0.5197486423417955	-0.3166931013635945	0.8618048502589254	-0.0542566327409386	
9.447061763337889	3.1308461063243547	-0.49903730552720205	-0.359765773786998	0.8492658583554533	-0.05066686478585171	
9.441697395862324	3.1132703277197726	-0.46402452607972705	-0.40334597470678774	0.8407700405478223	-0.048847871522944654	
9.430885035151283	3.096013844998104	-0.41617366469788447	-0.44608023627134746	0.8354111880031823	-0.04847394418800803	
9.416339475542891	3.0793328517860847	-0.3571631133822092	-0.48672048463921863	0.8324134065620106	-0.049253808463082145	
9.399957031447881	3.0635384316136833	-0.2889089240626354	-0.5241687349160267	0.8311535081139252	-0.05092890834536746	
9.383850454397896	3.0488921292716387	-0.2135221477415535	-0.5575132200977624	0.8311726090240628	-0.05327181183589929	
9.370350776046985	3.0354733517409653	-0.13322226780130228	-0.5860498022942909	0.8321793667616147	-0.056086717342301064	
9.361951711147162	3.0231006988796483	-0.05025486034695731	-0.6092875192658949	0.8340470411502742	-0.05921182133665191	
9.361193342753928	3.0113570868360964	0.03313311377069671	-0.6269429108182392	0.8368067906026109	-0.06252128337034497	
9.370504608189535	2.9997078787204714	0.11462629635896227	-0.6389299363423847	0.8406397326254373	-0.06592441040514756	
9.392038940852458	2.9876552525335534	0.1916880150068216	-0.645351258973577	0.8458696557233438	-0.06936192974750421	
9.427535534226864	2.974866519613009	0.261370566749438	-0.6464956987356336	0.8529575754742827	-0.07280204610505545	
9.478238590951456	2.9612405323368582	0.32016152024097055	-0.6428432827508126	0.8624967800643366	-0.07623940573218177	
9.544907905776562	2.9469118279796063	0.3639296176724433	-0.6350763533595225	0.8752057731584327	-0.07969839974881092	
9.627940618946415	2.9322251174493186	0.3879979261205863	-0.6240914323559589	0.8919156643566541	-0.0832393318974103	
9.727594079715935	2.9177333115083237	0.38733174053452646	-0.6110046515722075	0.9135483998221652	-0.08696372864935441	
9.84426469258655	2.904274160522463	0.35680134057796326	-0.5971463930241293	0.9410829716308062	-0.09101461195316266	
9.978756428398961	2.893157483452553	0.2914681270532038	-0.5840484122998313	0.975507965251377	-0.09556848917739659	
10.132474569935768	2.886429151320903	0.18683680001723663	-0.5734326662833453	1.0177605532405523	-0.10081685169935149	
10.30751559916778	2.887100216869728	0.03903170784887867	-0.567209780522052	1.068654738381006	-0.10693693422750457	
10.506657426193323	2.899212951963357	-0.15510404080179976	-0.5674833236391472	1.1288041045596575	-0.11405341831713238	
10.733261594521808	2.92766743876305	-0.39795058901163055	-0.5765444156026098	1.1985475140426145	-0.12219476025905228	
10.991098828986226	2.9778095359478103	-0.6910359186460117	-0.5968362631007607	1.2778871327338361	-0.13124955487694073	
11.28410496326644	3.054837200700454	-1.034886950033331	-0.6308712112614161	1.36644615690006	-0.14092945316588534	
11.61606335877614	3.1631027615399545	-1.4287743598027154	-0.6810920045854347	1.4634499521030588	-0.1507453965341635	
11.990189549072673	3.3053845233029953	-1.8703476738384874	-0.7496791318636835	1.5677309043810905	-0.16000305714491672	
12.408576240555648	3.4822041053010886	-2.3551870791309653	-0.8383146672661788	1.67775721458378	-0.1678225557910997	
12.871475800302363	3.691286754496532	-2.8763277901093023	-0.9479230342276619	1.7916858695665971	-0.17318542225614328	
13.37643453781326	3.927241546470336	-3.4238122692171853	-1.0784100468580715	1.9074364733808613	-0.17500797176313623	
13.917353418696484	4.181525408341246	-3.9843421918989033	-1.2284262693779466	2.022781478855168	-0.1722388749435739	
14.48361027805776	4.4427267253942695	-4.541111074483137	-1.3951834962784628	2.1354441981013563	-0.16397576132124286	
15.059422474076129	4.69717451891414	-5.073904913187558	-1.5743533780325503	2.2431927335677866	-0.14959259713469064	
15.623639849236444	4.9298512558508865	-5.559559702362658	-1.760076108259452	2.343915918904799	-0.12886599414056443	
16.150125521772868	5.125562058400435	-5.9728579834839195	-1.9451048228185868	2.43566684258459	-0.10208480015434544	
16.60881355341057	5.2702959551070805	-6.287935705052424	-2.1211085909454925	2.516660853054242	-0.07012409620876377	
16.967434195715366	5.352670930152291	-6.480227279581904	-2.2791510897412017	2.585218764447699	-0.03445922000472284	
17.193720113977463	5.365298731650156	-6.528872332481388	-2.410330518550632	2.639658145952256	0.002897336982470313	
17.257846230245143	5.305830222806194	-6.419382826802208	-2.5065442875197363	2.6781497599014723	0.03954554808821896	
17.13484958284788	5.177354656454571	-6.146150484532995	-2.561302027045449	2.698573608623759	0.072929576217692	
16.80682185630659	4.987861044909739	-5.71416725122366	-2.570461367837594	2.6984235114725794	0.10062395824479198	
16.264749363864308	4.748696089279964	-5.139321859681427	-2.53272916124232	2.6748099370668537	0.1206225933060626	
15.509931668727107	4.472330883791056	-4.4469714740616855	-2.4497848197216983	2.6245917787602853	0.1315664869947461	
14.55488479923393	4.170100413043291	-3.66911653914012	-2.3259597634435245	2.544631962966222	0.1328582730722289	
13.423456373252018	3.850666975907224	-2.841074281226955	-2.1675236369381454	2.432130808229108	0.1246470414974422	
12.149815187548398	3.519590889353562	-1.9986304614751536	-1.9817592570446974	2.2849621561525524	0.10771609497811879	
10.776286295558535	3.179763877848465	-1.1760950819024183	-1.7760454054344728	2.1019555759348383	0.08333173996612984	
9.350291074888922	2.8321844065935906	-0.4051139522075497	-1.557094562247132	1.8831025349201773	0.05309201726121748	
7.920837351364678	2.4766739545230014	0.28615770923143147	-1.330418621657055	1.6296844496619773	0.018791354769409713	
6.534997357525705	2.1124583106100374	0.873899132356246	-1.1000372061283754	1.3443173513435929	-0.017698221775493052	
5.234757190869096	1.7388041474631684	1.339684528031186	-0.8684130762292069	1.0308944688111796	-0.054532689056715544	
4.054619624783788	1.3559206517978937	1.6717591423988436	-0.6365894238302024	0.6944082782800294	-0.08998820164080057	
3.0203221251634504	0.966095546664	1.8663835462228517	-0.4045028161994912	0.34065934308119966	-0.12253377998525147	
2.1487916838451384	0.5746688253187076	1.9288192189754279	-0.17143520365580123	-0.024106956742359686	-0.1508736583757057	
1.4488473645304483	0.1903273796567651	1.8732684451211936	0.06348205100696502	-0.39358837701858496	-0.17395507859008402	
0.9220567623957507	-0.17552678019672968	1.7211997393865783	0.3008172073187503	-0.7618271921750978	-0.19094583319660235	
0.5635590904816924	-0.5101641790574756	1.4982049761249732	0.5405198065365501	-1.1236117000417825	-0.20119027532941805	
0.3630281040905917	-0.801236973977904	1.2302749382264822	0.7817639863396411	-1.474830209992938	-0.2041543250048507	
0.3059858076728737	-1.0383743164918349	0.9405854221931895	1.0229424468226536	-1.8127094728287294	-0.19937070434787144	
0.3754780990222917	-1.2143772252834566	0.6475116895958646	1.2617828388315242	-2.1358896362233564	-0.18639694463325465	
0.5539517342079286	-1.3258530787545568	0.36399275607866693	1.4955520561061322	-2.4443364231371705	-0.16479983779134424	
0.8251213284769714	-1.373164567734974	0.0979914887474998	1.721307536033066	-2.739121753590043	-0.1341768808312473	
1.1755549176832107	-1.3596824213515173	-0.14634877044545486	1.9361482476902157	-3.022115810416356	-0.09421240309450722	
1.5957337455939893	-1.2905280093475566	-0.3672627763721849	2.137426475348458	-3.2956347820517773	-0.04475344669929394	
2.0804508782968925	-1.171084173905565	-0.5639559230977664	2.322891307015685	-3.5620834315899685	0.014111666807643194	
2.6285697677678237	-1.005578056000195	-0.7354417709801276	2.4907418032796724	-3.8236301818133054	0.08198584554502501	
3.2422878836560702	-0.7959993190367629	-0.8796940215564856	2.639580812080282	-4.0819381276952775	0.15811697073513506	
3.9260847436623316	-0.5415426553023929	-0.9930781142733617	2.7682798200908	-4.337954467703753	0.24137940776796887	
4.685485153792345	-0.23867250395716044	-1.070006943015568	2.875787115349829	-4.59174419726005	0.33028395000257027	
5.525693522134711	0.11818531103301652	-1.102816133946295	2.960927277725495	-4.842351324790317	0.42300866181521496	
6.450161291915205	0.5354253026909198	-1.081914269805043	3.022244054746544	-5.0876879286431835	0.517438367025658	
7.459210634626042	1.0187504463831112	-0.9962419517587308	3.057921047291039	-5.324454637756942	0.6112018377583444	
8.54884464434848	1.5716309770928332	-0.8340557608369086	3.065791712683999	-5.548101445722501	0.7017090956513276	
9.709830768854546	2.193965085751451	-0.5840281541765668	3.043435213445023	-5.7528397965514255	0.786200646870335	
10.927097276839893	2.881083917039426	-0.23661700994783177	2.9883458109640872	-5.931719750375552	0.8618216091078691	
12.179487822307799	3.6231461937904847	0.21438747544858947	2.8981629386701435	-6.076790870022	0.9257278914580002	
13.439968631499124	4.404900650913624	0.7702748659654461	2.770954922856033	-6.179368256348304	0.9752229822679417	
14.676423856912965	5.2057635113536795	1.4259390565761831	2.6055565961510445	-6.230422016187035	1.0079172311884814	
15.853182116161584	6.000192259559663	2.1686973522385964	2.4019535598540376	-6.221095025488932	1.0218948384890376	
16.93329926431978	6.758386348734115	2.9775571086386705	2.161684966968839	-6.143325316552194	1.0158687323281155	
17.881398377566427	7.447340377847209	3.8229829212993867	1.8882130556426575	-5.990510385749157	0.9893020407188933	
18.666915052358313	8.03253546823716	4.667217433370986	1.5872282174241006	-5.758209694079009	0.9424833251455011	
19.266680564107773	8.479853296142304	5.4652024583103005	1.266745952365638	-5.44462375041961	0.8765154734753302	
19.66777776820114	8.75914262111056	6.16635829638569	0.937182387775691	-5.051301769674591	0.79328013658087	
19.866797763262472	8.846021091330527	6.71731011931443	0.6108270025234169	-4.582866383179697	0.6952305059161553	
