19.21848918783729	5.591802678844656	6.353358411494726	0.2567643014286996	-3.620489180027741	0.3010398460650589	
18.982775505789153	5.287993077533251	6.576071616450147	0.09933628758650531	-3.031652274357556	0.22049897960223086	
18.61131044313108	4.8656562431230945	6.5455248448018395	-0.02601162740519792	-2.4107678769973644	0.13718301194736976	
18.124439697881105	4.34686757347313	6.239740070500957	-0.110893676510298	-1.7744848338059909	0.053172677476250534	
17.54460909266031	3.7604423051144735	5.654264349110165	-0.1490910718765344	-1.1404387730942367	-0.0298783223382184	
16.89655621676749	3.1409330144864205	4.806790865283767	-0.13751212170224522	-0.5264274118405261	-0.1108890571538064	
16.206885767396876	2.5252273522704627	3.7368514123525736	-0.07657351226953567	0.05093685807593814	-0.1892700752228814	
15.503511215080568	1.9496762519876387	2.5050346752180013	0.02960674411169204	0.5773730465288698	-0.2647375134007073	
14.814381047080175	1.4468327898815683	1.189267825626249	0.17342047541329456	1.041993538368869	-0.33708477905434286	
14.165437039011541	1.0426667845523099	-0.12148141083168394	0.344299538098283	1.438016328466725	-0.40600446372146776	
13.577760022021847	0.7546318645789131	-1.3364430998974421	0.5295568373392828	1.7630103757215685	-0.4710030220966548	
13.064343906226078	0.591082072780501	-2.374347430137565	0.7154592322095334	2.0185782161213064	-0.5314140847746958	
12.627692956719079	0.5521349983671104	-3.1744000291290235	0.8884085958146255	2.209520705725852	-0.5864811987688032	
12.259698545014714	0.6313496951853765	-3.7036689792222157	1.036081605172642	2.342735262093358	-0.6354568750563164	
11.944399265585576	0.817244018356626	-3.958719886481964	1.1484123882685817	2.4261526524186516	-0.6776626527231883	
11.662759147957924	1.0941266861406047	-3.9617108977569835	1.2183235282095377	2.4679217583901427	-0.7124839980067601	
11.397656167418416	1.4425200950529604	-3.7531638349742313	1.2421308671471707	2.475886030023867	-0.7393260638096146	
11.13743175555925	1.8397698018414388	-3.384004892869182	1.2195754493871902	2.4572785443561806	-0.7575888757470607	
10.877262412325495	2.2610814246517412	-2.9085055893746783	1.153486252799347	2.4185441678164143	-0.7667050558244566	
10.618545601643133	2.680754138956964	-2.378638483805843	1.0491537897236916	2.365236531434923	-0.7662366800900026	
10.366984855016028	3.073429019811349	-1.8399481132143836	0.913571188537642	2.301968373414465	-0.755997558145418	
10.130188499749346	3.415546977307147	-1.3291074503856146	0.7547233663624446	2.2324072310704777	-0.7361692331519347	
9.91552042631119	3.6872226230425142	-0.8730879720020033	0.5810427041489614	2.1593118861950544	-0.7073881005849445	
9.728609097262252	3.8743361879532072	-0.48954211988431506	0.4010168168877719	2.084612026498493	-0.6707776233740957	
9.572608847485883	3.9703214332987202	-0.18789567756673792	0.22285751258933886	2.009531667052423	-0.6279026732160122	
9.448094150435061	3.977135963613698	0.029281525244511157	0.054145147462202926	1.93475154347224	-0.5806447537437994	
9.353366230774256	3.9051038847629043	0.16491662926402448	-0.09857442879019075	1.8605962021800106	-0.531022825521011	
9.284958068905144	3.771544987524155	0.22624887533810056	-0.23019244956042925	1.7872159085783355	-0.48099792354015597	
9.238214825890665	3.5983106845203943	0.22386583124578835	-0.3373559855284255	1.7147226727274676	-0.4322964726813114	
9.20793790850235	3.4085862686893695	0.1708720992963817	-0.4186287717444655	1.6432517939056344	-0.38627639948102305	
9.189085240918377	3.223590501824123	0.08198278127849079	-0.47444546209465205	1.572956342099573	-0.3438535629901886	
9.17740738683848	3.059903282121514	-0.027605360843256405	-0.5068633692026808	1.5039731087273442	-0.3054949068441224	
9.169864153689973	2.9279265702802344	-0.143520456474169	-0.5191508560370269	1.4363986888716564	-0.2712733312570193	
9.164739521940632	2.8316592389105777	-0.253478242629401	-0.5152802096744139	1.3702954540535348	-0.24096877069384084	
9.161478656174454	2.7696362659946425	-0.34823562741442154	-0.4994146981759017	1.3057261159986144	-0.21419094714014167	
9.160348289103375	2.7366466371979086	-0.4220587532611823	-0.47547929363813424	1.242801580936071	-0.1904967523713653	
9.162043983820858	2.7257341355819507	-0.4726792525690783	-0.4468795778517494	1.181723524384876	-0.16947979736487703	
9.167337972167504	2.7299883819368973	-0.5008361053977395	-0.41638920523645157	1.1228079320042437	-0.15081937441882873	
9.17680864376007	2.7437421036085596	-0.5095409318361542	-0.386177269498192	1.0664825772183502	-0.13428796287549827	
9.190667105707941	2.7630009274225538	-0.5031824082790571	-0.35791324285266324	1.013256521550921	-0.11972789439126673	
9.208690551073119	2.7852292504976424	-0.48660434641244726	-0.3328778132966967	0.9636674205826672	-0.10701601363765205	
9.230250331514128	2.808812470735111	-0.464302658570609	-0.31203485821775284	0.9182186523822975	-0.09603277838687029	
9.25440424955069	2.832529893217261	-0.4398694539825375	-0.2960561236731544	0.8773205426900524	-0.08664385500425519	
9.280024468438828	2.855261189116628	-0.4157520983389791	-0.2853173788384768	0.8412482381799958	-0.07869437999406517	
9.305942212946773	2.875970494213353	-0.39331036268246344	-0.27989607227464436	0.8101239307336209	-0.07201138513341131	
9.331092805333176	2.893855799176438	-0.373081934170448	-0.2795943202340332	0.7839250211396379	-0.0664090967526919	
9.354641810222132	2.9084894252166786	-0.3551285841821163	-0.28399324578956187	0.7625140844387764	-0.0616939278558803	
9.3760781826236	2.919822479961619	-0.3393388779902155	-0.29252541284982775	0.745682485711411	-0.057669223127663455	
9.395270607303093	2.928027464748094	-0.3256032057902903	-0.3045423498937393	0.7331977259657909	-0.054141965029722745	
9.412490397345973	2.933245000156999	-0.31384754043373764	-0.3193592797876233	0.7248449543469242	-0.05093301693947932	
9.428403985751094	2.9353357178790165	-0.3039787325238269	-0.3362742590466612	0.7204571911090375	-0.04789004665937756	
9.444036519783678	2.9337279777097556	-0.2958154003365291	-0.35456869768700994	0.7199330874866362	-0.044900200308064346	
9.460711079313707	2.927415631020537	-0.2890674050526226	-0.3734998351340389	0.7232445085031357	-0.041899191027834855	
9.47997244021646	2.915108379126578	-0.2833997575008259	-0.3922965812756653	0.7304386607853347	-0.038874554912725935	
9.503508237580242	2.895486286239712	-0.27858178487070384	-0.41016880253438687	0.7416403848196584	-0.035862616191301495	
9.533082831398328	2.867480195862637	-0.2746862963185088	-0.42633585179493605	0.7570589631442489	-0.032940552553904365	
9.570499570448948	2.8305094664073684	-0.27228004379351795	-0.44007341317719445	0.777000113961908	-0.030216443201836005	
9.617604035741627	2.7846515623890733	-0.2725505322967408	-0.4507711142294639	0.8018782153287671	-0.027820564262451268	
9.676332229950374	2.7307661985971183	-0.2773550270453828	-0.4579911925376319	0.8322206041874689	-0.025899856954725072	
9.748796509347248	2.6706119198045895	-0.28922074390660835	-0.4615224980707028	0.8686573624936598	-0.024614799873325835	
9.837392664661659	2.6069734683337615	-0.31133432398666133	-0.4614290018261248	0.9118938007939366	-0.024135893611339203	
9.944908282447814	2.5437894992547263	-0.34754407127185755	-0.4580959202154839	0.9626669932881181	-0.024636107815106584	
10.074617478987067	2.4862369266259567	-0.40237121572292534	-0.4522773270885889	1.021690408533875	-0.026275812815769493	
10.23035436803631	2.440701791301088	-0.4809999717913901	-0.4451455183793886	1.0895914298140381	-0.0291781659354289	
10.41655789053497	2.414565475075065	-0.5892022263632853	-0.4383352515357057	1.1668457797114056	-0.033395691332117936	
10.638268911403815	2.4157698754587758	-0.7331566965748773	-0.433968593708931	1.253711539804231	-0.038872075539537386	
10.901036886757879	2.4521815635148423	-0.9191357259666371	-0.43464004070630535	1.3501664044541681	-0.04540629842360325	
11.210674710648782	2.530828118426025	-1.153046343666747	-0.44334511019578177	1.4558530536970826	-0.05262670065972992	
11.572791615320824	2.6570869432820077	-1.4398152429024063	-0.46334461779131664	1.5700367444351444	-0.05998010638133386	
11.992046822000178	2.833898747878143	-1.7826230625874362	-0.497964337773229	1.6915794282456729	-0.06673942221005216	
12.471120566268997	3.0610718956646257	-2.1820273877439775	-0.5503384301868349	1.8189340986819555	-0.07203146117090137	
13.009480831017038	3.3347437899226287	-2.6350525699096354	-0.6231111703816654	1.9501628379661209	-0.07488532339745067	
13.60210201545547	3.6470758627158366	-3.13435742862463	-0.7181155843853295	2.0829813560301673	-0.07430044774062815	
14.238335789142381	3.9862706513812904	-3.6676106340919645	-0.8360514799051872	2.2148305516318194	-0.06933264080295161	
14.901133500394675	4.336990886085951	-4.217199114659021	-0.9761900418653199	2.3429714336270613	-0.059196317806596135	
15.566824823971288	4.681222055076076	-4.760389300092643	-1.1361453206765562	2.464594771748348	-0.04337974992759377	
16.20561886178146	4.99951774151474	-5.2700125386246	-1.3117583827940749	2.5769307026708095	-0.02176536684064414	
16.782893571373727	5.272492769837777	-5.715696666638028	-1.497126706810815	2.6773415652701376	0.005257821345643496	
17.261242869643812	5.482422441261441	-6.065676691580381	-1.6848042882526655	2.763381988972785	0.03670984249695416	
17.603113380835886	5.614800091247015	-6.289204019145893	-1.8661838403995024	2.8328141391783683	0.07098756569286915	
17.773760474365726	5.659676931116744	-6.359526336371379	-2.0320568709866733	2.8835747808428427	0.10590816466614758	
17.744184712594926	5.612550315788714	-6.257278620210832	-2.173322946654502	2.9137024979104598	0.1388440714734964	
17.493668525659103	5.47455016226385	-5.973878331028597	-2.2817825258999953	2.9212446459620884	0.16694802641535944	
17.011568648128865	5.251801440369122	-5.514210036464285	-2.350909252713408	2.904171087793805	0.18744183511140464	
16.29818466945803	4.954117605840545	-4.897637381984479	-2.376470105739598	2.860325630988539	0.19791787860761847	
15.36485790423923	4.593456249798496	-4.156634469974126	-2.3568743219343036	2.7874469139894003	0.19659348346217276	
14.233651395906922	4.182547791109609	-3.33320476883785	-2.293196111883913	2.683283530274051	0.18247940697825799	
12.936702120591344	3.7338623852844726	-2.474007255960668	-2.1888575872598324	2.5458100737980724	0.15544421223183968	
11.515050521881614	3.258917137499982	-1.6254399297480377	-2.049009320489347	2.373520786257825	0.11617164194213034	
10.016672098032622	2.7679096104187004	-0.8296600264460066	-1.8797091335401892	2.1657509885920456	0.06602472855786234	
8.493614279400111	2.2697128589313653	-0.12191670350276101	-1.687057874773327	1.922965465981106	0.006848308112198236	
6.99844942108457	1.7722494654490988	0.47097068907448647	-1.4764713228522233	1.6469577595475346	-0.05924627709927115	
5.580503081454851	1.2831467678890054	0.9313844339489765	-1.2522275601258601	1.3409184343949392	-0.13007155373800464	
4.282420786935819	0.8104691705388124	1.2512238012059818	-1.0173486177248805	1.0093448498585145	-0.20349854126759534	
3.1376236218416813	0.3632942911471244	1.4318609511250404	-0.7737893242638995	0.6577928887937298	-0.2775192659736102	
2.168982933832678	-0.04807653303821689	1.483750870268487	-0.5228480330921598	0.29251281844931815	-0.3502402921088592	
1.3887523571868716	-0.41243874343931947	1.425536683230271	-0.26569710985608774	-0.07997222919396581	-0.4198312396289906	
0.7994352472555281	-0.7185910650449027	1.2823335839843664	-0.0039053718614073755	-0.45329459763649665	-0.4844667493917173	
0.3951351435203202	-0.9567000183546255	1.0829547762294274	0.2601823389585035	-0.8216542955701852	-0.5422956050213495	
0.1631355245237021	-1.1198049787098496	0.8563029872472324	0.5233039121207264	-1.1802009674366523	-0.5914495698602585	
0.08572979222481135	-1.205051665389594	0.6277169094453909	0.7813951233796887	-1.5253472630124225	-0.6300845099874125	
0.1423489659424323	-1.214313775737121	0.41624609645916427	1.0299044401751696	-1.8549484405116459	-0.6564424092831169	
0.3118128189097962	-1.154057090419948	0.2334513476121718	1.264214291283739	-2.1682973416116353	-0.6689310100634256	
0.5743675454928936	-1.0345222439171307	0.08371834786009712	1.4800690739142173	-2.4659428452906287	-0.6662205055909434	
0.9132647851052453	-0.8684646712496971	-0.034380044881145384	1.6739347704927376	-2.7493944065762275	-0.6473524901823527	
1.315775264391146	-0.6696805624940614	-0.12618666075139837	1.8432527432274481	-3.0207745701461506	-0.6118502956689459	
1.77361059176908	-0.45150651426508587	-0.1989783615614075	1.9865770849888953	-3.2824713234706784	-0.5598163987420356	
2.28280665760295	-0.22544226757320315	-0.2602200471318187	2.1035978649979254	-3.5368280203870786	-0.4920006039216406	
2.8431956153518065	-3.189743736035645e-05	-0.31620908081218396	2.1950551449148876	-3.7858914977870715	-0.40982214621084667	
3.457629527346525	0.21986971590807403	-0.3711115556377035	2.2625517762197673	-4.031219054125303	-0.3153322299396373	
4.131090287749355	0.43335568937850044	-0.4263024347340555	2.308284480741019	-4.273726245289704	-0.21111343577566397	
4.869731257603441	0.6432289680462738	-0.47992927858685597	2.334729173253672	-4.51354982592315	-0.10012693788233906	
5.679814859491019	0.8553297130342614	-0.5266928599892466	2.3443307915879292	-4.749912157856887	0.01446574647130441	
6.566511845635412	1.0775816010852624	-0.5578691268576664	2.339240996440683	-4.980988889185708	0.12947369766228337	
7.532602914813013	1.318912607044833	-0.5616242251892839	2.3211218668094085	-5.203798165064555	0.24181963433862014	
8.577196680827972	1.5881815334300706	-0.5236687318411747	2.2910141184153083	-5.414132936820904	0.3486485558991773	
9.694575086678382	1.8931805099162944	-0.42827641175758224	2.249258506407977	-5.60655518631646	0.4474058258685047	
10.873241724971042	2.239721580631826	-0.2596596539415258	2.1954616348357177	-5.774467915664374	0.5358905012737541	
12.095248997787028	2.6307822170981665	-0.003649219820643257	2.128509619966345	-5.910279809850684	0.6122854596925154	
13.335940663273266	3.0656804756834237	0.350421451849421	2.04664904700845	-6.005677581733437	0.6751616330208132	
14.564338401740898	3.539266474486634	0.8077727909570394	1.9476678379104753	-6.052019767370682	0.7234539781309783	
15.744434608797505	4.041183981789899	1.3663932647647612	1.82920518525116	-6.040849115188063	0.7564129737662743	
16.837501108995095	4.555342361429231	2.015602480694283	1.6891965609136794	-5.964498875076183	0.7735488567781919	
17.805237446133315	5.059836669652816	2.7351536554279963	1.5264156357053185	-5.816731952644766	0.7745885546428387	
18.613511416998275	5.527729601247777	3.4949712201529537	1.3410858544990765	-5.593404743857286	0.759478443469757	
19.23548409035998	5.928624331951959	4.255740850903823	1.1353492823026095	-5.292923339429202	0.7284177889469142	
19.65495496707159	6.231824732362809	4.970132293746557	0.9138071747996592	-4.916884843946075	0.6820019048838316	
19.866028958842165	6.408940420332491	5.5855831533534825	0.6833238081243903	-4.469860212455179	0.6212682505435053	
