20.219338308339005	7.133679433663978	6.615719980250369	0.4008405794089626	-4.371182742185483	0.5946920691790486	
20.1433613605122	6.9697790697088715	6.8363723281120405	0.11692159776939212	-3.815706014263359	0.5267803232425795	
19.886310545902898	6.610207882893542	6.797754726420304	-0.13516086641362984	-3.2129020466721765	0.44642343323703865	
19.47226297761873	6.076074504682982	6.476185142499797	-0.34062620979661395	-2.578328569941939	0.3560235721876785	
18.928610087664328	5.400969046886121	5.866434984718401	-0.48732630051208914	-1.9289602214222272	0.25813164228831015	
18.285735537320807	4.630660434304153	4.987839907338326	-0.5673974291071502	-1.2826006781563952	0.15528403854577458	
17.575661068487957	3.817550834351679	3.8840353734000894	-0.5781472420281466	-0.6565347210998534	0.049838335651565195	
16.83120029346719	3.0162439223361557	2.6217099799143067	-0.5225227167234447	-0.0664079040925531	-0.05601132868122615	
16.08435312760031	2.2784070952782267	1.2855211300394394	-0.4088814136798801	0.4748937562022747	-0.16015401363411003	
15.363920275183037	1.6484717307904544	-0.029959375006508665	-0.250216258853062	0.9580341491080838	-0.26046972721243583	
14.692233864606466	1.1603850486660123	-1.231373855004467	-0.06291762047943956	1.3775427617360076	-0.35480608027281324	
14.081882269295729	0.835903255472304	-2.2392749325508845	0.13480011882346143	1.731536781327816	-0.44105376376642674	
13.534078960755746	0.6842762828952393	-2.99914532578658	0.32463300963079444	2.021004757018865	-0.5172916360025708	
13.040007836732254	0.702755845431745	-3.487120384231442	0.4899112921179054	2.2489528397415484	-0.5819331532864181	
12.584935554066377	0.8774256361674078	-3.7088074700896687	0.6171146324594409	2.4196869216484527	-0.633814497732914	
12.153453187049932	1.1843123400323021	-3.6927199387884855	0.6969945210681512	2.5383308991463855	-0.672210440755287	
11.733905807664247	1.5911053284552934	-3.4817283509616574	0.7251664060062801	2.610513741787098	-0.6968079421306487	
11.320889385265849	2.0597305647373476	-3.1254449312692394	0.7021054139902558	2.6421136977811437	-0.7076780099779449	
10.915711048867383	2.549598744468316	-2.674437683569539	0.6325580211256217	2.639019246737274	-0.7052615437886809	
10.525182285669908	3.0210111973885048	-2.1759614769341225	0.5245065066511153	2.6069299381768274	-0.690363845699063	
10.159390423473752	3.438310795860541	-1.6709702740122616	0.3879749243732242	2.5512116759836587	-0.6641575366695519	
9.829139548586179	3.772649972520637	-1.1924146178296622	0.23391846746994358	2.476803327196731	-0.628188554550861	
9.543692930884054	4.004305248931116	-0.7647284902214285	0.07333258003389348	2.388170208615177	-0.5843663974439025	
9.309223423391137	4.124364448089801	-0.4041667316959264	-0.08341869843918716	2.289297880300755	-0.5349109220442602	
9.128082390486895	4.135450304851056	-0.11957390395201072	-0.22714786054876757	2.1837123978656967	-0.4822348102431734	
8.998766293689444	4.051093223865955	0.08669174499731094	-0.350358151285171	2.074504255969667	-0.4287632181240001	
8.916399187809896	3.8935228221320335	0.21772542669980077	-0.44773506323257983	1.9643340862257979	-0.37671993469994774	
8.873610049740048	3.6901197952620115	0.2809193167618797	-0.5165052260004231	1.8554171801462738	-0.32793068853109486	
8.861676072677922	3.46926514753401	0.28677118365859267	-0.5565489642553043	1.7495027847187123	-0.28368538932432236	
8.871746137854506	3.256361547852486	0.24769482136139923	-0.5702012520734104	1.6478705994295257	-0.24468291311665125	
8.895893308059463	3.0707496050276735	0.1768235890160136	-0.5617545895254492	1.5513593159439094	-0.21106469528480853	
8.92779116039567	2.9240421428239625	0.08681346713478917	-0.5367440795504606	1.4604334820413765	-0.1825253179952335	
8.962938978920674	2.8200788869973366	-0.011254040961614344	-0.5011381858786637	1.3752857100727887	-0.15847224206185373	
8.998504951187265	2.756312135291012	-0.10867475718661919	-0.4605763866046163	1.2959594612399687	-0.1381964044144971	
9.032943376415673	2.726095294446904	-0.19944424991177098	-0.41978957066840544	1.2224652265808609	-0.12101428606364838	
9.065555563030317	2.7211402110324188	-0.28008393464453946	-0.38229813512118455	1.1548593442717092	-0.10635218652030104	
9.096108133424384	2.7335167510157117	-0.3491587139862397	-0.35038195071084444	1.0932713045616673	-0.09376867161064771	
9.1245557067959	2.756873061103854	-0.40667229731931204	-0.3252526581729397	1.0378844832690897	-0.08293126451259203	
9.150891359041166	2.7868044490563615	-0.4534684703067623	-0.30732898621872207	0.988886165758449	-0.07357248475568826	
9.175120861663927	2.8205399879802506	-0.4907148967408032	-0.2965176957313987	0.9464069546269852	-0.0654495630803516	
9.197321368692764	2.856281784135881	-0.5195166872962604	-0.2924314502281201	0.9104677912588997	-0.05832310259938371	
9.217717435301656	2.8925666615848904	-0.5406843890076364	-0.2945169205521264	0.8809466393732738	-0.05195740428942144	
9.236709880150899	2.9279078375044394	-0.5546502491860011	-0.3021063801143485	0.8575694333734312	-0.046134838558894595	
9.254833602645743	2.960771527829156	-0.5614962599866348	-0.3144293523385399	0.8399223039556101	-0.040672678925363755	
9.27266919217511	2.9897720664550222	-0.5610426785584269	-0.33061981724808576	0.8274768274507124	-0.03543443661486557	
9.29075277278598	3.0139237202298337	-0.5529557022179181	-0.3497391824215036	0.8196212372961368	-0.03033281625349371	
9.309525036168125	3.03281077821119	-0.5368487146150951	-0.37081956947593175	0.8156923773762685	-0.025324671875977596	
9.329339206905656	3.0465909913665192	-0.5123698692256269	-0.39292104532120237	0.815006038739323	-0.020400196493425105	
9.350519494962626	3.055815076077169	-0.47928249352855457	-0.41519034763080087	0.816886175386213	-0.01556960829448426	
9.373439822262242	3.0611124295102847	-0.43755132411418923	-0.4369070033971762	0.8206954598167253	-0.010851087603295995	
9.398587216793608	3.0628479640971977	-0.3874493303635006	-0.45750433759398246	0.825869728605767	-0.00626340439120025	
9.426587677716693	3.060875839102468	-0.3296955226464646	-0.4765609756583624	0.8319571163981022	-0.0018250004645320567	
9.458197142766604	3.054467758738577	-0.2656176409549308	-0.4937710085202422	0.8386616078166215	0.0024413820954307273	
9.494275942610523	3.042428112888872	-0.197306514819208	-0.5089067476341206	0.8458883033441684	0.006501073994351159	
9.535770114493449	3.023353317860707	-0.12771503531414757	-0.5217881445618435	0.8537850052804925	0.010299567636376034	
9.583720506274958	2.9959608789298118	-0.06066049729891059	-0.5322679553740314	0.8627727662676463	0.013756149752247872	
9.639314008131675	2.959411806309983	-0.0007103891873845251	-0.5402351668121737	0.8735578730907692	0.016759889758704304	
9.703981218750283	2.9135766139668835	0.04704172383874039	-0.5456346516775061	0.887119804386013	0.019168515786341395	
9.779524396841866	2.859233382371019	0.0772816925254726	-0.5484993409415267	0.9046712746420499	0.02081154055506055	
9.86823444484843	2.7982175901696507	0.08480700265281801	-0.5489914697199653	0.9275907123819795	0.02149930458646717	
9.972957947060648	2.7335351900163323	0.06482415209968573	-0.5474521889741437	0.9573309214037093	0.0210389064518155	
10.097097821101976	2.6694003916088977	0.013158644032138891	-0.5444590702421362	0.995309058138367	0.01925715757322383	
10.24455649029582	2.611136902638693	-0.07365522225214972	-0.5408875248205591	1.0427868211683435	0.016029462377332156	
10.419640903795695	2.564905613992063	-0.198408507345259	-0.5379665291993467	1.1007521214334737	0.011312283834639413	
10.626940260974694	2.5372826556044044	-0.36335018142161973	-0.5373149178409197	1.1698140654508535	0.00517564467028712	
10.871165270401573	2.5347717274949924	-0.5703679945165872	-0.5409451047097611	1.250121163570991	-0.0021687246413110393	
11.156913256631364	2.563353698017351	-0.8211485092217313	-0.5512238745505752	1.3413127944549366	-0.010349435269732954	
11.48831674467921	2.6281318892300853	-1.1172350817813528	-0.5707894158659761	1.4425088581075964	-0.01883242807346274	
11.868545685377573	2.733049155360495	-1.4599111502241393	-0.6024293875728018	1.5523356309056526	-0.026934639630086816	
12.299168402995994	2.8806159811702874	-1.8498505276383153	-0.6489224879578164	1.6689853149276415	-0.03385507937031855	
12.779417773612906	3.071591907253261	-2.286506075191071	-0.7128444632455124	1.790303687308201	-0.03872241493454345	
13.30543876775015	3.3045976265009873	-2.767261247350256	-0.7963384161344635	1.913898149055088	-0.040656836857481185	
13.869604247824963	3.575689625045698	-3.286434601856005	-0.9008515823293077	2.0372570202207947	-0.03884305848180695	
14.45997704895924	3.8779812030678524	-3.8342801072872317	-1.0268457364640462	2.157870337619455	-0.03261142760780218	
15.06002243171916	4.201448684479949	-4.396193489097456	-1.1735072621168106	2.273340899027545	-0.021522811371607997	
15.648663485041862	4.5330388900381875	-4.952331255607962	-1.3384966838783898	2.3814728851126397	-0.005451132580992231	
16.20075263759982	4.857135634674152	-5.47779717278243	-1.5177780565142964	2.480328748335454	0.015342779537854973	
16.6880268916128	5.156417904014327	-5.943537092912975	-1.7055740910746409	2.568246180810307	0.04015524848105164	
17.080546360022105	5.413098255275011	-6.3180322935622195	-1.8944862300197711	2.6438093809867156	0.0678133140838198	
17.348525174666953	5.610462310786491	-6.569813636679319	-2.075805836937991	2.7057733491672	0.09669158140457147	
17.46437567722971	5.73452693748594	-6.67071884701515	-2.240022192284881	2.7529466660780026	0.12478615929093226	
17.40474051086132	5.7755209539848655	-6.5996782021515275	-2.3775071444119495	2.7840462528931478	0.14985506072190602	
17.152236673268355	5.728778377010265	-6.3464757341961535	-2.479312771237106	2.797549046783298	0.16962146442294668	
16.696705175977165	5.594769851368229	-5.914573390168073	-2.537961513347826	2.7915740672928266	0.18200862828983697	
16.03597698705697	5.378356162814748	-5.322051350582397	-2.5481048660939623	2.7638259582582045	0.1853600104922299	
15.176319096588315	5.087637088798538	-4.600091476803205	-2.5069496119371957	2.711628233678098	0.17859963033572523	
14.132715794292853	4.732859635764424	-3.789258001158434	-2.4144000049900978	2.632064217646356	0.16130688064629195	
12.928937333750502	4.325671658800397	-2.9346089213294584	-2.272918997713246	2.522223362833246	0.1337070155122767	
11.597120608003497	3.8786977755300684	-2.080965040434438	-2.0871532235462196	2.3795248346709816	0.09659839813902114	
10.17653985451979	3.405199493173679	-1.2692912952737168	-1.863389118388171	2.2020713413317052	0.05124136258476141	
8.711431749068671	2.918638379269249	-0.5344383940110192	-1.6089166246803848	1.9889746647787356	-0.0007762484526699486	
7.248137985679463	2.4321935599751656	0.09612036784116187	-1.3314032520131844	1.7406056214139936	-0.057682008435187906	
5.831961021788705	1.9583775345207906	0.6030305891494814	-1.0383584015130223	1.458734996505041	-0.1176544514098868	
4.504155456467992	1.5088349304694721	0.9755045843353296	-0.7367389967192802	1.1465339690932668	-0.17893189346413607	
3.299499465306177	1.094288368537712	1.2115211124779484	-0.43272174253604545	0.8084216342475582	-0.23987541492936731	
2.244800472577266	0.7244801027482982	1.317714776459993	-0.13164089246333469	0.4497801412053674	-0.29897629069283577	
1.3584315601820325	0.40791126976992154	1.3087882910888802	0.16193849889821904	0.07658738430413053	-0.3548150421203212	
0.6506307131749726	0.1512444549141484	1.2061318136350812	0.4440768075602719	-0.3049812437630651	-0.4059974759959003	
0.12417819078082715	-0.04154941261765636	1.0353203718939723	0.711334078195456	-0.6889567254085621	-0.45110188398906154	
-0.22471044368585047	-0.1699998339488344	0.8227698550594436	0.9607291318185862	-1.0699702124076749	-0.4886611608519599	
-0.405130438432287	-0.23757969887656344	0.5923814779166204	1.189785656866963	-1.4435985918700933	-0.5171857437316986	
-0.42983884123156885	-0.2516169926299112	0.36305831242291225	1.3966322982281099	-1.806598137965673	-0.5352236586704647	
-0.3134449416761336	-0.22270340557399243	0.14759171454010656	1.580119872617247	-2.1569790643797666	-0.541448720620776	
-0.07077035488570367	-0.1637245505323461	-0.04712455491689841	1.739926857929623	-2.493919421262343	-0.5347663197226268	
0.28441373058612607	-0.08861315048478492	-0.21898845021650967	1.8766327212943632	-2.8175605028865096	-0.5144271736455422	
0.7402514185443443	-0.01085519564449446	-0.3692240491189856	1.9917429839303384	-3.1287413447935304	-0.48014005634975765	
1.2872857647933595	0.05817540693781905	-0.5009347282212193	2.087643786196143	-3.428716524324117	-0.43216437373440164	
1.918578324531209	0.11083850879542759	-0.6178540162523732	2.1674706406799813	-3.7188877555888262	-0.3713605226133528	
2.629515081555383	0.1445356121983853	-0.7232852266090809	2.2348760118574376	-4.000556083353742	-0.2991806963141176	
3.417376848705819	0.1624544678569193	-0.8191832727558659	2.293692854647253	-4.274691081935944	-0.2175935618506883	
4.280737450219443	0.17360086377545858	-0.9053621109433944	2.347517475551329	-4.541712136424752	-0.12895057841770058	
5.2187049005945845	0.19209807663955977	-0.9788554998254322	2.399261369480598	-4.801283436187841	-0.03581374225871493	
6.229991915063739	0.23585026964006087	-1.0334892683349721	2.450735685099963	-5.052134817141884	0.05922836341894963	
7.311829649177529	0.3247311067391394	-1.0597344314555959	2.502324938750571	-5.291927154972527	0.15372890982183124	
8.458844542560593	0.4785029227189065	-1.0449408999940522	2.552795479879416	-5.517186455136633	0.2455103309698871	
9.662063660633885	0.7147088988552694	-0.9740136738776772	2.5992452102161048	-5.723310731063042	0.3327360701387075	
10.908165181015775	1.0467123882359644	-0.8305738727355101	2.637192906682059	-5.904649141777622	0.413922738199188	
12.1790347854786	1.4820106618503286	-0.5985854160672557	2.6608084732688093	-6.0546532978452	0.48789809526572736	
13.45167064142335	2.0208934575456894	-0.26434501470561195	2.6632853750453402	-6.166101650850647	0.5537201981191773	
14.698516748668949	2.655473468230259	0.18133666022408285	2.6373565856249206	-6.23140007994602	0.6105787393775276	
15.888355167314186	3.3691053412650316	0.7409768856659674	2.5759511892508002	-6.242960256359782	0.6576995876027372	
16.987905486835736	4.136256965772006	1.408517598449225	2.472978639723882	-6.193651854598554	0.6942707998755052	
17.96418488469915	4.92304956941246	2.1679880500581064	2.3241834957767753	-6.0773046976270235	0.7194094923656384	
18.787390597617538	5.688589788030763	2.9929188147899524	2.1279633894669034	-5.889209685382542	0.7321822054238541	
19.434075526440342	6.387488740289571	3.846640210339285	1.886087537743459	-5.626632337659847	0.7316996487332821	
19.889486050512534	6.972928000712271	4.6835431453741325	1.60402437226196	-5.289127548848315	0.7172408337308247	
20.14989378808328	7.401970612012379	5.451357876078787	1.2912464114240352	-4.879103433866655	0.6885062066678304	
20.22101005505926	7.63826662885559	6.094424552621667	0.9603910509836984	-4.401523096635952	0.6456942336420856	
