18.610839823064005	-0.2150809729619323	1.8844731670971504	3.1521489108844434	1.447257584656332	4.869770170159553	
18.61204113736233	0.05357354551659579	1.8937184926647266	3.013710199377522	1.5623270557558693	4.942563268045926	
18.529331221266347	0.2815734358224914	1.8980055190425507	2.8506528260440613	1.6693829822295918	5.003687649477474	
18.367055380756085	0.46582584459310244	1.8956233917950847	2.6679300885559956	1.7667297362095995	5.053153974084121	
18.13158995732303	0.6043394104336612	1.8851125818002195	2.47098042786333	1.8529003168821538	5.090900498349616	
17.831661005303943	0.6966808303138815	1.8654203656972426	2.265722359567867	1.9267704301614514	5.116765981564203	
17.477341989387956	0.7438734137729782	1.835949798386996	2.0581901397869093	1.9875645629706284	5.130504433938001	
17.07952376802889	0.7484588966135413	1.7966152856898416	1.8543069544922168	2.034884851853747	5.131795075806859	
16.649194928620304	0.7144067978799139	1.7478493983780703	1.6596083183190364	2.06870507401142	5.120266892966215	
16.19683358302617	0.6469474698686538	1.6905705333676335	1.4790057111767039	2.0893433643515813	5.095529963951573	
15.731917275765637	0.5523481822460539	1.6261246819756114	1.3165886086490042	2.097420814728935	5.057210579847523	
15.262560486819714	0.43764015239674897	1.556207045822778	1.1754714927224754	2.0938085533164164	5.00498803826468	
14.795292748790054	0.31031277717644534	1.4827703280875426	1.057693591985899	2.0795673595901527	4.938630483338787	
14.334967530615398	0.1779865829272368	1.4079249508512877	0.9641697896593686	2.0558832404165197	4.858028196926552	
13.88481432064111	0.04807819310765567	1.3338336072656547	0.8947068839036765	2.024001082268298	4.763220709527167	
13.44661371699595	-0.07251065980288936	1.2626079647892094	0.8480829439968326	1.9851622235508675	4.654414474981767	
13.020946320301869	-0.1776668805064743	1.1962104354630572	0.8221676837619155	1.9405486246421575	4.531992418371042	
12.607498379298743	-0.2622905140198913	1.1363622009907037	0.8140810229841825	1.8912343646813952	4.396514883382529	
12.205399617590531	-0.3224571439232633	1.084460777286117	0.8203811345065829	1.838145985949351	4.248712228070967	
11.81357159995166	-0.3555124936823464	1.0415093055272295	0.8372737706177659	1.7820321602162188	4.0894698814707455	
11.431059542810173	-0.36007084406073625	1.0080702099735273	0.860834867308056	1.723447071879935	3.9198043257837076	
11.057309146992852	-0.33592905884351026	0.9842467272710413	0.8872220532492149	1.662747376052078	3.74083346094002	
10.692376094478922	-0.2839156783791342	0.969689446632439	0.9128651831781088	1.6001009134750905	3.5537437836864028	
10.337054820292856	-0.2056830592436396	0.9636274032767465	0.9346273584098267	1.5355072427008223	3.3597555871522182	
9.992914681829712	-0.10345925414092795	0.964919459284852	0.9499273152583995	1.468828616617856	3.1600880656877535	
9.66223374606431	0.020222031299203518	0.9721204803931247	0.9568159787650409	1.3998294822123236	2.9559256775518263	
9.34782255865601	0.16278110209936497	0.9835585502939339	0.953988637001434	1.3282208782731737	2.748388712042781	
9.052781249851794	0.32179619492858236	0.997411544975626	0.940744852184973	1.2537015197801422	2.538509048020514	
8.780226737694317	0.49513142717630554	1.0117833298037968	0.9169073503863848	1.1759919166623973	2.327210299495611	
8.533027685343178	0.680973380785959	1.0247820381214017	0.8827109679438011	1.0948588338154668	2.1152919744177825	
8.313584929034988	0.8777695020036076	1.034604141879517	0.8386768261944464	1.0101286699442087	1.903416733321056	
8.123695448245206	1.084069597428214	1.0396296220228916	0.7854870369493447	0.9216896352668227	1.6921003368884948	
7.964536016620054	1.2983016852761209	1.0385239578884478	0.7238799405102118	0.8294845830419337	1.4817062104563905	
7.836747778510359	1.5185341943346404	1.0303430218690086	0.6545803916829216	0.7335004392638996	1.2724424781189352	
7.740595553348184	1.7422640773588929	1.0146333224722694	0.5782655318960762	0.6337582857434011	1.064362288915451	
7.676167893472348	1.9662665401907427	0.9915173625456073	0.49556429974728894	0.5303073807170997	0.8573684000988544	
7.643579004063805	2.1865318310305675	0.9617559913704192	0.40708556282818126	0.42322566950239876	0.6512227703619985	
7.64312892718412	2.3983151577367967	0.926771508062232	0.31346645760715713	0.3126278445520568	0.445564232095409	
7.675381674270343	2.5962983249570857	0.8886199702551392	0.21542602403973166	0.1986791898469514	0.23993588939986418	
7.741158106885743	2.774829636500514	0.8499222852416255	0.11381255025354055	0.0816126838351071	0.03382083424232394	
7.841452536769174	2.928224935944733	0.813753578921284	0.009636872226763786	-0.03825344410844649	-0.17331353565929944	
7.977288873370582	3.0511084713903545	0.7834948530266406	-0.09591454770925077	-0.16050026090478886	-0.3819640792825853	
8.149535560289708	3.138777602456688	0.7626512950770541	-0.20149102830335153	-0.2845966121757108	-0.5925349226552928	
8.358709871056798	3.18755338404579	0.7546452342041882	-0.3056189975133327	-0.40989530763162	-0.8052805838339808	
8.604808065366452	3.1950726917164642	0.7626073148995063	-0.4067690570176238	-0.5356377083038182	-1.0202570158510114	
8.887174730093452	3.160508528160247	0.7891778427999725	-0.5034423182068605	-0.6609649998366838	-1.237283836571096	
9.204419372456089	3.0846990471428497	0.8363280940077871	-0.5942712085996815	-0.7849354895660691	-1.4559218873913884	
9.554381636913364	2.9701739889038667	0.9052101986335049	-0.6781288643347915	-0.9065465496881275	-1.6754690967928532	
9.934139703847054	2.821074102654545	0.996039255508364	-0.7542432583019897	-1.0247600431629604	-1.8949766418972576	
10.340065228186559	2.642937968305863	1.10803349627731	-0.8223005062695208	-1.1385298035404858	-2.1132899517363604	
10.767900037994828	2.4423961114238457	1.239411935888522	-0.8825289410716832	-1.2468278234151005	-2.3291069621454152	
11.212839895878782	2.2267933260411	1.3874517981162635	-0.9357587160234264	-1.3486675340997702	-2.5410480520742156	
11.669617930992926	2.003754556405567	1.5486111666687465	-0.9834484797620349	-1.4431226232026164	-2.7477326049815107	
12.132581694198635	1.7807169239367653	1.7187130634768617	-1.0276732162013746	-1.5293403385484248	-2.947856204791795	
12.595765900599483	1.56445054752731	1.8931831995101365	-1.071065396748536	-1.606548897196851	-3.140262704774595	
13.052974272189685	1.3606319812506704	2.0673143329816583	-1.1166999349270863	-1.6740584984001583	-3.3240000437489146	
13.49787943349286	1.1735062132280307	2.2365127517991814	-1.1679400889289933	-1.7312594036426265	-3.498356833965449	
13.924154773659513	1.0056558332483816	2.3965082083642	-1.228250911208812	-1.7776192032273177	-3.662878758738292	
14.325645874663012	0.8578945652907214	2.5435127849922687	-1.3009901742472307	-1.8126811143688941	-3.8173638634765243	
14.696586698222045	0.7292878724974811	2.674323609341896	-1.3891870613478792	-1.8360653559737947	-3.9618375129174157	
15.031858695911449	0.6173113858733154	2.786367421417836	-1.4953232839429325	-1.8474748366800013	-4.096506303196045	
15.327262175654047	0.5181348202714556	2.877692600943101	-1.621147180943404	-1.8467044971577413	-4.221694718672073	
15.579780302536337	0.42696835746795614	2.946938442630577	-1.767527398394093	-1.833653745451138	-4.3377736715807504	
15.787806063474621	0.33844746405230786	2.9932958834124532	-1.934354089358068	-1.8083392403478726	-4.445084873771344	
15.951298169037434	0.24702593071661869	3.0164712458816414	-2.120493339185378	-1.7709052463777064	-4.543866365012408	
16.071836049713408	0.14735288944744535	3.016661723759253	-2.3237934450184277	-1.7216294681660815	-4.634183524969693	
16.152517164655247	0.03460672096001735	2.994536955103688	-2.5411541793093577	-1.6609208997379932	-4.715873994475411	
16.19769080293165	-0.09524177775780356	2.9512190906051283	-2.7686481118185235	-1.5893103807583413	-4.788514724695726	
16.212573694267494	-0.2452285755593561	2.8882569495162107	-3.001671953923387	-1.5074381280783067	-4.851411477550809	
16.202782800786565	-0.41725442415669334	2.8075860552199714	-3.235123167476887	-1.4160406500637237	-4.903613187028529	
16.17383822407748	-0.6119997617755335	2.7114717350681663	-3.463592836010957	-1.31593980560761	-4.943951964507333	
16.1306887612356	-0.8288930047348734	2.6024354400207086	-3.6815687461057975	-1.208036447365439	-4.971109092526047	
16.07733740038308	-1.0661576038126548	2.4831659562960713	-3.883639666228569	-1.0933085537063736	-4.983706792200145	
16.01661473661264	-1.3209279707370745	2.3564303065792873	-4.064684785329934	-0.972813380204588	-4.980414620334782	
15.950097641207478	-1.5894260871860446	2.224991520094008	-4.220046795715073	-0.8476914771137591	-4.96006285508518	
15.878167658482438	-1.8671988859426565	2.091534736418325	-4.345686272854319	-0.7191695982855635	-4.92175509710604	
15.800189344818628	-2.149408719897125	1.9585993324343232	-4.438316053596819	-0.5885597352224098	-4.864971538640449	
15.714780720007877	-2.4311707764607746	1.8285085230341527	-4.495516251262935	-0.45725116175735836	-4.789654518203976	
15.620133028891235	-2.7079097306106648	1.7032926789297331	-4.515809484854504	-0.3266920195769192	-4.696256197655304	
15.514307493584026	-2.9756950140485414	1.5846055130228358	-4.498702375057873	-0.1983624419634603	-4.585748316627359	
15.395480194433956	-3.231528306633162	1.4736434268082739	-4.444690313851105	-0.07374139463433939	-4.459594785433723	
15.26211970605007	-3.4735501685673413	1.3710858728779778	-4.355220855314419	0.045729666537390974	-4.319688945398266	
15.113096694597614	-3.701136829513597	1.277075346605598	-4.232617263185078	0.158682999318165	-4.1682613132988395	
14.947737879598122	-3.914852491036425	1.1912589829369145	-4.07996134259859	0.26385717294459976	-4.007762923807099	
14.76584322794576	-4.116241154472812	1.1129005414999724	-3.9009416473256744	0.3601213048948921	-3.8407362683823476	
14.567695075667004	-4.307518884254032	1.0410334141869273	-3.699695601905081	0.4464922949331474	-3.6696890908754622	
14.35406447322967	-4.491213203524628	0.9746302474118747	-3.480651214538966	0.5221460965538355	-3.496975269779387	
14.126211336717478	-4.669802340066468	0.9127632320389704	-3.2483746784462983	0.5864240058293706	-3.3246880006947315	
13.88587123717715	-4.84540125388581	0.854733945032474	-3.007426701438114	0.6388356486906891	-3.154567569114818	
13.635212971066379	-5.019537845473122	0.8001550712938187	-2.762228603153693	0.6790578957644058	-2.987930236300412	
13.376763549267348	-5.193043414573237	0.7489777067362308	-2.5169448718530565	0.7069294597010887	-2.8256243299994375	
13.113315820797892	-5.366034138107044	0.701476829262421	-2.2753805701116603	0.7224433584300415	-2.6680069410305163	
12.847831742155957	-5.5379647792289735	0.6582016261568526	-2.040893033691775	0.7257365055894271	-2.514941387614874	
12.58335905490423	-5.707734235898197	0.6198974289345237	-1.816317628475529	0.7170767861230618	-2.3658145850169876	
12.322979051988094	-5.873821565331079	0.5874054558538985	-1.6039032662851902	0.6968488192098551	-2.2195724156892234	
12.069798240676688	-6.034435099609217	0.5615493341453757	-1.4052639038735681	0.6655386899993968	-2.074778806801181	
11.826978968236357	-6.187646218767317	0.5430279261579922	-1.2213427608334322	0.6237211199134273	-1.9296920146308523	
11.597789730728019	-6.33149502553812	0.5323270489478228	-1.0523840804586315	0.5720511942502132	-1.7823528020976356	
11.385654463272491	-6.464063627747394	0.5296597979223501	-0.8979170947503197	0.5112609736082268	-1.630683242791541	
11.19418076149811	-6.583515123453311	0.5349420769167631	-0.7567561473678657	0.4421613079727945	-1.4725923018605147	
11.027147709837166	-6.688101239490748	0.5478053528598238	-0.6270226304077245	0.3656489090197582	-1.306085313518614	
10.888435201715353	-6.776146855825591	0.5676457636147928	-0.5062086515053859	0.28271604303725306	-1.1293675841719506	
10.781896906056332	-6.846029448315909	0.5936904520518637	-0.3912766336666818	0.19446142840342198	-0.940934129463379	
10.71118482215255	-6.896168627875615	0.6250673193960085	-0.2787939079604976	0.10210023309294088	-0.7396437240831388	
10.679540436489225	-6.925037070699358	0.6608679292829813	-0.1650994913278167	0.006970608767295768	-0.5247745766335469	
10.689573990003886	-6.931200901733888	0.7001951202615985	-0.046494983497172224	-0.08946536730407015	-0.29606128286272554	
10.74306372176134	-6.913393004320862	0.7421898967604106	0.08055017229950841	-0.18562910679959588	-0.05371248089041025	
10.84083543577111	-6.87060504451304	0.7860361549374847	0.21920560199316846	-0.27984436172564325	0.20159657446084547	
10.982739255276446	-6.8021778766425065	0.8309507265428626	0.37211578739039636	-0.3703647126025309	0.4687456459612508	
11.167728326312465	-6.707870423992432	0.8761673049346481	0.5412706544831192	-0.4554084703044963	0.7462037911800453	
11.394027488195245	-6.5878898950703215	0.9209218793145965	0.7279151724715587	-0.5331988540229823	1.0320747645083637	
11.659360237872123	-6.442872382036419	0.9644463391006348	0.9324947466843432	-0.6020071935749142	1.3241511026010744	
11.961183699067064	-6.273805115127609	1.0059755104685757	1.1546373332794282	-0.6601962025438511	1.6199781488117508	
12.29685057951852	-6.081902194007105	1.0447687438941589	1.393170413972291	-0.7062581742540435	1.9169255515818648	
12.663640254504577	-5.868464740372589	1.0801440124260473	1.6461525541069975	-0.7388481800213919	2.212260162120877	
13.058642624733386	-5.634747731340434	1.111522518184943	1.910918749345792	-0.7568130142550019	2.5032202092916203	
13.47850399484791	-5.381856429246356	1.1384810257350129	2.184138337942323	-0.7592173195111847	2.7870885299311605	
13.919066757310839	-5.110692021625483	1.1608093511976982	2.4618847264650405	-0.7453702808884888	3.061263517965431	
14.374988899556651	-4.821966722841059	1.1785633455021496	2.7397276758923677	-0.7148520691205965	3.3233233002892155	
14.839456089351158	-4.516290547146227	1.1921016952056287	3.0128466552714857	-0.667539594699218	3.5710779282401925	
15.30404265730356	-4.1943162464558705	1.2021020065981372	3.2761615535723942	-0.6036323867145266	3.802610361996235	
15.758766153022183	-3.8569284350120934	1.2095505763205696	3.5244842743164972	-0.5236750339574023	4.016305610865977	
16.192348219337845	-3.505455241003252	1.2157042201116988	3.752687420481016	-0.4285727596988094	4.210867729031836	
16.592682447040723	-3.1418805818865314	1.2220231533454953	3.955889597731961	-0.31959748266091165	4.385326219521684	
16.947520014785987	-2.769019213211693	1.230068661786775	4.129659037609487	-0.19837645613313673	4.539030790906876	
17.245080969199307	-2.39057249972075	1.2414041380444734	4.2701446015813795	-0.06685395817832206	4.671623321932597	
17.475150772418488	-2.011229384590157	1.2574208353643315	4.374383293616542	0.07273408317133843	4.78304494002662	
17.629066232852445	-1.6363784840755715	1.2793144113664443	4.440152559617206	0.2179664270211708	4.873444180031807	
