18.08800391473028	-1.1322313883199802	1.233919360281665	4.534035044405396	0.6883843796543775	4.360409019216128	
18.07623618030262	-0.7603550434938703	1.2491558658292772	4.5288839768738205	0.8488808420064348	4.431257403022456	
17.995993733666662	-0.40907711169816674	1.2745164075583197	4.481290303689003	1.006520890970914	4.489379106580261	
17.849822600402426	-0.08581652018728354	1.3080564590906458	4.392444582597088	1.1590100170012023	4.535045625335468	
17.642174588913218	0.20265160465087073	1.3472652144819388	4.264606210685816	1.3041706095483347	4.568557832400127	
17.37975592911575	0.45051999045634505	1.3890994555637663	4.101287094405727	1.4400129073223882	4.590223087685639	
17.071126740059704	0.6531427176507284	1.4302615252810058	3.907054694426067	1.5647852021126307	4.600317103443786	
16.726380382486226	0.8073009060311497	1.4673865233904908	3.6874418253171584	1.6770325595166273	4.59906178332651	
16.356544801177527	0.9114314986407379	1.4972629924828922	3.448738942535791	1.7756451934473425	4.586609876815058	
15.97287233502215	0.9658265373444757	1.517026485362735	3.19774270562064	1.8598966745202459	4.563042412229571	
15.586045364921258	0.9727482691993993	1.5243284862016944	2.9414416286074574	1.929462991480666	4.52837879989492	
15.205405167654698	0.9364257154763255	1.5174670559120693	2.6866659386061666	1.984418308006914	4.4825989338376875	
14.838283198953706	0.8629182070491241	1.4954759306571244	2.4397267500115056	2.025207445850433	4.425674905697743	
14.489503444613325	0.7598363993319721	1.4581669849957317	2.2060730544733778	2.0525954983436407	4.357609543405634	
14.161108962597348	0.6359312883230956	1.4061241282986674	1.9899986744067082	2.0675980497710214	4.278477912798897	
13.852342423115308	0.5005784115099186	1.340651295479075	1.7944288445881273	2.0713975696199105	4.18846717477052	
13.55988396783031	0.36319735490130817	1.2636817525066308	1.620808404676526	2.0652529325211355	4.087910071134157	
13.278330213089498	0.2326536708849707	1.1776573314000156	1.4691057446597322	2.050409380684577	3.977307450856009	
13.000873446432788	0.11670823585851028	1.0853856908966812	1.337941158940079	2.028017871324389	3.857334879442773	
12.720091512510415	0.021562680687703527	0.9898880109412257	1.224814310362306	1.9990704809340927	3.7288325764621013	
12.428777216112074	-0.04846868975445791	0.8942428453902637	1.1264089818810685	1.9643552480430564	3.5927789027075656	
12.120732762810418	-0.09113847856299448	0.8014332942692761	1.038947995063937	1.924432674340786	3.450249465942185	
11.791458065953963	-0.10628584814174338	0.7142058734951304	0.95856739305818	1.8796344825170812	3.3023658194196437	
11.438672658534824	-0.09569456053363679	0.634949652642153	0.8816783476885423	1.8300835215748232	3.150239052816447	
11.062630527122423	-0.06279759493920285	0.565602576760007	0.8052882635839423	1.7757320149063391	2.99491390854275	
10.66618657044569	-0.012238672353250355	0.5075938979768102	0.72724831497744	1.7164146359877797	2.8373199073382134	
10.254618159734397	0.050662621156396886	0.4618253400467584	0.6464019208236144	1.6519092901960912	2.678235240359955	
9.83523875530214	0.12048662735790597	0.4286858247336527	0.5626265891169138	1.5819986305149565	2.518265952773986	
9.416842231971382	0.19227551352048486	0.408093119857222	0.47676720624333796	1.50652614638777	2.35784152945892	
9.009033874931053	0.26202279650525734	0.3995529949402571	0.39046997345832857	1.4254408080838434	2.197225890908605	
8.621513545719905	0.32703943753288667	0.4022269213077184	0.30593638852423155	1.3388253863673159	2.0365407615978	
8.263379049639774	0.38616059562996935	0.41500210295465667	0.22562443194444934	1.2469054022039978	1.8757966593817534	
7.942516881101628	0.43977003561760736	0.43656246085440853	0.15192798404166893	1.1500373981180796	1.714925926282362	
7.665157353474798	0.48963144619357546	0.46546266038680223	0.08687460624977641	1.0486777591853922	1.5538117524406851	
7.435631503582098	0.5385575089625988	0.5002069739506824	0.03187579820798975	0.9433382027367384	1.392307897962796	
7.256344582280499	0.5899495365254662	0.5393362252329008	-0.012447267997876307	0.8345348166374634	1.230247007650766	
7.127956039473299	0.6472565363459678	0.5815226845005157	-0.046346158335006854	0.7227390058891311	1.0674374298158666	
7.0497256480033705	0.7134172174059368	0.6256686034588239	-0.07092941162230065	0.6083389486697497	0.9036505891835154	
7.0199591586044905	0.7903557670051983	0.6709998703682301	-0.08805335922354558	0.49161877155266764	0.7386027607730411	
7.036471283398356	0.8785970454723878	0.7171438427289899	-0.1001344600943111	0.37275979486102473	0.5719361607763664	
7.096980747039547	0.9770658548724942	0.7641760101926184	-0.10990495189165338	0.2518649566102498	0.40320566501290955	
7.199366432995746	1.083092184353769	0.8126265513934909	-0.12014833114222173	0.12900136472342325	0.231876659580252	
7.3417624661301755	1.192602014542049	0.8634454716286923	-0.13344549619437363	0.004253299368546557	0.05733765494990552	
7.522504664390885	1.3004585691802657	0.9179275263056775	-0.15195590963216551	-0.1222222543685254	-0.12107006233912476	
7.739966309998796	1.4009049066709933	0.9776015711917859	-0.17725316907785624	-0.2501452698539897	-0.30400568329013833	
7.992337064982226	1.4880566275268543	1.0440903743149277	-0.21022729436819654	-0.379074007147885	-0.4920673541250664	
8.277401459182572	1.5564005529736407	1.1189468990767721	-0.2510584273655305	-0.5083825218411975	-0.6857202166926581	
8.592367380878743	1.6012639599110516	1.203473200555243	-0.29926279981066983	-0.6372576279204629	-0.8852204748132488	
8.93378548273606	1.6192137731668523	1.298535257108092	-0.3538067782064322	-0.7647172975181041	-1.0905458749921457	
9.29757214117596	1.6083636934172383	1.4043873410958312	-0.41327137376697043	-0.889647967377246	-1.3013402136598884	
9.679135104239679	1.5685674697764986	1.520523713995114	-0.4760527252522781	-1.0108579108728357	-1.516878769354849	
10.07358522615258	1.5014755408496758	1.645580978586445	-0.5405800360652623	-1.127141498603718	-1.7360597072437243	
10.476000875230483	1.4104366855947612	1.7773171945656332	-0.6055292201046886	-1.2373470244441822	-1.957423789014233	
10.881698413848985	1.300236060077722	1.912692137846013	-0.6700087592698498	-1.3404395887318863	-2.1792018051795408	
11.286457862973217	1.1766752183305185	2.0480659733580415	-0.733694999871047	-1.4355510403287082	-2.3993866673717337	
11.686654373675118	1.0460196742532388	2.179518847666627	-0.7968906537546365	-1.5220091075807443	-2.6158259351218955	
12.079275695358142	0.9143857520247461	2.3032540138561526	-0.8604945399631123	-1.5993433053364172	-2.8263253414318186	
12.461838233884558	0.787143487318645	2.4160283398587934	-0.9258848986358462	-1.6672699837296712	-3.028755551501309	
12.832228642275883	0.6684122330702799	2.51554337519129	-0.9947279448741133	-1.7256607618914643	-3.2211551305515163	
13.188505978475002	0.5607155037656156	2.600730831919845	-1.0687350526166437	-1.7745007384946792	-3.401822703309365	
13.528700777189647	0.46483631909783907	2.6718825154253296	-1.1493997564135452	-1.8138440508545588	-3.5693921592456794	
13.850645774213973	0.3798799959003504	2.73060210140386	-1.2377478001875464	-1.843774600663649	-3.722886545763159	
14.151874560910295	0.3035240944816511	2.7795810890523764	-1.3341333581647365	-1.8643790331086638	-3.861746557363975	
14.429625586077801	0.23240259055956264	2.822235281967548	-1.4381129970757267	-1.8757369629195666	-3.9858302260708207	
14.680971636367197	0.16254491225119855	2.862267931977902	-1.5484068176148995	-1.8779285919113453	-4.095387581471321	
14.903077401309027	0.08981082149200571	2.9032145605325566	-1.6629482877045583	-1.8710559608426727	-4.191012503880035	
15.093562458055535	0.01027025109201825	2.9480202762499346	-1.7790144565896038	-1.8552715591063549	-4.273575566246593	
15.250919662829096	-0.0795081076074358	2.9986897676421327	-1.89341914290637	-1.8308067006642827	-4.344142706311058	
15.374916688313663	-0.18227749413538752	3.0560372730506935	-2.0027451289837828	-1.7979924491569015	-4.40388509833226	
15.46689760358077	-0.30004142391736033	3.119551786232882	-2.1035890609690133	-1.7572678985208146	-4.453985365141025	
15.52988741627383	-0.4340751745862622	3.1873969923416854	-2.192789703561414	-1.7091731019183138	-4.495546413440463	
15.568450479285294	-0.5850018762145929	3.2565420114219714	-2.2676139771582897	-1.6543297343281826	-4.529509957511018	
15.58830238687447	-0.7528852291919349	3.32301260344697	-2.325889567948607	-1.593415460514871	-4.556589224610726	
15.595714585915776	-0.9373115453478559	3.382248262150179	-2.36608021627063	-1.527138654106074	-4.577220112890615	
15.596790787029017	-1.1374440800053387	3.4295386119110005	-2.3873072555685386	-1.4562194678113465	-4.591534138150084	
15.596716831072289	-1.3520444102390554	3.4605026204197777	-2.3893271465543418	-1.3813809374472712	-4.599354992915944	
15.599085409106497	-1.5794652365582305	3.4715684950420727	-2.3724792504937726	-1.303350695810248	-4.600218451470453	
15.605389946831293	-1.8176283953748849	3.4604031319005712	-2.3376175057986663	-1.2228708055076498	-4.5934145450298	
15.614762208776952	-2.06400942661004	3.4262294059090594	-2.286039359555079	-1.14071059495091	-4.578047712974623	
15.623959585554564	-2.3156488022605046	3.3699983275439904	-2.219423634466646	-1.057677008037849	-4.553106969468084	
15.627590858573194	-2.569210397256489	3.29439458173221	-2.139777833555304	-0.9746179649348397	-4.517540143828615	
15.61854711486364	-2.821099120695773	3.203673250921995	-2.049390538300708	-0.8924158172211993	-4.470326181773065	
15.588588766559626	-3.067636082168722	3.103345429653596	-1.9507807816820357	-0.8119700302652852	-4.410540735757955	
15.529031720361335	-3.3052747600501213	2.9997468397469715	-1.846635460327049	-0.7341703075919748	-4.337412197392295	
15.431477721205608	-3.530831342656466	2.899532073748544	-1.739727847250756	-0.6598628985818473	-4.250367522979415	
15.288523876996106	-3.7416931127082735	2.8091466478113762	-1.632816072188109	-0.5898148382058767	-4.149066326499823	
15.094392284455143	-3.9359799184563804	2.734332718874817	-1.5285290208663747	-0.5246809711113608	-4.0334239079004925	
14.845446077395875	-4.112650552255548	2.679701907954779	-1.4292484191134263	-0.46497703848231714	-3.90362331384081	
14.540562528836455	-4.271551968571354	2.6484030964417817	-1.336996495841771	-0.41106100261276823	-3.760115419737819	
14.181341166995335	-4.413411190549721	2.6419086794395366	-1.2533379667959648	-0.3631235689314526	-3.603606298953687	
13.772133587559253	-4.5397678000472785	2.659936782508403	-1.1793039967324592	-0.32118803979152516	-3.435031645528115	
13.319895071404126	-4.6528434022158205	2.7005161932344004	-1.1153442040505857	-0.2851190717555176	-3.255518827345798	
12.83385984704628	-4.755343443586536	2.7601948729391923	-1.061315020100883	-0.2546404616252311	-3.0663370509210788	
12.325070430995568	-4.850201144793206	2.8343663757304416	-1.01650998447657	-0.22936107002287437	-2.8688385320341223	
11.805821084745212	-4.9402858078458625	2.9176638417444134	-0.97972754880792	-0.20880629087334032	-2.6643952991453945	
11.2890605810111	-5.028099600953723	3.00438211085359	-0.9493716034932123	-0.19245300850439126	-2.4543356602374966	
10.787804361212688	-5.1154943081318685	3.0888893976492904	-0.9235748119154567	-0.17976516787927715	-2.239885340971818	
10.314601233813528	-5.203442815602586	3.1659978665522743	-0.9003316199603721	-0.17022680488281897	-2.0221182677040495	
9.881089159541744	-5.291898708975922	3.23127264091518	-0.877626526231067	-0.1633694654413604	-1.8019211364280447	
9.497660061088208	-5.3797714202118	3.281268546970728	-0.8535440912052735	-0.15879128691030372	-1.5799745036994985	
9.1732519804628	-5.46503872185933	3.3136794132217378	-0.8263471814545124	-0.1561647976103002	-1.3567530538019263	
8.91525423196129	-5.544980901565816	3.3274020094021894	-0.7945164067610364	-0.15523259348026144	-1.1325426793588729	
8.729501297631098	-5.616506861256012	3.3225188728547086	-0.7567503972649913	-0.15579127249757027	-0.9074712055605434	
8.620329918125597	-5.676529131142779	3.30020458448394	-0.711930315689499	-0.15766497952140995	-0.6815490169916207	
8.59067145046599	-5.722333342896312	3.2625646734992055	-0.6590564225957076	-0.16067104378235322	-0.4547150333671146	
8.642153317451347	-5.751884541489403	3.2124199431883445	-0.5971685590979956	-0.16458092675911695	-0.22688327900883978	
8.775185032528974	-5.764019447743188	3.15305136409952	-0.5252655540688785	-0.16907974081709415	0.002014362038343844	
8.989012089371771	-5.758482294331194	3.087920369380095	-0.4422417738065504	-0.17372813514600263	0.23199328739060016	
9.281720937353741	-5.735792731781927	3.0203870708133262	-0.34685967143965746	-0.17793087713230746	0.4629925315223138	
9.650179539792736	-5.696976718386365	2.9534454639873085	-0.23776964473370626	-0.18091496227752538	0.6948625616858985	
10.089916972602419	-5.643208509063365	2.8894916168367004	-0.11358158993484668	-0.1817208367271073	0.9273631490494222	
10.594960426664626	-5.575428503097796	2.8301422970484484	0.027015655727372002	-0.17921015641256735	1.1601685728753524	
11.1576665632576	-5.494005918020403	2.7761203535033587	0.18509890293143538	-0.1720926824705567	1.3928765180680105	
11.7685981141094	-5.398506908995253	2.7272198125944453	0.36133720565502225	-0.1589733413064055	1.6250167798998152	
12.41650421557753	-5.28761220468969	2.6823594237848245	0.55582145519087	-0.138418776988016	1.856056219420686	
13.088471120396552	-5.159210666446673	2.6397297672998192	0.7679257264738077	-0.10903924377871498	2.0853976409681056	
13.770263217644128	-5.010650022115824	2.5970138762164825	0.9962182201842846	-0.06957830465372625	2.3123712488076764	
14.446858445731989	-4.839108022138283	2.5516586088229154	1.2384328717732511	-0.019003425241237843	2.5362194504814344	
15.103154926419824	-4.642031905065251	2.5011685392886083	1.4915061975919532	0.04341033988953519	2.7560773911799177	
15.724791460710309	-4.4175825012476775	2.443391356545635	1.7516753098578772	0.11801185503046872	2.9709529561665904	
16.29899251662381	-4.165017676790102	2.3767662409571555	2.0146253884151655	0.2047286105751047	3.1797107922010337	
16.815329594432495	-3.884960812336422	2.300514328470797	2.275669605445433	0.30305060744289314	3.3810648511099894	
17.266265164518256	-3.5795087143375617	2.2147526972513534	2.529943341800184	0.4120488362369966	3.573584449327659	
17.64737160411342	-3.2521683434732562	2.120523337222264	2.7725877851021785	0.5304256341661528	3.7557156520005446	
17.957221854318384	-2.9076515176755056	2.0197468022485188	2.9989169612731064	0.656586899373359	3.9258205674948967	
18.19695081726019	-2.5515724614320927	1.9150983073050145	3.2045297442076954	0.7887257219149529	4.082223137264027	
18.369667132270536	-2.190083390384236	1.8098400133989643	3.3854541603498434	0.9249095417186027	4.2232884178186625	
18.479607829034617	-1.8295366696312143	1.7075688746986837	3.5381223835747084	1.063157017377253	4.347464030088878	
