-0.2219601145120914	0.2799485510332903	15.11988317227452	-0.2928989007546038	0.18071211192992043	-0.3456354645826698	-0.542097189767204	-0.18431667297472898	-0.8226432161794387	
-0.4156459895400242	0.5766712844911258	15.085368019444353	-0.35659445691864194	0.23516718726306549	-0.39605940400983186	-0.5434836339649577	-0.18495538343179002	-0.8217943743262416	
-0.6274173019089362	0.9408933668114836	15.001756876899886	-0.4230532947224672	0.2889353466512959	-0.4130464139203039	-0.5452823241926628	-0.1860148453602899	-0.8204881150240675	
-0.8146945195770968	1.3919233378078926	14.80454934000427	-0.4782529113791542	0.3610070326717898	-0.39154023225904344	-0.5477484027800053	-0.18731261971326763	-0.8185700775328324	
-0.9243663197909958	1.9279634931135	14.447811489952798	-0.509743600618438	0.46175923284761955	-0.3341169965217569	-0.5509877883933106	-0.1887219375110028	-0.8160084353496169	
-0.876489185288811	2.4790646529129905	13.944589200954763	-0.5103731631401611	0.5745972270965835	-0.2668482467697833	-0.5546682509304546	-0.19027553662240143	-0.8131251853898288	
-0.6716715190459829	2.938464016299936	13.32702214101813	-0.47877174745516515	0.6794600208356004	-0.21325621965730862	-0.558798625386252	-0.19182439113558225	-0.8098800902063704	
-0.35746046992785113	3.2272214511588007	12.633986670957576	-0.41982593568472	0.757905654641748	-0.17621555209851403	-0.5633982394643788	-0.19317867507910658	-0.8061990699148404	
0.05157562622815988	3.375408281356097	11.909303652803581	-0.34497403141253213	0.7935854165153016	-0.1255560394898107	-0.5678010545551299	-0.19441892436622366	-0.8026573853653521	
0.4771177315997577	3.395927676543007	11.216496602585384	-0.2626787674926224	0.7845904368451994	-0.08071225688089127	-0.5719391347006346	-0.19548890647306844	-0.7993669098823207	
0.8119072080534776	3.2665913672330205	10.613757403162525	-0.1794425450273224	0.7417315413903378	-0.07566605792708961	-0.5759793365314428	-0.1960980504101283	-0.7963292893668518	
0.9890332617814709	2.948978363333325	10.121097008867608	-0.1024228543109425	0.6830263111230115	-0.10659720010427669	-0.5797500525016617	-0.1958053229185082	-0.7939209693144248	
1.0720757491221653	2.5080129741955504	9.715057889359167	-0.037836116211613445	0.6159511739036642	-0.14912731752795694	-0.5832431803692255	-0.19496265051063788	-0.7919998428525324	
1.133929958780962	2.0359565183058246	9.361366869919664	0.009980467704488825	0.5392118235447819	-0.18542953575936555	-0.5862890947448434	-0.1938305900296273	-0.7903362033112336	
1.1641075637090859	1.5850688855619153	9.045392029825267	0.03932274393359856	0.44623683119672486	-0.21909640355146454	-0.5883999097192101	-0.19205944600749483	-0.7889942807158412	
1.134399314742085	1.1853170271567033	8.796408995406061	0.051133884333725635	0.3308758001221561	-0.24696648356350118	-0.5896507851597728	-0.1901876481214302	-0.7880766915529434	
1.0370893932859446	0.8652332901446628	8.637990413577048	0.04955807519889879	0.19861212251897428	-0.2640886823748746	-0.5903609107601518	-0.188582785142014	-0.7876823788278304	
0.8988961121393267	0.6519807448269659	8.561718952587167	0.041600985088138795	0.06775527006683124	-0.26859215244572465	-0.5907537760939797	-0.1870123549131674	-0.7878898223162506	
0.7603338916949004	0.5317242435290284	8.53993444224827	0.033833985274413676	-0.05151781314176634	-0.2639196405980722	-0.5904991398067548	-0.18561662932822504	-0.7887229372099923	
0.6446808684062476	0.4840611195119794	8.536615161280274	0.03060309351923918	-0.1531746017868601	-0.2534284192959354	-0.5894894554118868	-0.18430290684567624	-0.7900066149226068	
0.5530733734557691	0.49510867539892495	8.521815200931126	0.033802970944251706	-0.23493937975423893	-0.23985107892817842	-0.5880257301934707	-0.1828271742653456	-0.7914379155157134	
0.48468445517454517	0.5525955208642852	8.50036044384049	0.044062672796059375	-0.30267320417993243	-0.22996651793867673	-0.5864023670135996	-0.1817223874844378	-0.7929629803464163	
0.43674802175353894	0.6393772827924241	8.477810656444193	0.060601523606223597	-0.35955308120160057	-0.2322371955566723	-0.5845707766002478	-0.1808127585966711	-0.7947944841305771	
0.4001010784699039	0.7322671431116066	8.453662029684615	0.0815493863025945	-0.4052523696122735	-0.25420150316880363	-0.5823591936159929	-0.17937196551685136	-0.797084389415498	
0.3521949429933952	0.8038666559375661	8.426866723393164	0.10471255722872683	-0.4401708067902426	-0.29845006248933453	-0.5800592292793109	-0.17729201329866587	-0.7993326721399454	
0.28223420576549946	0.8336154950872781	8.380686471677471	0.12828488016001835	-0.46006605987267385	-0.3613688613584658	-0.5778345165843363	-0.1745989646061509	-0.8014538906684813	
0.19818279204863087	0.8083505357255425	8.292479353415796	0.15069694569539197	-0.460477408523089	-0.43528628565541816	-0.5756971188306859	-0.17142354105858182	-0.8036433775947254	
0.12728014845332977	0.7204706691882616	8.151466037787223	0.1701946589819283	-0.44432711015673837	-0.5120827712466927	-0.5736647061211507	-0.1680846517843031	-0.8058845605815166	
0.08353983849557672	0.5678580117507659	7.952772575398824	0.1847517076538135	-0.4169582738696681	-0.5881886901684303	-0.5718851454019471	-0.1646463755587858	-0.808082802905367	
0.07270212874037657	0.35690276459891085	7.704582723341008	0.19232679819631593	-0.3855650770742628	-0.6600986094324189	-0.5703759938029567	-0.16105919812064853	-0.8101652780711905	
0.1001546156500117	0.10586494058240443	7.434511656601487	0.19131742269130506	-0.3587053977737052	-0.7205605954613816	-0.5688198983977795	-0.15736038454417864	-0.8121336027976647	
0.16026499696078716	-0.15987635198242173	7.16728652472845	0.18167945407302427	-0.3401522285493308	-0.7687443229193289	-0.5671803978217391	-0.1536281620346835	-0.813886622970673	
0.23730264105228954	-0.41821968242014657	6.924595235086716	0.16414636284035328	-0.33114021399562166	-0.8065235552541947	-0.5653718297292176	-0.14965921387654407	-0.8153062456731468	
0.3093560489728869	-0.6579498406380926	6.728289196094525	0.13966522756191477	-0.33290733463840555	-0.8347582584020848	-0.5631128896476012	-0.14499473112041195	-0.8164207821521171	
0.3630004311796959	-0.8797126089856889	6.607528983944707	0.10951086441243164	-0.34925936752053627	-0.8516383595104429	-0.5606304439920188	-0.14021229840284782	-0.8177901136905045	
0.3787378036149446	-1.0876904614093346	6.583050349077345	0.07421119598639186	-0.37720912034125187	-0.8561314602328212	-0.5582370114129568	-0.1357320658501756	-0.8194803929929568	
0.33536547024291585	-1.2782169009164581	6.656021464962054	0.03419985172767204	-0.4046198013172108	-0.8480010425038694	-0.5560322962639668	-0.1314195672329787	-0.8209376877277905	
0.253656368089825	-1.4164440748007898	6.800462042460462	-0.006020980335182445	-0.42059169335209867	-0.8219095422370376	-0.5537297264805663	-0.1275453594838719	-0.8224882285693709	
0.15851308863106753	-1.4953218907610781	6.9916434793932485	-0.043530512836584295	-0.4233158409553584	-0.7821938693691526	-0.5512372516432356	-0.12434287018210001	-0.8243011190570908	
0.07113666191534306	-1.5365401663166889	7.2111652912746775	-0.07802247882767227	-0.4184352711047895	-0.7408624584545749	-0.5487414234257055	-0.12173355811685342	-0.8261800226905461	
0.024804635134405385	-1.5375495433234712	7.434237364424034	-0.10896434244594856	-0.40811559279811394	-0.6989423316704937	-0.5463624455375937	-0.11914599152187488	-0.8280766901877136	
0.03275121657154941	-1.5014390010212781	7.648972627008716	-0.136154917794171	-0.3944543291850117	-0.6625143039516089	-0.5440672482771527	-0.11658403106875134	-0.8299210653327173	
0.08250421977164869	-1.4406291562443316	7.857079518759068	-0.159162225413784	-0.37915189505042723	-0.6405771076689396	-0.5418497370465585	-0.11436108229973017	-0.8316621347603737	
0.14325547052580834	-1.3682237974743048	8.065682103753048	-0.1761331010628477	-0.3613213143152111	-0.6333437549688026	-0.5400253082282569	-0.11217125126213082	-0.8334033291032741	
0.20723191404958252	-1.2952257277549535	8.27918349791893	-0.18622875118250617	-0.3419321839161576	-0.6375876909844603	-0.5383581102720157	-0.109957385310235	-0.8349811608375878	
0.27616368667076513	-1.2334171670894933	8.50129408297574	-0.18959112500245354	-0.3222514033314814	-0.6504284662789539	-0.5365236281441437	-0.10774820457277529	-0.8362407270971643	
0.33675952963963035	-1.198440882723463	8.738169563088292	-0.1867624685757666	-0.300885166941927	-0.6720432101404685	-0.5348468745523998	-0.10528569463567125	-0.8374124996740973	
0.38509438198016976	-1.198224215397827	8.986323968904937	-0.17869630151640084	-0.2758277711177021	-0.6993104210637541	-0.5335546642957175	-0.10256585006020259	-0.8383299882217408	
0.4248068454471818	-1.2380561867849003	9.238838114611728	-0.16621554425976848	-0.2458809921324411	-0.7295827242645031	-0.5326963723767619	-0.09958311113816404	-0.838888542056247	
0.4611756115943438	-1.326291237464675	9.492420051465366	-0.14953552210883547	-0.2113699840664191	-0.7641303637816589	-0.5321985150598525	-0.09609637146180156	-0.8394544693655588	
0.492026334554552	-1.4721456635493202	9.747124505301189	-0.1285205143686444	-0.17185708037952768	-0.8022406426874237	-0.532099258046786	-0.09209387086009942	-0.8400850883174604	
0.5196351059688668	-1.6776042838447789	10.00007579553163	-0.1030600192483161	-0.12696949051669754	-0.8395564035513398	-0.5323446633422008	-0.0877148412780992	-0.8405598927378071	
0.5557945305239982	-1.9374658848703419	10.243897982945807	-0.07320847113572442	-0.07673036296881697	-0.868670628810303	-0.5327479439431871	-0.08302153398127428	-0.8405648536413128	
0.6057947651267341	-2.262359488143746	10.477314068856176	-0.038904586217996404	-0.020179333325641823	-0.8853486648309595	-0.5334765198903976	-0.07738451328248576	-0.8402410740556481	
0.6736927115865511	-2.6205626571954106	10.666670088122125	-0.0030736671291450484	0.03612426065009206	-0.8759333781548929	-0.534383186185942	-0.07128711154742522	-0.8398557086466545	
0.7579025200017067	-2.926340545274641	10.760101394112544	0.028833638230724226	0.07770789472067181	-0.8224833064273126	-0.5349442117177409	-0.06627312116650219	-0.839565311167675	
0.8285707521874757	-3.0982634809652194	10.792411805627477	0.05527719761844391	0.09484874769015929	-0.7387357365782032	-0.5351377045680553	-0.06198514147941641	-0.8392196005116649	
0.8614461402702182	-3.093302349103371	10.797438128583599	0.0765716214167377	0.08620422084955356	-0.6366797200372986	-0.5350515071980452	-0.05858291541829806	-0.8389614773782875	
0.8433639677339138	-2.904467090052258	10.796179740555045	0.09359237951885654	0.05630753117840606	-0.5198113647169235	-0.5347093122985839	-0.056667243443648284	-0.8391284480917194	
0.757922605254271	-2.5293638394240543	10.839357397139093	0.10664186124237615	0.0077231275169562874	-0.39416614399695044	-0.5339905783290761	-0.05525785098621524	-0.8395853418275007	
0.5850659102495291	-1.932980932894197	10.970240178135887	0.11590251785791174	-0.05545771398824223	-0.26051638885369754	-0.5324925266047491	-0.054491607900847235	-0.8403715460917724	
0.332276414534002	-1.1147287053774166	11.178879211303567	0.1255011339975695	-0.12337574945458318	-0.1256199350025706	-0.5301233967935779	-0.054890303562476234	-0.8415982280481092	
0.08155573175720739	-0.22948094084711818	11.351372916188984	0.1487531496735276	-0.17750535980888696	-0.020709958130488707	-0.5279403001255719	-0.05525514116640117	-0.8430270252514472	
-0.09641168210380546	0.5241068717463614	11.428391348626365	0.19007092378913823	-0.22281126128441345	0.043963750973510095	-0.5256457478098011	-0.055182113147101336	-0.8443384951606787	
-0.19173732798474524	1.0272763545899088	11.434146889821386	0.24489085979556682	-0.27415891185483077	0.07505109288754222	-0.5226967540770202	-0.05464438281588751	-0.8455156502055112	
-0.28301230896836155	1.3440770923994254	11.468227112680784	0.30369874647290507	-0.33410981859848105	0.08227694780456327	-0.5198295321468939	-0.0531711108114797	-0.8471108191722446	
-0.3984114782671336	1.5141351356967279	11.580864941954413	0.3603100583207782	-0.39275396540752416	0.07261585342779987	-0.5167183700590806	-0.051272876967060385	-0.8490637775040859	
-0.5432948540121073	1.5518622817768712	11.786377495909097	0.41053924833789096	-0.4402782180900223	0.05259383430243989	-0.5130554184569608	-0.04946990705040803	-0.8511478001920558	
-0.731329327217972	1.470397576709206	12.084445965801812	0.4504236372586715	-0.4746592315956036	0.03190512438793785	-0.5094441242544142	-0.0474720347476699	-0.853366313935999	
-0.952107561471964	1.29672218539201	12.455038444364686	0.47676395158124135	-0.4865199685649948	0.02875925947457095	-0.5058627651288092	-0.04505511812096722	-0.8554309384001656	
-1.1603921234809456	1.0653016097588859	12.85054741957242	0.487813763520653	-0.4654509584868083	0.0514019190440227	-0.5024878959813671	-0.04238431852646131	-0.8571778850761358	
-1.284254955252209	0.8123126385601941	13.196895643130471	0.4838383331586105	-0.4058367569448601	0.09015017145406282	-0.499958838924081	-0.03998184904563422	-0.8586894558971911	
-1.284778032208729	0.5688234724308564	13.423481418730537	0.4674597143885929	-0.3118927956663012	0.13333037235942782	-0.4980898560266317	-0.037952442729766764	-0.8596581825516649	
-1.1620325007571293	0.35079201590588815	13.489277915191627	0.44251824749867547	-0.19728669677351718	0.1740401579155122	-0.4967902050274672	-0.03624234344305325	-0.8600668542712955	
-0.9476967182833522	0.15628126422208122	13.392079846396921	0.413459555634731	-0.08084548739567125	0.20997558776698258	-0.49625016193424815	-0.03475277413421384	-0.8602391195353036	
-0.6795324620686638	-0.029826086035565285	13.164601134160469	0.38480824055825885	0.025741846116161187	0.23605170256615357	-0.4962574162867909	-0.03331293605721649	-0.8600876450556827	
-0.4143055880640196	-0.22792212617080598	12.866961654329582	0.35993553613473855	0.11360604684822277	0.2513238630528006	-0.4968145714807014	-0.03201584026146002	-0.8595429264978757	
-0.21534608312457712	-0.45464603643504753	12.55196748750789	0.3401648040481349	0.18040903913660225	0.2591746066223745	-0.4980543495345879	-0.031102099551241654	-0.8587686203489401	
-0.11524631452537006	-0.7064232285664581	12.199169207857828	0.32375137272761717	0.24010662890694037	0.2636313737550061	-0.49967935425327015	-0.03050256818100886	-0.8582480372635306	
-0.10157154627681142	-0.9401627629035255	11.781308594125596	0.30914370779821976	0.29812338885910766	0.27494638304137986	-0.5015479471557951	-0.029954702210854153	-0.8576995362277577	
-0.13729574474815556	-1.1158234234842601	11.3054794280271	0.29558364679207016	0.3513948150603678	0.2989174931448656	-0.5036093585910585	-0.02930716809568667	-0.8567023416865712	
-0.1940474184478009	-1.2619548604683684	10.842467177576218	0.28270937639496857	0.3975602573045483	0.32107193050017363	-0.5056735722912076	-0.02887311588035418	-0.8558227856141307	
-0.25333870064383174	-1.416131010218556	10.404257352274122	0.26825887081659405	0.44660700505813794	0.33402138387775815	-0.5080335078332627	-0.02871228711879645	-0.8548588489464707	
-0.2950288506765265	-1.5926894300239283	9.955380292896432	0.2492072585760099	0.5087936808684511	0.33998169858938854	-0.5110204802343368	-0.028744557779739912	-0.8534233503069779	
-0.2887713674374555	-1.7616874604671386	9.449836269936261	0.22334100328053638	0.5805940455957198	0.34800257955895003	-0.5144889780288283	-0.02897009712666363	-0.8517326761159048	
-0.221695665584341	-1.8838373143114968	8.880818275866694	0.189374815277521	0.6517226575851061	0.36400059389873207	-0.5183149035567626	-0.029341000194511132	-0.8496434635139632	
-0.09913940304627528	-1.9315762144507156	8.271350653166438	0.14807005877209511	0.7110401708656352	0.3902305267696274	-0.5223663217839725	-0.02987872876296382	-0.8471035717164099	
0.059601310430191956	-1.9007127640625028	7.6621814678528875	0.10272228423015928	0.7504200023857631	0.425686232429018	-0.5264896071253622	-0.03076085871832075	-0.8444239340991326	
0.23974935661567232	-1.800449105650344	7.096733020899139	0.05650471484922648	0.7656158876610519	0.4669999981729663	-0.5307847103530451	-0.032207877624131645	-0.8414440880772325	
0.4228161078129222	-1.6490674495088067	6.606179034738961	0.012716181903979109	0.7582360994010868	0.5100403092098428	-0.5351809446443732	-0.0342130323122583	-0.8383098037596669	
0.5886643950831546	-1.4705108445589563	6.206270532717403	-0.025474665661317238	0.735540021269629	0.5512221203422152	-0.5393012436573149	-0.03652979302077993	-0.8356143609509473	
0.7427043246998086	-1.2865497535585573	5.913876527934109	-0.05696430255285358	0.7048158180465047	0.5892572316373028	-0.5428918260114722	-0.03916966100539495	-0.8331931176028257	
0.8923582062607505	-1.114555058251089	5.729650913943416	-0.08191668988657134	0.6731028938322674	0.6189870738235769	-0.5460307635250218	-0.04208770623180103	-0.830756401548077	
1.0389331178411372	-0.9680075609847735	5.632837302604192	-0.1008587288360635	0.6463998257011951	0.6327700949298047	-0.5490410940899165	-0.04517078985872579	-0.8281899649461701	
1.1815700193707475	-0.859533072323145	5.588277505502287	-0.11314902547326598	0.6271688468977944	0.6306815017165183	-0.5520590548185144	-0.04852892235532908	-0.8256413370434447	
1.3180307919498964	-0.79773583373042	5.577860889560776	-0.11743274701054832	0.6114791296469604	0.6160939316487014	-0.5550562920249041	-0.05185990722725002	-0.8234547860319015	
1.4485071992926615	-0.7902964384334942	5.6002131800550705	-0.11257071398477232	0.5923543322064574	0.5940203686053801	-0.5579567682877294	-0.05471803517576282	-0.821847959043184	
1.580577885180628	-0.8501417911679704	5.6541637710841455	-0.09916770799750092	0.5674326525078474	0.5705588168388747	-0.5608051704930085	-0.05731209876373018	-0.8203725154373257	
1.7021775311469352	-0.9766577613070582	5.736453711101254	-0.07919505062664786	0.5367792752359591	0.5515754316575158	-0.563379327904776	-0.05964695661084631	-0.8187102496663575	
1.7959704240413907	-1.152593130579961	5.843662367030885	-0.05484410382334235	0.5015624455412341	0.5418841287142048	-0.5655130528587069	-0.06168354099796554	-0.8170002131795294	
1.8653832246908948	-1.3475835993222764	5.973962897441274	-0.02732839922232594	0.4632257151942242	0.543937122707593	-0.567546447709154	-0.06375277186667064	-0.8159125610005452	
1.9247844560133538	-1.552987673768678	6.115607738221881	0.0011324993286239643	0.4248843167080627	0.5544043221638995	-0.5693622624796477	-0.06606860541242285	-0.8150409156801	
1.9880695910201371	-1.7732434082382504	6.254259720451976	0.028046954672529198	0.3881485814290799	0.5691313681281744	-0.570792185860859	-0.0686667032364984	-0.8139108860949156	
2.0601852797839113	-2.0105194994859055	6.380867882810315	0.051569110217434225	0.35057905647500937	0.5877675903104725	-0.5720397442474171	-0.07140113742473339	-0.8129562176246721	
2.1438977262040617	-2.2465347292825446	6.48737102986624	0.07003938115166221	0.31134376252613116	0.609848574270101	-0.5729761107354635	-0.0739552770267777	-0.8120275723064968	
2.234154081787084	-2.461138025840391	6.582601975027652	0.08197464826618521	0.2684268747557843	0.6329500731349436	-0.5735256776912135	-0.07624506431234843	-0.8110285052387081	
2.3148139014674403	-2.6450637739882428	6.695459759805175	0.08633769726165202	0.21815654987558392	0.6526910332004656	-0.573859116337079	-0.07856784082645994	-0.8102856750765414	
2.3672717979753455	-2.7938190057782273	6.832175675751816	0.08355028158126188	0.16408931154378195	0.6677916025030735	-0.5738058677334744	-0.08094171462657834	-0.8096930884803335	
2.3862203211537687	-2.89981653658109	6.990648100865778	0.07500086221733754	0.1095592249715289	0.6796575700444822	-0.5734323241422631	-0.08325949206306954	-0.8092234483695657	
2.3804818053098766	-2.9532146991781336	7.173215317429039	0.06265561383488964	0.054643532651689114	0.69051921296929	-0.573098494089744	-0.08549201499987909	-0.809096382319375	
2.350069789535381	-2.9569950470028377	7.40070776683022	0.04853058347683436	-0.0005549011365345057	0.698433746327715	-0.5726076024286627	-0.08801669436168125	-0.809375319070995	
2.301769105892779	-2.9195108284293556	7.690573147065012	0.03409626222749222	-0.05440066444462117	0.7040068442587888	-0.5717460386069162	-0.09086080323198402	-0.8099227278260135	
2.252228244932974	-2.847029718383026	8.051540545695737	0.020156765767241347	-0.1042878177717201	0.710878648023633	-0.5704440549222907	-0.09365200386081171	-0.8105670425530602	
2.2202672967936845	-2.7332520591049514	8.489433608496038	0.007066749233200222	-0.14905586502136714	0.720798986735143	-0.5686756179874857	-0.0961934225018288	-0.811500770986205	
2.2130343951331404	-2.5757713328858984	9.003598029191423	-0.004579122885874851	-0.18728321336368853	0.7320472623043451	-0.5665244608528334	-0.09894021564065981	-0.8126971146077189	
2.22797587479576	-2.3788648410083795	9.580451020530939	-0.014638530844719867	-0.21807749143906846	0.7391871524217446	-0.5640492251295143	-0.10241728153859396	-0.8139613968582443	
2.258853661452077	-2.1507044822797603	10.186832376193594	-0.024904173204219664	-0.24339379540548556	0.7332064675707297	-0.5610615002763948	-0.10612419489148377	-0.8152869569868774	
2.268061773611598	-1.896356275566627	10.814670031025402	-0.037979978050210104	-0.26826766038103234	0.7047446559886585	-0.5576683316990164	-0.11000415269540442	-0.8169116382755547	
2.209350906024187	-1.6182254043456443	11.467516592584358	-0.05579126936981267	-0.29354687386963285	0.6455812848103908	-0.5541608190202106	-0.11411314600296989	-0.8188843697506238	
2.0642050769864966	-1.3210314590336623	12.13297919024447	-0.07745091903148779	-0.3077113010444139	0.5514290423607495	-0.5507823373555695	-0.11795119382846704	-0.8206309848218396	
1.8575841286916277	-1.0344231877203123	12.77397942386453	-0.09585348788333815	-0.2980778380164051	0.43356969772674614	-0.5478673982899528	-0.12118077093309909	-0.822029396108778	
1.6211899758817687	-0.7856475992633164	13.355209863143736	-0.10478021363837307	-0.25791657437365006	0.3064441626159136	-0.5456546840008761	-0.12362089161419224	-0.8232077121681324	
1.3629141022331985	-0.575580286443741	13.861020467402131	-0.10532003985989061	-0.1915011710959348	0.17637272874095322	-0.5441056405833301	-0.12520710026250637	-0.8242195037203236	
1.08422709910087	-0.3972143949731272	14.259107597612212	-0.10376521457162877	-0.11176711879893028	0.046160441880893896	-0.5429794887805328	-0.1262166198100618	-0.824857842230818	
0.7860296639750228	-0.24445921836240206	14.554580131441936	-0.10955019235004146	-0.03546903039594837	-0.08324732622396355	-0.542258853501143	-0.12681248059719133	-0.8250392555223207	
0.46748570834239894	-0.10975952854609594	14.810172791396761	-0.13266478959617725	0.023392434885864885	-0.21073738016350996	-0.5422521722325555	-0.12691052182671578	-0.8249656429323423	
0.11130326215890117	0.043291586597978146	15.069518325703406	-0.17677101137697582	0.06994751591133148	-0.3290969671526508	-0.5428786795700917	-0.12689574560353065	-0.8247187609307859	
-0.30507379993761696	0.26036741721112766	15.368745534754147	-0.24347821371797007	0.11542885263752328	-0.42915110887604724	-0.5439245351194149	-0.12731017215862506	-0.8243349660161707	
