12.907813041705417	-2.4105397735667022	3.179989063939469	-0.7361509681951194	0.1865617378895512	0.6394092811064505	
12.905395321852907	-2.591426283809572	3.010970186739416	-0.708417321164517	0.25304907215505296	0.8261347330762514	
12.87357508710731	-2.7720311894265235	2.812124252068156	-0.6398061862393796	0.31595408821882776	0.9973313326690649	
12.818602467844372	-2.946208740886566	2.5859884129429473	-0.5328091857279448	0.3749370478298033	1.1518925935129238	
12.747413753205068	-3.107581399364721	2.336624209284065	-0.3912072505750371	0.4298136842246272	1.2893018544105361	
12.66718120921015	-3.2497202423632223	2.069816437436371	-0.22005566270013893	0.480599853140303	1.409686747967728	
12.584463281575593	-3.3664816230245096	1.7927496367644185	-0.025261097469488868	0.5275127156541646	1.5136973975712902	
12.504477641041644	-3.452324642765982	1.5137064086062861	0.18667712731163844	0.5709674724353277	1.6024433174562915	
12.430440217388965	-3.5026440579286504	1.2415681714014402	0.40898361572284414	0.6115409433918297	1.6773964233093281	
12.363160152214236	-3.5140648873296048	0.985248693473273	0.6348759835749183	0.6499111520331519	1.740303537674715	
12.3009510387072	-3.4846819536741322	0.7530858364821115	0.8578051848838198	0.6867773282191811	1.7931010805141665	
12.23989872392283	-3.4142166601599664	0.5522614260956512	1.071656325565287	0.7227721553089664	1.8378356870645256	
12.174441193521247	-3.3040769716640743	0.3883109647331487	1.2709132489557922	0.7583798162958986	1.8765895487916244	
12.098164856752465	-3.157320911183721	0.2647643709532205	1.4507942091661987	0.7938710957157764	1.9114082037818814	
12.004706542880168	-2.9785258172695563	0.18294615837720501	1.607363529019079	0.8292639319491886	1.9442284512938242	
11.888639918467645	-2.7735739032020557	0.1419462043569022	1.737621125511962	0.8643140935359686	1.9768058976052327	
11.746234210006552	-2.54937046452405	0.1387548629587926	1.8395681874303627	0.8985363464112573	2.0106437307192486	
11.575996412052906	-2.313515026154991	0.16854124389045716	1.9122443815000378	0.9312524641653043	2.046926330012427	
11.378942021894092	-2.07394721526235	0.22504269572408	1.955731051415325	0.961659370914803	2.0864625430964807	
11.158572559264316	-1.8385870264463409	0.30103045225009184	1.971114432503458	0.9889091947755098	2.129644234654491	
10.920567931114972	-1.614989639111615	0.38881265746346194	1.9604021765792918	1.0121914906720118	2.1764271714337955	
10.67225787343043	-1.4100282692478645	0.48073117116740205	1.9263982150973586	1.0308082769695635	2.2263361825551615	
10.421942544272321	-1.2296112309411074	0.5696219095743037	1.8725394615701938	1.044235212311845	2.2784960056933388	
10.178141449564851	-1.0784399196485899	0.6492113397827832	1.80270152233375	1.0521640466978486	2.3316870282969453	
9.948850537739458	-0.9598157907818655	0.7144274477407069	1.7209838917459714	1.054523752403628	2.384422725349384	
9.740879258291727	-0.875505992936156	0.761610839472087	1.6314873445339204	1.0514799046950871	2.4350435774444326	
9.559325850868799	-0.8256773934885832	0.7886194166378493	1.538097458989737	1.0434136993092884	2.4818206822571676	
9.407230501358496	-0.8089053537221903	0.7948283893281863	1.444287406130424	1.030883448345588	2.5230615918366195	
9.285438792531558	-0.8222662421938721	0.7810272129878956	1.3529547549835383	1.0145720302347985	2.557209853632471	
9.192676083530896	-0.861508022557526	0.7492301505700383	1.2663038362674193	0.9952262724252513	2.5829294881631806	
9.125805639427998	-0.9212865048209766	0.702423191578146	1.1857783622748668	0.9735941826443805	2.599168647792253	
9.080234314997098	-0.9954559642415717	0.6442683829612806	1.1120472239007302	0.9503651541479402	2.605198095176909	
9.05041639876041	-1.0773982614647524	0.5787900055033711	1.045042579938234	0.9261176602787721	2.6006220938903275	
9.030401717459466	-1.1603726673727792	0.5100668459845947	0.9840458044369346	0.9012777457940282	2.5853615299134045	
9.01437628816501	-1.2378679097199687	0.4419525853388941	0.9278136188075461	0.8760903412347163	2.559611289008621	
8.99715180791982	-1.3039393047139185	0.3778419703847773	0.8747340596250751	0.8506041605446295	2.523775924146236	
8.974569815172382	-1.353515284651088	0.3204960497999766	0.823000945829946	0.8246702529700536	2.478388777331146	
8.943790395044395	-1.3826533014453575	0.2719377562118708	0.7707929773006799	0.7979539185955075	2.4240216962423937	
8.90345779276047	-1.3887352188474227	0.23341682279438705	0.7164433401955829	0.769957499575918	2.3611939321856377	
8.85374121843791	-1.3705924239122373	0.20544053379290847	0.6585896708767984	0.740052522260295	2.29028742081392	
8.796253375343664	-1.328552123696768	0.18786396824538304	0.5962952797426635	0.7075195165929942	2.2114756148860564	
8.733855210716385	-1.2643994502908456	0.18003035352759836	0.5291346170082087	0.671593276328735	2.1246722297137284	
8.67036350668863	-1.1812546305332887	0.1809488535011558	0.45723856940655766	0.6315104880344937	2.0295048977740198	
8.610188071220925	-1.0833705330741146	0.18949333774401406	0.38129823266010215	0.5865559940139735	1.9253168865028563	
8.557933631612265	-0.9758614625456306	0.204602811776982	0.3025292361365201	0.5361041426190523	1.8111978370592492	
8.518008075104374	-0.8643754557502153	0.22546080027147297	0.22259951901439032	0.47965183334728884	1.686043061418698	
8.494280487646964	-0.7547319840045003	0.2516315291464579	0.14352965029426873	0.4168414743000396	1.5486360390561005	
8.489817751555528	-0.6525437928413568	0.2831383434583355	0.06757498952030674	0.34747388294944603	1.397747332949491	
8.506718184928879	-0.5628427617080995	0.32047532535760226	-0.0029024042725860756	0.2715118487955566	1.2322427996488994	
8.546048965736853	-0.48973538340865314	0.3645505878879613	-0.06556415258411911	0.1890761352132843	1.0511935745960832	
8.607881006222716	-0.436118030976937	0.41656800445050884	-0.11822100879249041	0.10043656588186282	0.8539810651710737	
8.691402732608593	-0.4034836909077872	0.47786175131591446	-0.15894701190398355	0.006001345138995043	0.640391540081743	
8.795084424982356	-0.39184585937213096	0.5497031497889406	-0.1861772546764638	-0.09369214787928742	0.41069689568522566	
8.916860361442543	-0.39979417976307124	0.6331012575534581	-0.1987847023256891	-0.19798247229622948	0.1657186983535912	
9.054293620092608	-0.42467364405921043	0.7286204289864655	-0.19613142758373048	-0.30608370268099144	-0.09312870112774416	
9.204692389625222	-0.4628430868091951	0.8362309992431042	-0.17809583988698943	-0.4170790584686159	-0.363816058954289	
9.365164299746901	-0.5099639152425471	0.9552049987700163	-0.14507863762960116	-0.5299110952475389	-0.6437007039825673	
9.532615347485713	-0.5612716531771924	1.0840657529264262	-0.09799272484172761	-0.6433733881133219	-0.9295537756129097	
9.703725248049176	-0.6118001756722506	1.2205958983353962	-0.03824370335047109	-0.7561103422676387	-1.2176144804376743	
9.874952181333938	-0.6565551383217779	1.3619031491816493	0.03229316005235086	-0.8666316043637382	-1.503671257854287	
10.04262607269954	-0.6906583556344127	1.5045378208463946	0.11129648517632205	-0.9733449212697876	-1.783168170286165	
10.203173345824698	-0.709498028489175	1.6446526994787352	0.19602425592712236	-1.0746066749918022	-2.051333856296636	
10.353469475059136	-0.7089091058535404	1.778196298579723	0.28334928038024665	-1.1687834513584061	-2.303329767759325	
10.491251100934297	-0.6853822281111739	1.901130258277213	0.36981177409454424	-1.2543131104326546	-2.5344111332710813	
10.615481074397303	-0.636279142268236	2.0096696564993843	0.4516941928097699	-1.3297553556564197	-2.7400950673759112	
10.726554969879896	-0.5600253159837546	2.100545855050403	0.5251186496093992	-1.3938262314951397	-2.9163284789358777	
10.826269165537374	-0.45625564090308557	2.1712836669561146	0.5861609769660235	-1.4454166072951244	-3.059646109802543	
10.917525127028798	-0.32589677631217856	2.2204711338086094	0.630970926780806	-1.4835993413979143	-3.1673078786463074	
11.003802971919887	-0.17117443715497785	2.2479855699454125	0.6558856199643853	-1.5076320514335757	-3.2374051847843566	
11.088482658596384	0.0044627386882000394	2.2551310498941306	0.6575237904848255	-1.5169625257430919	-3.2689289993949684	
11.174120055939145	0.19650731938534188	2.244638572709267	0.6328505200007664	-1.5112422601285773	-3.2617945956266547	
11.26180961215217	0.39963018406125034	2.220493018506819	0.5792080218681495	-1.4903511825653355	-3.216822049857841	
11.350747699892448	0.6079467536509184	2.1875878928022	0.4943216878434213	-1.454434328419333	-3.1356829371652837	
11.43808294016523	0.8152631370676081	2.1512297091361385	0.3762999823743556	-1.4039456011333282	-3.0208224897593454	
11.519095466882385	1.0152575735555969	2.1165409541613043	0.2236542215620099	-1.339688819217595	-2.8753684559245243	
11.587687260117216	1.2015750109264358	2.087830075410509	0.035365099696808726	-1.262843240392477	-2.703036901887749	
11.637106069809375	1.3678437763971238	2.0680066703159854	-0.1889844776229745	-1.1749615586240765	-2.5080419016522373	
11.66078225773818	1.5076516449229174	2.0581193763208567	-0.4490048257351067	-1.0779333301873582	-2.295011640353595	
11.653145218166904	1.6145347117994913	2.057084181739232	-0.7432343966852673	-0.973914151951556	-2.068908973770582	
11.610291133458121	1.68203138186181	2.0616679747749895	-1.0688515901007463	-0.8652279288324585	-1.8349499525456041	
11.530425046303785	1.7038328034942847	2.0667490782296585	-1.4214098597670382	-0.7542570225844248	-1.5985146981913148	
11.414060084761058	1.674036871335741	2.065848290090336	-1.7946449369473867	-0.6433332553908507	-1.3650438218619765	
11.263987681877028	1.5874967290699102	2.0518953376168825	-2.1804024350756044	-0.5346394234331545	-1.1399153142841736	
11.085049927771102	1.4402446813383556	2.0181550337741303	-2.5687252071760276	-0.430127495436107	-0.9283004815573982	
10.88374761040891	1.229960459762484	1.9591946086324739	-2.948125235294992	-0.33145699010217883	-0.7350023991210373	
10.66771484952359	0.9564333743426964	1.8717378199068841	-3.3060427633656673	-0.23995611568255074	-0.5642864758606573	
10.445094173998681	0.6219488076554163	1.7552456004463506	-3.6294679565009877	-0.1566080293579042	-0.4197178592723311	
10.223862643918427	0.23151437181689796	1.6120968548892947	-3.9056724006405936	-0.08206444601467354	-0.30402598572493184	
10.011194018026654	-0.2071369448805773	1.4473505322174136	-4.122966964738341	-0.01668399053338661	-0.21901609130370808	
9.812939098333308	-0.6837624876039861	1.2682045840005522	-4.2714101278074414	0.03941436726922854	-0.1655331244195068	
9.633280804933213	-1.186009604542003	1.0832973341831769	-4.343407055691049	0.0862921752117686	-0.14347720728910826	
9.474590903347389	-1.6999438804973144	0.9019819567826671	-4.334154190701269	0.12413435564851225	-0.15186198501136594	
9.337488218459162	-2.2106608194769435	0.7336580226289398	-4.241903061789669	0.1531987223660779	-0.1889028883594024	
9.221078856536193	-2.70296100131593	0.5871950368605904	-4.068037009619812	0.17377487236036934	-0.2521216451473705	
9.12334369991848	-3.1620840399399643	0.4704490913230027	-3.816973442004069	0.18615504358841334	-0.33845565276057765	
9.041624312310429	-3.5744860113527523	0.389859826410657	-3.4959170558007693	0.1906203602274866	-0.4443653744951964	
8.973140724388632	-3.9285943768149547	0.3501317368892624	-3.1144843802470388	0.18744583731706657	-0.5659391929365609	
8.915460723144218	-4.21545262543362	0.3540090688576274	-2.684241433472844	0.1769242795211502	-0.6989951022027666	
8.866858244333681	-4.429181434751827	0.4021623474580181	-2.21817964878374	0.15940495310892552	-0.8391820178580827	
8.826519862500444	-4.567209223062411	0.4932047319957806	-1.7301524395498644	0.13533932810716184	-0.9820822551306873	
8.794588063474688	-4.630258464602093	0.6238441582965238	-1.2343002809986807	0.10532427332579612	-1.1233143367041685	
8.772060285573696	-4.622105025706679	0.7891614647505326	-0.7444956556699501	0.07013354064762913	-1.2586334907932994	
8.760584681339086	-4.549156006307715	0.9829886864620442	-0.2738380371793643	0.030730900400643066	-1.3840262930333664	
8.762202181220436	-4.419914611176438	1.198349136111545	0.16578050407096603	-0.011737980105064797	-1.495796565456808	
8.779080221721898	-4.2444016391306185	1.4279159138455757	0.5640258468013603	-0.055974947655247506	-1.5906395659140784	
8.813276491317401	-4.033596554613946	1.6644399645606074	0.9123841558007906	-0.10057667909740785	-1.6657022333552187	
8.866555930153863	-3.7989314821980162	1.9011115454462064	1.2043486186915853	-0.14409462017124605	-1.71863067663873	
8.940273119777553	-3.551839768574594	2.131833877769757	1.4355376012336283	-0.1851026767794186	-1.7476050556878677	
9.035325387845717	-3.303353128566821	2.3513978489468634	1.6037495210634747	-0.22226714336866688	-1.7513623116691917	
9.152174165685375	-3.06373946784141	2.555557931834416	1.7089569955632609	-0.2544130925199328	-1.7292071928923143	
9.29092421470368	-2.8421764222361525	2.7410191274816995	1.7532403826424587	-0.2805816170766779	-1.6810118493819681	
9.451443218244851	-2.6464600365452746	2.9053520818383696	1.7406599906403284	-0.30007313396833246	-1.607204199092401	
9.633499229823327	-2.4827530879080486	3.0468576706946906	1.6770653899638066	-0.31247311512147624	-1.5087449922734515	
9.83688837714477	-2.3553946493156053	3.164403427394685	1.5698354564246542	-0.31765628611562724	-1.387091187721808	
10.061521856561491	-2.2667860113642218	3.2572608118364808	1.4275610875900935	-0.31576900441135136	-1.2441475491887348	
10.307442173258737	-2.217372209276032	3.324965320564863	1.2596786942624094	-0.3071899312427542	-1.0822065794368818	
10.574739358456194	-2.2057339864100785	3.3672165909928196	1.076067971308146	-0.2924705824973291	-0.9038774059307989	
10.863344668819142	-2.2287912830827756	3.3838284475318243	0.8866334873738345	-0.2722598942889408	-0.7120053381207708	
11.172694004340077	-2.2821024672110113	3.374729224634693	0.7008926974337526	-0.24721970624349057	-0.5095846598529056	
11.501276474451934	-2.360227400472319	3.3400031395171563	0.52759336596561	-0.21794075306041422	-0.2996680134003086	
11.846110909306582	-2.4571121870343458	3.279956765490486	0.3743795262955951	-0.1848705217402773	-0.0852761949950718	
12.20223407829329	-2.5664529764008415	3.1951909686741278	0.24752603310236707	-0.14826594025444365	0.13068692408702587	
12.562319311490933	-2.6820013762473276	3.0866610844702196	0.15175515811245793	-0.10818264472650901	0.34550894846162916	
12.916528975424734	-2.797791704606467	2.9557145471209263	0.09014056073295608	-0.0645044270304111	0.5567279633464253	
13.252725693346424	-2.9083086174218464	2.804106857759967	0.06408243049933718	-0.017018208214599193	0.7621777518837077	
13.557003436662475	-3.0085707270688213	2.633981500436498	0.07340659073995767	0.034491889266516224	0.9600021331668682	
13.814767061693928	-3.0942774193612643	2.4478636128009548	0.1164266253242369	0.09009513357964044	1.1486803718781893	
14.011718752732117	-3.161773645169876	2.248578085072222	0.1903050013444214	0.1496443754946148	1.3269704807621248	
