13.66125733492314	-1.6998140268895423	3.290390145908396	-0.4760918310210565	0.5247186756840004	1.9286836762531745	
13.654992546906193	-1.864892255649935	3.050647481733957	-0.5723237930974313	0.5963851188772019	2.1779993189102917	
13.59698524105719	-2.049396265589745	2.7695152300594805	-0.6142836307583356	0.6613423933930096	2.397190507985479	
13.49374830049236	-2.2416453441477584	2.4534277079728812	-0.6009625801014679	0.7184470163741892	2.5849338341300108	
13.354626215510269	-2.430968908499045	2.1110081795809155	-0.5335178047394568	0.766838777034649	2.7407714912026075	
13.191040728155423	-2.608142645730214	1.7528778980244721	-0.41512999653090915	0.8060750077750964	2.8650386466913536	
13.0151051960494	-2.7655343309046554	1.3910424171028666	-0.25061413928571874	0.8362149704390963	2.95870124217799	
12.838291647299929	-2.8970676344322315	1.0382125613865674	-0.04615503245354103	0.8578534810658376	3.0232563929345595	
12.670165167538716	-2.998059267981003	0.7069631795544321	0.19096884721703647	0.8720835753336528	3.0606391050754507	
12.517471900151476	-3.0650338408132263	0.40886721280482446	0.45261465280604213	0.8803971772598957	3.0731591352445204	
12.383667088807966	-3.095587968307649	0.15367719184560116	0.7299957782971594	0.8845394794732946	3.063452494982947	
12.268911347111098	-3.088344054158049	-0.05134946643053051	1.0139119451344152	0.8863406231550356	3.0344395831148185	
12.170472427920838	-3.042991550216866	-0.2019133238717424	1.2950132336715874	0.8875476877032187	2.989277294218722	
12.083428871664943	-2.9603815025875315	-0.29688393435529387	1.564108208116567	0.8896762177861508	2.931295373181243	
12.001555381545282	-2.8426245106778283	-0.33825336473492157	1.812510779601898	0.8938950244694704	2.863910963116013	
11.918272045198052	-2.6931450842973543	-0.33085565584333515	2.0324045228761585	0.9009526675835935	2.790520691360415	
11.827548191516179	-2.5166613706626646	-0.28189668088006503	2.2171928232293703	0.9111492020598111	2.7143751242121117	
11.72466355132625	-2.319079242817318	-0.20035001042236902	2.3618007259227127	0.9243524053488689	2.638445068877651	
11.606745495729538	-2.1073036453026863	-0.09627587556188273	2.4628988027730943	0.9400538986215525	2.565292280087591	
11.473024233195249	-1.888973111554522	0.019883703811710507	2.5190272658367343	0.9574571265223599	2.496958594565957	
11.324784126507419	-1.6721202325400155	0.13798717289600212	2.5306097154567575	0.9755857752464656	2.4348862525161032	
11.16502928668129	-1.4647598943402629	0.24881444903540356	2.499853183639403	0.9933993573468521	2.3798795923484253	
10.997923070309001	-1.27441894559955	0.34459195040120216	2.4305386077523377	1.0099020901342397	2.3321140587208458	
10.828094779006534	-1.107641834352604	0.4193903928723818	2.3277142947709453	1.0242327659931039	2.291193029632519	
10.65992344454993	-0.9695259645812552	0.4693700919022814	2.197314506043222	1.0357268773056323	2.256247163435981	
10.496904363499985	-0.8633479889668162	0.4928590208005732	2.0457344923619467	1.0439469008658175	2.226065720632741	
10.341182549596807	-0.79033475862692	0.49026332885616686	1.8793994958503228	1.0486812283654021	2.199245505859419	
10.19330610388564	-0.7496139485208775	0.46382595649018604	1.7043663157139786	1.0499159282742698	2.1743412766716794	
10.05221866623694	-0.7383559275819078	0.41726364147590234	1.5259915820821142	1.047786041139639	2.1500018520786153	
9.915478169772372	-0.7520952455823059	0.3553234309862751	1.3486920608079087	1.0425144876782795	2.125078544683013	
9.779662009513913	-0.7851995895916265	0.28330452124880984	1.1758110497697198	1.0343470272913067	2.0986964760933833	
9.640898734627749	-0.831437483328684	0.2065890542773505	1.0095931174909711	1.0234911458309945	2.0702841596637733	
9.495455186196654	-0.8845848127747334	0.13021842408334772	0.8512585371771867	1.0100654131919522	2.0395617168903093	
9.340306595934637	-0.9390060782253584	0.0585431019870203	0.7011597480103737	0.9940639546468495	2.006492562829514	
9.17362437618341	-0.9901493031081854	-0.005033669271409769	0.5589960487365063	0.975338603978303	1.9712067392448127	
8.995129562134261	-1.0349030356031577	-0.05820529559307129	0.4240591509681142	0.9535992497164477	1.9339063045693552	
8.806279012450387	-1.0717812316002788	-0.09980065567109747	0.2954818215927671	0.9284307973441324	1.8947640472752811	
8.610270023215065	-1.1009207889634431	-0.1297163901811237	0.17246526977002472	0.8993235016393366	1.8538262141603368	
8.411868553595582	-1.1238978172625838	-0.14875450983763	0.054465832766714024	0.8657119825207465	1.81092868423077	
8.217085426993563	-1.1433906479296017	-0.1583840575628669	-0.05867194803263061	0.8270174900485735	1.7656339626217157	
8.03274042445277	-1.1627366376922637	-0.1604506476257249	-0.16664147471485088	0.782688247295064	1.7171937282470489	
7.865962733476444	-1.1854421551839103	-0.15686074769503383	-0.2686578842614914	0.7322338962442702	1.664538750674648	
7.723676520629471	-1.2147082253934873	-0.14926881413173268	-0.36349171577803174	0.6752517654023251	1.6062952156268038	
7.612114271152343	-1.2530278284739327	-0.1387948174099891	-0.44954036760183685	0.6114443463942071	1.5408242849614044	
7.5363914745389815	-1.301896807687686	-0.12579706378715638	-0.5249233740808257	0.5406286461836	1.4662803567217726	
7.500167264082215	-1.3616621473218367	-0.10972073711011265	-0.5875881297289917	0.46273885142253585	1.380683089849554	
7.505408101372487	-1.4315122487804648	-0.08903685626446459	-0.6354153460065769	0.3778240928936692	1.2819987264021415	
7.55226528362607	-1.5095958864017782	-0.06127975394842685	-0.6663175584387802	0.28604323574958446	1.1682272988062747	
7.639070721728231	-1.5932413321699679	-0.023183881623054	-0.6783286225992631	0.18765870899423398	1.0374935610591753	
7.762447639682003	-1.6792363747224426	0.029086822834343974	-0.669686586927348	0.08303141480356188	0.8881406401659687	
7.917524028311686	-1.7641250355283362	0.09963069921428591	-0.638915734496112	-0.027381471241211264	0.7188260680135641	
8.098225620656123	-1.8444770820873015	0.1924417360081157	-0.5849154146134126	-0.1430244464429236	0.5286198934108547	
8.297614647052052	-1.9170923921864491	0.3110100221519756	-0.5070634678103112	-0.2632365851115328	0.3171043091778228	
8.508235523744998	-1.9791117090008115	0.45791895632745516	-0.40533983726459866	-0.3872395035963143	0.08447294024275508	
8.72243100318954	-2.02801708797318	0.6344733080954146	-0.28047200051358995	-0.5141218959730102	-0.16837378307790107	
8.932609007376595	-2.0615200044337145	0.8403944437914819	-0.1340984324068539	-0.6428243494740021	-0.4397429579581	
9.131472553418948	-2.077354390952824	1.0736161419158397	0.031060273639042346	-0.7721306214772838	-0.7270816720579397	
9.31226483131991	-2.073018513642672	1.3302049587169886	0.21104079930106065	-0.9006728270721405	-1.0269387427315317	
9.469109064143485	-2.0455406910714444	1.6044146185029406	0.40051405791368516	-1.0269562423425092	-1.3349688975130307	
9.597514004990993	-1.9913659711681324	1.8888682555042993	0.5927350921867466	-1.1494040022509036	-1.6459926687422637	
9.695057507968972	-1.9064574717806153	2.174850674361359	0.7796055378582589	-1.266414437078644	-1.9541223646853891	
9.762164495132405	-1.7866716908419888	2.4526901413410442	0.9518846898072838	-1.3764174855150972	-2.2529582696532713	
9.802798447054235	-1.628410475543718	2.7122174465502233	1.0995724018072286	-1.4779146964589607	-2.5358505929625017	
9.82483095249517	-1.42948547007769	2.9433042702200947	1.2124665112014645	-1.5694909675675501	-2.7962132683369987	
9.8398707329098	-1.190061256079749	3.1364905550226747	1.2808713610315012	-1.649794413112235	-3.027867137113702	
9.862423685544103	-0.9134826594308322	3.2836963449497363	1.2964039475949896	-1.7174914749837742	-3.225383700792826	
9.9083939095549	-0.6067630401297934	3.3789704159852443	1.2528111264189727	-1.7712150041184365	-3.3843966203970326	
9.993090070151645	-0.28055262531650044	3.4191749353814616	1.1466847332433854	-1.8095306513959195	-3.5018485311182728	
10.129022957079005	0.05147498259484715	3.404476763119863	0.9779571875244091	-1.8309485942260129	-3.5761469922976867	
10.323848180028898	0.3737309073467808	3.338526400443598	0.7500823859940774	-1.8340018635299542	-3.6072130426865754	
10.578813333503275	0.6701025688677296	3.228253970916825	0.4698573474151001	-1.8173982714855663	-3.5964194147124897	
10.88800203628072	0.9253641921639201	3.083280663515709	0.1469061589811587	-1.7802319868299032	-3.5464305176284414	
11.238535258582688	1.126364907047842	2.9150144848346766	-0.20708872970666156	-1.7222194945754783	-3.4609700171654585	
11.611720644986756	1.262831864043159	2.735553511243488	-0.5792792051504798	-1.6439114469015488	-3.3445509286469823	
11.984975073109789	1.327730234006183	2.556547536173865	-0.9565272975900121	-1.5468324797512396	-3.202204826976563	
12.334224632907388	1.317224388597573	2.388169046727968	-1.3261446034802975	-1.4335152699969897	-3.0392402912659393	
12.636432507698995	1.2303630421522205	2.238322012847348	-1.676422859335965	-1.3074173376279914	-2.8610481728771804	
12.871918962309	1.0686503992643885	2.112178281330083	-1.9969406930252969	-1.172731562461285	-2.672956930309203	
13.02620188852571	0.8356583843249946	2.012081472607734	-2.2786829987188817	-1.0341179286722875	-2.4801293924579237	
13.091178211393725	0.5367844729778212	1.937801159569875	-2.514042298669561	-0.8963922015814022	-2.287485603635161	
13.065564819806335	0.1791770475976494	1.8870606931028386	-2.6967800150536103	-0.7642079663507999	-2.0996357556403895	
12.954607760935545	-0.2282438412124997	1.8562119533998487	-2.822010793009543	-0.6417641991989632	-1.9208120380134663	
12.769142603026353	-0.6748155678924294	1.8409127158704044	-2.8862414260310785	-0.5325645039301217	-1.7547968032705494	
12.524163728129146	-1.148362162486077	1.8366970587764786	-2.887462398126411	-0.43924617256505516	-1.6048520589505009	
12.23711296411405	-1.635694347093783	1.8394060963800811	-2.82526480061936	-0.3634873626851629	-1.4736582068972948	
11.926113288217172	-2.123329904655235	1.8455090086785688	-2.7009419745822374	-0.3059913539470749	-1.363268161595416	
11.608350549718953	-2.5982973138831498	1.8523553894916687	-2.517533256721161	-0.2665393447055939	-1.2750791879286032	
11.298757393379129	-3.04887780537235	1.8583707232213222	-2.279776089059654	-0.2440988329229427	-1.2098217859459324	
11.009098759086072	-3.465189603606184	1.863173143661863	-1.993951168222744	-0.23697213152483493	-1.1675631107061002	
10.747503791281336	-3.8395737604378173	1.8675755535992673	-1.6676265126870211	-0.24296793739640668	-1.147721523786239	
10.518434530501084	-4.16677686697783	1.8734450115761958	-1.3093227741392366	-0.2595784629549426	-1.1490890934219629	
10.323031585675121	-4.443945650235313	1.8834134153496733	-0.9281307504657953	-0.28414616883305804	-1.169860255848818	
10.159739553701764	-4.670462938830436	1.9004619434438148	-0.5333137071112224	-0.31400747191993605	-1.2076668884313373	
10.025096179085244	-4.847665171203629	1.9274293336312511	-0.13392365985237928	-0.3466051265510751	-1.2596218648573405	
9.914569181716065	-4.978483318840535	1.9665142226449064	0.2615456658754618	-0.3795655672001875	-1.322374061870857	
9.823339415008016	-5.0670398947673165	2.0188490480666235	0.6454534325115748	-0.4107420150714516	-1.3921774973892285	
9.74695364467129	-5.1182200722562845	2.0842142312852854	1.0112434734768936	-0.43822833547595486	-1.4649760714824658	
9.681800265051798	-5.1372239882805655	2.1609376176853177	1.3536059882998792	-0.46035196285724644	-1.5365039228621042	
9.625391324219144	-5.12910709220078	2.245993202893017	1.6685622015190114	-0.47565582473901113	-1.6024001528494047	
9.576462527514293	-5.098326095170012	2.335280725062285	1.9534670432291963	-0.4828791130924856	-1.6583352273666954	
9.534922521077457	-5.048323062666454	2.424044676323212	2.2069276636901156	-0.48094461877836825	-1.7001453502067987	
9.501691217451626	-4.981195541700937	2.5073781872232463	2.428640975658371	-0.4689572757249182	-1.7239700128829991	
9.47846822670194	-4.897508912478742	2.580751926446174	2.6191621805579746	-0.44621551394709824	-1.7263870766991722	
9.467470113533334	-4.796301744403985	2.640508274239813	2.779626016265605	-0.41223434005316073	-1.7045391653624251	
9.471170504469029	-4.675313191317562	2.6842640049506916	2.9114506280753973	-0.3667766954572875	-1.6562447455557407	
9.492068702985732	-4.531427687988186	2.7111713723184794	3.0160581394517227	-0.3098876548000113	-1.5800871981813838	
9.532501019081526	-4.361295820164847	2.7220004150464527	3.094645166449966	-0.24192504825270925	-1.4754757243975283	
9.594498872547483	-4.162060410136123	2.719025193555832	3.1480310984666926	-0.16358066072574995	-1.3426733152268477	
9.679693122567516	-3.932098325039031	2.7057212149810224	3.1766031921760893	-0.07588784099123301	-1.182789270786499	
9.789264074257005	-3.6716814221915373	2.6863068789481472	3.180366678964303	0.0197870819137648	-0.9977366762123482	
9.923935836443823	-3.3834631166650033	2.6651851743558232	3.1590961002921096	0.12177151524806912	-0.7901584036682643	
10.084008612936133	-3.0727106062688083	2.6463602853877384	3.112571676129332	0.22813315231283451	-0.5633280436592096	
10.269415565569465	-2.747228582179245	2.6329135031621402	3.0408726654696423	0.3367471122628924	-0.32103409059075966	
10.479787409287027	-2.4169579138796187	2.6266188835669357	2.944689967001397	0.44538237454094953	-0.0674562793092632	
10.714509962610196	-2.0932777449512043	2.6277588279523014	2.82561348582595	0.5518036264931893	0.19295786421810351	
10.972763418247556	-1.7880871195061558	2.63516068056496	2.6863497736595323	0.653882655442921	0.45560977343300535	
11.25353063356704	-1.512775282595532	2.6464310319680955	2.530831561260612	0.7497133555694114	0.7158567068206018	
11.55555019185786	-1.2772074058031222	2.6583272683921413	2.3641923812519767	0.8377253914196278	0.9691091507100406	
11.8771754782828	-1.08885005021917	2.6671869768721512	2.1925957706277655	0.9167919320308251	1.2109225690287146	
12.21610062906506	-0.9521373011328106	2.669339006140184	2.022926699003787	0.9863250118275808	1.4370894844361128	
12.568940897646282	-0.8681390779869138	2.661438645384024	1.862369228432633	1.0463483820885051	1.6437381831619233	
12.930704823688552	-0.8345460879629135	2.6406931914919833	1.717907380683195	1.0975347410838958	1.827442074316686	
13.294254193464216	-0.8459468540361926	2.6049634630089264	1.5957906055990554	1.1411928729925733	1.9853409688958732	
13.649888094914294	-0.8943415793735601	2.55274252315766	1.5010154468261558	1.179194814592136	2.115267237894489	
13.98521819631112	-0.9698491574483226	2.483014770683191	1.4368508526715662	1.2138323895869678	2.2158743086531163	
14.285444901549138	-1.0615142760754543	2.3950287314183587	1.404505153750039	1.2476197698234748	2.286729162319725	
14.534192777728816	-1.1582676131163776	2.2879741273392384	1.4028434814079034	1.2830195307821899	2.328404634973453	
14.7147330682974	-1.2497643500510942	2.16069840923737	1.4284917513617144	1.3221963095503262	2.3424230504204178	
